{
  "0": [{"cam_R_m2c": [0.0963063, 0.99404401, 0.0510079, 0.57332098, -0.0135081, -0.81922001, -0.81365103, 0.10814, -0.57120699], "cam_t_m2c": [-105.3577515, -117.52119142, 1014.8770132], "obj_id": 1}],
  "1": [{"cam_R_m2c": [0.113309, 0.99136102, 0.0660649, 0.58543199, -0.0128929, -0.810619, -0.802764, 0.130527, -0.58183599], "cam_t_m2c": [-123.75479622, -117.18555277, 1020.10820079], "obj_id": 1}],
  "2": [{"cam_R_m2c": [0.14123, 0.98992503, -0.0101571, 0.58996803, -0.0923996, -0.802122, -0.79497898, 0.107292, -0.59707397], "cam_t_m2c": [-115.48054259, -19.45845384, 1060.18594215], "obj_id": 1}],
  "3": [{"cam_R_m2c": [0.122905, 0.99189001, 0.0323926, 0.58224899, -0.0456373, -0.81172901, -0.80366701, 0.118626, -0.58313602], "cam_t_m2c": [-109.77283244, -21.69397943, 1049.28910138], "obj_id": 1}],
  "4": [{"cam_R_m2c": [0.108976, 0.99175203, 0.0674766, 0.66973603, -0.0230918, -0.74224001, -0.73456001, 0.12607799, -0.66672802], "cam_t_m2c": [-103.59141046, -49.80357101, 1025.07614997], "obj_id": 1}],
  "5": [{"cam_R_m2c": [0.133884, 0.98939198, 0.0563724, 0.71664703, -0.0573733, -0.695072, -0.68446499, 0.133458, -0.71672601], "cam_t_m2c": [-128.30418943, 46.54086484, 1033.52572872], "obj_id": 1}],
  "6": [{"cam_R_m2c": [0.17219999, 0.984447, 0.0347976, 0.72412097, -0.102556, -0.68200499, -0.66782999, 0.142639, -0.730519], "cam_t_m2c": [-139.31533237, 64.09017108, 1025.25856059], "obj_id": 1}],
  "7": [{"cam_R_m2c": [0.213562, 0.97681302, 0.0150656, 0.72604001, -0.148379, -0.671453, -0.65364897, 0.15433501, -0.74089402], "cam_t_m2c": [-148.79472314, 87.75490998, 1015.27622696], "obj_id": 1}],
  "8": [{"cam_R_m2c": [0.24592599, 0.96925801, -0.00773198, 0.73461801, -0.19158401, -0.65087098, -0.63234299, 0.154386, -0.75914901], "cam_t_m2c": [-131.2054047, 124.45583576, 999.28654597], "obj_id": 1}],
  "9": [{"cam_R_m2c": [0.16422901, 0.98613298, -0.0238958, 0.78948301, -0.145926, -0.59617198, -0.59139198, 0.0790434, -0.80250102], "cam_t_m2c": [-71.54985682, -36.76336895, 1015.5891147], "obj_id": 1}],
  "10": [{"cam_R_m2c": [0.201309, 0.97952598, -0.00196402, 0.86531597, -0.178776, -0.46825999, -0.45902401, 0.0925654, -0.88358903], "cam_t_m2c": [-81.23337794, -14.28518297, 971.73850331], "obj_id": 1}],
  "11": [{"cam_R_m2c": [0.28957701, 0.95369798, -0.0812766, 0.79187399, -0.28640699, -0.53935701, -0.53766203, 0.0918243, -0.83814597], "cam_t_m2c": [-137.69504955, 99.02994624, 1045.72653426], "obj_id": 1}],
  "12": [{"cam_R_m2c": [0.28002101, 0.95796698, -0.0623512, 0.799532, -0.268673, -0.53718102, -0.531353, 0.10057, -0.84115899], "cam_t_m2c": [-135.19976975, 102.61951713, 1039.40436576], "obj_id": 1}],
  "13": [{"cam_R_m2c": [0.25402299, 0.96717298, 0.00700462, 0.86746299, -0.22462, -0.44390899, -0.42776299, 0.118839, -0.89604503], "cam_t_m2c": [-124.93848204, 119.98928716, 1004.20374518], "obj_id": 1}],
  "14": [{"cam_R_m2c": [0.284908, 0.95775902, 0.0390502, 0.91040802, -0.257624, -0.32370701, -0.29997301, 0.12777901, -0.945351], "cam_t_m2c": [-143.37720191, 123.03884865, 989.86834617], "obj_id": 1}],
  "15": [{"cam_R_m2c": [0.28073499, 0.95872998, 0.0449957, 0.91456503, -0.25299299, -0.31553999, -0.291134, 0.12973499, -0.94784498], "cam_t_m2c": [-144.92688862, 124.1812763, 989.35606466], "obj_id": 1}],
  "16": [{"cam_R_m2c": [0.27783501, 0.95898998, 0.0560917, 0.91840303, -0.24804699, -0.308236, -0.28168201, 0.137153, -0.949655], "cam_t_m2c": [-150.30524219, 123.25117277, 991.3170254], "obj_id": 1}],
  "17": [{"cam_R_m2c": [0.241751, 0.969482, 0.0407612, 0.89123303, -0.20523401, -0.40445301, -0.383744, 0.134105, -0.91364998], "cam_t_m2c": [-234.22435081, -16.16434018, 1013.86056754], "obj_id": 1}],
  "18": [{"cam_R_m2c": [-0.0609332, 0.99783099, 0.0249085, 0.94538897, 0.0657002, -0.31925401, -0.320198, 0.00409502, -0.94734198], "cam_t_m2c": [-223.28912067, -74.68755914, 1001.33653834], "obj_id": 1}],
  "19": [{"cam_R_m2c": [-0.45818201, 0.88884002, 0.00577884, 0.84785402, 0.438988, -0.29737699, -0.26685801, -0.13135301, -0.95474303], "cam_t_m2c": [-181.32966409, -118.97611579, 1006.37468578], "obj_id": 1}],
  "20": [{"cam_R_m2c": [-0.45517799, 0.89008099, 0.0238584, 0.85469103, 0.44427899, -0.26855099, -0.249632, -0.101847, -0.96297002], "cam_t_m2c": [-180.78323041, -95.605778, 999.06701276], "obj_id": 1}],
  "21": [{"cam_R_m2c": [-0.42430899, 0.90496403, 0.0316572, 0.87455398, 0.41861299, -0.244782, -0.234771, -0.076177, -0.96906102], "cam_t_m2c": [-170.79294192, -61.25643761, 990.40757654], "obj_id": 1}],
  "22": [{"cam_R_m2c": [-0.40355, 0.91368097, 0.0483073, 0.89359897, 0.404921, -0.193698, -0.196539, -0.0349995, -0.97987098], "cam_t_m2c": [-148.04908657, -35.96320217, 977.11376021], "obj_id": 1}],
  "23": [{"cam_R_m2c": [-0.398251, 0.916125, 0.0459471, 0.89803702, 0.39961401, -0.183952, -0.186884, -0.0319968, -0.981861], "cam_t_m2c": [-146.92195533, -37.82402652, 974.43526575], "obj_id": 1}],
  "24": [{"cam_R_m2c": [-0.245452, 0.96867001, 0.0378298, 0.94275898, 0.24761, -0.22337, -0.225739, -0.0191622, -0.97399902], "cam_t_m2c": [-137.84759385, -13.0314511, 1000.54167378], "obj_id": 1}],
  "25": [{"cam_R_m2c": [0.0762899, 0.99638802, 0.0372948, 0.94897902, -0.0610803, -0.30936801, -0.30597299, 0.0589937, -0.95021099], "cam_t_m2c": [-139.83771517, -0.39669115, 1000.98931773], "obj_id": 1}],
  "26": [{"cam_R_m2c": [0.288017, 0.93887299, 0.188582, 0.78697902, -0.119855, -0.60522598, -0.54562801, 0.322725, -0.77339399], "cam_t_m2c": [-181.37049501, -38.77477632, 1045.40063811], "obj_id": 1}],
  "27": [{"cam_R_m2c": [0.347848, 0.91972297, 0.18196701, 0.740475, -0.15045799, -0.65502602, -0.57506502, 0.362591, -0.73336798], "cam_t_m2c": [-190.31208498, -69.20154475, 1051.96262341], "obj_id": 1}],
  "28": [{"cam_R_m2c": [0.360937, 0.92486298, 0.119808, 0.72826397, -0.199274, -0.65568399, -0.58254302, 0.32391199, -0.74546897], "cam_t_m2c": [-172.76442881, -64.45993073, 1001.63773482], "obj_id": 1}],
  "29": [{"cam_R_m2c": [0.40655699, 0.89857203, 0.165167, 0.76857501, -0.23863199, -0.59358901, -0.49396801, 0.36827099, -0.787637], "cam_t_m2c": [-230.30457028, -25.27949974, 986.39323208], "obj_id": 1}],
  "30": [{"cam_R_m2c": [0.436041, 0.89013398, 0.13239899, 0.75908202, -0.28477001, -0.58540601, -0.48338699, 0.355762, -0.79985601], "cam_t_m2c": [-177.17037397, 18.68210759, 1032.58267669], "obj_id": 1}],
  "31": [{"cam_R_m2c": [0.44938999, 0.88416499, 0.12767801, 0.79512602, -0.33072999, -0.50832301, -0.40721399, 0.329956, -0.85164899], "cam_t_m2c": [-188.72509165, 11.43893817, 994.46952816], "obj_id": 1}],
  "32": [{"cam_R_m2c": [0.47995999, 0.86579698, 0.14154001, 0.80628699, -0.37175199, -0.46011099, -0.345745, 0.334957, -0.87650698], "cam_t_m2c": [-210.16594574, 17.44270593, 969.06613945], "obj_id": 1}],
  "33": [{"cam_R_m2c": [0.51735198, 0.84378201, 0.14275099, 0.782305, -0.398691, -0.478587, -0.34690899, 0.35927299, -0.86635798], "cam_t_m2c": [-198.38529911, 41.73115694, 994.19661581], "obj_id": 1}],
  "34": [{"cam_R_m2c": [0.59242499, 0.79799902, 0.110588, 0.76396102, -0.512896, -0.391536, -0.255725, 0.31643999, -0.91349298], "cam_t_m2c": [-195.40398094, 77.09915755, 996.91346128], "obj_id": 1}],
  "35": [{"cam_R_m2c": [0.59349197, 0.79926199, 0.0945968, 0.76415402, -0.52268702, -0.377978, -0.25265801, 0.29661301, -0.92096901], "cam_t_m2c": [-186.80126227, 72.18677213, 989.80440813], "obj_id": 1}],
  "36": [{"cam_R_m2c": [0.51044297, 0.85566598, 0.0853387, 0.66814899, -0.33218199, -0.665757, -0.541318, 0.39684999, -0.74127197], "cam_t_m2c": [-198.76099086, -43.20536661, 1010.23647448], "obj_id": 1}],
  "37": [{"cam_R_m2c": [0.50438303, 0.86022002, 0.0749662, 0.648691, -0.32018599, -0.69042099, -0.56990999, 0.39686599, -0.719513], "cam_t_m2c": [-197.55030915, -43.46886864, 1001.65576917], "obj_id": 1}],
  "38": [{"cam_R_m2c": [0.48447499, 0.87059402, 0.0857269, 0.61937302, -0.27215901, -0.73641402, -0.617787, 0.409872, -0.67107701], "cam_t_m2c": [-178.33125739, -54.06893913, 993.49127841], "obj_id": 1}],
  "39": [{"cam_R_m2c": [0.497531, 0.861292, 0.103142, 0.55713803, -0.22614799, -0.799034, -0.66487598, 0.455008, -0.59237403], "cam_t_m2c": [-169.62913892, -82.70098033, 977.34483521], "obj_id": 1}],
  "40": [{"cam_R_m2c": [0.60143602, 0.78841603, 0.12912799, 0.50392401, -0.248952, -0.82709301, -0.61994702, 0.56251401, -0.54703099], "cam_t_m2c": [-248.90067114, -88.73141811, 1003.24629652], "obj_id": 1}],
  "41": [{"cam_R_m2c": [0.44870701, 0.88847202, 0.0963285, 0.58876097, -0.212798, -0.77979398, -0.67232603, 0.40661299, -0.618581], "cam_t_m2c": [-198.96737476, -144.92760495, 1027.8623096], "obj_id": 1}],
  "42": [{"cam_R_m2c": [0.403236, 0.90999103, 0.0965223, 0.60156602, -0.184117, -0.77731502, -0.68957901, 0.37150601, -0.62166202], "cam_t_m2c": [-185.15804207, -149.15602439, 1038.98033313], "obj_id": 1}],
  "43": [{"cam_R_m2c": [-0.0193949, 0.93607998, 0.351253, 0.446854, 0.32239401, -0.83449602, -0.89439702, 0.140774, -0.42454401], "cam_t_m2c": [-73.08905434, -10.8166131, 1064.86848545], "obj_id": 1}],
  "44": [{"cam_R_m2c": [0.101951, 0.99058902, 0.0913196, 0.25315601, 0.0629406, -0.96537602, -0.96203899, 0.121539, -0.244357], "cam_t_m2c": [-88.32615119, 49.14658456, 1076.72255213], "obj_id": 1}],
  "45": [{"cam_R_m2c": [0.0623058, 0.99377501, 0.0923513, 0.316405, 0.0680907, -0.94617701, -0.946576, 0.0881727, -0.310193], "cam_t_m2c": [-101.12491043, 16.10828077, 1082.7246265], "obj_id": 1}],
  "46": [{"cam_R_m2c": [-0.146751, 0.97387999, 0.17326801, 0.31052199, 0.211666, -0.9267, -0.93917, -0.082191, -0.33347401], "cam_t_m2c": [-99.92706851, 61.4327461, 1054.19192156], "obj_id": 1}],
  "47": [{"cam_R_m2c": [-0.00211873, 0.979518, 0.201345, 0.30280399, 0.19252101, -0.93340498, -0.95305097, 0.0589902, -0.29701], "cam_t_m2c": [-273.16451248, 87.179142, 1044.42567299], "obj_id": 1}],
  "48": [{"cam_R_m2c": [0.49032599, 0.86468297, 0.109102, 0.50219399, -0.177999, -0.84623802, -0.71230698, 0.46972299, -0.52151603], "cam_t_m2c": [-138.95913327, 92.77796487, 1046.42103613], "obj_id": 1}],
  "49": [{"cam_R_m2c": [0.53497899, 0.844423, 0.0273334, 0.41495401, -0.23443501, -0.87912101, -0.73594201, 0.481653, -0.47581401], "cam_t_m2c": [-132.3375094, 59.67231554, 1019.1795678], "obj_id": 1}],
  "50": [{"cam_R_m2c": [0.56820798, 0.81892198, 0.0806598, 0.31830499, -0.128343, -0.93926001, -0.758829, 0.55936903, -0.333592], "cam_t_m2c": [-188.43475802, 94.04701691, 1056.57004244], "obj_id": 1}],
  "51": [{"cam_R_m2c": [0.58463001, 0.80729401, 0.0805286, 0.31064001, -0.13105001, -0.94145, -0.74947399, 0.57541502, -0.32739401], "cam_t_m2c": [-202.23828784, 88.6837202, 1051.06827734], "obj_id": 1}],
  "52": [{"cam_R_m2c": [0.44659299, 0.78397501, 0.43120399, 0.47218001, 0.20285399, -0.857844, -0.75999999, 0.58671302, -0.27958399], "cam_t_m2c": [-222.71117593, -15.28861202, 1014.55820617], "obj_id": 1}],
  "53": [{"cam_R_m2c": [0.40910599, 0.83696002, 0.36349899, 0.36289999, 0.21626499, -0.90638399, -0.837219, 0.50272101, -0.215258], "cam_t_m2c": [-154.13826438, 5.09853571, 1060.88383112], "obj_id": 1}],
  "54": [{"cam_R_m2c": [0.422158, 0.83777797, 0.34628099, 0.352431, 0.200261, -0.91416001, -0.83521003, 0.50796002, -0.21071699], "cam_t_m2c": [-169.51872038, 1.47773073, 1064.37135128], "obj_id": 1}],
  "55": [{"cam_R_m2c": [0.21502601, 0.86663097, 0.45023799, 0.33849999, 0.36630601, -0.86673999, -0.91606897, 0.33877701, -0.214589], "cam_t_m2c": [-116.53667102, 15.93571994, 1065.58977664], "obj_id": 1}],
  "56": [{"cam_R_m2c": [0.192865, 0.87269902, 0.448553, 0.33153099, 0.37229499, -0.86688203, -0.92352098, 0.31590101, -0.21752401], "cam_t_m2c": [-121.91580038, 12.07081139, 1059.00653955], "obj_id": 1}],
  "57": [{"cam_R_m2c": [0.0696814, 0.97393298, 0.215867, 0.67405802, 0.113551, -0.72989798, -0.73538399, 0.196367, -0.64857602], "cam_t_m2c": [-147.20989978, 41.71886626, 1010.505295], "obj_id": 1}],
  "58": [{"cam_R_m2c": [-0.35302299, 0.92650199, 0.130261, 0.60574901, 0.33243999, -0.72287798, -0.71305197, -0.176287, -0.67858601], "cam_t_m2c": [0.42187959, -17.02807101, 1069.33439124], "obj_id": 1}],
  "59": [{"cam_R_m2c": [-0.50319302, 0.85854101, 0.0985072, 0.55571502, 0.40876901, -0.723939, -0.661798, -0.30953899, -0.68279499], "cam_t_m2c": [76.78452503, -53.77915773, 1066.36449232], "obj_id": 1}],
  "60": [{"cam_R_m2c": [-0.54171699, 0.83907998, 0.0498795, 0.545524, 0.39610001, -0.738585, -0.639489, -0.37289301, -0.67231202], "cam_t_m2c": [94.22217206, -61.04763043, 1051.80535995], "obj_id": 1}],
  "61": [{"cam_R_m2c": [-0.32221299, 0.94531298, 0.0506079, 0.60463101, 0.246636, -0.75735801, -0.728423, -0.213432, -0.65103501], "cam_t_m2c": [1.3968979, -88.26069365, 1070.70874846], "obj_id": 1}],
  "62": [{"cam_R_m2c": [-0.33956599, 0.93970603, 0.040584, 0.61309999, 0.25385499, -0.74810898, -0.713305, -0.22915, -0.66233402], "cam_t_m2c": [27.22501153, -92.93013384, 1018.25360956], "obj_id": 1}],
  "63": [{"cam_R_m2c": [-0.45407701, 0.76559597, 0.45571601, 0.30793399, 0.61482197, -0.72606498, -0.83605701, -0.18935899, -0.514929], "cam_t_m2c": [-134.89467949, -52.81936333, 1067.13231313], "obj_id": 1}],
  "64": [{"cam_R_m2c": [-0.40402099, 0.81492603, 0.41552699, 0.54808497, 0.57934397, -0.60329401, -0.732373, -0.0159994, -0.68071598], "cam_t_m2c": [-241.18496094, -55.39036568, 1010.72260935], "obj_id": 1}],
  "65": [{"cam_R_m2c": [-0.36612299, 0.83563203, 0.40947899, 0.61978, 0.547203, -0.56253099, -0.69413698, 0.0478316, -0.718252], "cam_t_m2c": [-255.51929536, -80.90810704, 982.4536225], "obj_id": 1}],
  "66": [{"cam_R_m2c": [-0.28493699, 0.85724902, 0.42887601, 0.68343198, 0.49541, -0.53618097, -0.67211002, 0.14033, -0.72703201], "cam_t_m2c": [-278.53572882, -74.24647024, 948.53648895], "obj_id": 1}],
  "67": [{"cam_R_m2c": [-0.496923, 0.850366, 0.173048, 0.63134098, 0.49107501, -0.60021102, -0.59537899, -0.189006, -0.78089702], "cam_t_m2c": [-90.70679085, -65.62610811, 1018.67321282], "obj_id": 1}],
  "68": [{"cam_R_m2c": [-0.61637402, 0.76859897, 0.171286, 0.552674, 0.57718801, -0.60117, -0.56092298, -0.27588099, -0.78054798], "cam_t_m2c": [-55.16161238, -45.22183506, 1013.98823079], "obj_id": 1}],
  "69": [{"cam_R_m2c": [-0.55869001, 0.81277698, 0.165106, 0.63885498, 0.54868501, -0.539267, -0.52889502, -0.195804, -0.825791], "cam_t_m2c": [-83.18462886, -51.29274739, 999.86977384], "obj_id": 1}],
  "70": [{"cam_R_m2c": [-0.55302101, 0.818376, 0.156295, 0.65631002, 0.54345798, -0.52336401, -0.51324898, -0.18685301, -0.83765203], "cam_t_m2c": [-77.87152221, -51.54070505, 1013.99189136], "obj_id": 1}],
  "71": [{"cam_R_m2c": [0.0976956, 0.97885901, 0.17969599, 0.66709501, 0.0695822, -0.74171603, -0.73853898, 0.19233701, -0.64619398], "cam_t_m2c": [-101.536481, -32.263967, 1017.54694047], "obj_id": 1}],
  "72": [{"cam_R_m2c": [-0.129179, 0.97806603, 0.163403, 0.70544797, 0.206449, -0.67802799, -0.69689, 0.027686, -0.71664399], "cam_t_m2c": [-109.17087626, -33.0398913, 1007.88409426], "obj_id": 1}],
  "73": [{"cam_R_m2c": [0.47359401, 0.86584097, -0.161331, 0.72276801, -0.48674801, -0.490594, -0.503304, 0.115737, -0.85632402], "cam_t_m2c": [-211.1656825, 36.72416114, 920.3779716], "obj_id": 1}],
  "74": [{"cam_R_m2c": [-0.0313044, 0.99271703, -0.11633, 0.76376599, -0.0513173, -0.64345002, -0.64473403, -0.108992, -0.75659698], "cam_t_m2c": [-157.62976069, -124.81819466, 1004.87195832], "obj_id": 1}],
  "75": [{"cam_R_m2c": [-0.0782532, 0.99572402, -0.0490991, 0.54762501, 0.00177875, -0.83672202, -0.83305597, -0.0923641, -0.54542297], "cam_t_m2c": [-134.5027385, -82.18443833, 1020.34148343], "obj_id": 1}],
  "76": [{"cam_R_m2c": [-0.0861849, 0.99413598, -0.06532, 0.521442, -0.0108555, -0.85321802, -0.84892303, -0.107595, -0.51744801], "cam_t_m2c": [-119.51161087, -96.63527748, 1014.42883634], "obj_id": 1}],
  "77": [{"cam_R_m2c": [0.0748606, 0.94635898, -0.31432599, 0.26283801, -0.32279, -0.90924299, -0.961932, -0.0145503, -0.272903], "cam_t_m2c": [-194.7281674, 82.91405826, 1062.9178781], "obj_id": 1}],
  "78": [{"cam_R_m2c": [0.00979415, 0.94845301, -0.31676701, 0.201538, -0.312154, -0.92840898, -0.97943199, -0.0547476, -0.194206], "cam_t_m2c": [-159.08647548, 61.50537737, 1025.76587934], "obj_id": 1}],
  "79": [{"cam_R_m2c": [0.23969001, 0.92265898, -0.302075, 0.163073, -0.34498599, -0.92433298, -0.95705599, 0.17229301, -0.23315001], "cam_t_m2c": [-225.41772176, 90.54308567, 977.88918801], "obj_id": 1}],
  "80": [{"cam_R_m2c": [0.189788, 0.97189802, -0.139263, 0.27587399, -0.188914, -0.94244599, -0.94227099, 0.14044601, -0.30397499], "cam_t_m2c": [-179.12483425, 27.45550835, 1003.1251049], "obj_id": 1}],
  "81": [{"cam_R_m2c": [0.27584299, 0.96116799, 0.00818266, 0.58732599, -0.16180401, -0.79301202, -0.760894, 0.223553, -0.60915101], "cam_t_m2c": [-228.78008812, -32.25574964, 968.76668612], "obj_id": 1}],
  "82": [{"cam_R_m2c": [0.39779499, 0.89985102, 0.178964, 0.49016601, -0.043552, -0.87054002, -0.77556199, 0.434019, -0.45840099], "cam_t_m2c": [-199.17523185, -33.57279697, 942.25691645], "obj_id": 1}],
  "83": [{"cam_R_m2c": [0.35952201, 0.89648801, 0.258946, 0.50667799, 0.045482, -0.86093497, -0.78359503, 0.440727, -0.437879], "cam_t_m2c": [-198.41127862, -62.28837773, 931.25465864], "obj_id": 1}],
  "84": [{"cam_R_m2c": [0.295782, 0.93105698, 0.213649, 0.43768999, 0.0667059, -0.89664799, -0.84908199, 0.358724, -0.387784], "cam_t_m2c": [-184.54156144, -119.2285549, 934.08341165], "obj_id": 1}],
  "85": [{"cam_R_m2c": [0.22162201, 0.94768298, 0.22974101, 0.359442, 0.13961799, -0.92266399, -0.90646797, 0.28706101, -0.30969501], "cam_t_m2c": [-159.34643705, -72.13648465, 936.76332697], "obj_id": 1}],
  "86": [{"cam_R_m2c": [0.23765001, 0.935552, 0.26127601, 0.35485899, 0.16677, -0.91992599, -0.90421098, 0.31133601, -0.29235601], "cam_t_m2c": [-159.85901784, -108.75265752, 922.97128093], "obj_id": 1}],
  "87": [{"cam_R_m2c": [0.38803801, 0.887734, 0.24769799, 0.56631202, -0.0176252, -0.82400298, -0.72713, 0.46001801, -0.509574], "cam_t_m2c": [-236.85958751, -108.73713322, 868.79625739], "obj_id": 1}],
  "88": [{"cam_R_m2c": [0.43295801, 0.89575601, 0.100835, 0.55176598, -0.174898, -0.81545401, -0.71281201, 0.40869501, -0.56997102], "cam_t_m2c": [-221.81719227, -32.68900734, 865.78525108], "obj_id": 1}],
  "89": [{"cam_R_m2c": [0.49415299, 0.86837101, 0.041758, 0.59067601, -0.30011001, -0.74902302, -0.63789803, 0.39479801, -0.66122597], "cam_t_m2c": [-227.83310697, -33.23223074, 891.11642215], "obj_id": 1}],
  "90": [{"cam_R_m2c": [0.49085501, 0.87111998, -0.0144955, 0.68021798, -0.393576, -0.61838597, -0.544393, 0.29367799, -0.78574097], "cam_t_m2c": [-189.52305777, -63.23242916, 900.70401376], "obj_id": 1}],
  "91": [{"cam_R_m2c": [0.65324301, 0.75369, -0.0722828, 0.57817501, -0.55819201, -0.59509301, -0.488864, 0.346948, -0.80040002], "cam_t_m2c": [-150.85005534, 0.8984595, 905.61638939], "obj_id": 1}],
  "92": [{"cam_R_m2c": [0.70511502, 0.70424199, -0.0828038, 0.59734702, -0.65285498, -0.46578601, -0.382085, 0.27897, -0.88101399], "cam_t_m2c": [-168.67833564, -57.78755149, 900.26325751], "obj_id": 1}],
  "93": [{"cam_R_m2c": [0.73630399, 0.67327797, -0.0674822, 0.57344699, -0.67382997, -0.465951, -0.35918599, 0.30438399, -0.88223302], "cam_t_m2c": [-143.74056837, -50.65511273, 871.25503927], "obj_id": 1}],
  "94": [{"cam_R_m2c": [0.772412, 0.63314301, -0.0500898, 0.52608001, -0.68199199, -0.50806201, -0.35583699, 0.36608201, -0.85986298], "cam_t_m2c": [-140.62255615, -62.95466388, 879.65709444], "obj_id": 1}],
  "95": [{"cam_R_m2c": [0.74448103, 0.66550899, -0.0533399, 0.54238099, -0.64945602, -0.53294402, -0.389321, 0.367836, -0.84446698], "cam_t_m2c": [-147.90390811, -38.35705291, 913.52121113], "obj_id": 1}],
  "96": [{"cam_R_m2c": [-0.76003999, 0.63330901, 0.145807, 0.45405999, 0.67800498, -0.57804698, -0.46494001, -0.373133, -0.80287099], "cam_t_m2c": [19.34730307, -93.81455751, 1001.17546465], "obj_id": 1}],
  "97": [{"cam_R_m2c": [-0.76134002, 0.637088, 0.120334, 0.46028301, 0.66181898, -0.59172201, -0.45661801, -0.395114, -0.79711002], "cam_t_m2c": [-7.36964929, -85.26412658, 1014.46209978], "obj_id": 1}],
  "98": [{"cam_R_m2c": [-0.72109902, 0.67202699, 0.16850901, 0.51511002, 0.68268102, -0.51827401, -0.463332, -0.286926, -0.838449], "cam_t_m2c": [-62.91330188, 4.51652615, 985.2742592], "obj_id": 1}],
  "99": [{"cam_R_m2c": [-0.713359, 0.67728901, 0.179995, 0.53444803, 0.691912, -0.48541, -0.45330399, -0.250074, -0.85555798], "cam_t_m2c": [-83.46248902, 21.41753575, 971.91797185], "obj_id": 1}],
  "100": [{"cam_R_m2c": [0.13113999, 0.98478103, 0.114059, 0.46449801, 0.0406049, -0.88464302, -0.87581098, 0.168992, -0.45210299], "cam_t_m2c": [-85.82221456, 41.80579657, 904.46774562], "obj_id": 1}],
  "101": [{"cam_R_m2c": [-0.10767, 0.98634601, 0.124616, 0.49139401, 0.161761, -0.85578299, -0.86425602, -0.030907, -0.502101], "cam_t_m2c": [-79.59042436, 4.8849137, 927.34270352], "obj_id": 1}],
  "102": [{"cam_R_m2c": [-0.28130201, 0.95522398, 0.0917394, 0.464744, 0.21925101, -0.857871, -0.83957303, -0.19868501, -0.50560999], "cam_t_m2c": [-33.55408837, -1.83248157, 913.93610555], "obj_id": 1}],
  "103": [{"cam_R_m2c": [-0.29119399, 0.95249897, 0.0891767, 0.4648, 0.22233699, -0.85704601, -0.83616197, -0.20811699, -0.50746399], "cam_t_m2c": [-35.02615694, -7.05624094, 915.311195], "obj_id": 1}],
  "104": [{"cam_R_m2c": [-0.26116899, 0.95803899, 0.118116, 0.56845599, 0.25154001, -0.78331703, -0.780159, -0.137435, -0.61029798], "cam_t_m2c": [-65.38309367, 22.21710536, 892.98775134], "obj_id": 1}],
  "105": [{"cam_R_m2c": [-0.14809, 0.983751, 0.101506, 0.68760002, 0.17618901, -0.70438898, -0.71082699, -0.0345174, -0.702519], "cam_t_m2c": [-125.24359067, 27.8139203, 849.92337253], "obj_id": 1}],
  "106": [{"cam_R_m2c": [0.026083, 0.99622601, 0.0827835, 0.76410198, 0.0335275, -0.64422399, -0.64456803, 0.0800583, -0.76034403], "cam_t_m2c": [-186.64208699, 61.13289155, 827.67729126], "obj_id": 1}],
  "107": [{"cam_R_m2c": [0.025876, 0.99850702, 0.0481138, 0.85483098, 0.00285087, -0.51889902, -0.51826102, 0.0545562, -0.85347998], "cam_t_m2c": [-85.78453738, 18.73202462, 828.50209138], "obj_id": 1}],
  "108": [{"cam_R_m2c": [0.0552539, 0.99812299, 0.0264157, 0.87227798, -0.0353794, -0.48772901, -0.485879, 0.0499908, -0.87259501], "cam_t_m2c": [-112.69263989, 12.61379382, 805.04024189], "obj_id": 1}],
  "109": [{"cam_R_m2c": [0.051831, 0.99830002, 0.0266506, 0.88038301, -0.0330787, -0.47310901, -0.471423, 0.0479845, -0.88060099], "cam_t_m2c": [-115.85680011, 25.6350825, 798.23867181], "obj_id": 1}],
  "110": [{"cam_R_m2c": [0.0798107, 0.99075401, -0.109716, 0.95976299, -0.106106, -0.259994, -0.269232, -0.0845511, -0.95935702], "cam_t_m2c": [-79.1002484, -52.94506646, 703.5035168], "obj_id": 1}],
  "111": [{"cam_R_m2c": [0.0948152, 0.99531502, -0.0189251, 0.93817502, -0.0956975, -0.33267099, -0.332923, 0.0137872, -0.94285297], "cam_t_m2c": [-122.77510423, -33.5671365, 801.22837552], "obj_id": 1}],
  "112": [{"cam_R_m2c": [0.0550692, 0.99847502, 0.00376538, 0.95347899, -0.0514673, -0.29703301, -0.296386, 0.0199476, -0.95485997], "cam_t_m2c": [-132.57507468, -0.73790375, 824.70110391], "obj_id": 1}],
  "113": [{"cam_R_m2c": [0.0648068, 0.99779499, 0.0143387, 0.96831298, -0.0594061, -0.242571, -0.241184, 0.0296046, -0.97002798], "cam_t_m2c": [-132.50453096, 33.50498986, 793.38749959], "obj_id": 1}],
  "114": [{"cam_R_m2c": [0.0525679, 0.99805701, 0.0334615, 0.97356302, -0.0437616, -0.224188, -0.222288, 0.044362, -0.97397101], "cam_t_m2c": [-121.51689115, 50.29570606, 780.32461164], "obj_id": 1}],
  "115": [{"cam_R_m2c": [0.0591205, 0.995866, 0.0689597, 0.94570601, -0.033758, -0.323264, -0.31959999, 0.0843272, -0.943793], "cam_t_m2c": [-111.79864921, 53.72254695, 798.66182233], "obj_id": 1}],
  "116": [{"cam_R_m2c": [-0.0182402, 0.99644798, 0.0822104, 0.93131202, 0.0468478, -0.36119601, -0.36376399, 0.0699753, -0.928859], "cam_t_m2c": [-113.30315327, 57.6586269, 800.75604891], "obj_id": 1}],
  "117": [{"cam_R_m2c": [-0.0373532, 0.99872798, 0.0338594, 0.64502001, 0.0499759, -0.76253003, -0.76325202, -0.00664296, -0.64606601], "cam_t_m2c": [-102.09539693, -18.38860142, 877.91086337], "obj_id": 1}],
  "118": [{"cam_R_m2c": [0.0373645, 0.99672103, 0.0717741, 0.68173802, 0.0270897, -0.73109502, -0.73064202, 0.0762482, -0.67848998], "cam_t_m2c": [-133.95645767, -28.64964901, 872.08277163], "obj_id": 1}],
  "119": [{"cam_R_m2c": [0.0571295, 0.995134, 0.0802767, 0.72484398, 0.0139503, -0.68877202, -0.68654102, 0.0975372, -0.72052002], "cam_t_m2c": [-158.6699205, -19.66264184, 850.17717723], "obj_id": 1}],
  "120": [{"cam_R_m2c": [0.226864, 0.96611899, 0.123075, 0.63925397, -0.0523742, -0.76721001, -0.73477, 0.25272799, -0.62947702], "cam_t_m2c": [-161.75979077, -1.00394206, 876.2592715], "obj_id": 1}],
  "121": [{"cam_R_m2c": [0.42607501, 0.903965, 0.0361683, 0.348627, -0.127168, -0.92859501, -0.83481699, 0.40825999, -0.36932901], "cam_t_m2c": [-172.8272153, -28.31485807, 864.62093801], "obj_id": 1}],
  "122": [{"cam_R_m2c": [0.34692401, 0.93756902, 0.0246589, 0.345826, -0.103437, -0.93257999, -0.87180698, 0.33206201, -0.36012], "cam_t_m2c": [-144.84394042, -14.11229482, 833.86796213], "obj_id": 1}],
  "123": [{"cam_R_m2c": [0.233778, 0.972103, -0.0190868, 0.203583, -0.0681358, -0.97668397, -0.95073801, 0.22444201, -0.21383201], "cam_t_m2c": [-141.05574532, 6.68872615, 872.81139345], "obj_id": 1}],
  "124": [{"cam_R_m2c": [-0.104012, 0.912476, 0.395688, 0.253344, 0.40902999, -0.87664801, -0.96176797, 0.00906346, -0.27371401], "cam_t_m2c": [-51.05548506, -97.63847893, 926.31477556], "obj_id": 1}],
  "125": [{"cam_R_m2c": [-0.134821, 0.89619499, 0.42267901, 0.328648, 0.442871, -0.83418, -0.93478, 0.0264476, -0.35424101], "cam_t_m2c": [-75.21630404, -108.50618984, 921.69297974], "obj_id": 1}],
  "126": [{"cam_R_m2c": [-0.31093401, 0.86158699, 0.401234, 0.29558799, 0.488886, -0.82074302, -0.90329897, -0.13659699, -0.40668499], "cam_t_m2c": [-42.40159981, -88.11076808, 926.91381214], "obj_id": 1}],
  "127": [{"cam_R_m2c": [0.184187, 0.97237998, 0.14335901, 0.85622603, -0.0871129, -0.50920302, -0.482651, 0.216536, -0.84862298], "cam_t_m2c": [-178.49222746, 21.20448404, 813.99779093], "obj_id": 1}],
  "128": [{"cam_R_m2c": [0.39265099, 0.91206503, 0.118164, 0.85349703, -0.31351101, -0.416237, -0.34259, 0.26428801, -0.90154499], "cam_t_m2c": [-173.63628812, -43.00295459, 791.61295313], "obj_id": 1}],
  "129": [{"cam_R_m2c": [0.37400699, 0.919689, 0.119546, 0.85947299, -0.29528001, -0.417272, -0.348461, 0.258809, -0.90088499], "cam_t_m2c": [-165.26555823, -47.98965025, 794.47754198], "obj_id": 1}],
  "130": [{"cam_R_m2c": [0.48235199, 0.87570298, 0.0219101, 0.76669103, -0.40994501, -0.494095, -0.42369801, 0.255126, -0.86913198], "cam_t_m2c": [-79.39297359, 32.74400941, 862.65671699], "obj_id": 1}],
  "131": [{"cam_R_m2c": [0.66705298, 0.74499601, 0.00461448, 0.71501702, -0.63844699, -0.284843, -0.209261, 0.193305, -0.95856303], "cam_t_m2c": [-100.95498443, -23.87309178, 870.94124708], "obj_id": 1}],
  "132": [{"cam_R_m2c": [0.68166, 0.73166698, -0.00185651, 0.709405, -0.66153598, -0.24313501, -0.179122, 0.164418, -0.96999103], "cam_t_m2c": [-74.24807432, 45.80734187, 866.68686847], "obj_id": 1}],
  "133": [{"cam_R_m2c": [0.67181498, 0.73947799, 0.0428646, 0.72901702, -0.64984697, -0.215018, -0.131146, 0.17570101, -0.97566903], "cam_t_m2c": [-96.99899713, 8.94068368, 791.17243863], "obj_id": 1}],
  "134": [{"cam_R_m2c": [0.67791498, 0.73387998, 0.0430344, 0.72731, -0.66102302, -0.18457501, -0.107009, 0.156425, -0.98187602], "cam_t_m2c": [-105.09068495, 12.66910726, 776.95463935], "obj_id": 1}],
  "135": [{"cam_R_m2c": [0.715487, 0.69025302, 0.107842, 0.69862598, -0.70709902, -0.10924, 0.00085172, 0.153501, -0.98814797], "cam_t_m2c": [-121.83453126, 35.25139496, 795.71550393], "obj_id": 1}],
  "136": [{"cam_R_m2c": [0.53185099, 0.84279501, 0.0826504, 0.74819201, -0.421938, -0.51203299, -0.39666501, 0.33416399, -0.85497999], "cam_t_m2c": [-55.43616184, 29.84610245, 797.30675683], "obj_id": 1}],
  "137": [{"cam_R_m2c": [0.53645802, 0.84190297, 0.0584155, 0.82298398, -0.50656497, -0.25707901, -0.18684401, 0.185987, -0.96462297], "cam_t_m2c": [-59.16954703, -48.05078792, 703.99446335], "obj_id": 1}],
  "138": [{"cam_R_m2c": [0.62001598, 0.77987701, 0.0858666, 0.74486703, -0.550708, -0.376688, -0.246483, 0.29751199, -0.92235202], "cam_t_m2c": [-56.92600746, -28.71327425, 730.58183709], "obj_id": 1}],
  "139": [{"cam_R_m2c": [0.46856299, 0.88283002, 0.0325526, 0.82744801, -0.42566401, -0.36625099, -0.30948099, 0.19854701, -0.92994702], "cam_t_m2c": [-93.09871688, -33.80669726, 734.51871829], "obj_id": 1}],
  "140": [{"cam_R_m2c": [-0.29846099, 0.95256102, 0.0595722, 0.94221902, 0.304019, -0.140697, -0.152134, 0.0141376, -0.98825902], "cam_t_m2c": [-96.54411797, -48.78236611, 699.5498774], "obj_id": 1}],
  "141": [{"cam_R_m2c": [-0.29829299, 0.95234299, 0.0637457, 0.94379199, 0.30425999, -0.129161, -0.14240099, 0.021635, -0.989573], "cam_t_m2c": [-97.50900365, -44.99724107, 698.55894147], "obj_id": 1}],
  "142": [{"cam_R_m2c": [-0.20305499, 0.97304702, 0.109313, 0.97486901, 0.211349, -0.070444, -0.0916484, 0.0922615, -0.99150801], "cam_t_m2c": [-91.20383254, -62.45391979, 654.87248826], "obj_id": 1}],
  "143": [{"cam_R_m2c": [-0.147926, 0.98771203, 0.0504303, 0.98767501, 0.15017299, -0.0441058, -0.0511371, 0.0432844, -0.99775302], "cam_t_m2c": [-82.52020802, -73.45286649, 848.89751663], "obj_id": 1}],
  "144": [{"cam_R_m2c": [-0.0854885, 0.99094898, 0.103498, 0.99240899, 0.0754728, 0.0971022, 0.0884121, 0.111013, -0.989878], "cam_t_m2c": [-82.71489167, -93.75594332, 821.23694447], "obj_id": 1}],
  "145": [{"cam_R_m2c": [0.310774, 0.940256, 0.13905901, 0.94603997, -0.29186299, -0.140799, -0.0918014, 0.175312, -0.980223], "cam_t_m2c": [-81.51569991, -19.84267681, 818.71598149], "obj_id": 1}],
  "146": [{"cam_R_m2c": [0.52919602, 0.82371998, 0.20355999, 0.50871003, -0.116001, -0.85308701, -0.67909199, 0.55500299, -0.48042199], "cam_t_m2c": [-59.69598024, 145.98553696, 899.79204945], "obj_id": 1}],
  "147": [{"cam_R_m2c": [0.574597, 0.805857, 0.142941, 0.54828697, -0.24935099, -0.79825199, -0.60763502, 0.53704602, -0.58511698], "cam_t_m2c": [-50.35102433, -4.35660575, 913.68337785], "obj_id": 1}],
  "148": [{"cam_R_m2c": [0.58494401, 0.80079699, 0.128701, 0.495253, -0.22698601, -0.83857101, -0.64231199, 0.55425698, -0.52937102], "cam_t_m2c": [-64.51997269, 7.4591542, 928.82713198], "obj_id": 1}],
  "149": [{"cam_R_m2c": [0.52448899, 0.84509099, 0.103597, 0.481332, -0.19394, -0.85481399, -0.70230401, 0.49820501, -0.50848901], "cam_t_m2c": [-43.58390095, 24.6672545, 927.36726351], "obj_id": 1}],
  "150": [{"cam_R_m2c": [0.332376, 0.93920302, 0.0861572, 0.61185801, -0.14520501, -0.77752501, -0.71774399, 0.311147, -0.622922], "cam_t_m2c": [27.983212, 1.61767631, 869.43647996], "obj_id": 1}],
  "151": [{"cam_R_m2c": [0.284996, 0.95678699, 0.0577636, 0.53460997, -0.108646, -0.83808601, -0.79559398, 0.269732, -0.54247099], "cam_t_m2c": [40.62794432, -16.76337358, 897.59629747], "obj_id": 1}],
  "152": [{"cam_R_m2c": [0.39624199, 0.91813397, 0.00482026, 0.40439501, -0.169808, -0.898682, -0.824292, 0.35804501, -0.43857399], "cam_t_m2c": [16.67129769, -28.36343003, 930.04917829], "obj_id": 1}],
  "153": [{"cam_R_m2c": [0.32868299, 0.94317698, 0.0488403, 0.30360299, -0.0565494, -0.95111901, -0.89431101, 0.32744399, -0.30493799], "cam_t_m2c": [-31.47294524, -11.75669451, 837.71271585], "obj_id": 1}],
  "154": [{"cam_R_m2c": [0.31896299, 0.94617802, 0.0548615, 0.295968, -0.0444481, -0.95416301, -0.90037, 0.32058001, -0.29421499], "cam_t_m2c": [-27.75551347, -14.75592305, 815.73693801], "obj_id": 1}],
  "155": [{"cam_R_m2c": [0.364452, 0.93102002, 0.0193932, 0.26740399, -0.0846825, -0.95985597, -0.892003, 0.35500801, -0.27982101], "cam_t_m2c": [-89.44019229, -12.84816559, 862.76418199], "obj_id": 1}],
  "156": [{"cam_R_m2c": [0.32603601, 0.92666298, -0.18707, 0.18426301, -0.25637999, -0.94884998, -0.92722601, 0.27488899, -0.25433901], "cam_t_m2c": [-107.38781607, -26.90610715, 835.42573953], "obj_id": 1}],
  "157": [{"cam_R_m2c": [0.47194299, 0.87160999, -0.132535, 0.32977501, -0.31394199, -0.89033097, -0.81762999, 0.376479, -0.43559799], "cam_t_m2c": [-98.66109676, -104.09499655, 699.90819379], "obj_id": 1}],
  "158": [{"cam_R_m2c": [0.233537, 0.97218001, -0.0180575, 0.362252, -0.104224, -0.92623502, -0.902349, 0.209769, -0.376515], "cam_t_m2c": [-1.2040992, 33.07851985, 790.02183084], "obj_id": 1}],
  "159": [{"cam_R_m2c": [0.21922199, 0.97429401, 0.0518933, 0.490071, -0.063966, -0.86933202, -0.84366602, 0.21600799, -0.491496], "cam_t_m2c": [-23.54332824, 44.59268039, 787.87755304], "obj_id": 1}],
  "160": [{"cam_R_m2c": [0.204504, 0.97433102, 0.0941095, 0.554398, -0.0360525, -0.83147103, -0.80673498, 0.222213, -0.54754001], "cam_t_m2c": [-23.4789256, 64.60248433, 789.81817619], "obj_id": 1}],
  "161": [{"cam_R_m2c": [0.23687901, 0.97122902, 0.0245594, 0.56583703, -0.117368, -0.81612098, -0.78975701, 0.20721801, -0.57735997], "cam_t_m2c": [-42.51316123, 35.59766105, 789.53009413], "obj_id": 1}],
  "162": [{"cam_R_m2c": [0.32543799, 0.86640102, -0.37873399, 0.31889501, -0.47763801, -0.81863701, -0.89016598, 0.145639, -0.43173301], "cam_t_m2c": [-35.05582379, 40.9894174, 827.75575741], "obj_id": 1}],
  "163": [{"cam_R_m2c": [0.21425, 0.90574902, -0.36567101, 0.44784299, -0.42378601, -0.78729999, -0.86806297, 0.00491618, -0.49643001], "cam_t_m2c": [-67.99651171, 17.66615488, 801.25616019], "obj_id": 1}],
  "164": [{"cam_R_m2c": [0.179251, 0.907839, -0.37907401, 0.58569098, -0.408066, -0.70032001, -0.79046601, -0.0964871, -0.60485899], "cam_t_m2c": [-71.42325157, 29.59616892, 813.98727049], "obj_id": 1}],
  "165": [{"cam_R_m2c": [0.150019, 0.91176897, -0.38232499, 0.63517201, -0.385223, -0.669447, -0.75766098, -0.14241201, -0.63692099], "cam_t_m2c": [-44.2172481, 9.22069235, 770.79349701], "obj_id": 1}],
  "166": [{"cam_R_m2c": [0.176432, 0.945746, -0.27283201, 0.73305601, -0.311225, -0.60478801, -0.65688801, -0.093297, -0.74819398], "cam_t_m2c": [-51.43262642, 9.2185406, 758.05940049], "obj_id": 1}],
  "167": [{"cam_R_m2c": [0.340148, 0.927984, -0.152135, 0.80275798, -0.37080601, -0.466993, -0.489775, 0.036719, -0.87107497], "cam_t_m2c": [-67.83958498, 3.84179442, 739.882001], "obj_id": 1}],
  "168": [{"cam_R_m2c": [0.340904, 0.926117, -0.161529, 0.76585698, -0.373236, -0.52359998, -0.54520398, 0.0547895, -0.83651102], "cam_t_m2c": [-97.68633963, -24.21259681, 766.87249932], "obj_id": 1}],
  "169": [{"cam_R_m2c": [0.407491, 0.89481002, -0.182391, 0.60828602, -0.41492799, -0.67662603, -0.68113101, 0.164773, -0.71337998], "cam_t_m2c": [-150.03167219, -34.93551329, 810.64921512], "obj_id": 1}],
  "170": [{"cam_R_m2c": [0.33077401, 0.94324797, -0.0295121, 0.72781003, -0.27488199, -0.628277, -0.600734, 0.18633901, -0.77743], "cam_t_m2c": [-131.88709084, -33.19918912, 760.24011086], "obj_id": 1}],
  "171": [{"cam_R_m2c": [0.0943937, 0.92854798, 0.35901001, 0.47729501, 0.274261, -0.83484697, -0.87365901, 0.25015801, -0.417303], "cam_t_m2c": [-45.12096674, -65.93978119, 739.14741948], "obj_id": 1}],
  "172": [{"cam_R_m2c": [-0.108833, 0.91364098, 0.391682, 0.37551501, 0.402614, -0.8348, -0.92040402, 0.0562294, -0.386904], "cam_t_m2c": [-76.8492922, -85.83586854, 827.18028368], "obj_id": 1}],
  "173": [{"cam_R_m2c": [-0.160566, 0.847431, 0.50604302, 0.527192, 0.50706899, -0.68187201, -0.83443803, 0.157296, -0.52817702], "cam_t_m2c": [-138.45534493, -78.19388159, 798.86074645], "obj_id": 1}],
  "174": [{"cam_R_m2c": [0.59892398, 0.79967898, 0.0424689, 0.626149, -0.434578, -0.64736402, -0.49922699, 0.41431299, -0.760997], "cam_t_m2c": [-101.70796759, -37.91667008, 754.22085356], "obj_id": 1}],
  "175": [{"cam_R_m2c": [0.70272303, 0.70905501, -0.0584852, 0.53907597, -0.58429801, -0.60662502, -0.46430299, 0.394761, -0.79283398], "cam_t_m2c": [-85.14835914, -90.74790851, 670.26307124], "obj_id": 1}],
  "176": [{"cam_R_m2c": [0.70063502, 0.71111202, -0.0585675, 0.56167299, -0.60029, -0.56936401, -0.44003901, 0.36602101, -0.81999701], "cam_t_m2c": [-83.23427511, -103.8622333, 665.66526379], "obj_id": 1}],
  "177": [{"cam_R_m2c": [0.71243203, 0.697945, -0.0728922, 0.45306, -0.536798, -0.711748, -0.53588903, 0.47404799, -0.69864303], "cam_t_m2c": [-74.96957496, -58.19647562, 720.57558868], "obj_id": 1}],
  "178": [{"cam_R_m2c": [0.75246501, 0.65750599, -0.0385018, 0.42600599, -0.53044897, -0.73290002, -0.50230902, 0.53508002, -0.67924601], "cam_t_m2c": [-80.17766275, -77.15818933, 700.20680969], "obj_id": 1}],
  "179": [{"cam_R_m2c": [0.69389802, 0.71996403, -0.0125192, 0.50145102, -0.495628, -0.70915401, -0.51677102, 0.48580301, -0.70494199], "cam_t_m2c": [-104.54455657, -105.24361889, 718.33181701], "obj_id": 1}],
  "180": [{"cam_R_m2c": [0.63495201, 0.77246898, -0.0112648, 0.54536498, -0.45851001, -0.70167297, -0.54718602, 0.43938601, -0.71240997], "cam_t_m2c": [-99.08968351, -105.67297743, 712.17956702], "obj_id": 1}],
  "181": [{"cam_R_m2c": [0.56521302, 0.82417798, 0.0355685, 0.61142898, -0.38958699, -0.68875003, -0.55379599, 0.41103801, -0.72412598], "cam_t_m2c": [-94.75941746, -100.23871243, 734.59090457], "obj_id": 1}],
  "182": [{"cam_R_m2c": [0.476776, 0.87592798, 0.0737185, 0.71398699, -0.33697799, -0.61373299, -0.51274401, 0.345247, -0.78606498], "cam_t_m2c": [-96.61937324, -88.0520789, 699.56750755], "obj_id": 1}],
  "183": [{"cam_R_m2c": [0.44485199, 0.89439398, 0.0465427, 0.71878898, -0.32554299, -0.61430001, -0.53427398, 0.30672699, -0.78769898], "cam_t_m2c": [-68.53153679, -81.96408924, 704.30341965], "obj_id": 1}],
  "184": [{"cam_R_m2c": [0.436919, 0.89893299, 0.031966, 0.72236198, -0.329478, -0.60797799, -0.535999, 0.288728, -0.79330999], "cam_t_m2c": [-59.95817784, -89.40012076, 716.40866971], "obj_id": 1}],
  "185": [{"cam_R_m2c": [0.51534301, 0.85680997, 0.017257, 0.56700498, -0.32579699, -0.75654602, -0.64259398, 0.39966601, -0.65371299], "cam_t_m2c": [-106.50050797, -124.17639284, 752.438043], "obj_id": 1}],
  "186": [{"cam_R_m2c": [0.495727, 0.86742198, -0.0428307, 0.428426, -0.28714699, -0.85673702, -0.75545102, 0.406358, -0.513973], "cam_t_m2c": [-101.7505295, -108.01534181, 773.53945808], "obj_id": 1}],
  "187": [{"cam_R_m2c": [0.455888, 0.87479699, 0.164002, 0.24841499, 0.0518795, -0.96726298, -0.85466701, 0.481704, -0.193662], "cam_t_m2c": [-82.32408774, -16.15935381, 746.48544121], "obj_id": 1}],
  "188": [{"cam_R_m2c": [0.49263299, 0.86546099, 0.0910465, 0.85389203, -0.460545, -0.24241801, -0.167872, 0.19716699, -0.96588999], "cam_t_m2c": [-54.83625679, 36.70307501, 740.20371675], "obj_id": 1}],
  "189": [{"cam_R_m2c": [0.66692501, 0.74075699, 0.0805649, 0.73037499, -0.628483, -0.26751, -0.147526, 0.237252, -0.960181], "cam_t_m2c": [-20.95823199, 9.51908125, 746.05198975], "obj_id": 1}],
  "190": [{"cam_R_m2c": [0.82645398, 0.55476499, 0.0959682, 0.54572201, -0.74744999, -0.378822, -0.13842601, 0.36545101, -0.92048001], "cam_t_m2c": [-49.43697723, -34.52850625, 736.59105623], "obj_id": 1}],
  "191": [{"cam_R_m2c": [0.866642, 0.48624599, 0.111787, 0.471784, -0.72575802, -0.50069499, -0.16233, 0.48666301, -0.85837501], "cam_t_m2c": [-61.21897834, -52.81195772, 732.1206318], "obj_id": 1}],
  "192": [{"cam_R_m2c": [0.88831598, 0.442844, 0.121585, 0.423897, -0.68886399, -0.58802903, -0.17665, 0.57389498, -0.79965001], "cam_t_m2c": [-69.11213755, -64.97863827, 742.19306325], "obj_id": 1}],
  "193": [{"cam_R_m2c": [0.86559898, 0.487721, 0.113434, 0.44649401, -0.64921701, -0.61576003, -0.226675, 0.58364898, -0.77972603], "cam_t_m2c": [-65.59281097, -69.76241841, 744.55623577], "obj_id": 1}],
  "194": [{"cam_R_m2c": [0.84453499, 0.527071, 0.0946463, 0.46153101, -0.62678498, -0.62779802, -0.27157101, 0.573879, -0.77260101], "cam_t_m2c": [-97.59949308, -63.19966692, 758.22630309], "obj_id": 1}],
  "195": [{"cam_R_m2c": [0.76921898, 0.63143897, 0.0979162, 0.57574201, -0.61843097, -0.53484899, -0.27717, 0.46779001, -0.83925498], "cam_t_m2c": [-113.68530132, -69.09860158, 779.00446246], "obj_id": 1}],
