{
 "cells": [
  {
   "cell_type": "code",
   "execution_count": 1,
   "metadata": {},
   "outputs": [],
   "source": [
    "import numpy as np"
   ]
  },
  {
   "cell_type": "code",
   "execution_count": 4,
   "metadata": {},
   "outputs": [],
   "source": [
    "a = np.array([1,2,3,4,5,6,7,8,9])"
   ]
  },
  {
   "cell_type": "code",
   "execution_count": 8,
   "metadata": {},
   "outputs": [],
   "source": [
    "a = a.reshape((3,3))"
   ]
  },
  {
   "cell_type": "code",
   "execution_count": 10,
   "metadata": {},
   "outputs": [
    {
     "name": "stdout",
     "output_type": "stream",
     "text": [
      "U:  [[-0.21483724  0.88723069  0.40824829]\n",
      " [-0.52058739  0.24964395 -0.81649658]\n",
      " [-0.82633754 -0.38794278  0.40824829]] S:  [1.68481034e+01 1.06836951e+00 4.41842475e-16] V_t:  [[-0.47967118 -0.57236779 -0.66506441]\n",
      " [-0.77669099 -0.07568647  0.62531805]\n",
      " [-0.40824829  0.81649658 -0.40824829]]\n"
     ]
    }
   ],
   "source": [
    "U, S, V_t = np.linalg.svd(a, full_matrices=True)\n",
    "print('U: ',U, 'S: ', S, 'V_t: ', V_t )"
   ]
  },
  {
   "cell_type": "code",
   "execution_count": 11,
   "metadata": {},
   "outputs": [],
   "source": [
    "det = np.sign(np.linalg.det(np.matmul(V_t.T,U.T)))"
   ]
  },
  {
   "cell_type": "code",
   "execution_count": 13,
   "metadata": {},
   "outputs": [
    {
     "data": {
      "text/plain": [
       "array([[-0.75271952,  0.38914789,  0.5310153 ],\n",
       "       [ 0.38914789, -0.38759388,  0.83566435],\n",
       "       [ 0.5310153 ,  0.83566435,  0.1403134 ]])"
      ]
     },
     "execution_count": 13,
     "metadata": {},
     "output_type": "execute_result"
    }
   ],
   "source": [
    "np.matmul(V_t.T,U.T)"
   ]
  },
  {
   "cell_type": "code",
   "execution_count": 14,
   "metadata": {},
   "outputs": [
    {
     "data": {
      "text/plain": [
       "1.0"
      ]
     },
     "execution_count": 14,
     "metadata": {},
     "output_type": "execute_result"
    }
   ],
   "source": [
    "det"
   ]
  },
  {
   "cell_type": "code",
   "execution_count": 15,
   "metadata": {},
   "outputs": [],
   "source": [
    "detected_pose_rotation = np.matmul(np.matmul(V_t.T, np.array([[1,0,0],[0,1,0],[0,0,det]])), U.T)"
   ]
  },
  {
   "cell_type": "code",
   "execution_count": 16,
   "metadata": {},
   "outputs": [
    {
     "data": {
      "text/plain": [
       "array([[-0.75271952,  0.38914789,  0.5310153 ],\n",
       "       [ 0.38914789, -0.38759388,  0.83566435],\n",
       "       [ 0.5310153 ,  0.83566435,  0.1403134 ]])"
      ]
     },
     "execution_count": 16,
     "metadata": {},
     "output_type": "execute_result"
    }
   ],
   "source": [
    "detected_pose_rotation"
   ]
  },
  {
   "cell_type": "code",
   "execution_count": null,
   "metadata": {},
   "outputs": [],
   "source": []
  }
 ],
 "metadata": {
  "kernelspec": {
   "display_name": "Python 3",
   "language": "python",
   "name": "python3"
  },
  "language_info": {
   "codemirror_mode": {
    "name": "ipython",
    "version": 3
   },
   "file_extension": ".py",
   "mimetype": "text/x-python",
   "name": "python",
   "nbconvert_exporter": "python",
   "pygments_lexer": "ipython3",
   "version": "3.7.6"
  }
 },
 "nbformat": 4,
 "nbformat_minor": 4
}
