1.0000003170494507,0.113309,0.99136102,0.0660649,0.58543199,-0.0128929,-0.810619,-0.802764,0.130527,-0.58183599
1.0000008776701628,0.122905,0.99189001,0.0323926,0.58224899,-0.0456373,-0.81172901,-0.80366701,0.118626,-0.58313602
0.999999271540395,0.133884,0.98939198,0.0563724,0.71664703,-0.0573733,-0.695072,-0.68446499,0.133458,-0.71672601
1.0000001671269598,0.28073499,0.95872998,0.0449957,0.91456503,-0.25299299,-0.31553999,-0.291134,0.12973499,-0.94784498
1.0000007694897308,0.27783501,0.95898998,0.0560917,0.91840303,-0.24804699,-0.308236,-0.28168201,0.137153,-0.949655
0.9999999070933602,0.241751,0.969482,0.0407612,0.89123303,-0.20523401,-0.40445301,-0.383744,0.134105,-0.91364998
0.9999990533535523,-0.245452,0.96867001,0.0378298,0.94275898,0.24761,-0.22337,-0.225739,-0.0191622,-0.97399902
1.0000005446156908,0.347848,0.91972297,0.18196701,0.740475,-0.15045799,-0.65502602,-0.57506502,0.362591,-0.73336798
1.000000531646816,0.40655699,0.89857203,0.165167,0.76857501,-0.23863199,-0.59358901,-0.49396801,0.36827099,-0.787637
0.9999996090124044,0.51735198,0.84378201,0.14275099,0.782305,-0.398691,-0.478587,-0.34690899,0.35927299,-0.86635798
1.0000003612118509,0.59349197,0.79926199,0.0945968,0.76415402,-0.52268702,-0.377978,-0.25265801,0.29661301,-0.92096901
0.9999992721154284,0.51044297,0.85566598,0.0853387,0.66814899,-0.33218199,-0.665757,-0.541318,0.39684999,-0.74127197
0.9999999239487841,0.50438303,0.86022002,0.0749662,0.648691,-0.32018599,-0.69042099,-0.56990999,0.39686599,-0.719513
0.9999991627812352,0.48447499,0.87059402,0.0857269,0.61937302,-0.27215901,-0.73641402,-0.617787,0.409872,-0.67107701
0.9999988683692735,0.60143602,0.78841603,0.12912799,0.50392401,-0.248952,-0.82709301,-0.61994702,0.56251401,-0.54703099
0.9999998393568855,0.44870701,0.88847202,0.0963285,0.58876097,-0.212798,-0.77979398,-0.67232603,0.40661299,-0.618581
0.9999995967899852,0.0623058,0.99377501,0.0923513,0.316405,0.0680907,-0.94617701,-0.946576,0.0881727,-0.310193
0.9999997092909205,0.53497899,0.844423,0.0273334,0.41495401,-0.23443501,-0.87912101,-0.73594201,0.481653,-0.47581401
1.0000003453687232,0.58463001,0.80729401,0.0805286,0.31064001,-0.13105001,-0.94145,-0.74947399,0.57541502,-0.32739401
0.9999990002414282,-0.32221299,0.94531298,0.0506079,0.60463101,0.246636,-0.75735801,-0.728423,-0.213432,-0.65103501
1.0000003223276555,-0.33956599,0.93970603,0.040584,0.61309999,0.25385499,-0.74810898,-0.713305,-0.22915,-0.66233402
1.000000457478668,-0.0861849,0.99413598,-0.06532,0.521442,-0.0108555,-0.85321802,-0.84892303,-0.107595,-0.51744801
1.00000079432909,0.00979415,0.94845301,-0.31676701,0.201538,-0.312154,-0.92840898,-0.97943199,-0.0547476,-0.194206
0.9999998854433045,0.23969001,0.92265898,-0.302075,0.163073,-0.34498599,-0.92433298,-0.95705599,0.17229301,-0.23315001
0.9999996630400073,0.189788,0.97189802,-0.139263,0.27587399,-0.188914,-0.94244599,-0.94227099,0.14044601,-0.30397499
1.0000006060661393,0.27584299,0.96116799,0.00818266,0.58732599,-0.16180401,-0.79301202,-0.760894,0.223553,-0.60915101
1.0000003031855311,0.39779499,0.89985102,0.178964,0.49016601,-0.043552,-0.87054002,-0.77556199,0.434019,-0.45840099
0.9999994755259014,0.43295801,0.89575601,0.100835,0.55176598,-0.174898,-0.81545401,-0.71281201,0.40869501,-0.56997102
0.9999989596300598,0.49415299,0.86837101,0.041758,0.59067601,-0.30011001,-0.74902302,-0.63789803,0.39479801,-0.66122597
0.9999992707316584,0.73630399,0.67327797,-0.0674822,0.57344699,-0.67382997,-0.465951,-0.35918599,0.30438399,-0.88223302
1.0000002508808912,-0.28130201,0.95522398,0.0917394,0.464744,0.21925101,-0.857871,-0.83957303,-0.19868501,-0.50560999
1.0000002464014075,0.026083,0.99622601,0.0827835,0.76410198,0.0335275,-0.64422399,-0.64456803,0.0800583,-0.76034403
1.0000000194849734,0.025876,0.99850702,0.0481138,0.85483098,0.00285087,-0.51889902,-0.51826102,0.0545562,-0.85347998
1.0000002388824332,0.051831,0.99830002,0.0266506,0.88038301,-0.0330787,-0.47310901,-0.471423,0.0479845,-0.88060099
0.9999996472134303,0.0591205,0.995866,0.0689597,0.94570601,-0.033758,-0.323264,-0.31959999,0.0843272,-0.943793
0.9999995045615021,-0.0182402,0.99644798,0.0822104,0.93131202,0.0468478,-0.36119601,-0.36376399,0.0699753,-0.928859
0.9999994066575059,-0.0373532,0.99872798,0.0338594,0.64502001,0.0499759,-0.76253003,-0.76325202,-0.00664296,-0.64606601
0.9999996367910763,0.34692401,0.93756902,0.0246589,0.345826,-0.103437,-0.93257999,-0.87180698,0.33206201,-0.36012
1.0000009561123886,0.233778,0.972103,-0.0190868,0.203583,-0.0681358,-0.97668397,-0.95073801,0.22444201,-0.21383201
0.999999812647721,-0.0854885,0.99094898,0.103498,0.99240899,0.0754728,0.0971022,0.0884121,0.111013,-0.989878
0.9999989760890848,0.58494401,0.80079699,0.128701,0.495253,-0.22698601,-0.83857101,-0.64231199,0.55425698,-0.52937102
0.9999998753219662,0.332376,0.93920302,0.0861572,0.61185801,-0.14520501,-0.77752501,-0.71774399,0.311147,-0.622922
1.000000514834152,0.39624199,0.91813397,0.00482026,0.40439501,-0.169808,-0.898682,-0.824292,0.35804501,-0.43857399
0.9999999495122613,0.31896299,0.94617802,0.0548615,0.295968,-0.0444481,-0.95416301,-0.90037,0.32058001,-0.29421499
0.9999994868899829,0.364452,0.93102002,0.0193932,0.26740399,-0.0846825,-0.95985597,-0.892003,0.35500801,-0.27982101
1.0000001689297175,0.233537,0.97218001,-0.0180575,0.362252,-0.104224,-0.92623502,-0.902349,0.209769,-0.376515
0.9999997658314259,0.21922199,0.97429401,0.0518933,0.490071,-0.063966,-0.86933202,-0.84366602,0.21600799,-0.491496
1.000000213652339,0.204504,0.97433102,0.0941095,0.554398,-0.0360525,-0.83147103,-0.80673498,0.222213,-0.54754001
1.0000004291030147,0.23687901,0.97122902,0.0245594,0.56583703,-0.117368,-0.81612098,-0.78975701,0.20721801,-0.57735997
0.9999998422906679,0.0943937,0.92854798,0.35901001,0.47729501,0.274261,-0.83484697,-0.87365901,0.25015801,-0.417303
1.0000005988941603,0.71243203,0.697945,-0.0728922,0.45306,-0.536798,-0.711748,-0.53588903,0.47404799,-0.69864303
1.0000002272209954,0.704404,0.70933199,0.0257553,0.362553,-0.328365,-0.872199,-0.61022198,0.62371802,-0.488473
1.0000006006895135,0.63252002,0.77370602,0.0360155,0.35821301,-0.25098601,-0.89927202,-0.68673301,0.58170903,-0.43590501
0.9999994731757137,0.60020697,0.79743201,0.0620811,0.34321699,-0.186667,-0.92052001,-0.72246301,0.57380998,-0.38573101
0.9999995511785827,-0.0413161,0.99914002,-0.00352649,0.33088201,0.010352,-0.94361502,-0.94276702,-0.0401533,-0.331025
0.9999987524174933,-0.38789499,0.91362798,0.121739,0.301631,0.25063601,-0.919891,-0.870951,-0.32010099,-0.37279901
0.999999728773273,-0.391882,0.90957803,0.138188,0.29982501,0.268264,-0.91549999,-0.869789,-0.31733501,-0.37784201
1.0000006448322893,-0.33579099,0.87808102,0.340909,0.64270502,0.47817001,-0.59856898,-0.688604,0.0181099,-0.72491097
0.9999994669822119,-0.47953901,0.67409998,0.56181002,0.146844,0.69284099,-0.70598,-0.86514699,-0.25604701,-0.43123201
0.9999993807675592,-0.36816201,0.86811,0.33292899,0.0971329,0.392032,-0.91480899,-0.92467397,-0.30445901,-0.228653
0.9999999269491125,0.69022501,0.57518703,-0.43903199,-0.118131,-0.50902498,-0.85260701,-0.71388698,0.64035398,-0.28339401
1.0000005331656128,-0.273231,0.96089,0.0451227,0.341034,0.14062101,-0.929474,-0.89946699,-0.238572,-0.36611801
0.9999997741109236,-0.28470099,0.95670998,0.0604286,0.30761001,0.15087999,-0.93947399,-0.90792102,-0.248881,-0.33724901
1.0000002382766284,0.41281,0.910622,0.0188539,0.266738,-0.101076,-0.95845401,-0.870884,0.40068901,-0.284623
0.9999994500946764,0.631845,0.77273297,-0.0604589,0.14395501,-0.193637,-0.97045398,-0.76160902,0.60447401,-0.233587
0.9999997174186901,0.552643,0.83331102,0.0133752,0.735677,-0.48022699,-0.477662,-0.391617,0.27381599,-0.87844199
0.9999997634515275,0.69250101,0.71914798,0.0571689,0.61609602,-0.54831398,-0.56548798,-0.375323,0.42682299,-0.82277298
0.9999998128297767,0.64393902,0.76507199,-0.00253748,0.59432,-0.50230497,-0.62807202,-0.48179501,0.40293199,-0.77815098
1.000000080025948,0.76380497,0.64242798,0.0623489,0.507321,-0.53782302,-0.673329,-0.39903301,0.54592299,-0.73671001
0.9999992659850888,0.813806,0.57331097,0.0950488,0.487115,-0.58376002,-0.649571,-0.316921,0.57492399,-0.754336
0.9999998718138794,0.69640499,0.717457,0.0165951,0.55263197,-0.52137798,-0.65020198,-0.45784,0.46197501,-0.75958002
1.00000031081632,0.74376702,0.668244,0.0161535,0.46021199,-0.494398,-0.73741198,-0.48478499,0.55589598,-0.67524999
1.000000937936709,0.78312403,0.621719,-0.0135269,0.342655,-0.44955999,-0.82491398,-0.51894599,0.64137501,-0.56509697
1.0000000235927373,0.70125598,0.71247101,-0.0249947,0.38792601,-0.41076601,-0.82509702,-0.59812498,0.56890798,-0.56443799
0.9999992915618234,0.65518999,0.75292403,-0.0618913,0.219685,-0.26826999,-0.93796003,-0.722817,0.60094601,-0.34117401
0.9999996251579333,-0.21392401,0.96021003,0.179535,0.57736099,0.27253699,-0.76966101,-0.78796601,-0.060992,-0.61268997
1.0000003402141273,-0.33185199,0.92435497,0.18826,0.57581198,0.35656601,-0.73573202,-0.74720502,-0.13575099,-0.65058202
1.0000001199654223,-0.22750901,0.95885402,0.16982099,0.670223,0.28070301,-0.68702698,-0.70642799,-0.0424866,-0.70650899
1.0000005962088094,0.511361,0.85912502,-0.020341,0.42648,-0.27425301,-0.86191702,-0.74607301,0.43207601,-0.50664198
1.000000524204694,0.44857499,0.87834901,-0.165178,0.40582001,-0.36483899,-0.83797598,-0.79629803,0.308862,-0.520109
0.9999995855247604,0.50234097,0.86317998,0.0507291,0.34532499,-0.14648899,-0.92698002,-0.79271901,0.48317799,-0.371665
0.9999996813880949,0.99950498,-0.0101734,-0.02976,-0.0277885,-0.72881299,-0.68414903,-0.0147293,0.68463701,-0.72873503
1.0000001807944623,0.999789,0.0042465,-0.0201159,-0.0110747,-0.71311098,-0.70096397,-0.0173215,0.701038,-0.71291298
0.9999993635196772,0.96206599,-0.206297,-0.17852101,-0.27034101,-0.80883199,-0.52221298,-0.0366624,0.55066597,-0.83392
1.0000003268644215,0.97797698,-0.18715601,-0.0923755,-0.20855001,-0.89369398,-0.39726299,-0.00820523,0.40777999,-0.91304398
0.9999999100733679,0.98645598,-0.153659,-0.0573857,-0.16352101,-0.89388102,-0.417418,0.0128439,0.421148,-0.906901
1.000000280697127,0.98962897,-0.14286099,-0.0150142,-0.142295,-0.96062499,-0.238645,0.0196701,0.238307,-0.97099102
1.0000008874608883,0.94357401,-0.323872,-0.0691099,-0.310752,-0.79378903,-0.52281201,0.114465,0.51478797,-0.84964198
1.0000003453812882,0.95226598,-0.281573,-0.117924,-0.298706,-0.77978599,-0.55018997,0.0629634,0.55915201,-0.826671
0.9999997391270203,0.966721,-0.22058,-0.129595,-0.25225401,-0.73742098,-0.62655997,0.0426409,0.63840002,-0.76852298
0.9999998510715348,0.98075598,-0.18838701,-0.0512661,-0.18072,-0.776604,-0.60351098,0.0738802,0.60116202,-0.79570502
1.0000004628867987,0.90606302,0.291448,0.30677101,0.38755199,-0.280545,-0.87812197,-0.169864,0.91452301,-0.36714301
0.9999988643351141,0.91549098,0.27087599,0.297492,0.370235,-0.27775899,-0.88643998,-0.15748399,0.92167002,-0.35457301
1.0000007769462347,0.86580002,0.35475299,0.35290399,0.461061,-0.29149801,-0.83812398,-0.194456,0.888358,-0.41594201
0.9999995990838743,0.85574502,0.38544399,0.345157,0.48051399,-0.34469399,-0.80640697,-0.191851,0.85593098,-0.48018199
1.0000003565349058,0.87946302,0.448502,0.159348,0.19508,-0.0342806,-0.98018801,-0.434154,0.89312398,-0.117642
1.000000401249322,0.76169199,0.62183303,0.18207,0.222689,0.0126448,-0.97480798,-0.60846901,0.78304797,-0.12884399
1.0000003653909801,0.97175902,-0.234172,-0.0291228,-0.100914,-0.30083299,-0.94832301,0.213309,0.92448002,-0.31596801
1.0000006748752754,0.93912798,-0.34344301,-0.00923405,-0.0664111,-0.15509699,-0.98566502,0.33708701,0.92627901,-0.168464
0.9999999726583588,0.91567701,-0.40168101,-0.0137152,-0.21249799,-0.45488301,-0.86482698,0.34114599,0.79481697,-0.50188202
1.0000007727487736,0.91673303,-0.39943901,-0.00695198,-0.213485,-0.47510099,-0.85364199,0.33767501,0.78404599,-0.52081501
1.0000007706806051,0.92531002,0.0904722,0.36826199,0.25335699,-0.870067,-0.42284101,0.282157,0.48456001,-0.82800299
1.0000001044411062,0.946208,-0.308043,0.0989938,-0.140985,-0.66790301,-0.73077297,0.291228,0.67750698,-0.67540401
1.000000073194337,0.63488001,-0.771339,0.0443054,-0.75009102,-0.62910497,-0.20393801,0.185178,0.096243,-0.97798097
1.000000394152823,0.72844797,-0.67804998,0.0980383,-0.380761,-0.51964998,-0.76484299,0.56954801,0.51981997,-0.63671303
1.0000004442550823,0.702815,-0.704723,0.0970404,-0.397937,-0.50254703,-0.767524,0.58965898,0.50081098,-0.63363302
1.000000019765167,0.60236698,-0.70103002,-0.381722,-0.553379,-0.0221122,-0.832636,0.57526201,0.712789,-0.401254
0.9999989473349452,0.66469502,-0.61369997,-0.42608899,-0.45894101,0.114626,-0.88104099,0.58953601,0.781174,-0.205461
1.0000007212121271,0.96582901,-0.17765,-0.188721,-0.253492,-0.495738,-0.83065403,0.0540093,0.85010898,-0.52383
1.0000001383774249,0.97918802,0.18467,-0.084187,0.0613725,-0.66481298,-0.74448502,-0.193453,0.72382402,-0.66231
1.0000004527350577,0.81970698,-0.449725,0.35472301,0.29961699,-0.191154,-0.93471402,0.48817101,0.87247199,-0.021945
1.000000194778177,0.98304302,-0.18234301,0.0194366,-0.167531,-0.93614298,-0.309145,0.0745658,0.30064601,-0.95081598
1.000000566937928,0.80599803,-0.59065902,0.0385985,-0.47600299,-0.68554002,-0.55086797,0.351836,0.425625,-0.8337
0.9999994645852631,0.77750897,-0.61672002,-0.123025,-0.424541,-0.37042001,-0.826168,0.46394399,0.694583,-0.54982799
1.0000008005940475,0.701648,-0.71237701,-0.014461,-0.36996201,-0.34689501,-0.86185402,0.60894901,0.61006802,-0.50695097
0.999999035358454,0.69224399,-0.71560299,0.0933309,-0.194176,-0.30925399,-0.93094403,0.69504899,0.62631798,-0.35303199
1.0000000861329714,0.688963,-0.719742,0.0854515,-0.193712,-0.29645899,-0.93519402,0.69843102,0.62776101,-0.34367099
1.0000006347789732,0.78539902,-0.58370799,0.20599601,-0.29669699,-0.64707398,-0.70232898,0.54324901,0.49048999,-0.68139601
0.9999998231490992,0.80907297,-0.58759099,0.0117057,-0.221393,-0.32317299,-0.92007899,0.54441297,0.74181902,-0.391559
0.9999998578025161,0.77691501,-0.62338501,0.0882839,-0.00356898,-0.14457899,-0.98948699,0.62959498,0.76843202,-0.114551
0.9999993455866777,0.80945802,-0.533427,0.245425,-0.32372499,-0.75413299,-0.57138801,0.48987699,0.38306499,-0.78312302
0.9999994232118568,0.92303902,0.359332,0.137402,0.25188899,-0.29454601,-0.92184299,-0.29077601,0.88550699,-0.362389
0.9999997653580093,0.99725097,-0.00993021,0.0734227,0.0645734,-0.369414,-0.927019,0.0363289,0.92921197,-0.36775699
0.9999992812310562,0.992033,-0.0901286,0.0880221,0.0493168,-0.365107,-0.929658,0.115926,0.92659199,-0.35775301
1.0000002765548035,0.97855902,-0.19968501,0.0504875,-0.0121214,-0.30052999,-0.953695,0.20561101,0.93263501,-0.296507
0.9999996740647565,0.79297101,-0.468481,-0.389516,-0.51004899,-0.160772,-0.84498602,0.33323699,0.86872202,-0.366436
0.9999994071484838,0.83407003,-0.40789101,-0.371418,-0.53690201,-0.44553,-0.716407,0.126738,0.79694903,-0.59060103
1.0000005595641221,0.94851202,-0.19842,-0.24688999,-0.31574601,-0.65406197,-0.687392,-0.0250894,0.729954,-0.68303603
0.9999998725936577,0.986938,0.118276,-0.109379,0.0286098,-0.79684299,-0.60350901,-0.158539,0.59249699,-0.78981799
1.0000003124567929,0.98871398,0.113547,-0.0977375,0.0429846,-0.83994198,-0.54097098,-0.143519,0.53066403,-0.835343
0.9999998727352226,0.80234599,-0.59590501,0.0337309,-0.49978501,-0.701671,-0.50781202,0.326276,0.39058301,-0.860807
0.9999994090982735,0.702272,-0.71153098,0.0231737,-0.63183099,-0.63794702,-0.44024199,0.32802901,0.29452801,-0.89758003
1.0000003008842633,0.698295,-0.71555603,-0.0190591,-0.54235601,-0.51152098,-0.66648102,0.46715501,0.47573701,-0.74527901
0.9999996876516306,0.76983398,-0.637196,-0.0365593,-0.50406301,-0.57185298,-0.64722902,0.391505,0.51668698,-0.76141798
1.0000003215721873,0.891285,-0.453401,0.00625765,-0.30607599,-0.61174399,-0.729442,0.33455801,0.64822602,-0.68401402
1.00000063451749,0.71536303,-0.69861901,0.0137153,-0.44757301,-0.473196,-0.75879103,0.536596,0.536672,-0.65118998
1.0000004767588886,0.79892498,-0.60143101,-0.0002478,-0.346075,-0.45938,-0.818048,0.49188501,0.65364403,-0.57515103
0.999999865585438,0.79796797,-0.59693301,0.0831735,-0.31775001,-0.53393602,-0.783548,0.51213503,0.598818,-0.61573899
1.000000710592859,0.79491299,-0.60078597,0.0846745,-0.317197,-0.53048497,-0.78611201,0.51720399,0.598032,-0.612257
1.0000007790747303,0.744358,-0.64900202,0.157251,-0.325102,-0.55788499,-0.76359302,0.58330101,0.51726401,-0.626257
1.0000003156015451,0.408232,-0.91243798,0.0283409,-0.798711,-0.37203899,-0.47291401,0.442049,0.170423,-0.88065302
1.000000389934279,0.33927801,-0.91601002,-0.214049,-0.20613299,0.149619,-0.96701801,0.91782302,0.37221,-0.13805801
1.0000009827255014,0.49607399,-0.855923,-0.145971,-0.282848,-0.00035442,-0.95916498,0.82091898,0.51710403,-0.242272
0.9999990714915286,0.587942,-0.808285,-0.0316135,-0.204374,-0.11062,-0.97262198,0.78265899,0.57830602,-0.230231
0.999999984254266,0.98758602,0.0926586,-0.126839,-0.0671416,-0.48099199,-0.87414998,-0.14200599,0.87181503,-0.46880001
1.0000005793267024,0.97675103,0.160514,-0.142104,-0.0416565,-0.50812203,-0.860277,-0.21029299,0.846196,-0.489622
0.9999999152417764,0.98371297,0.0711023,-0.16508301,-0.12797,-0.36790001,-0.921018,-0.12622,0.92714298,-0.35280901
0.9999993726081597,0.89897299,0.155499,-0.40947101,-0.30926901,-0.436647,-0.84480298,-0.31016099,0.88609201,-0.34444299
1.0000001828634972,0.88359702,0.379675,-0.27404901,0.0541834,-0.66423899,-0.74555397,-0.46510199,0.64392102,-0.60749203
0.9999992592243993,0.98525602,-0.0137371,-0.170532,-0.127738,-0.72215003,-0.67984003,-0.113811,0.69160002,-0.71325701
1.0000006185069827,0.987378,-0.0947076,-0.126949,-0.140678,-0.892667,-0.42820099,-0.0727691,0.44065499,-0.89472198
0.9999991695419769,0.99895799,-0.0433733,0.0141837,-0.0348367,-0.92559803,-0.37689999,0.0294758,0.37601399,-0.92614502
1.0000005336526496,0.976551,-0.213502,0.0276703,-0.151869,-0.77426702,-0.61436599,0.152593,0.59575802,-0.78853601
0.999999664075283,0.99599701,0.0893707,-0.00156221,0.0601936,-0.68354702,-0.72741997,-0.0660779,0.724415,-0.68619001
1.000000435082686,0.84028602,-0.53881401,0.0599978,-0.42879599,-0.72824103,-0.53460199,0.33174399,0.42349201,-0.84297103
0.9999996860291248,0.802872,-0.59585899,0.0186362,-0.517878,-0.71260101,-0.47328901,0.29529399,0.37033999,-0.88071001
1.0000002058955721,0.71732098,-0.69670802,-0.00697396,-0.67749703,-0.69513601,-0.240383,0.16262899,0.177157,-0.970653
0.9999992067983231,0.51127398,-0.80341798,0.305152,-0.1003,-0.40842301,-0.90726501,0.85354501,0.433254,-0.289399
0.999999186685753,0.84024298,-0.54153502,-0.0270494,-0.20169,-0.26585501,-0.94267797,0.50330198,0.79753399,-0.33260399
1.0000000555689124,0.558011,-0.82892102,-0.0389023,-0.121784,-0.0354301,-0.99192399,0.820849,0.55824202,-0.12072
1.000000083542703,0.78945303,-0.61250103,-0.0400883,-0.175869,-0.163138,-0.97080201,0.58807701,0.77345198,-0.236509
0.9999997371400355,0.97349602,-0.00804976,-0.228561,-0.218227,-0.33169699,-0.91779798,-0.0684249,0.94335198,-0.32466301
1.00000004754822,0.96430397,-0.235843,-0.120398,-0.24811199,-0.645904,-0.72197598,0.0925073,0.72607601,-0.68136299
1.0000001878737805,0.94090098,-0.32058999,-0.109214,-0.32357201,-0.75566101,-0.56945401,0.100032,0.57113802,-0.81473601
0.9999997560483711,0.732274,0.67876899,-0.0552055,0.46960101,-0.56199801,-0.680906,-0.49320301,0.47268501,-0.73028702
0.9999998055307862,0.93765998,-0.30282,-0.17056599,-0.32201499,-0.57230002,-0.75417501,0.13076399,0.76208401,-0.63413602
0.9999991862013687,0.98849797,0.0648546,0.136619,0.14987101,-0.540986,-0.82757002,0.0202372,0.83852702,-0.54448402
0.9999994855010971,0.76518399,-0.63115197,-0.12704401,-0.37683499,-0.27907401,-0.88323998,0.52200401,0.72371602,-0.45138299
0.9999994562334485,0.69309002,-0.720442,0.0242904,-0.278629,-0.298825,-0.91272599,0.66482502,0.62583297,-0.407848
1.0000001790617485,0.58677697,-0.80844599,0.045909,-0.32076699,-0.28412399,-0.903539,0.74350601,0.51545,-0.42603999
1.0000002367188017,0.60156399,-0.79692101,0.0551212,-0.44105399,-0.388881,-0.80885297,0.66602701,0.462266,-0.58542103
0.999999392680135,0.789083,-0.61421698,-0.00922528,-0.37292299,-0.467051,-0.80174297,0.48813599,0.63608199,-0.597597
1.0000007174784864,0.853046,-0.51875502,0.056629,-0.142561,-0.336059,-0.93098903,0.50198603,0.78610301,-0.36062801
1.0000005138812782,0.700261,-0.71025801,0.0718912,-0.100021,-0.19732399,-0.975223,0.70684499,0.67571998,-0.20921899
0.9999999206444917,0.93165898,-0.358628,0.0582896,-0.0217724,-0.21524701,-0.97631699,0.362681,0.90832502,-0.208345
0.9999995293416474,0.79838097,0.55395597,-0.23605201,-0.0722953,-0.30099499,-0.950881,-0.59779698,0.77623099,-0.20026
1.00000045166987,0.382296,-0.92169702,-0.0657563,-0.54529601,-0.167579,-0.82132202,0.74599099,0.34984499,-0.56666303
1.000000401003845,0.41115999,-0.91072297,-0.0391345,-0.58148599,-0.228975,-0.78066897,0.70201302,0.34373599,-0.62371802
0.9999997749054916,0.44978401,-0.893098,-0.00836613,-0.58288598,-0.286432,-0.76039499,0.67671102,0.34689,-0.64940703
1.0000004688610664,0.46016499,-0.88727403,-0.03152,-0.64264399,-0.30837801,-0.70136398,0.61258203,0.34299999,-0.71210599
1.000000223772072,0.42236701,-0.90542501,-0.0425602,-0.64305502,-0.266222,-0.71805698,0.63881701,0.330652,-0.694682
0.9999999502965499,0.107893,-0.9853,-0.13245299,-0.83408803,-0.0172159,-0.55136198,0.540977,0.169966,-0.82368398
0.9999997571339917,0.21623001,-0.96830201,-0.125045,-0.40754601,0.0268675,-0.91278899,0.88721502,0.24833401,-0.388818
1.0000007500805679,0.31266901,-0.94673097,-0.0770618,-0.557302,-0.117146,-0.82200497,0.76919001,0.29996201,-0.56424302
0.9999998348900899,0.310669,-0.94941998,-0.0456757,-0.55408299,-0.141844,-0.820288,0.77231902,0.280146,-0.57012397
0.9999994452296941,0.39011499,-0.88279802,0.26168299,-0.70597202,-0.46922699,-0.53049898,0.59111202,0.0222155,-0.806283
1.0000005864977064,0.249415,-0.94010502,0.23236801,-0.77647603,-0.33752999,-0.53212702,0.578686,-0.0477078,-0.81415403
0.9999989827555447,-0.0875526,-0.99606103,-0.0140154,-0.60758698,0.064545,-0.79162598,0.78941202,-0.0607933,-0.61084503
1.000000518464547,-0.48015901,-0.86448801,-0.148689,-0.45201901,0.389119,-0.802661,0.75174898,-0.31819499,-0.577604
1.0000001632775661,-0.290124,-0.95696503,0.00673044,-0.78667098,0.234479,-0.57111198,0.54495603,-0.17098799,-0.82084501
1.0000004347050115,-0.308193,-0.951159,0.0177351,-0.805314,0.25092199,-0.53712898,0.50644398,-0.179822,-0.84331399
1.0000000540577856,-0.64630097,-0.73101002,-0.218904,-0.496326,0.62059802,-0.60705799,0.57961702,-0.283694,-0.76391202
1.0000004320252913,-0.56992,-0.79159302,-0.22039101,-0.481509,0.539069,-0.69105297,0.665838,-0.287725,-0.68838501
0.9999997814001811,-0.50406301,-0.83851397,-0.206917,-0.52517599,0.48778,-0.69732398,0.685646,-0.242828,-0.686239
1.0000001281081032,-0.17510299,-0.92063898,0.34894601,-0.77572,-0.0892506,-0.62473398,0.60629803,-0.380077,-0.69853002
0.9999999510749527,-0.26462501,-0.925354,0.27146399,-0.72988498,0.00820703,-0.68352097,0.63027102,-0.379015,-0.67757398
0.9999994224993023,-0.606929,-0.77745301,-0.16493399,-0.29341099,0.412058,-0.86262298,0.73861098,-0.47515699,-0.47820401
0.9999999783036516,-0.64938998,-0.75644702,0.0779719,-0.58952397,0.43600199,-0.67997402,0.48036799,-0.487535,-0.72907901
1.0000000852657274,-0.64784998,-0.75805402,0.0751375,-0.59127301,0.438209,-0.67702901,0.480299,-0.48304,-0.73211002
0.9999992161549768,-0.68833297,-0.72026801,0.086086,-0.53773397,0.427003,-0.726987,0.48686701,-0.54670101,-0.68123299
1.0000006096769456,-0.72402298,-0.68593502,0.0726911,-0.44861299,0.38821301,-0.80500799,0.52396399,-0.61545402,-0.58879399
1.0000001141716262,-0.76209497,-0.642506,-0.0799822,-0.32769501,0.48929799,-0.80821002,0.558415,-0.58972299,-0.58343798
0.999999971338195,-0.60600698,-0.79268497,0.0663696,-0.53004199,0.34018201,-0.77674502,0.59313601,-0.50589198,-0.62630898
1.0000006604704552,-0.34598899,-0.913836,-0.212593,-0.29982701,0.32239601,-0.89786702,0.88904202,-0.246911,-0.38553801
0.9999999021128911,-0.31239399,-0.949893,0.0106265,-0.72725701,0.231948,-0.64598602,0.61115301,-0.20953,-0.76327503
0.9999993181676425,-0.123218,-0.98519897,0.119164,-0.92024899,0.0684924,-0.38529199,0.37142801,-0.15713499,-0.91506797
0.999999998617529,-0.40663901,-0.91149098,-0.0618788,-0.798545,0.38751999,-0.46060199,0.44381401,-0.137886,-0.88544703
1.0000001883155734,-0.62212199,-0.77690798,0.0968398,-0.63284397,0.42618501,-0.64643198,0.46094701,-0.46344501,-0.75680101
1.0000006445805516,-0.67840201,-0.73363203,0.0394427,-0.50936502,0.43097201,-0.744856,0.52945101,-0.52540201,-0.66605902
1.0000001961543143,-0.71824801,-0.69532299,0.0254268,-0.42218301,0.406472,-0.81027198,0.55306602,-0.59271097,-0.58550203
1.0000000736184738,0.0949835,-0.99318397,0.0675576,-0.84642202,-0.116296,-0.51965898,0.523974,-0.00782314,-0.85169798
1.000000338166702,0.0393272,-0.999152,0.012188,-0.50725698,-0.0304719,-0.861256,0.860897,0.0276883,-0.508026
0.9999997256518286,-0.49184701,-0.87068099,0.00052636,-0.327528,0.18446,-0.92666101,0.80672902,-0.455948,-0.375898
0.9999995910105373,-0.28274101,-0.95235997,0.114311,-0.60430598,0.0843131,-0.79227901,0.74489701,-0.29308799,-0.599356
0.9999998967929101,-0.28323999,-0.952829,0.109049,-0.61356002,0.0926387,-0.78419501,0.73710197,-0.289024,-0.61085701
1.0000001579794375,-0.157216,-0.98755997,0.00287629,-0.77690703,0.121882,-0.617706,0.609671,-0.099348,-0.78640401
0.9999997878326603,-0.36196601,-0.93185902,0.0248967,-0.82180601,0.30638301,-0.48037899,0.440018,-0.194341,-0.87670702
1.0000000165857725,-0.72091198,-0.69184202,-0.0405085,-0.20923901,0.27300999,-0.938981,0.660685,-0.668446,-0.34157601
1.0000011584254949,-0.72360301,-0.68873101,-0.0452683,-0.203366,0.27541801,-0.93956798,0.65957701,-0.67066801,-0.33935699
1.0000005318276795,-0.72720701,-0.68525398,-0.0399747,-0.21530101,0.283005,-0.934641,0.651779,-0.67107099,-0.353338
1.000000441786752,-0.77251703,-0.63385499,-0.0380125,-0.236285,0.342507,-0.90931797,0.58939499,-0.69348198,-0.414363
1.000000512249674,0.0250019,-0.94284302,-0.332297,-0.25326601,0.31558299,-0.91447502,0.96707398,0.107023,-0.2309
1.0000001371557468,-0.52776802,-0.84913898,0.0205816,-0.72328103,0.436575,-0.53503901,0.445337,-0.297263,-0.84457701
1.0000000712209798,-0.54792798,-0.83640498,0.0142402,-0.64956403,0.41467899,-0.63726598,0.527107,-0.35842499,-0.77051198
0.9999990722192592,-0.635185,-0.769903,-0.0615515,-0.57517302,0.52470201,-0.62758499,0.51547599,-0.36322999,-0.77611101
0.999999430871801,-0.46585399,-0.88327098,-0.0530394,-0.68923497,0.3998,-0.60424697,0.554919,-0.24493399,-0.79502898
1.0000007630543981,-0.827986,-0.54554898,-0.129674,-0.215425,0.522973,-0.82467699,0.51771802,-0.65488601,-0.55053902
0.9999995515388773,-0.82215101,-0.56517702,-0.0681336,-0.32117599,0.55933499,-0.764193,0.47001299,-0.606399,-0.641379
1.0000011448438146,-0.576657,-0.81491297,-0.0581736,-0.477312,0.393837,-0.78553599,0.66305399,-0.42521799,-0.61607599
1.0000003161534339,-0.39801699,-0.917211,-0.0175228,-0.619645,0.28287801,-0.73213398,0.67647803,-0.28054401,-0.68093503
1.0000003913704414,-0.32395101,-0.944309,-0.0577546,-0.20002601,0.128031,-0.97139001,0.92468703,-0.30313,-0.230362
1.0000000193187017,-0.57561398,-0.80984598,0.113214,-0.73179197,0.44838399,-0.51325703,0.364896,-0.37828699,-0.85073501
1.0000001923611817,-0.56866801,-0.81575,0.105682,-0.73820001,0.44943401,-0.50305998,0.36287501,-0.364088,-0.85776597
0.999999920979827,-0.476466,-0.87359798,0.0990277,-0.78732699,0.37383801,-0.49026701,0.391276,-0.31156299,-0.86592799
1.0000011544143477,-0.426265,-0.90281999,0.0566998,-0.88143402,0.40043899,-0.25044701,0.203403,-0.156734,-0.96646899
0.9999993393216529,-0.844127,-0.53363299,0.0518106,-0.48794401,0.72460198,-0.48668599,0.22217,-0.43610501,-0.87203902
0.9999992577399387,-0.83925003,-0.53593701,0.0918171,-0.40587801,0.50509501,-0.76166999,0.36183101,-0.67649901,-0.64142603
0.999999768652975,-0.81391799,-0.57593602,0.0763905,-0.43709299,0.52040499,-0.73357201,0.382736,-0.63045698,-0.67530501
1.000000186543689,-0.50799602,-0.86133498,-0.00654122,-0.70362198,0.419337,-0.57364798,0.49684599,-0.28680801,-0.819076
1.0000000344514242,-0.432073,-0.901793,-0.0090732,-0.785285,0.38115901,-0.48789901,0.44344199,-0.203683,-0.87285298
0.999998498600922,-0.39197499,-0.919846,0.0154296,-0.73166603,0.30153099,-0.61134499,0.55769098,-0.25092199,-0.79121298
0.999999385776587,0.0661027,-0.99737698,-0.0294909,-0.77285498,-0.0324832,-0.63375002,0.63112998,0.0646849,-0.77297503
0.9999995116937722,0.14483,-0.98753899,-0.061565,-0.77738899,-0.0750758,-0.624524,0.61211997,0.13831,-0.778575
0.9999999091664064,0.00262709,-0.99434602,-0.106155,-0.44192401,0.0940727,-0.892106,0.89704901,0.0492562,-0.43917799
0.9999998696862163,-0.59297597,-0.80521202,-0.00355902,-0.51169997,0.38023201,-0.770446,0.62172598,-0.455035,-0.63749498
1.0000001207562557,-0.59070301,-0.71500403,0.37395099,-0.537817,0.00339652,-0.84305501,0.60151702,-0.699112,-0.38654801
1.0000001986328426,0.0417581,-0.896299,0.44148001,-0.772991,-0.308945,-0.55410999,0.63304102,-0.318122,-0.70573199
0.9999997762891277,-0.73108798,-0.67916203,-0.0651888,-0.176061,0.280101,-0.94368702,0.65917599,-0.67844099,-0.32435301
1.0000003554443044,-0.69478703,-0.71790898,0.0433303,-0.371124,0.306261,-0.876625,0.61606699,-0.62514901,-0.47921899
0.9999996467381186,0.61697698,-0.77466398,0.13869099,-0.0443254,-0.21015801,-0.97666198,0.78573197,0.59643,-0.164
0.9999996398165991,-0.90645999,0.324662,-0.27004701,0.41644499,0.58120102,-0.69912702,-0.0700284,-0.74619001,-0.66203898
0.9999999991450524,-0.81478697,0.504058,-0.28643799,0.570014,0.60627699,-0.55453801,-0.105859,-0.61510497,-0.78130698
1.00000063727475,-0.83867598,0.491375,-0.23489,0.535308,0.664258,-0.52173501,-0.10034,-0.56330502,-0.82013398
0.9999995961431386,-0.99486601,-0.065296,-0.0773127,0.0176506,0.64030898,-0.76791501,0.0996457,-0.76533699,-0.63586903
0.9999989468512211,-0.97622299,-0.21666899,0.00655582,-0.16862001,0.740035,-0.65108699,0.13621899,-0.63671201,-0.75897402
1.000000369112402,-0.99303401,-0.115786,0.0218472,-0.101732,0.74896002,-0.65476,0.059449,-0.652421,-0.755521
0.9999995466190281,-0.96534997,0.25819299,-0.0378866,0.214903,0.70419401,-0.67670298,-0.148041,-0.66139799,-0.73527998
0.9999999586715956,-0.87431002,0.48424801,-0.0329507,0.34952801,0.58106202,-0.734981,-0.33676699,-0.65411901,-0.67728603
0.9999997606452962,-0.83698702,0.53443098,-0.117625,0.38437799,0.421179,-0.8215,-0.389494,-0.73279703,-0.55794501
1.0000003156004746,-0.84926999,0.50940597,-0.138731,0.38206401,0.41163599,-0.82739502,-0.36437401,-0.75568599,-0.54421598
1.0000004998584944,-0.90216899,0.38598299,-0.192636,0.33327499,0.34010801,-0.87934899,-0.27389699,-0.85752201,-0.435473
0.9999992429608363,-0.91067398,0.360037,-0.20259701,0.319141,0.30168799,-0.89840603,-0.26233801,-0.88281202,-0.389642
0.999999611899129,-0.903162,0.38112599,-0.197587,0.32277301,0.29939699,-0.89787501,-0.28304601,-0.87470198,-0.39342201
1.0000006419458112,-0.91943401,0.34172499,-0.194592,0.287056,0.245015,-0.92604899,-0.268776,-0.90729898,-0.32337001
0.9999998903849894,-0.90140301,0.352005,-0.25212201,0.41318399,0.52525198,-0.74390101,-0.129429,-0.774728,-0.61890602
1.0000004251642152,-0.89336199,0.412902,-0.177248,0.404367,0.56674898,-0.71783203,-0.195939,-0.71295702,-0.67327601
0.999999342376929,-0.985964,0.164243,-0.0299756,0.148598,0.78144199,-0.60602498,-0.0761109,-0.601973,-0.79488099
1.0000002760225009,-0.96243501,0.265477,-0.0569229,0.23980699,0.732844,-0.63673598,-0.127324,-0.626468,-0.768978
0.9999993210392619,-0.99524599,0.0874626,-0.0428341,0.0928134,0.71860498,-0.689197,-0.0294981,-0.68989599,-0.72330701
1.0000002791843468,-0.84512597,0.53429198,-0.0171647,0.35653201,0.53944498,-0.76281297,-0.39830601,-0.65079302,-0.64639097
1.0000001419751106,-0.80889601,0.586492,-0.0414012,0.407814,0.50894898,-0.75806201,-0.423527,-0.63007802,-0.65086699
0.9999998011449007,-0.78113902,0.622141,-0.0525666,0.33239499,0.34311599,-0.87851298,-0.52852201,-0.703713,-0.47481701
1.000000198608448,-0.79219598,0.607301,-0.060095,0.32561699,0.337349,-0.88327199,-0.51613897,-0.71929199,-0.46499401
1.000000100574841,-0.84963101,0.52363199,-0.062738,0.29180899,0.367688,-0.88297999,-0.439289,-0.76851499,-0.46519899
0.9999994655678568,-0.85232401,0.52108198,-0.0449106,0.270322,0.36539099,-0.89073902,-0.44773799,-0.77133799,-0.45229101
1.000000452575005,-0.59410203,0.798621,-0.0961649,0.35503501,0.153064,-0.92223698,-0.72179902,-0.58204502,-0.37447399
0.999999988147642,-0.58783001,0.80606103,0.0687151,0.27857101,0.28143099,-0.91825598,-0.75950903,-0.52063698,-0.389979
0.9999996348447702,-0.57014602,0.82000798,-0.0501957,0.40636599,0.228387,-0.88470697,-0.71400303,-0.52481002,-0.46343699
0.999999761339313,-0.65874898,0.73909998,-0.140645,0.46043199,0.248192,-0.85229301,-0.59502298,-0.62620401,-0.50380099
1.0000000043927528,-0.86826003,0.40731299,0.28323299,0.14682899,0.75630897,-0.63752502,-0.47388399,-0.51195002,-0.71647799
1.0000001605439384,-0.78489298,0.61842197,-0.0387016,0.19893099,0.192343,-0.960953,-0.58683002,-0.761944,-0.273992
0.9999992757845254,-0.97309101,0.21475001,-0.0835227,0.116696,0.14674801,-0.98226601,-0.19868501,-0.965581,-0.16786
1.0000000197789656,-0.54259998,0.83736497,-0.0663626,0.40401301,0.19089501,-0.89461303,-0.73645002,-0.51222903,-0.44188699
0.9999992802208723,-0.64754599,0.74072802,0.178901,0.173216,0.37170401,-0.91204798,-0.74207801,-0.559605,-0.36900201
0.999999920972018,-0.66418898,0.72519702,0.1815,0.177863,0.38911399,-0.90385598,-0.72609699,-0.56804901,-0.387431
1.0000001557644378,-0.66636503,0.72384202,0.17891499,0.17806,0.38749301,-0.904513,-0.72405303,-0.57087803,-0.387099
0.9999993354721743,-0.65585399,0.72910601,0.195602,0.149727,0.37960699,-0.91295099,-0.73988998,-0.56947601,-0.35813299
0.9999999626092734,-0.94699401,0.31678399,-0.0533888,0.128435,0.221008,-0.96677798,-0.29446101,-0.92238998,-0.249979
1.0000007803797568,-0.70292699,0.70623702,-0.0844048,0.175925,0.0576525,-0.982714,-0.68916202,-0.705625,-0.16477001
0.9999998002550584,-0.90581501,0.42231899,0.0338393,0.197753,0.492082,-0.84779102,-0.37469,-0.76125002,-0.52925003
0.9999996480337721,-0.99120897,0.0371408,0.126985,-0.086602,0.54347497,-0.83494598,-0.100024,-0.83860302,-0.53548098
1.000000453417657,-0.98672801,0.150601,0.0607281,0.0153349,0.458727,-0.88844502,-0.161658,-0.87572199,-0.45494801
1.0000001537909733,-0.99399,0.0500719,0.0973503,-0.0615958,0.47933701,-0.875467,-0.0904999,-0.87620097,-0.47337201
0.9999997941338798,-0.98956901,0.09667,0.106806,-0.0526142,0.447662,-0.892654,-0.134106,-0.88896197,-0.437906
1.000000157828595,-0.992414,0.0013493,0.122932,-0.108089,0.46682999,-0.87771702,-0.0585725,-0.88434601,-0.46314299
0.9999999704099034,-0.97976297,0.181804,0.0837426,-0.0422282,0.22121499,-0.97430998,-0.195658,-0.95812899,-0.209061
0.9999993592712804,-0.99319601,0.103675,0.0530379,-0.0301691,0.210825,-0.97705799,-0.112478,-0.97201002,-0.20626301
1.0000003236575998,-0.978046,-0.194695,0.0742893,-0.142993,0.367706,-0.91888303,0.151586,-0.90933299,-0.387474
1.0000001907301417,-0.99146199,0.122041,-0.0459145,0.114066,0.64117199,-0.75887299,-0.0631745,-0.757631,-0.64961898
1.000000195855019,-0.993931,0.043354,0.101103,-0.0242279,0.81022698,-0.58561498,-0.107305,-0.58451003,-0.80426002
0.9999999289447494,-0.99352098,0.0677836,0.0912205,0.00941013,0.84897,-0.52835798,-0.113257,-0.52407598,-0.84410697
0.9999997137325152,-0.991934,0.109032,0.0646425,0.0593501,0.85014099,-0.52319998,-0.112001,-0.51514399,-0.84975398
1.000000293102662,-0.982701,-0.0871658,0.163406,-0.1837,0.57086098,-0.80023199,-0.0235294,-0.81640702,-0.576998
1.0000002956942864,-0.87011302,-0.48223001,0.101769,-0.46069601,0.72245097,-0.51558101,0.175106,-0.49549901,-0.85077602
0.9999995231697802,-0.79621297,-0.59917998,0.0838357,-0.58088899,0.71834499,-0.382815,0.16915201,-0.35350201,-0.92001301
0.9999997623382739,-0.86437798,-0.49780199,0.0710177,-0.496346,0.82203102,-0.27911699,0.0805661,-0.276512,-0.957627
1.000000287545646,-0.940817,-0.32479501,0.0968096,-0.33218899,0.827097,-0.45338801,0.0671872,-0.45871499,-0.88603997
0.9999995563955411,-0.99376202,0.0577253,-0.0954174,0.109763,0.65755099,-0.745372,0.019715,-0.75119501,-0.65978497
0.9999999221227674,-0.99261701,0.110012,-0.0510753,0.0991734,0.49371901,-0.86394799,-0.0698275,-0.86263502,-0.50098401
0.9999998741685396,-0.99334103,-0.0372383,-0.109023,0.0771948,0.48733199,-0.869798,0.0855203,-0.87242299,-0.48121199
1.0000000761896874,-0.94214499,0.262162,-0.208887,0.329025,0.60415298,-0.72577,-0.06407,-0.752509,-0.65545797
1.0000000707571264,-0.88672298,0.42520201,-0.181454,0.42505699,0.59551102,-0.68168402,-0.181795,-0.681593,-0.70878899
0.9999996889355087,-0.85937297,0.50591999,-0.0743147,0.44291601,0.66383201,-0.60262102,-0.255546,-0.55079103,-0.79456002
0.9999999013127293,-0.86735898,0.49389401,0.06129,0.37763599,0.73334497,-0.56532902,-0.32416001,-0.46719801,-0.82258499
0.9999998500520051,-0.93745399,0.332932,0.101665,0.203171,0.760432,-0.61681801,-0.28266799,-0.55758297,-0.78051299
0.9999996581466056,-0.663517,0.74804199,0.0133625,0.45118499,0.414323,-0.79042298,-0.59680599,-0.51842999,-0.61241502
0.9999993947519658,-0.70318598,0.71067399,0.021712,0.437217,0.45628801,-0.775011,-0.56068701,-0.53548503,-0.63157398
1.000000739419671,-0.68697101,0.72570997,0.0376331,0.34831801,0.374291,-0.85940802,-0.637766,-0.57727998,-0.50990403
0.9999998510959895,-0.90420997,0.42696601,-0.0101857,0.25823399,0.52757001,-0.80931199,-0.340175,-0.73441797,-0.587291
0.9999997662140196,-0.94697201,0.315997,-0.0582215,0.148816,0.27073401,-0.95108199,-0.28477699,-0.90931201,-0.30340299
0.9999998589570845,-0.951433,0.301323,-0.0630757,0.204016,0.46370399,-0.86218101,-0.230547,-0.83317697,-0.50265801
0.9999996024008833,-0.83048803,0.448131,0.33085901,0.0114222,0.60753798,-0.79420799,-0.55691898,-0.65580201,-0.50967199
0.9999996739831293,-0.816324,0.56489497,-0.12045,0.230811,0.127874,-0.96455902,-0.52947301,-0.81519401,-0.234771
0.9999997834455108,-0.82912099,0.551018,-0.0945413,0.37073001,0.41531101,-0.83070803,-0.41847101,-0.72380602,-0.54862201
0.9999997535526255,-0.78574097,0.61849803,0.00846758,0.48807499,0.628344,-0.60577703,-0.37999299,-0.47185099,-0.79558903
1.0000006340166072,-0.69515598,0.71885198,0.00317426,0.60224098,0.58478898,-0.543441,-0.39250901,-0.37586501,-0.83944201
1.000000744319487,-0.74378502,0.66763598,0.0323472,0.62448001,0.71133399,-0.32253501,-0.238346,-0.219697,-0.94600499
1.0000005118400652,-0.88849902,0.407738,0.210521,0.214781,0.77493799,-0.59442502,-0.40551001,-0.48293,-0.776106
0.999999789125408,-0.88032901,0.46110499,0.111374,0.191494,0.56024599,-0.80588698,-0.43399501,-0.68811798,-0.58149898
0.9999992676566624,-0.91720802,0.38211,0.112792,0.112528,0.52003902,-0.84669697,-0.38218701,-0.76390499,-0.51998198
0.9999996788540572,-0.97718298,0.185985,0.10258,0.0286001,0.59377903,-0.80412,-0.210464,-0.78283799,-0.58555001
0.9999999572283087,-0.98760402,0.13112099,0.0862828,0.0165711,0.633726,-0.77337998,-0.156086,-0.76236397,-0.62804401
0.9999996584595533,-0.97589898,0.20331,0.0792826,0.0425878,0.533768,-0.844558,-0.21402501,-0.82082701,-0.529562
0.9999993291545434,-0.85520601,0.51685101,0.0385708,0.109387,0.252738,-0.96133101,-0.50661302,-0.81791699,-0.27268001
1.000000189796857,-0.85275501,0.52079397,0.0397833,0.112293,0.25718999,-0.95981401,-0.51009798,-0.81401902,-0.27780199
1.0000005930721518,-0.99698198,-0.068924,-0.0357311,0.0086571,0.35867399,-0.93342298,0.0771511,-0.930915,-0.35699499
0.9999997485483954,-0.96036202,0.15470199,-0.231888,0.270192,0.72121602,-0.63784301,0.0685658,-0.67521501,-0.73442698
0.9999999323190712,-0.99222398,-0.112652,-0.0529231,-0.0354993,0.66368699,-0.74716699,0.119294,-0.73947901,-0.66252601
1.0000000537168947,-0.99683899,-0.0794345,0.00121856,-0.0584067,0.72238803,-0.689017,0.0538514,-0.68691099,-0.72474402
1.000000211600675,-0.97737598,0.20416,-0.0552723,0.18420701,0.69320798,-0.69679999,-0.103944,-0.69121701,-0.71513301
1.0000000733034116,-0.930399,0.36063099,-0.0656002,0.309632,0.67745602,-0.66721898,-0.196178,-0.64109099,-0.74196798
1.0000002931453045,-0.865134,0.49476999,-0.082136,0.434304,0.65713102,-0.61608398,-0.250846,-0.56866699,-0.78338599
