0, 0, 0, 0, 0, 0, 0, 0, 0, 0, 0, 0, 0, 0, 0, 0, 0, 0, 0, 0, 0, 0, 0, 0, 0, 0, 0, 0, 0, 0, 0, 0, 0, 0, 0, 0, 0, 0, 0, 0, 0, 0, 0, 0, 0, 0, 0, 0, 0, 0, 0, 0, 0, 0, 0, 0, 0, 0, 0, 0, 0, 0, 0, 0, 0, 0, 0, 0, 0, 0, 0, 0, 0, 0, 0, 0, 0, 0, 0, 0, 0, 0, 0, 0, 0, 0, 0, 0, 0, 0, 0, 0, 0, 0, 0, 0, 0, 0, 0, 0, 0, 0, 0, 0, 0, 0, 0, 0, 0, 0, 0, 0, 0, 0, 0, 0, 0, 0, 0, 0, 0, 0, 0, 0, 0, 0, 0, 0, 0, 0, 0, 0, 0, 0, 0, 0, 0, 0, 0, 0, 0, 0, 0, 0, 0, 0, 0, 0, 0, 0, 0, 0, 0, 0, 0, 0, 0, 0, 0, 0, 0, 0, 0, 0, 0, 0, 0, 0, 0, 0, 0, 0, 0, 0, 0, 0, 0, 0, 0, 0, 0, 0, 0, 0, 0, 0, 0, 0, 0, 0, 0, 0, 0, 0, 0, 0, 0, 0, 0, 0, 0, 0, 0, 0, 0, 0, 0, 0, 0, 0, 0, 0, 0, 0, 0, 0, 0, 0, 0, 0, 0, 0, 0, 0, 0, 0, 0, 0, 0, 0, 0, 0, 0, 0, 0, 0, 0, 0, 0, 0, 0, 0, 0, 0, 0, 0, 0, 0, 0, 0, 0, 0, 0, 0, 0, 0, 0, 0, 0, 0, 0, 0, 0, 0, 0, 0, 0, 0, 0, 0, 0, 0, 0, 0, 0, 0, 0, 0, 0, 0, 0, 0, 0, 0, 0, 0, 0, 0, 0, 0, 0, 0, 0, 0, 0, 0, 0, 0, 0, 0, 0, 0, 0, 0, 0, 0, 0, 0, 0, 0, 0, 0, 0, 0, 0, 0, 0, 0, 0, 0, 0, 0, 0, 0, 0, 0, 0, 0, 0, 0, 0, 0, 0, 0, 0, 0, 0, 0, 0, 0, 0, 0, 0, 0, 0, 0, 0, 0, 0, 0, 0, 0, 0, 0, 0, 0, 0, 0, 0, 0, 0, 0, 0, 0, 0, 0, 0, 0, 0, 0, 0, 0, 0, 0, 0, 0, 0, 0, 0, 0, 0, 0, 0, 0, 0, 0, 0, 0, 0, 0, 0, 0, 0, 0, 0, 0, 0, 0, 0, 0, 0, 0, 0, 0, 0, 0, 0, 0, 0, 0, 0, 0, 0, 0, 0, 0, 0, 0, 0, 0, 0, 0, 0, 0, 0, 0, 0, 0, 0, 0, 0, 0, 0, 0, 0, 0, 0, 0, 0, 0, 0, 0, 0, 0, 0, 0, 0, 0, 0, 0, 0, 0, 0, 0, 0, 0, 0, 0, 0, 0, 0, 0, 0, 0, 0, 0, 0, 0, 0, 0, 0, 0, 0, 0, 0, 0, 0, 0, 0, 0, 
0, 0, 0, 0, 0, 0, 0, 0, 0, 0, 0, 0, 0, 0, 0, 0, 0, 0, 0, 0, 0, 0, 0, 0, 0, 0, 0, 0, 0, 0, 0, 0, 0, 0, 0, 0, 0, 0, 0, 0, 0, 0, 0, 0, 0, 0, 0, 0, 0, 0, 0, 0, 0, 0, 0, 0, 0, 0, 0, 0, 0, 0, 0, 0, 0, 0, 0, 0, 0, 0, 0, 0, 0, 0, 0, 0, 0, 0, 0, 0, 0, 0, 0, 0, 0, 0, 0, 0, 0, 0, 0, 0, 0, 0, 0, 0, 0, 0, 0, 0, 0, 0, 0, 0, 0, 0, 0, 0, 0, 0, 0, 0, 0, 0, 0, 0, 0, 0, 0, 0, 0, 0, 0, 0, 0, 0, 0, 0, 0, 0, 0, 0, 0, 0, 0, 0, 0, 0, 0, 0, 0, 0, 0, 0, 0, 0, 0, 0, 0, 0, 0, 0, 0, 0, 0, 0, 0, 0, 0, 0, 0, 0, 0, 0, 0, 0, 0, 0, 0, 0, 0, 0, 0, 0, 0, 0, 0, 0, 0, 0, 0, 0, 0, 0, 0, 0, 0, 0, 0, 0, 0, 0, 0, 0, 0, 0, 0, 0, 0, 0, 0, 0, 0, 0, 0, 0, 0, 0, 0, 0, 0, 0, 0, 0, 0, 0, 0, 0, 0, 0, 0, 0, 0, 0, 0, 0, 0, 0, 0, 0, 0, 0, 0, 0, 0, 0, 0, 0, 0, 0, 0, 0, 0, 0, 0, 0, 0, 0, 0, 0, 0, 0, 0, 0, 0, 0, 0, 0, 0, 0, 0, 0, 0, 0, 0, 0, 0, 0, 0, 0, 0, 0, 0, 0, 0, 0, 0, 0, 0, 0, 0, 0, 0, 0, 0, 0, 0, 0, 0, 0, 0, 0, 0, 0, 0, 0, 0, 0, 0, 0, 0, 0, 0, 0, 0, 0, 0, 0, 0, 0, 0, 0, 0, 0, 0, 0, 0, 0, 0, 0, 0, 0, 0, 0, 0, 0, 0, 0, 0, 0, 0, 0, 0, 0, 0, 0, 0, 0, 0, 0, 0, 0, 0, 0, 0, 0, 0, 0, 0, 0, 0, 0, 0, 0, 0, 0, 0, 0, 0, 0, 0, 0, 0, 0, 0, 0, 0, 0, 0, 0, 0, 0, 0, 0, 0, 0, 0, 0, 0, 0, 0, 0, 0, 0, 0, 0, 0, 0, 0, 0, 0, 0, 0, 0, 0, 0, 0, 0, 0, 0, 0, 0, 0, 0, 0, 0, 0, 0, 0, 0, 0, 0, 0, 0, 0, 0, 0, 0, 0, 0, 0, 0, 0, 0, 0, 0, 0, 0, 0, 0, 0, 0, 0, 0, 0, 0, 0, 0, 0, 0, 0, 0, 0, 0, 0, 0, 0, 0, 0, 0, 0, 0, 0, 0, 0, 0, 0, 0, 0, 0, 0, 0, 0, 0, 0, 0, 0, 0, 0, 0, 0, 0, 0, 0, 0, 0, 0, 0, 0, 0, 
0, 0, 0, 0, 0, 0, 0, 0, 0, 0, 0, 0, 0, 0, 0, 0, 0, 0, 0, 0, 0, 0, 0, 0, 0, 0, 0, 0, 0, 0, 0, 0, 0, 0, 0, 0, 0, 0, 0, 0, 0, 0, 0, 0, 0, 0, 0, 0, 0, 0, 0, 0, 0, 0, 0, 0, 0, 0, 0, 0, 0, 0, 0, 0, 0, 0, 0, 0, 0, 0, 0, 0, 0, 0, 0, 0, 0, 0, 0, 0, 0, 0, 0, 0, 0, 0, 0, 0, 0, 0, 0, 0, 0, 0, 0, 0, 0, 0, 0, 0, 0, 0, 0, 0, 0, 0, 0, 0, 0, 0, 0, 0, 0, 0, 0, 0, 0, 0, 0, 0, 0, 0, 0, 0, 0, 0, 0, 0, 0, 0, 0, 0, 0, 0, 0, 0, 0, 0, 0, 0, 0, 0, 0, 0, 0, 0, 0, 0, 0, 0, 0, 0, 0, 0, 0, 0, 0, 0, 0, 0, 0, 0, 0, 0, 0, 0, 0, 0, 0, 0, 0, 0, 0, 0, 0, 0, 0, 0, 0, 0, 0, 0, 0, 0, 0, 0, 0, 0, 0, 0, 0, 0, 0, 0, 0, 0, 0, 0, 0, 0, 0, 0, 0, 0, 0, 0, 0, 0, 0, 0, 0, 0, 0, 0, 0, 0, 0, 0, 0, 0, 0, 0, 0, 0, 0, 0, 0, 0, 0, 0, 0, 0, 0, 0, 0, 0, 0, 0, 0, 0, 0, 0, 0, 0, 0, 0, 0, 0, 0, 0, 0, 0, 0, 0, 0, 0, 0, 0, 0, 0, 0, 0, 0, 0, 0, 0, 0, 0, 0, 0, 0, 0, 0, 0, 0, 0, 0, 0, 0, 0, 0, 0, 0, 0, 0, 0, 0, 0, 0, 0, 0, 0, 0, 0, 0, 0, 0, 0, 0, 0, 0, 0, 0, 0, 0, 0, 0, 0, 0, 0, 0, 0, 0, 0, 0, 0, 0, 0, 0, 0, 0, 0, 0, 0, 0, 0, 0, 0, 0, 0, 0, 0, 0, 0, 0, 0, 0, 0, 0, 0, 0, 0, 0, 0, 0, 0, 0, 0, 0, 0, 0, 0, 0, 0, 0, 0, 0, 0, 0, 0, 0, 0, 0, 0, 0, 0, 0, 0, 0, 0, 0, 0, 0, 0, 0, 0, 0, 0, 0, 0, 0, 0, 0, 0, 0, 0, 0, 0, 0, 0, 0, 0, 0, 0, 0, 0, 0, 0, 0, 0, 0, 0, 0, 0, 0, 0, 0, 0, 0, 0, 0, 0, 0, 0, 0, 0, 0, 0, 0, 0, 0, 0, 0, 0, 0, 0, 0, 0, 0, 0, 0, 0, 0, 0, 0, 0, 0, 0, 0, 0, 0, 0, 0, 0, 0, 0, 0, 0, 0, 0, 0, 0, 0, 0, 0, 0, 0, 0, 0, 0, 0, 0, 0, 0, 0, 0, 0, 0, 0, 0, 0, 0, 0, 0, 0, 0, 0, 0, 0, 0, 
0, 0, 0, 0, 0, 0, 0, 0, 0, 0, 0, 0, 0, 0, 0, 0, 0, 0, 0, 0, 0, 0, 0, 0, 0, 0, 0, 0, 0, 0, 0, 0, 0, 0, 0, 0, 0, 0, 0, 0, 0, 0, 0, 0, 0, 0, 0, 0, 0, 0, 0, 0, 0, 0, 0, 0, 0, 0, 0, 0, 0, 0, 0, 0, 0, 0, 0, 0, 0, 0, 0, 0, 0, 0, 0, 0, 0, 0, 0, 0, 0, 0, 0, 0, 0, 0, 0, 0, 0, 0, 0, 0, 0, 0, 0, 0, 0, 0, 0, 0, 0, 0, 0, 0, 0, 0, 0, 0, 0, 0, 0, 0, 0, 0, 0, 0, 0, 0, 0, 0, 0, 0, 0, 0, 0, 0, 0, 0, 0, 0, 0, 0, 0, 0, 0, 0, 0, 0, 0, 0, 0, 0, 0, 0, 0, 0, 0, 0, 0, 0, 0, 0, 0, 0, 0, 0, 0, 0, 0, 0, 0, 0, 0, 0, 0, 0, 0, 0, 0, 0, 0, 0, 0, 0, 0, 0, 0, 0, 0, 0, 0, 0, 0, 0, 0, 0, 0, 0, 0, 0, 0, 0, 0, 0, 0, 0, 0, 0, 0, 0, 0, 0, 0, 0, 0, 0, 0, 0, 0, 0, 0, 0, 0, 0, 0, 0, 0, 0, 0, 0, 0, 0, 0, 0, 0, 0, 0, 0, 0, 0, 0, 0, 0, 0, 0, 0, 0, 0, 0, 0, 0, 0, 0, 0, 0, 0, 0, 0, 0, 0, 0, 0, 0, 0, 0, 0, 0, 0, 0, 0, 0, 0, 0, 0, 0, 0, 0, 0, 0, 0, 0, 0, 0, 0, 0, 0, 0, 0, 0, 0, 0, 0, 0, 0, 0, 0, 0, 0, 0, 0, 0, 0, 0, 0, 0, 0, 0, 0, 0, 0, 0, 0, 0, 0, 0, 0, 0, 0, 0, 0, 0, 0, 0, 0, 0, 0, 0, 0, 0, 0, 0, 0, 0, 0, 0, 0, 0, 0, 0, 0, 0, 0, 0, 0, 0, 0, 0, 0, 0, 0, 0, 0, 0, 0, 0, 0, 0, 0, 0, 0, 0, 0, 0, 0, 0, 0, 0, 0, 0, 0, 0, 0, 0, 0, 0, 0, 0, 0, 0, 0, 0, 0, 0, 0, 0, 0, 0, 0, 0, 0, 0, 0, 0, 0, 0, 0, 0, 0, 0, 0, 0, 0, 0, 0, 0, 0, 0, 0, 0, 0, 0, 0, 0, 0, 0, 0, 0, 0, 0, 0, 0, 0, 0, 0, 0, 0, 0, 0, 0, 0, 0, 0, 0, 0, 0, 0, 0, 0, 0, 0, 0, 0, 0, 0, 0, 0, 0, 0, 0, 0, 0, 0, 0, 0, 0, 0, 0, 0, 0, 0, 0, 0, 0, 0, 0, 0, 0, 0, 0, 0, 0, 0, 0, 0, 0, 0, 0, 0, 0, 0, 0, 0, 0, 0, 0, 0, 0, 0, 0, 0, 
0, 0, 0, 0, 0, 0, 0, 0, 0, 0, 0, 0, 0, 0, 0, 0, 0, 0, 0, 0, 0, 0, 0, 0, 0, 0, 0, 0, 0, 0, 0, 0, 0, 0, 0, 0, 0, 0, 0, 0, 0, 0, 0, 0, 0, 0, 0, 0, 0, 0, 0, 0, 0, 0, 0, 0, 0, 0, 0, 0, 0, 0, 0, 0, 0, 0, 0, 0, 0, 0, 0, 0, 0, 0, 0, 0, 0, 0, 0, 0, 0, 0, 0, 0, 0, 0, 0, 0, 0, 0, 0, 0, 0, 0, 0, 0, 0, 0, 0, 0, 0, 0, 0, 0, 0, 0, 0, 0, 0, 0, 0, 0, 0, 0, 0, 0, 0, 0, 0, 0, 0, 0, 0, 0, 0, 0, 0, 0, 0, 0, 0, 0, 0, 0, 0, 0, 0, 0, 0, 0, 0, 0, 0, 0, 0, 0, 0, 0, 0, 0, 0, 0, 0, 0, 0, 0, 0, 0, 0, 0, 0, 0, 0, 0, 0, 0, 0, 0, 0, 0, 0, 0, 0, 0, 0, 0, 0, 0, 0, 0, 0, 0, 0, 0, 0, 0, 0, 0, 0, 0, 0, 0, 0, 0, 0, 0, 0, 0, 0, 0, 0, 0, 0, 0, 0, 0, 0, 0, 0, 0, 0, 0, 0, 0, 0, 0, 0, 0, 0, 0, 0, 0, 0, 0, 0, 0, 0, 0, 0, 0, 0, 0, 0, 0, 0, 0, 0, 0, 0, 0, 0, 0, 0, 0, 0, 0, 0, 0, 0, 0, 0, 0, 0, 0, 0, 0, 0, 0, 0, 0, 0, 0, 0, 0, 0, 0, 0, 0, 0, 0, 0, 0, 0, 0, 0, 0, 0, 0, 0, 0, 0, 0, 0, 0, 0, 0, 0, 0, 0, 0, 0, 0, 0, 0, 0, 0, 0, 0, 0, 0, 0, 0, 0, 0, 0, 0, 0, 0, 0, 0, 0, 0, 0, 0, 0, 0, 0, 0, 0, 0, 0, 0, 0, 0, 0, 0, 0, 0, 0, 0, 0, 0, 0, 0, 0, 0, 0, 0, 0, 0, 0, 0, 0, 0, 0, 0, 0, 0, 0, 0, 0, 0, 0, 0, 0, 0, 0, 0, 0, 0, 0, 0, 0, 0, 0, 0, 0, 0, 0, 0, 0, 0, 0, 0, 0, 0, 0, 0, 0, 0, 0, 0, 0, 0, 0, 0, 0, 0, 0, 0, 0, 0, 0, 0, 0, 0, 0, 0, 0, 0, 0, 0, 0, 0, 0, 0, 0, 0, 0, 0, 0, 0, 0, 0, 0, 0, 0, 0, 0, 0, 0, 0, 0, 0, 0, 0, 0, 0, 0, 0, 0, 0, 0, 0, 0, 0, 0, 0, 0, 0, 0, 0, 0, 0, 0, 0, 0, 0, 0, 0, 0, 0, 0, 0, 0, 0, 0, 0, 0, 0, 0, 0, 0, 0, 0, 0, 0, 0, 0, 0, 0, 0, 0, 0, 0, 0, 0, 0, 0, 0, 
0, 0, 0, 0, 0, 0, 0, 0, 0, 0, 0, 0, 0, 0, 0, 0, 0, 0, 0, 0, 0, 0, 0, 0, 0, 0, 0, 0, 0, 0, 0, 0, 0, 0, 0, 0, 0, 0, 0, 0, 0, 0, 0, 0, 0, 0, 0, 0, 0, 0, 0, 0, 0, 0, 0, 0, 0, 0, 0, 0, 0, 0, 0, 0, 0, 0, 0, 0, 0, 0, 0, 0, 0, 0, 0, 0, 0, 0, 0, 0, 0, 0, 0, 0, 0, 0, 0, 0, 0, 0, 0, 0, 0, 0, 0, 0, 0, 0, 0, 0, 0, 0, 0, 0, 0, 0, 0, 0, 0, 0, 0, 0, 0, 0, 0, 0, 0, 0, 0, 0, 0, 0, 0, 0, 0, 0, 0, 0, 0, 0, 0, 0, 0, 0, 0, 0, 0, 0, 0, 0, 0, 0, 0, 0, 0, 0, 0, 0, 0, 0, 0, 0, 0, 0, 0, 0, 0, 0, 0, 0, 0, 0, 0, 0, 0, 0, 0, 0, 0, 0, 0, 0, 0, 0, 0, 0, 0, 0, 0, 0, 0, 0, 0, 0, 0, 0, 0, 0, 0, 0, 0, 0, 0, 0, 0, 0, 0, 0, 0, 0, 0, 0, 0, 0, 0, 0, 0, 0, 0, 0, 0, 0, 0, 0, 0, 0, 0, 0, 0, 0, 0, 0, 0, 0, 0, 0, 0, 0, 0, 0, 0, 0, 0, 0, 0, 0, 0, 0, 0, 0, 0, 0, 0, 0, 0, 0, 0, 0, 0, 0, 0, 0, 0, 0, 0, 0, 0, 0, 0, 0, 0, 0, 0, 0, 0, 0, 0, 0, 0, 0, 0, 0, 0, 0, 0, 0, 0, 0, 0, 0, 0, 0, 0, 0, 0, 0, 0, 0, 0, 0, 0, 0, 0, 0, 0, 0, 0, 0, 0, 0, 0, 0, 0, 0, 0, 0, 0, 0, 0, 0, 0, 0, 0, 0, 0, 0, 0, 0, 0, 0, 0, 0, 0, 0, 0, 0, 0, 0, 0, 0, 0, 0, 0, 0, 0, 0, 0, 0, 0, 0, 0, 0, 0, 0, 0, 0, 0, 0, 0, 0, 0, 0, 0, 0, 0, 0, 0, 0, 0, 0, 0, 0, 0, 0, 0, 0, 0, 0, 0, 0, 0, 0, 0, 0, 0, 0, 0, 0, 0, 0, 0, 0, 0, 0, 0, 0, 0, 0, 0, 0, 0, 0, 0, 0, 0, 0, 0, 0, 0, 0, 0, 0, 0, 0, 0, 0, 0, 0, 0, 0, 0, 0, 0, 0, 0, 0, 0, 0, 0, 0, 0, 0, 0, 0, 0, 0, 0, 0, 0, 0, 0, 0, 0, 0, 0, 0, 0, 0, 0, 0, 0, 0, 0, 0, 0, 0, 0, 0, 0, 0, 0, 0, 0, 0, 0, 0, 0, 0, 0, 0, 0, 0, 0, 0, 0, 0, 0, 0, 0, 0, 0, 0, 0, 0, 0, 0, 0, 0, 0, 0, 
0, 0, 0, 0, 0, 0, 0, 0, 0, 0, 0, 0, 0, 0, 0, 0, 0, 0, 0, 0, 0, 0, 0, 0, 0, 0, 0, 0, 0, 0, 0, 0, 0, 0, 0, 0, 0, 0, 0, 0, 0, 0, 0, 0, 0, 0, 0, 0, 0, 0, 0, 0, 0, 0, 0, 0, 0, 0, 0, 0, 0, 0, 0, 0, 0, 0, 0, 0, 0, 0, 0, 0, 0, 0, 0, 0, 0, 0, 0, 0, 0, 0, 0, 0, 0, 0, 0, 0, 0, 0, 0, 0, 0, 0, 0, 0, 0, 0, 0, 0, 0, 0, 0, 0, 0, 0, 0, 0, 0, 0, 0, 0, 0, 0, 0, 0, 0, 0, 0, 0, 0, 0, 0, 0, 0, 0, 0, 0, 0, 0, 0, 0, 0, 0, 0, 0, 0, 0, 0, 0, 0, 0, 0, 0, 0, 0, 0, 0, 0, 0, 0, 0, 0, 0, 0, 0, 0, 0, 0, 0, 0, 0, 0, 0, 0, 0, 0, 0, 0, 0, 0, 0, 0, 0, 0, 0, 0, 0, 0, 0, 0, 0, 0, 0, 0, 0, 0, 0, 0, 0, 0, 0, 0, 0, 0, 0, 0, 0, 0, 0, 0, 0, 0, 0, 0, 0, 0, 0, 0, 0, 0, 0, 0, 0, 0, 0, 0, 0, 0, 0, 0, 0, 0, 0, 0, 0, 0, 0, 0, 0, 0, 0, 0, 0, 0, 0, 0, 0, 0, 0, 0, 0, 0, 0, 0, 0, 0, 0, 0, 0, 0, 0, 0, 0, 0, 0, 0, 0, 0, 0, 0, 0, 0, 0, 0, 0, 0, 0, 0, 0, 0, 0, 0, 0, 0, 0, 0, 0, 0, 0, 0, 0, 0, 0, 0, 0, 0, 0, 0, 0, 0, 0, 0, 0, 0, 0, 0, 0, 0, 0, 0, 0, 0, 0, 0, 0, 0, 0, 0, 0, 0, 0, 0, 0, 0, 0, 0, 0, 0, 0, 0, 0, 0, 0, 0, 0, 0, 0, 0, 0, 0, 0, 0, 0, 0, 0, 0, 0, 0, 0, 0, 0, 0, 0, 0, 0, 0, 0, 0, 0, 0, 0, 0, 0, 0, 0, 0, 0, 0, 0, 0, 0, 0, 0, 0, 0, 0, 0, 0, 0, 0, 0, 0, 0, 0, 0, 0, 0, 0, 0, 0, 0, 0, 0, 0, 0, 0, 0, 0, 0, 0, 0, 0, 0, 0, 0, 0, 0, 0, 0, 0, 0, 0, 0, 0, 0, 0, 0, 0, 0, 0, 0, 0, 0, 0, 0, 0, 0, 0, 0, 0, 0, 0, 0, 0, 0, 0, 0, 0, 0, 0, 0, 0, 0, 0, 0, 0, 0, 0, 0, 0, 0, 0, 0, 0, 0, 0, 0, 0, 0, 0, 4.863, 4.863, 4.798, 4.798, 4.798, 4.798, 4.798, 4.798, 4.798, 4.798, 4.798, 4.798, 4.798, 4.798, 4.798, 4.798, 4.798, 4.798, 4.798, 4.798, 4.798, 4.798, 4.798, 4.798, 4.798, 4.798, 4.798, 4.798, 0, 
0, 0, 0, 0, 0, 0, 0, 0, 0, 0, 0, 0, 0, 0, 0, 0, 0, 0, 0, 0, 0, 0, 0, 0, 0, 0, 0, 0, 0, 0, 0, 0, 0, 0, 0, 0, 0, 0, 0, 0, 0, 0, 0, 0, 0, 0, 0, 0, 0, 0, 0, 0, 0, 0, 0, 0, 0, 0, 0, 0, 0, 0, 0, 0, 0, 0, 0, 0, 0, 0, 0, 0, 0, 0, 0, 0, 0, 0, 0, 0, 0, 0, 0, 0, 0, 0, 0, 0, 0, 0, 0, 0, 0, 0, 0, 0, 0, 0, 0, 0, 0, 0, 0, 0, 0, 0, 0, 0, 0, 0, 0, 0, 0, 0, 0, 0, 0, 0, 0, 0, 0, 0, 0, 0, 0, 0, 0, 0, 0, 0, 0, 0, 0, 0, 0, 0, 0, 0, 0, 0, 0, 0, 0, 0, 0, 0, 0, 0, 0, 0, 0, 0, 0, 0, 0, 0, 0, 0, 0, 0, 0, 0, 0, 0, 0, 0, 0, 0, 0, 0, 0, 0, 0, 0, 0, 0, 0, 0, 0, 0, 0, 0, 0, 0, 0, 0, 0, 0, 0, 0, 0, 0, 0, 0, 0, 0, 0, 0, 0, 0, 0, 0, 0, 0, 0, 0, 0, 0, 0, 0, 0, 0, 0, 0, 0, 0, 0, 0, 0, 0, 0, 0, 0, 0, 0, 0, 0, 0, 0, 0, 0, 0, 0, 0, 0, 0, 0, 0, 0, 0, 0, 0, 0, 0, 0, 0, 0, 0, 0, 0, 0, 0, 0, 0, 0, 0, 0, 0, 0, 0, 0, 0, 0, 0, 0, 0, 0, 0, 0, 0, 0, 0, 0, 0, 0, 0, 0, 0, 0, 0, 0, 0, 0, 0, 0, 0, 0, 0, 0, 0, 0, 0, 0, 0, 0, 0, 0, 0, 0, 0, 0, 0, 0, 0, 0, 0, 0, 0, 0, 0, 0, 0, 0, 0, 0, 0, 0, 0, 0, 0, 0, 0, 0, 0, 0, 0, 0, 0, 0, 0, 0, 0, 0, 0, 0, 0, 0, 0, 0, 0, 0, 0, 0, 0, 0, 0, 0, 0, 0, 0, 0, 0, 0, 0, 0, 0, 0, 0, 0, 0, 0, 0, 0, 0, 0, 0, 0, 0, 0, 0, 0, 0, 0, 0, 0, 0, 0, 0, 0, 0, 0, 0, 0, 0, 0, 0, 0, 0, 0, 0, 0, 0, 0, 0, 0, 0, 0, 0, 0, 0, 0, 0, 0, 0, 0, 0, 0, 0, 0, 0, 0, 0, 0, 0, 0, 0, 0, 0, 0, 0, 0, 0, 0, 0, 0, 0, 0, 0, 0, 0, 0, 0, 0, 0, 0, 0, 0, 0, 0, 0, 0, 0, 0, 0, 0, 0, 0, 0, 0, 0, 0, 4.863, 4.863, 4.798, 4.755, 4.755, 4.798, 4.798, 4.798, 4.798, 4.798, 4.798, 4.798, 4.798, 4.798, 4.798, 4.798, 4.798, 4.798, 4.798, 4.798, 4.798, 4.798, 4.798, 4.798, 4.798, 4.798, 4.798, 4.798, 0, 
0, 0, 0, 0, 0, 0, 0, 0, 0, 0, 0, 0, 0, 0, 0, 0, 0, 0, 0, 0, 0, 0, 0, 0, 0, 0, 0, 0, 0, 0, 0, 0, 0, 0, 0, 0, 0, 0, 0, 0, 0, 0, 0, 0, 0, 0, 0, 0, 0, 0, 0, 0, 0, 0, 0, 0, 0, 0, 0, 0, 0, 0, 0, 0, 0, 0, 0, 0, 0, 0, 0, 0, 0, 0, 0, 0, 0, 0, 0, 0, 0, 0, 0, 0, 0, 0, 0, 0, 0, 0, 0, 0, 0, 0, 0, 0, 0, 0, 0, 0, 0, 0, 0, 0, 0, 0, 0, 0, 0, 0, 0, 0, 0, 0, 0, 0, 0, 0, 0, 0, 0, 0, 0, 0, 0, 0, 0, 0, 0, 0, 0, 0, 0, 0, 0, 0, 0, 0, 0, 0, 0, 0, 0, 0, 0, 0, 0, 0, 0, 0, 0, 0, 0, 0, 0, 0, 0, 0, 0, 0, 0, 0, 0, 0, 0, 0, 0, 0, 0, 0, 0, 0, 0, 0, 0, 0, 0, 0, 0, 0, 0, 0, 0, 0, 0, 0, 0, 0, 0, 0, 0, 0, 0, 0, 0, 0, 0, 0, 0, 0, 0, 0, 0, 0, 0, 0, 0, 0, 0, 0, 0, 0, 0, 0, 0, 0, 0, 0, 0, 0, 0, 0, 0, 0, 0, 0, 0, 0, 0, 0, 0, 0, 0, 0, 0, 0, 0, 0, 0, 0, 0, 0, 0, 0, 0, 0, 0, 0, 0, 0, 0, 0, 0, 0, 0, 0, 0, 0, 0, 0, 0, 0, 0, 0, 0, 0, 0, 0, 0, 0, 0, 0, 0, 0, 0, 0, 0, 0, 0, 0, 0, 0, 0, 0, 0, 0, 0, 0, 0, 0, 0, 0, 0, 0, 0, 0, 0, 0, 0, 0, 0, 0, 0, 0, 0, 0, 0, 0, 0, 0, 0, 0, 0, 0, 0, 0, 0, 0, 0, 0, 0, 0, 0, 0, 0, 0, 0, 0, 0, 0, 0, 0, 0, 0, 0, 0, 0, 0, 0, 0, 0, 0, 0, 0, 0, 0, 0, 0, 0, 0, 0, 0, 0, 0, 0, 0, 0, 0, 0, 0, 0, 0, 0, 0, 0, 0, 0, 0, 0, 0, 0, 0, 0, 0, 0, 0, 0, 0, 0, 0, 0, 0, 0, 0, 0, 0, 0, 0, 0, 0, 0, 0, 0, 0, 0, 0, 0, 0, 0, 0, 0, 0, 0, 0, 0, 0, 0, 0, 0, 0, 0, 0, 0, 0, 0, 0, 0, 0, 0, 0, 0, 0, 0, 0, 0, 0, 0, 0, 0, 0, 0, 0, 0, 0, 0, 0, 0, 0, 0, 0, 0, 0, 0, 0, 0, 0, 0, 0, 0, 0, 4.777, 4.777, 4.708, 4.672, 4.632, 4.592, 4.592, 4.798, 4.798, 4.798, 4.798, 4.798, 4.798, 4.798, 4.798, 4.798, 4.798, 4.798, 4.571, 4.569, 4.612, 4.632, 4.798, 4.798, 4.798, 4.798, 4.798, 4.798, 4.798, 0, 
0, 0, 0, 0, 0, 0, 0, 0, 0, 0, 0, 0, 0, 0, 0, 0, 0, 0, 0, 0, 0, 0, 0, 0, 0, 0, 0, 0, 0, 0, 0, 0, 0, 0, 0, 0, 0, 0, 0, 0, 0, 0, 0, 0, 0, 0, 0, 0, 0, 0, 0, 0, 0, 0, 0, 0, 0, 0, 0, 0, 0, 0, 0, 0, 0, 0, 0, 0, 0, 0, 0, 0, 0, 0, 0, 0, 0, 0, 0, 0, 0, 0, 0, 0, 0, 0, 0, 0, 0, 0, 0, 0, 0, 0, 0, 0, 0, 0, 0, 0, 0, 0, 0, 0, 0, 0, 0, 0, 0, 0, 0, 0, 0, 0, 0, 0, 0, 0, 0, 0, 0, 0, 0, 0, 0, 0, 0, 0, 0, 0, 0, 0, 0, 0, 0, 0, 0, 0, 0, 0, 0, 0, 0, 0, 0, 0, 0, 0, 0, 0, 0, 0, 0, 0, 0, 0, 0, 0, 0, 0, 0, 0, 0, 0, 0, 0, 0, 0, 0, 0, 0, 0, 0, 0, 0, 0, 0, 0, 0, 0, 0, 0, 0, 0, 0, 0, 0, 0, 0, 0, 0, 0, 0, 0, 0, 0, 0, 0, 0, 0, 0, 0, 0, 0, 0, 0, 0, 0, 0, 0, 0, 0, 0, 0, 0, 0, 0, 0, 0, 0, 0, 0, 0, 0, 0, 0, 0, 0, 0, 0, 0, 0, 0, 0, 0, 0, 0, 0, 0, 0, 0, 0, 0, 0, 0, 0, 0, 0, 0, 0, 0, 0, 0, 0, 0, 0, 0, 0, 0, 0, 0, 0, 0, 0, 0, 0, 0, 0, 0, 0, 0, 0, 0, 0, 0, 0, 0, 0, 0, 0, 0, 0, 0, 0, 0, 0, 0, 0, 0, 0, 0, 0, 0, 0, 0, 0, 0, 0, 0, 0, 0, 0, 0, 0, 0, 0, 0, 0, 0, 0, 0, 0, 0, 0, 0, 0, 0, 0, 0, 0, 0, 0, 0, 0, 0, 0, 0, 0, 0, 0, 0, 0, 0, 0, 0, 0, 0, 0, 0, 0, 0, 0, 0, 0, 0, 0, 0, 0, 0, 0, 0, 0, 0, 0, 0, 0, 0, 0, 0, 0, 0, 0, 0, 0, 0, 0, 0, 0, 0, 0, 0, 0, 0, 0, 0, 0, 0, 0, 0, 0, 0, 0, 0, 0, 0, 0, 0, 0, 0, 0, 0, 0, 0, 0, 0, 0, 0, 0, 0, 0, 0, 0, 0, 0, 0, 0, 0, 0, 0, 0, 0, 0, 0, 0, 0, 0, 0, 0, 0, 0, 0, 0, 0, 0, 0, 0, 0, 0, 0, 0, 0, 0, 0, 0, 0, 0, 0, 0, 0, 0, 0, 0, 0, 0, 4.734, 4.734, 4.734, 4.734, 4.755, 4.755, 4.734, 4.705, 4.702, 4.632, 4.592, 4.572, 4.515, 4.477, 4.458, 4.458, 4.798, 4.798, 4.798, 4.798, 4.453, 4.454, 4.477, 4.496, 4.515, 4.563, 4.567, 4.592, 4.632, 4.652, 4.698, 4.706, 4.734, 4.798, 4.798, 0, 
0, 0, 0, 0, 0, 0, 0, 0, 0, 0, 0, 0, 0, 0, 0, 0, 0, 0, 0, 0, 0, 0, 0, 0, 0, 0, 0, 0, 0, 0, 0, 0, 0, 0, 0, 0, 0, 0, 0, 0, 0, 0, 0, 0, 0, 0, 0, 0, 0, 0, 0, 0, 0, 0, 0, 0, 0, 0, 0, 0, 0, 0, 0, 0, 0, 0, 0, 0, 0, 0, 0, 0, 0, 0, 0, 0, 0, 0, 0, 0, 0, 0, 0, 0, 0, 0, 0, 0, 0, 0, 0, 0, 0, 0, 0, 0, 0, 0, 0, 0, 0, 0, 0, 0, 0, 0, 0, 0, 0, 0, 0, 0, 0, 0, 0, 0, 0, 0, 0, 0, 0, 0, 0, 0, 0, 0, 0, 0, 0, 0, 0, 0, 0, 0, 0, 0, 0, 0, 0, 0, 0, 0, 0, 0, 0, 0, 0, 0, 0, 0, 0, 0, 0, 0, 0, 0, 0, 0, 0, 0, 0, 0, 0, 0, 0, 0, 0, 0, 0, 0, 0, 0, 0, 0, 0, 0, 0, 0, 0, 0, 0, 0, 0, 0, 0, 0, 0, 0, 0, 0, 0, 0, 0, 0, 0, 0, 0, 0, 0, 0, 0, 0, 0, 0, 0, 0, 0, 0, 0, 0, 0, 0, 0, 0, 0, 0, 0, 0, 0, 0, 0, 0, 0, 0, 0, 0, 0, 0, 0, 0, 0, 0, 0, 0, 0, 0, 0, 0, 0, 0, 0, 0, 0, 0, 0, 0, 0, 0, 0, 0, 0, 0, 0, 0, 0, 0, 0, 0, 0, 0, 0, 0, 0, 0, 0, 0, 0, 0, 0, 0, 0, 0, 0, 0, 0, 0, 0, 0, 0, 0, 0, 0, 0, 0, 0, 0, 0, 0, 0, 0, 0, 0, 0, 0, 0, 0, 0, 0, 0, 0, 0, 0, 0, 0, 0, 0, 0, 0, 0, 0, 0, 0, 0, 0, 0, 0, 0, 0, 0, 0, 0, 0, 0, 0, 0, 0, 0, 0, 0, 0, 0, 0, 0, 0, 0, 0, 0, 0, 0, 0, 0, 0, 0, 0, 0, 0, 0, 0, 0, 0, 0, 0, 0, 0, 0, 0, 0, 0, 0, 0, 0, 0, 0, 0, 0, 0, 0, 0, 0, 0, 0, 0, 0, 0, 0, 0, 0, 0, 0, 0, 0, 0, 0, 0, 0, 0, 0, 0, 0, 0, 0, 0, 0, 0, 0, 0, 0, 0, 0, 0, 0, 0, 0, 0, 0, 0, 0, 0, 0, 0, 0, 0, 0, 0, 0, 0, 0, 0, 0, 0, 0, 0, 0, 0, 0, 0, 0, 0, 0, 0, 0, 0, 0, 0, 0, 0, 0, 0, 0, 0, 0, 0, 0, 0, 4.734, 4.694, 4.697, 4.703, 4.705, 4.704, 4.698, 4.699, 4.652, 4.592, 4.544, 4.539, 4.477, 4.44, 4.42, 4.418, 4.42, 4.798, 4.798, 4.798, 4.447, 4.448, 4.451, 4.477, 4.496, 4.515, 4.54, 4.549, 4.56, 4.612, 4.632, 4.658, 4.667, 4.67, 4.798, 0, 
0, 0, 0, 0, 0, 0, 0, 0, 0, 0, 0, 0, 0, 0, 0, 0, 0, 0, 0, 0, 0, 0, 0, 0, 0, 0, 0, 0, 0, 0, 0, 0, 0, 0, 0, 0, 0, 0, 0, 0, 0, 0, 0, 0, 0, 0, 0, 0, 0, 0, 0, 0, 0, 0, 0, 0, 0, 0, 0, 0, 0, 0, 0, 0, 0, 0, 0, 0, 0, 0, 0, 0, 0, 0, 0, 0, 0, 0, 0, 0, 0, 0, 0, 0, 0, 0, 0, 0, 0, 0, 0, 0, 0, 0, 0, 0, 0, 0, 0, 0, 0, 0, 0, 0, 0, 0, 0, 0, 0, 0, 0, 0, 0, 0, 0, 0, 0, 0, 0, 0, 0, 0, 0, 0, 0, 0, 0, 0, 0, 0, 0, 0, 0, 0, 0, 0, 0, 0, 0, 0, 0, 0, 0, 0, 0, 0, 0, 0, 0, 0, 0, 0, 0, 0, 0, 0, 0, 0, 0, 0, 0, 0, 0, 0, 0, 0, 0, 0, 0, 0, 0, 0, 0, 0, 0, 0, 0, 0, 0, 0, 0, 0, 0, 0, 0, 0, 0, 0, 0, 0, 0, 0, 0, 0, 0, 0, 0, 0, 0, 0, 0, 0, 0, 0, 0, 0, 0, 0, 0, 0, 0, 0, 0, 0, 0, 0, 0, 0, 0, 0, 0, 0, 0, 0, 0, 0, 0, 0, 0, 0, 0, 0, 0, 0, 0, 0, 0, 0, 0, 0, 0, 0, 0, 0, 0, 0, 0, 0, 0, 0, 0, 0, 0, 0, 0, 0, 0, 0, 0, 0, 0, 0, 0, 0, 0, 0, 0, 0, 0, 0, 0, 0, 0, 0, 0, 0, 0, 0, 0, 0, 0, 0, 0, 0, 0, 0, 0, 0, 0, 0, 0, 0, 0, 0, 0, 0, 0, 0, 0, 0, 0, 0, 0, 0, 0, 0, 0, 0, 0, 0, 0, 0, 0, 0, 0, 0, 0, 0, 0, 0, 0, 0, 0, 0, 0, 0, 0, 0, 0, 0, 0, 0, 0, 0, 0, 0, 0, 0, 0, 0, 0, 0, 0, 0, 0, 0, 0, 0, 0, 0, 0, 0, 0, 0, 0, 0, 0, 0, 0, 0, 0, 0, 0, 0, 0, 0, 0, 0, 0, 0, 0, 0, 0, 0, 0, 0, 0, 0, 0, 0, 0, 0, 0, 0, 0, 0, 0, 0, 0, 0, 0, 0, 0, 0, 0, 0, 0, 0, 0, 0, 0, 0, 0, 0, 0, 0, 0, 0, 0, 0, 0, 0, 0, 0, 0, 0, 0, 0, 0, 0, 0, 0, 0, 0, 0, 0, 0, 0, 0, 0, 0, 0, 0, 0, 0, 0, 0, 0, 0, 0, 0, 0, 0, 0, 4.734, 4.672, 4.672, 4.698, 4.698, 4.699, 4.663, 4.657, 4.632, 4.572, 4.54, 4.515, 4.477, 4.44, 4.417, 4.412, 4.385, 4.385, 4.403, 4.404, 4.407, 4.414, 4.448, 4.451, 4.477, 4.496, 4.515, 4.546, 4.557, 4.565, 4.592, 4.612, 4.632, 4.632, 4.798, 0, 
0, 0, 0, 0, 0, 0, 0, 0, 0, 0, 0, 0, 0, 0, 0, 0, 0, 0, 0, 0, 0, 0, 0, 0, 0, 0, 0, 0, 0, 0, 0, 0, 0, 0, 0, 0, 0, 0, 0, 0, 0, 0, 0, 0, 0, 0, 0, 0, 0, 0, 0, 0, 0, 0, 0, 0, 0, 0, 0, 0, 0, 0, 0, 0, 0, 0, 0, 0, 0, 0, 0, 0, 0, 0, 0, 0, 0, 0, 0, 0, 0, 0, 0, 0, 0, 0, 0, 0, 0, 0, 0, 0, 0, 0, 0, 0, 0, 0, 0, 0, 0, 0, 0, 0, 0, 0, 0, 0, 0, 0, 0, 0, 0, 0, 0, 0, 0, 0, 0, 0, 0, 0, 0, 0, 0, 0, 0, 0, 0, 0, 0, 0, 0, 0, 0, 0, 0, 0, 0, 0, 0, 0, 0, 0, 0, 0, 0, 0, 0, 0, 0, 0, 0, 0, 0, 0, 0, 0, 0, 0, 0, 0, 0, 0, 0, 0, 0, 0, 0, 0, 0, 0, 0, 0, 0, 0, 0, 0, 0, 0, 0, 0, 0, 0, 0, 0, 0, 0, 0, 0, 0, 0, 0, 0, 0, 0, 0, 0, 0, 0, 0, 0, 0, 0, 0, 0, 0, 0, 0, 0, 0, 0, 0, 0, 0, 0, 0, 0, 0, 0, 0, 0, 0, 0, 0, 0, 0, 0, 0, 0, 0, 0, 0, 0, 0, 0, 0, 0, 0, 0, 0, 0, 0, 0, 0, 0, 0, 0, 0, 0, 0, 0, 0, 0, 0, 0, 0, 0, 0, 0, 0, 0, 0, 0, 0, 0, 0, 0, 0, 0, 0, 0, 0, 0, 0, 0, 0, 0, 0, 0, 0, 0, 0, 0, 0, 0, 0, 0, 0, 0, 0, 0, 0, 0, 0, 0, 0, 0, 0, 0, 0, 0, 0, 0, 0, 0, 0, 0, 0, 0, 0, 0, 0, 0, 0, 0, 0, 0, 0, 0, 0, 0, 0, 0, 0, 0, 0, 0, 0, 0, 0, 0, 0, 0, 0, 0, 0, 0, 0, 0, 0, 0, 0, 0, 0, 0, 0, 0, 0, 0, 0, 0, 0, 0, 0, 0, 0, 0, 0, 0, 0, 0, 0, 0, 0, 0, 0, 0, 0, 0, 0, 0, 0, 0, 0, 0, 0, 0, 0, 0, 0, 0, 0, 0, 0, 0, 0, 0, 0, 0, 0, 0, 0, 0, 0, 0, 0, 0, 0, 0, 0, 0, 0, 0, 0, 0, 0, 0, 0, 0, 0, 0, 0, 0, 0, 0, 0, 0, 0, 0, 0, 0, 0, 0, 0, 0, 0, 0, 0, 0, 0, 0, 0, 0, 0, 0, 0, 0, 0, 0, 0, 0, 0, 0, 4.734, 4.671, 4.671, 4.694, 4.695, 4.665, 4.661, 4.632, 4.567, 4.534, 4.496, 4.477, 4.44, 4.415, 4.413, 4.408, 4.385, 4.385, 4.403, 4.404, 4.406, 4.413, 4.415, 4.449, 4.454, 4.454, 4.477, 4.496, 4.515, 4.534, 4.572, 4.592, 4.592, 4.592, 4.592, 0, 
0, 0, 0, 0, 0, 0, 0, 0, 0, 0, 0, 0, 0, 0, 0, 0, 0, 0, 0, 0, 0, 0, 0, 0, 0, 0, 0, 0, 0, 0, 0, 0, 0, 0, 0, 0, 0, 0, 0, 0, 0, 0, 0, 0, 0, 0, 0, 0, 0, 0, 0, 0, 0, 0, 0, 0, 0, 0, 0, 0, 0, 0, 0, 0, 0, 0, 0, 0, 0, 0, 0, 0, 0, 0, 0, 0, 0, 0, 0, 0, 0, 0, 0, 0, 0, 0, 0, 0, 0, 0, 0, 0, 0, 0, 0, 0, 0, 0, 0, 0, 0, 0, 0, 0, 0, 0, 0, 0, 0, 0, 0, 0, 0, 0, 0, 0, 0, 0, 0, 0, 0, 0, 0, 0, 0, 0, 0, 0, 0, 0, 0, 0, 0, 0, 0, 0, 0, 0, 0, 0, 0, 0, 0, 0, 0, 0, 0, 0, 0, 0, 0, 0, 0, 0, 0, 0, 0, 0, 0, 0, 0, 0, 0, 0, 0, 0, 0, 0, 0, 0, 0, 0, 0, 0, 0, 0, 0, 0, 0, 0, 0, 0, 0, 0, 0, 0, 0, 0, 0, 0, 0, 0, 0, 0, 0, 0, 0, 0, 0, 0, 0, 0, 0, 0, 0, 0, 0, 0, 0, 0, 0, 0, 0, 0, 0, 0, 0, 0, 0, 0, 0, 0, 0, 0, 0, 0, 0, 0, 0, 0, 0, 0, 0, 0, 0, 0, 0, 0, 0, 0, 0, 0, 0, 0, 0, 0, 0, 0, 0, 0, 0, 0, 0, 0, 0, 0, 0, 0, 0, 0, 0, 0, 0, 0, 0, 0, 0, 0, 0, 0, 0, 0, 0, 0, 0, 0, 0, 0, 0, 0, 0, 0, 0, 0, 0, 0, 0, 0, 0, 0, 0, 0, 0, 0, 0, 0, 0, 0, 0, 0, 0, 0, 0, 0, 0, 0, 0, 0, 0, 0, 0, 0, 0, 0, 0, 0, 0, 0, 0, 0, 0, 0, 0, 0, 0, 0, 0, 0, 0, 0, 0, 0, 0, 0, 0, 0, 0, 0, 0, 0, 0, 0, 0, 0, 0, 0, 0, 0, 0, 0, 0, 0, 0, 0, 0, 0, 0, 0, 0, 0, 0, 0, 0, 0, 0, 0, 0, 0, 0, 0, 0, 0, 0, 0, 0, 0, 0, 0, 0, 0, 0, 0, 0, 0, 0, 0, 0, 0, 0, 0, 0, 0, 0, 0, 0, 0, 0, 0, 0, 0, 0, 0, 0, 0, 0, 0, 0, 0, 0, 0, 0, 0, 0, 0, 0, 0, 0, 0, 0, 0, 0, 0, 0, 0, 0, 0, 0, 0, 0, 0, 0, 0, 0, 0, 0, 0, 0, 0, 0, 0, 0, 0, 0, 0, 4.734, 4.667, 4.667, 4.693, 4.664, 4.661, 4.632, 4.592, 4.559, 4.496, 4.45, 4.444, 4.416, 4.41, 4.407, 4.405, 4.403, 4.403, 4.403, 4.403, 4.404, 4.407, 4.409, 4.414, 4.415, 4.449, 4.454, 4.477, 4.496, 4.515, 4.541, 4.553, 4.566, 4.57, 4.571, 0, 
0, 0, 0, 0, 0, 0, 0, 0, 0, 0, 0, 0, 0, 0, 0, 0, 0, 0, 0, 0, 0, 0, 0, 0, 0, 0, 0, 0, 0, 0, 0, 0, 0, 0, 0, 0, 0, 0, 0, 0, 0, 0, 0, 0, 0, 0, 0, 0, 0, 0, 0, 0, 0, 0, 0, 0, 0, 0, 0, 0, 0, 0, 0, 0, 0, 0, 0, 0, 0, 0, 0, 0, 0, 0, 0, 0, 0, 0, 0, 0, 0, 0, 0, 0, 0, 0, 0, 0, 0, 0, 0, 0, 0, 0, 0, 0, 0, 0, 0, 0, 0, 0, 0, 0, 0, 0, 0, 0, 0, 0, 0, 0, 0, 0, 0, 0, 0, 0, 0, 0, 0, 0, 0, 0, 0, 0, 0, 0, 0, 0, 0, 0, 0, 0, 0, 0, 0, 0, 0, 0, 0, 0, 0, 0, 0, 0, 0, 0, 0, 0, 0, 0, 0, 0, 0, 0, 0, 0, 0, 0, 0, 0, 0, 0, 0, 0, 0, 0, 0, 0, 0, 0, 0, 0, 0, 0, 0, 0, 0, 0, 0, 0, 0, 0, 0, 0, 0, 0, 0, 0, 0, 0, 0, 0, 0, 0, 0, 0, 0, 0, 0, 0, 0, 0, 0, 0, 0, 0, 0, 0, 0, 0, 0, 0, 0, 0, 0, 0, 0, 0, 0, 0, 0, 0, 0, 0, 0, 0, 0, 0, 0, 0, 0, 0, 0, 0, 0, 0, 0, 0, 0, 0, 0, 0, 0, 0, 0, 0, 0, 0, 0, 0, 0, 0, 0, 0, 0, 0, 0, 0, 0, 0, 0, 0, 0, 0, 0, 0, 0, 0, 0, 0, 0, 0, 0, 0, 0, 0, 0, 0, 0, 0, 0, 0, 0, 0, 0, 0, 0, 0, 0, 0, 0, 0, 0, 0, 0, 0, 0, 0, 0, 0, 0, 0, 0, 0, 0, 0, 0, 0, 0, 0, 0, 0, 0, 0, 0, 0, 0, 0, 0, 0, 0, 0, 0, 0, 0, 0, 0, 0, 0, 0, 0, 0, 0, 0, 0, 0, 0, 0, 0, 0, 0, 0, 0, 0, 0, 0, 0, 0, 0, 0, 0, 0, 0, 0, 0, 0, 0, 0, 0, 0, 0, 0, 0, 0, 0, 0, 0, 0, 0, 0, 0, 0, 0, 0, 0, 0, 0, 0, 0, 0, 0, 0, 0, 0, 0, 0, 0, 0, 0, 0, 0, 0, 0, 0, 0, 0, 0, 0, 0, 0, 0, 0, 0, 0, 0, 0, 0, 0, 0, 0, 0, 0, 0, 0, 0, 0, 0, 0, 0, 0, 0, 0, 0, 0, 0, 0, 0, 0, 0, 0, 0, 0, 0, 0, 0, 0, 0, 0, 0, 0, 0, 0, 4.734, 4.658, 4.658, 4.655, 4.657, 4.612, 4.592, 4.553, 4.515, 4.477, 4.444, 4.442, 4.414, 4.408, 4.405, 4.404, 4.403, 4.403, 4.403, 4.403, 4.404, 4.405, 4.406, 4.408, 4.408, 4.409, 4.415, 4.445, 4.452, 4.477, 4.496, 4.515, 4.534, 4.534, 4.534, 0, 
0, 0, 0, 0, 0, 0, 0, 0, 0, 0, 0, 0, 0, 0, 0, 0, 0, 0, 0, 0, 0, 0, 0, 0, 0, 0, 0, 0, 0, 0, 0, 0, 0, 0, 0, 0, 0, 0, 0, 0, 0, 0, 0, 0, 0, 0, 0, 0, 0, 0, 0, 0, 0, 0, 0, 0, 0, 0, 0, 0, 0, 0, 0, 0, 0, 0, 0, 0, 0, 0, 0, 0, 0, 0, 0, 0, 0, 0, 0, 0, 0, 0, 0, 0, 0, 0, 0, 0, 0, 0, 0, 0, 0, 0, 0, 0, 0, 0, 0, 0, 0, 0, 0, 0, 0, 0, 0, 0, 0, 0, 0, 0, 0, 0, 0, 0, 0, 0, 0, 0, 0, 0, 0, 0, 0, 0, 0, 0, 0, 0, 0, 0, 0, 0, 0, 0, 0, 0, 0, 0, 0, 0, 0, 0, 0, 0, 0, 0, 0, 0, 0, 0, 0, 0, 0, 0, 0, 0, 0, 0, 0, 0, 0, 0, 0, 0, 0, 0, 0, 0, 0, 0, 0, 0, 0, 0, 0, 0, 0, 0, 0, 0, 0, 0, 0, 0, 0, 0, 0, 0, 0, 0, 0, 0, 0, 0, 0, 0, 0, 0, 0, 0, 0, 0, 0, 0, 0, 0, 0, 0, 0, 0, 0, 0, 0, 0, 0, 0, 0, 0, 0, 0, 0, 0, 0, 0, 0, 0, 0, 0, 0, 0, 0, 0, 0, 0, 0, 0, 0, 0, 0, 0, 0, 0, 0, 0, 0, 0, 0, 0, 0, 0, 0, 0, 0, 0, 0, 0, 0, 0, 0, 0, 0, 0, 0, 0, 0, 0, 0, 0, 0, 0, 0, 0, 0, 0, 0, 0, 0, 0, 0, 0, 0, 0, 0, 0, 0, 0, 0, 0, 0, 0, 0, 0, 0, 0, 0, 0, 0, 0, 0, 0, 0, 0, 0, 0, 0, 0, 0, 0, 0, 0, 0, 0, 0, 0, 0, 0, 0, 0, 0, 0, 0, 0, 0, 0, 0, 0, 0, 0, 0, 0, 0, 0, 0, 0, 0, 0, 0, 0, 0, 0, 0, 0, 0, 0, 0, 0, 0, 0, 0, 0, 0, 0, 0, 0, 0, 0, 0, 0, 0, 0, 0, 0, 0, 0, 0, 0, 0, 0, 0, 0, 0, 0, 0, 0, 0, 0, 0, 0, 0, 0, 0, 0, 0, 0, 0, 0, 0, 0, 0, 0, 0, 0, 0, 0, 0, 0, 0, 0, 0, 0, 0, 0, 0, 0, 0, 0, 0, 0, 0, 0, 0, 0, 0, 0, 0, 0, 0, 0, 0, 0, 0, 0, 0, 0, 0, 0, 0, 0, 0, 0, 0, 0, 0, 0, 0, 0, 0, 0, 0, 0, 0, 0, 4.734, 4.612, 4.612, 4.612, 4.612, 4.612, 4.592, 4.515, 4.477, 4.458, 4.416, 4.414, 4.411, 4.385, 4.385, 4.385, 4.403, 4.403, 4.403, 4.385, 4.385, 4.385, 4.367, 4.367, 4.367, 4.367, 4.385, 4.408, 4.415, 4.445, 4.452, 4.477, 4.496, 4.515, 4.515, 0, 
0, 0, 0, 0, 0, 0, 0, 0, 0, 0, 0, 0, 0, 0, 0, 0, 0, 0, 0, 0, 0, 0, 0, 0, 0, 0, 0, 0, 0, 0, 0, 0, 0, 0, 0, 0, 0, 0, 0, 0, 0, 0, 0, 0, 0, 0, 0, 0, 0, 0, 0, 0, 0, 0, 0, 0, 0, 0, 0, 0, 0, 0, 0, 0, 0, 0, 0, 0, 0, 0, 0, 0, 0, 0, 0, 0, 0, 0, 0, 0, 0, 0, 0, 0, 0, 0, 0, 0, 0, 0, 0, 0, 0, 0, 0, 0, 0, 0, 0, 0, 0, 0, 0, 0, 0, 0, 0, 0, 0, 0, 0, 0, 0, 0, 0, 0, 0, 0, 0, 0, 0, 0, 0, 0, 0, 0, 0, 0, 0, 0, 0, 0, 0, 0, 0, 0, 0, 0, 0, 0, 0, 0, 0, 0, 0, 0, 0, 0, 0, 0, 0, 0, 0, 0, 0, 0, 0, 0, 0, 0, 0, 0, 0, 0, 0, 0, 0, 0, 0, 0, 0, 0, 0, 0, 0, 0, 0, 0, 0, 0, 0, 0, 0, 0, 0, 0, 0, 0, 0, 0, 0, 0, 0, 0, 0, 0, 0, 0, 0, 0, 0, 0, 0, 0, 0, 0, 0, 0, 0, 0, 0, 0, 0, 0, 0, 0, 0, 0, 0, 0, 0, 0, 0, 0, 0, 0, 0, 0, 0, 0, 0, 0, 0, 0, 0, 0, 0, 0, 0, 0, 0, 0, 0, 0, 0, 0, 0, 0, 0, 0, 0, 0, 0, 0, 0, 0, 0, 0, 0, 0, 0, 0, 0, 0, 0, 0, 0, 0, 0, 0, 0, 0, 0, 0, 0, 0, 0, 0, 0, 0, 0, 0, 0, 0, 0, 0, 0, 0, 0, 0, 0, 0, 0, 0, 0, 0, 0, 0, 0, 0, 0, 0, 0, 0, 0, 0, 0, 0, 0, 0, 0, 0, 0, 0, 0, 0, 0, 0, 0, 0, 0, 0, 0, 0, 0, 0, 0, 0, 0, 0, 0, 0, 0, 0, 0, 0, 0, 0, 0, 0, 0, 0, 0, 0, 0, 0, 0, 0, 0, 0, 0, 0, 0, 0, 0, 0, 0, 0, 0, 0, 0, 0, 0, 0, 0, 0, 0, 0, 0, 0, 0, 0, 0, 0, 0, 0, 0, 0, 0, 0, 0, 0, 0, 0, 0, 0, 0, 0, 0, 0, 0, 0, 0, 0, 0, 0, 0, 0, 0, 0, 0, 0, 0, 0, 0, 0, 0, 0, 0, 0, 0, 0, 0, 0, 0, 0, 0, 0, 0, 0, 0, 0, 0, 0, 0, 0, 0, 0, 0, 0, 0, 0, 0, 0, 0, 0, 0, 0, 0, 0, 0, 0, 0, 0, 4.734, 4.612, 4.612, 4.612, 4.612, 4.612, 4.612, 4.515, 4.477, 4.417, 4.411, 4.409, 4.385, 4.385, 4.385, 4.385, 4.385, 4.385, 4.385, 4.367, 4.367, 4.347, 4.345, 4.345, 4.348, 4.348, 4.345, 4.367, 4.367, 4.408, 4.415, 4.416, 4.445, 4.452, 4.453, 0, 
0, 0, 0, 0, 0, 0, 0, 0, 0, 0, 0, 0, 0, 0, 0, 0, 0, 0, 0, 0, 0, 0, 0, 0, 0, 0, 0, 0, 0, 0, 0, 0, 0, 0, 0, 0, 0, 0, 0, 0, 0, 0, 0, 0, 0, 0, 0, 0, 0, 0, 0, 0, 0, 0, 0, 0, 0, 0, 0, 0, 0, 0, 0, 0, 0, 0, 0, 0, 0, 0, 0, 0, 0, 0, 0, 0, 0, 0, 0, 0, 0, 0, 0, 0, 0, 0, 0, 0, 0, 0, 0, 0, 0, 0, 0, 0, 0, 0, 0, 0, 0, 0, 0, 0, 0, 0, 0, 0, 0, 0, 0, 0, 0, 0, 0, 0, 0, 0, 0, 0, 0, 0, 0, 0, 0, 0, 0, 0, 0, 0, 0, 0, 0, 0, 0, 0, 0, 0, 0, 0, 0, 0, 0, 0, 0, 0, 0, 0, 0, 0, 0, 0, 0, 0, 0, 0, 0, 0, 0, 0, 0, 0, 0, 0, 0, 0, 0, 0, 0, 0, 0, 0, 0, 0, 0, 0, 0, 0, 0, 0, 0, 0, 0, 0, 0, 0, 0, 0, 0, 0, 0, 0, 0, 0, 0, 0, 0, 0, 0, 0, 0, 0, 0, 0, 0, 0, 0, 0, 0, 0, 0, 0, 0, 0, 0, 0, 0, 0, 0, 0, 0, 0, 0, 0, 0, 0, 0, 0, 0, 0, 0, 0, 0, 0, 0, 0, 0, 0, 0, 0, 0, 0, 0, 0, 0, 0, 0, 0, 0, 0, 0, 0, 0, 0, 0, 0, 0, 0, 0, 0, 0, 0, 0, 0, 0, 0, 0, 0, 0, 0, 0, 0, 0, 0, 0, 0, 0, 0, 0, 0, 0, 0, 0, 0, 0, 0, 0, 0, 0, 0, 0, 0, 0, 0, 0, 0, 0, 0, 0, 0, 0, 0, 0, 0, 0, 0, 0, 0, 0, 0, 0, 0, 0, 0, 0, 0, 0, 0, 0, 0, 0, 0, 0, 0, 0, 0, 0, 0, 0, 0, 0, 0, 0, 0, 0, 0, 0, 0, 0, 0, 0, 0, 0, 0, 0, 0, 0, 0, 0, 0, 0, 0, 0, 0, 0, 0, 0, 0, 0, 0, 0, 0, 0, 0, 0, 0, 0, 0, 0, 0, 0, 0, 0, 0, 0, 0, 0, 0, 0, 0, 0, 0, 0, 0, 0, 0, 0, 0, 0, 0, 0, 0, 0, 0, 0, 0, 0, 0, 0, 0, 0, 0, 0, 0, 0, 0, 0, 0, 0, 0, 0, 0, 0, 0, 0, 0, 0, 0, 0, 0, 0, 0, 0, 0, 0, 0, 0, 0, 0, 0, 0, 0, 0, 0, 0, 0, 0, 0, 0, 0, 0, 0, 0, 0, 4.734, 4.734, 4.734, 4.734, 4.734, 4.734, 4.734, 4.734, 4.734, 4.416, 4.409, 4.406, 4.385, 4.367, 4.367, 4.385, 4.385, 4.385, 4.385, 4.367, 4.367, 4.343, 4.339, 4.337, 4.313, 4.313, 4.336, 4.336, 4.341, 4.367, 4.385, 4.411, 4.417, 4.42, 4.445, 0, 
0, 0, 0, 0, 0, 0, 0, 0, 0, 0, 0, 0, 0, 0, 0, 0, 0, 0, 0, 0, 0, 0, 0, 0, 0, 0, 0, 0, 0, 0, 0, 0, 0, 0, 0, 0, 0, 0, 0, 0, 0, 0, 0, 0, 0, 0, 0, 0, 0, 0, 0, 0, 0, 0, 0, 0, 0, 0, 0, 0, 0, 0, 0, 0, 0, 0, 0, 0, 0, 0, 0, 0, 0, 0, 0, 0, 0, 0, 0, 0, 0, 0, 0, 0, 0, 0, 0, 0, 0, 0, 0, 0, 0, 0, 0, 0, 0, 0, 0, 0, 0, 0, 0, 0, 0, 0, 0, 0, 0, 0, 0, 0, 0, 0, 0, 0, 0, 0, 0, 0, 0, 0, 0, 0, 0, 0, 0, 0, 0, 0, 0, 0, 0, 0, 0, 0, 0, 0, 0, 0, 0, 0, 0, 0, 0, 0, 0, 0, 0, 0, 0, 0, 0, 0, 0, 0, 0, 0, 0, 0, 0, 0, 0, 0, 0, 0, 0, 0, 0, 0, 0, 0, 0, 0, 0, 0, 0, 0, 0, 0, 0, 0, 0, 0, 0, 0, 0, 0, 0, 0, 0, 0, 0, 0, 0, 0, 0, 0, 0, 0, 0, 0, 0, 0, 0, 0, 0, 0, 0, 0, 0, 0, 0, 0, 0, 0, 0, 0, 0, 0, 0, 0, 0, 0, 0, 0, 0, 0, 0, 0, 0, 0, 0, 0, 0, 0, 0, 0, 0, 0, 0, 0, 0, 0, 0, 0, 0, 0, 0, 0, 0, 0, 0, 0, 0, 0, 0, 0, 0, 0, 0, 0, 0, 0, 0, 0, 0, 0, 0, 0, 0, 0, 0, 0, 0, 0, 0, 0, 0, 0, 0, 0, 0, 0, 0, 0, 0, 0, 0, 0, 0, 0, 0, 0, 0, 0, 0, 0, 0, 0, 0, 0, 0, 0, 0, 0, 0, 0, 0, 0, 0, 0, 0, 0, 0, 0, 0, 0, 0, 0, 0, 0, 0, 0, 0, 0, 0, 0, 0, 0, 0, 0, 0, 0, 0, 0, 0, 0, 0, 0, 0, 0, 0, 0, 0, 0, 0, 0, 0, 0, 0, 0, 0, 0, 0, 0, 0, 0, 0, 0, 0, 0, 0, 0, 0, 0, 0, 0, 0, 0, 0, 0, 0, 0, 0, 0, 0, 0, 0, 0, 0, 0, 0, 0, 0, 0, 0, 0, 0, 0, 0, 0, 0, 0, 0, 0, 0, 0, 0, 0, 0, 0, 0, 0, 0, 0, 0, 0, 0, 0, 0, 0, 0, 0, 0, 0, 0, 0, 0, 0, 0, 0, 0, 0, 0, 0, 0, 0, 0, 0, 0, 0, 0, 0, 0, 0, 0, 0, 0, 0, 0, 0, 0, 0, 4.734, 4.734, 4.734, 4.734, 4.734, 4.734, 4.734, 4.734, 4.734, 4.734, 4.734, 4.734, 4.385, 4.367, 4.367, 4.385, 4.385, 4.385, 4.385, 4.367, 4.345, 4.339, 4.335, 4.334, 4.31, 4.31, 4.334, 4.334, 4.335, 4.367, 4.385, 4.409, 4.417, 4.419, 4.442, 0, 
0, 0, 0, 0, 0, 0, 0, 0, 0, 0, 0, 0, 0, 0, 0, 0, 0, 0, 0, 0, 0, 0, 0, 0, 0, 0, 0, 0, 0, 0, 0, 0, 0, 0, 0, 0, 0, 0, 0, 0, 0, 0, 0, 0, 0, 0, 0, 0, 0, 0, 0, 0, 0, 0, 0, 0, 0, 0, 0, 0, 0, 0, 0, 0, 0, 0, 0, 0, 0, 0, 0, 0, 0, 0, 0, 0, 0, 0, 0, 0, 0, 0, 0, 0, 0, 0, 0, 0, 0, 0, 0, 0, 0, 0, 0, 0, 0, 0, 0, 0, 0, 0, 0, 0, 0, 0, 0, 0, 0, 0, 0, 0, 0, 0, 0, 0, 0, 0, 0, 0, 0, 0, 0, 0, 0, 0, 0, 0, 0, 0, 0, 0, 0, 0, 0, 0, 0, 0, 0, 0, 0, 0, 0, 0, 0, 0, 0, 0, 0, 0, 0, 0, 0, 0, 0, 0, 0, 0, 0, 0, 0, 0, 0, 0, 0, 0, 0, 0, 0, 0, 0, 0, 0, 0, 0, 0, 0, 0, 0, 0, 0, 0, 0, 0, 0, 0, 0, 0, 0, 0, 0, 0, 0, 0, 0, 0, 0, 0, 0, 0, 0, 0, 0, 0, 0, 0, 0, 0, 0, 0, 0, 0, 0, 0, 0, 0, 0, 0, 0, 0, 0, 0, 0, 0, 0, 0, 0, 0, 0, 0, 0, 0, 0, 0, 0, 0, 0, 0, 0, 0, 0, 0, 0, 0, 0, 0, 0, 0, 0, 0, 0, 0, 0, 0, 0, 0, 0, 0, 0, 0, 0, 0, 0, 0, 0, 0, 0, 0, 0, 0, 0, 0, 0, 0, 0, 0, 0, 0, 0, 0, 0, 0, 0, 0, 0, 0, 0, 0, 0, 0, 0, 0, 0, 0, 0, 0, 0, 0, 0, 0, 0, 0, 0, 0, 0, 0, 0, 0, 0, 0, 0, 0, 0, 0, 0, 0, 0, 0, 0, 0, 0, 0, 0, 0, 0, 0, 0, 0, 0, 0, 0, 0, 0, 0, 0, 0, 0, 0, 0, 0, 0, 0, 0, 0, 0, 0, 0, 0, 0, 0, 0, 0, 0, 0, 0, 0, 0, 0, 0, 0, 0, 0, 0, 0, 0, 0, 0, 0, 0, 0, 0, 0, 0, 0, 0, 0, 0, 0, 0, 0, 0, 0, 0, 0, 0, 0, 0, 0, 0, 0, 0, 0, 0, 0, 0, 0, 0, 0, 0, 0, 0, 0, 0, 0, 0, 0, 0, 0, 0, 0, 0, 0, 0, 0, 0, 0, 0, 0, 0, 0, 0, 0, 0, 0, 0, 0, 0, 0, 0, 0, 0, 0, 0, 0, 0, 0, 0, 0, 0, 0, 0, 0, 0, 0, 4.734, 4.734, 4.734, 4.734, 4.734, 4.734, 4.734, 4.734, 4.734, 4.734, 4.734, 4.734, 4.734, 4.734, 4.734, 4.734, 4.734, 4.385, 4.385, 4.367, 4.345, 4.338, 4.313, 4.311, 4.304, 4.303, 4.306, 4.333, 4.336, 4.343, 4.385, 4.408, 4.416, 4.419, 4.442, 0, 
0, 0, 0, 0, 0, 0, 0, 0, 0, 0, 0, 0, 0, 0, 0, 0, 0, 0, 0, 0, 0, 0, 0, 0, 0, 0, 0, 0, 0, 0, 0, 0, 0, 0, 0, 0, 0, 0, 0, 0, 0, 0, 0, 0, 0, 0, 0, 0, 0, 0, 0, 0, 0, 0, 0, 0, 0, 0, 0, 0, 0, 0, 0, 0, 0, 0, 0, 0, 0, 0, 0, 0, 0, 0, 0, 0, 0, 0, 0, 0, 0, 0, 0, 0, 0, 0, 0, 0, 0, 0, 0, 0, 0, 0, 0, 0, 0, 0, 0, 0, 0, 0, 0, 0, 0, 0, 0, 0, 0, 0, 0, 0, 0, 0, 0, 0, 0, 0, 0, 0, 0, 0, 0, 0, 0, 0, 0, 0, 0, 0, 0, 0, 0, 0, 0, 0, 0, 0, 0, 0, 0, 0, 0, 0, 0, 0, 0, 0, 0, 0, 0, 0, 0, 0, 0, 0, 0, 0, 0, 0, 0, 0, 0, 0, 0, 0, 0, 0, 0, 0, 0, 0, 0, 0, 0, 0, 0, 0, 0, 0, 0, 0, 0, 0, 0, 0, 0, 0, 0, 0, 0, 0, 0, 0, 0, 0, 0, 0, 0, 0, 0, 0, 0, 0, 0, 0, 0, 0, 0, 0, 0, 0, 0, 0, 0, 0, 0, 0, 0, 0, 0, 0, 0, 0, 0, 0, 0, 0, 0, 0, 0, 0, 0, 0, 0, 0, 0, 0, 0, 0, 0, 0, 0, 0, 0, 0, 0, 0, 0, 0, 0, 0, 0, 0, 0, 0, 0, 0, 0, 0, 0, 0, 0, 0, 0, 0, 0, 0, 0, 0, 0, 0, 0, 0, 0, 0, 0, 0, 0, 0, 0, 0, 0, 0, 0, 0, 0, 0, 0, 0, 0, 0, 0, 0, 0, 0, 0, 0, 0, 0, 0, 0, 0, 0, 0, 0, 0, 0, 0, 0, 0, 0, 0, 0, 0, 0, 0, 0, 0, 0, 0, 0, 0, 0, 0, 0, 0, 0, 0, 0, 0, 0, 0, 0, 0, 0, 0, 0, 0, 0, 0, 0, 0, 0, 0, 0, 0, 0, 0, 0, 0, 0, 0, 0, 0, 0, 0, 0, 0, 0, 0, 0, 0, 0, 0, 0, 0, 0, 0, 0, 0, 0, 0, 0, 0, 0, 0, 0, 0, 0, 0, 0, 0, 0, 0, 0, 0, 0, 0, 0, 0, 0, 0, 0, 0, 0, 0, 0, 0, 0, 0, 0, 0, 0, 0, 0, 0, 0, 0, 0, 0, 0, 0, 0, 0, 0, 0, 0, 0, 0, 0, 0, 0, 0, 0, 0, 0, 0, 0, 0, 0, 0, 0, 0, 0, 0, 0, 0, 0, 0, 0, 0, 0, 0, 4.734, 4.734, 4.734, 4.734, 4.734, 4.734, 4.734, 4.734, 4.734, 4.734, 4.734, 4.734, 4.734, 4.734, 4.734, 4.734, 4.734, 4.734, 4.734, 4.367, 4.345, 4.338, 4.314, 4.314, 4.295, 4.296, 4.301, 4.306, 4.337, 4.343, 4.367, 4.408, 4.415, 4.419, 4.442, 0, 
0, 0, 0, 0, 0, 0, 0, 0, 0, 0, 0, 0, 0, 0, 0, 0, 0, 0, 0, 0, 0, 0, 0, 0, 0, 0, 0, 0, 0, 0, 0, 0, 0, 0, 0, 0, 0, 0, 0, 0, 0, 0, 0, 0, 0, 0, 0, 0, 0, 0, 0, 0, 0, 0, 0, 0, 0, 0, 0, 0, 0, 0, 0, 0, 0, 0, 0, 0, 0, 0, 0, 0, 0, 0, 0, 0, 0, 0, 0, 0, 0, 0, 0, 0, 0, 0, 0, 0, 0, 0, 0, 0, 0, 0, 0, 0, 0, 0, 0, 0, 0, 0, 0, 0, 0, 0, 0, 0, 0, 0, 0, 0, 0, 0, 0, 0, 0, 0, 0, 0, 0, 0, 0, 0, 0, 0, 0, 0, 0, 0, 0, 0, 0, 0, 0, 0, 0, 0, 0, 0, 0, 0, 0, 0, 0, 0, 0, 0, 0, 0, 0, 0, 0, 0, 0, 0, 0, 0, 0, 0, 0, 0, 0, 0, 0, 0, 0, 0, 0, 0, 0, 0, 0, 0, 0, 0, 0, 0, 0, 0, 0, 0, 0, 0, 0, 0, 0, 0, 0, 0, 0, 0, 0, 0, 0, 0, 0, 0, 0, 0, 0, 0, 0, 0, 0, 0, 0, 0, 0, 0, 0, 0, 0, 0, 0, 0, 0, 0, 0, 0, 0, 0, 0, 0, 0, 0, 0, 0, 0, 0, 0, 0, 0, 0, 0, 0, 0, 0, 0, 0, 0, 0, 0, 0, 0, 0, 0, 0, 0, 0, 0, 0, 0, 0, 0, 0, 0, 0, 0, 0, 0, 0, 0, 0, 0, 0, 0, 0, 0, 0, 0, 0, 0, 0, 0, 0, 0, 0, 0, 0, 0, 0, 0, 0, 0, 0, 0, 0, 0, 0, 0, 0, 0, 0, 0, 0, 0, 0, 0, 0, 0, 0, 0, 0, 0, 0, 0, 0, 0, 0, 0, 0, 0, 0, 0, 0, 0, 0, 0, 0, 0, 0, 0, 0, 0, 0, 0, 0, 0, 0, 0, 0, 0, 0, 0, 0, 0, 0, 0, 0, 0, 0, 0, 0, 0, 0, 0, 0, 0, 0, 0, 0, 0, 0, 0, 0, 0, 0, 0, 0, 0, 0, 0, 0, 0, 0, 0, 0, 0, 0, 0, 0, 0, 0, 0, 0, 0, 0, 0, 0, 0, 0, 0, 0, 0, 0, 0, 0, 0, 0, 0, 0, 0, 0, 0, 0, 0, 0, 0, 0, 0, 0, 0, 0, 0, 0, 0, 0, 0, 0, 0, 0, 0, 0, 0, 0, 0, 0, 0, 0, 0, 0, 0, 0, 0, 0, 0, 0, 0, 0, 0, 0, 0, 0, 0, 0, 0, 0, 0, 0, 0, 0, 0, 0, 4.734, 4.734, 4.734, 4.734, 4.734, 4.734, 4.734, 4.734, 4.734, 4.734, 4.734, 4.734, 4.734, 4.734, 4.734, 4.734, 4.734, 4.734, 4.734, 4.734, 4.734, 4.734, 4.314, 4.314, 4.286, 4.289, 4.295, 4.299, 4.336, 4.343, 4.367, 4.415, 4.415, 4.419, 4.442, 0, 
0, 0, 0, 0, 0, 0, 0, 0, 0, 0, 0, 0, 0, 0, 0, 0, 0, 0, 0, 0, 0, 0, 0, 0, 0, 0, 0, 0, 0, 0, 0, 0, 0, 0, 0, 0, 0, 0, 0, 0, 0, 0, 0, 0, 0, 0, 0, 0, 0, 0, 0, 0, 0, 0, 0, 0, 0, 0, 0, 0, 0, 0, 0, 0, 0, 0, 0, 0, 0, 0, 0, 0, 0, 0, 0, 0, 0, 0, 0, 0, 0, 0, 0, 0, 0, 0, 0, 0, 0, 0, 0, 0, 0, 0, 0, 0, 0, 0, 0, 0, 0, 0, 0, 0, 0, 0, 0, 0, 0, 0, 0, 0, 0, 0, 0, 0, 0, 0, 0, 0, 0, 0, 0, 0, 0, 0, 0, 0, 0, 0, 0, 0, 0, 0, 0, 0, 0, 0, 0, 0, 0, 0, 0, 0, 0, 0, 0, 0, 0, 0, 0, 0, 0, 0, 0, 0, 0, 0, 0, 0, 0, 0, 0, 0, 0, 0, 0, 0, 0, 0, 0, 0, 0, 0, 0, 0, 0, 0, 0, 0, 0, 0, 0, 0, 0, 0, 0, 0, 0, 0, 0, 0, 0, 0, 0, 0, 0, 0, 0, 0, 0, 0, 0, 0, 0, 0, 0, 0, 0, 0, 0, 0, 0, 0, 0, 0, 0, 0, 0, 0, 0, 0, 0, 0, 0, 0, 0, 0, 0, 0, 0, 0, 0, 0, 0, 0, 0, 0, 0, 0, 0, 0, 0, 0, 0, 0, 0, 0, 0, 0, 0, 0, 0, 0, 0, 0, 0, 0, 0, 0, 0, 0, 0, 0, 0, 0, 0, 0, 0, 0, 0, 0, 0, 0, 0, 0, 0, 0, 0, 0, 0, 0, 0, 0, 0, 0, 0, 0, 0, 0, 0, 0, 0, 0, 0, 0, 0, 0, 0, 0, 0, 0, 0, 0, 0, 0, 0, 0, 0, 0, 0, 0, 0, 0, 0, 0, 0, 0, 0, 0, 0, 0, 0, 0, 0, 0, 0, 0, 0, 0, 0, 0, 0, 0, 0, 0, 0, 0, 0, 0, 0, 0, 0, 0, 0, 0, 0, 0, 0, 0, 0, 0, 0, 0, 0, 0, 0, 0, 0, 0, 0, 0, 0, 0, 0, 0, 0, 0, 0, 0, 0, 0, 0, 0, 0, 0, 0, 0, 0, 0, 0, 0, 0, 0, 0, 0, 0, 0, 0, 0, 0, 0, 0, 0, 0, 0, 0, 0, 0, 0, 0, 0, 0, 0, 0, 0, 0, 0, 0, 0, 0, 0, 0, 0, 0, 0, 0, 0, 0, 0, 0, 0, 0, 0, 0, 0, 0, 0, 0, 0, 0, 0, 0, 0, 0, 0, 0, 0, 0, 0, 0, 0, 0, 0, 4.734, 4.734, 4.734, 4.734, 4.734, 4.734, 4.734, 4.734, 4.734, 4.734, 4.734, 4.734, 4.734, 4.734, 4.734, 4.734, 4.734, 4.734, 4.734, 4.734, 4.734, 4.734, 4.734, 4.734, 4.283, 4.286, 4.294, 4.297, 4.343, 4.367, 4.367, 4.415, 4.415, 4.419, 4.442, 0, 
0, 0, 0, 0, 0, 0, 0, 0, 0, 0, 0, 0, 0, 0, 0, 0, 0, 0, 0, 0, 0, 0, 0, 0, 0, 0, 0, 0, 0, 0, 0, 0, 0, 0, 0, 0, 0, 0, 0, 0, 0, 0, 0, 0, 0, 0, 0, 0, 0, 0, 0, 0, 0, 0, 0, 0, 0, 0, 0, 0, 0, 0, 0, 0, 0, 0, 0, 0, 0, 0, 0, 0, 0, 0, 0, 0, 0, 0, 0, 0, 0, 0, 0, 0, 0, 0, 0, 0, 0, 0, 0, 0, 0, 0, 0, 0, 0, 0, 0, 0, 0, 0, 0, 0, 0, 0, 0, 0, 0, 0, 0, 0, 0, 0, 0, 0, 0, 0, 0, 0, 0, 0, 0, 0, 0, 0, 0, 0, 0, 0, 0, 0, 0, 0, 0, 0, 0, 0, 0, 0, 0, 0, 0, 0, 0, 0, 0, 0, 0, 0, 0, 0, 0, 0, 0, 0, 0, 0, 0, 0, 0, 0, 0, 0, 0, 0, 0, 0, 0, 0, 0, 0, 0, 0, 0, 0, 0, 0, 0, 0, 0, 0, 0, 0, 0, 0, 0, 0, 0, 0, 0, 0, 0, 0, 0, 0, 0, 0, 0, 0, 0, 0, 0, 0, 0, 0, 0, 0, 0, 0, 0, 0, 0, 0, 0, 0, 0, 0, 0, 0, 0, 0, 0, 0, 0, 0, 0, 0, 0, 0, 0, 0, 0, 0, 0, 0, 0, 0, 0, 0, 0, 0, 0, 0, 0, 0, 0, 0, 0, 0, 0, 0, 0, 0, 0, 0, 0, 0, 0, 0, 0, 0, 0, 0, 0, 0, 0, 0, 0, 0, 0, 0, 0, 0, 0, 0, 0, 0, 0, 0, 0, 0, 0, 0, 0, 0, 0, 0, 0, 0, 0, 0, 0, 0, 0, 0, 0, 0, 0, 0, 0, 0, 0, 0, 0, 0, 0, 0, 0, 0, 0, 0, 0, 0, 0, 0, 0, 0, 0, 0, 0, 0, 0, 0, 0, 0, 0, 0, 0, 0, 0, 0, 0, 0, 0, 0, 0, 0, 0, 0, 0, 0, 0, 0, 0, 0, 0, 0, 0, 0, 0, 0, 0, 0, 0, 0, 0, 0, 0, 0, 0, 0, 0, 0, 0, 0, 0, 0, 0, 0, 0, 0, 0, 0, 0, 0, 0, 0, 0, 0, 0, 0, 0, 0, 0, 0, 0, 0, 0, 0, 0, 0, 0, 0, 0, 0, 0, 0, 0, 0, 0, 0, 0, 0, 0, 0, 0, 0, 0, 0, 0, 0, 0, 0, 0, 0, 0, 0, 0, 0, 0, 0, 0, 0, 0, 0, 0, 0, 0, 0, 0, 0, 0, 0, 0, 0, 0, 0, 0, 0, 0, 0, 0, 0, 4.734, 4.734, 4.734, 4.734, 4.734, 4.734, 4.734, 4.734, 4.734, 4.734, 4.734, 4.734, 4.734, 4.734, 4.734, 4.734, 4.734, 4.734, 4.734, 4.734, 4.734, 4.734, 4.734, 4.734, 4.734, 4.734, 4.734, 4.734, 4.734, 4.734, 4.734, 4.734, 4.734, 4.734, 4.734, 0, 
0, 0, 0, 0, 0, 0, 0, 0, 0, 0, 0, 0, 0, 0, 0, 0, 0, 0, 0, 0, 0, 0, 0, 0, 0, 0, 0, 0, 0, 0, 0, 0, 0, 0, 0, 0, 0, 0, 0, 0, 0, 0, 0, 0, 0, 0, 0, 0, 0, 0, 0, 0, 0, 0, 0, 0, 0, 0, 0, 0, 0, 0, 0, 0, 0, 0, 0, 0, 0, 0, 0, 0, 0, 0, 0, 0, 0, 0, 0, 0, 0, 0, 0, 0, 0, 0, 0, 0, 0, 0, 0, 0, 0, 0, 0, 0, 0, 0, 0, 0, 0, 0, 0, 0, 0, 0, 0, 0, 0, 0, 0, 0, 0, 0, 0, 0, 0, 0, 0, 0, 0, 0, 0, 0, 0, 0, 0, 0, 0, 0, 0, 0, 0, 0, 0, 0, 0, 0, 0, 0, 0, 0, 0, 0, 0, 0, 0, 0, 0, 0, 0, 0, 0, 0, 0, 0, 0, 0, 0, 0, 0, 0, 0, 0, 0, 0, 0, 0, 0, 0, 0, 0, 0, 0, 0, 0, 0, 0, 0, 0, 0, 0, 0, 0, 0, 0, 0, 0, 0, 0, 0, 0, 0, 0, 0, 0, 0, 0, 0, 0, 0, 0, 0, 0, 0, 0, 0, 0, 0, 0, 0, 0, 0, 0, 0, 0, 0, 0, 0, 0, 0, 0, 0, 0, 0, 0, 0, 0, 0, 0, 0, 0, 0, 0, 0, 0, 0, 0, 0, 0, 0, 0, 0, 0, 0, 0, 0, 0, 0, 0, 0, 0, 0, 0, 0, 0, 0, 0, 0, 0, 0, 0, 0, 0, 0, 0, 0, 0, 0, 0, 0, 0, 0, 0, 0, 0, 0, 0, 0, 0, 0, 0, 0, 0, 0, 0, 0, 0, 0, 0, 0, 0, 0, 0, 0, 0, 0, 0, 0, 0, 0, 0, 0, 0, 0, 0, 0, 0, 0, 0, 0, 0, 0, 0, 0, 0, 0, 0, 0, 0, 0, 0, 0, 0, 0, 0, 0, 0, 0, 0, 0, 0, 0, 0, 0, 0, 0, 0, 0, 0, 0, 0, 0, 0, 0, 0, 0, 0, 0, 0, 0, 0, 0, 0, 0, 0, 0, 0, 0, 0, 0, 0, 0, 0, 0, 0, 0, 0, 0, 0, 0, 0, 0, 0, 0, 0, 0, 0, 0, 0, 0, 0, 0, 0, 0, 0, 0, 0, 0, 0, 0, 0, 0, 0, 0, 0, 0, 0, 0, 0, 0, 0, 0, 0, 0, 0, 0, 0, 0, 0, 0, 0, 0, 0, 0, 0, 0, 0, 0, 0, 0, 0, 0, 0, 0, 0, 0, 0, 0, 0, 0, 0, 0, 0, 0, 0, 0, 0, 0, 0, 0, 0, 0, 0, 4.734, 4.734, 4.734, 4.734, 4.734, 4.734, 4.734, 4.734, 4.734, 4.734, 4.734, 4.734, 4.734, 4.734, 4.734, 4.734, 4.734, 4.734, 4.734, 4.734, 4.734, 4.734, 4.734, 4.734, 4.734, 4.734, 4.734, 4.734, 4.734, 4.734, 4.734, 4.734, 4.734, 4.734, 4.734, 0, 
0, 0, 0, 0, 0, 0, 0, 0, 0, 0, 0, 0, 0, 0, 0, 0, 0, 0, 0, 0, 0, 0, 0, 0, 0, 0, 0, 0, 0, 0, 0, 0, 0, 0, 0, 0, 0, 0, 0, 0, 0, 0, 0, 0, 0, 0, 0, 0, 0, 0, 0, 0, 0, 0, 0, 0, 0, 0, 0, 0, 0, 0, 0, 0, 0, 0, 0, 0, 0, 0, 0, 0, 0, 0, 0, 0, 0, 0, 0, 0, 0, 0, 0, 0, 0, 0, 0, 0, 0, 0, 0, 0, 0, 0, 0, 0, 0, 0, 0, 0, 0, 0, 0, 0, 0, 0, 0, 0, 0, 0, 0, 0, 0, 0, 0, 0, 0, 0, 0, 0, 0, 0, 0, 0, 0, 0, 0, 0, 0, 0, 0, 0, 0, 0, 0, 0, 0, 0, 0, 0, 0, 0, 0, 0, 0, 0, 0, 0, 0, 0, 0, 0, 0, 0, 0, 0, 0, 0, 0, 0, 0, 0, 0, 0, 0, 0, 0, 0, 0, 0, 0, 0, 0, 0, 0, 0, 0, 0, 0, 0, 0, 0, 0, 0, 0, 0, 0, 0, 0, 0, 0, 0, 0, 0, 0, 0, 0, 0, 0, 0, 0, 0, 0, 0, 0, 0, 0, 0, 0, 0, 0, 0, 0, 0, 0, 0, 0, 0, 0, 0, 0, 0, 0, 0, 0, 0, 0, 0, 0, 0, 0, 0, 0, 0, 0, 0, 0, 0, 0, 0, 0, 0, 0, 0, 0, 0, 0, 0, 0, 0, 0, 0, 0, 0, 0, 0, 0, 0, 0, 0, 0, 0, 0, 0, 0, 0, 0, 0, 0, 0, 0, 0, 0, 0, 0, 0, 0, 0, 0, 0, 0, 0, 0, 0, 0, 0, 0, 0, 0, 0, 0, 0, 0, 0, 0, 0, 0, 0, 0, 0, 0, 0, 0, 0, 0, 0, 0, 0, 0, 0, 0, 0, 0, 0, 0, 0, 0, 0, 0, 0, 0, 0, 0, 0, 0, 0, 0, 0, 0, 0, 0, 0, 0, 0, 0, 0, 0, 0, 0, 0, 0, 0, 0, 0, 0, 0, 0, 0, 0, 0, 0, 0, 0, 0, 0, 0, 0, 0, 0, 0, 0, 0, 0, 0, 0, 0, 0, 0, 0, 0, 0, 0, 0, 0, 0, 0, 0, 0, 0, 0, 0, 0, 0, 0, 0, 0, 0, 0, 0, 0, 0, 0, 0, 0, 0, 0, 0, 0, 0, 0, 0, 0, 0, 0, 0, 0, 0, 0, 0, 0, 0, 0, 0, 0, 0, 0, 0, 0, 0, 0, 0, 0, 0, 0, 0, 0, 0, 0, 0, 0, 0, 0, 0, 0, 0, 0, 0, 0, 0, 0, 0, 0, 0, 0, 4.734, 4.734, 4.734, 4.734, 4.734, 4.734, 4.734, 4.734, 4.734, 4.734, 4.734, 4.734, 4.734, 4.734, 4.734, 4.734, 4.734, 4.734, 4.734, 4.734, 4.734, 4.734, 4.734, 4.734, 4.734, 4.734, 4.734, 4.734, 4.734, 4.734, 4.734, 4.734, 4.734, 4.734, 4.734, 0, 
0, 0, 0, 0, 0, 0, 0, 0, 0, 0, 0, 0, 0, 0, 0, 0, 0, 0, 0, 0, 0, 0, 0, 0, 0, 0, 0, 0, 0, 0, 0, 0, 0, 0, 0, 0, 0, 0, 0, 0, 0, 0, 0, 0, 0, 0, 0, 0, 0, 0, 0, 0, 0, 0, 0, 0, 0, 0, 0, 0, 0, 0, 0, 0, 0, 0, 0, 0, 0, 0, 0, 0, 0, 0, 0, 0, 0, 0, 0, 0, 0, 0, 0, 0, 0, 0, 0, 0, 0, 0, 0, 0, 0, 0, 0, 0, 0, 0, 0, 0, 0, 0, 0, 0, 0, 0, 0, 0, 0, 0, 0, 0, 0, 0, 0, 0, 0, 0, 0, 0, 0, 0, 0, 0, 0, 0, 0, 0, 0, 0, 0, 0, 0, 0, 0, 0, 0, 0, 0, 0, 0, 0, 0, 0, 0, 0, 0, 0, 0, 0, 0, 0, 0, 0, 0, 0, 0, 0, 0, 0, 0, 0, 0, 0, 0, 0, 0, 0, 0, 0, 0, 0, 0, 0, 0, 0, 0, 0, 0, 0, 0, 0, 0, 0, 0, 0, 0, 0, 0, 0, 0, 0, 0, 0, 0, 0, 0, 0, 0, 0, 0, 0, 0, 0, 0, 0, 0, 0, 0, 0, 0, 0, 0, 0, 0, 0, 0, 0, 0, 0, 0, 0, 0, 0, 0, 0, 0, 0, 0, 0, 0, 0, 0, 0, 0, 0, 0, 0, 0, 0, 0, 0, 0, 0, 0, 0, 0, 0, 0, 0, 0, 0, 0, 0, 0, 0, 0, 0, 0, 0, 0, 0, 0, 0, 0, 0, 0, 0, 0, 0, 0, 0, 0, 0, 0, 0, 0, 0, 0, 0, 0, 0, 0, 0, 0, 0, 0, 0, 0, 0, 0, 0, 0, 0, 0, 0, 0, 0, 0, 0, 0, 0, 0, 0, 0, 0, 0, 0, 0, 0, 0, 0, 0, 0, 0, 0, 0, 0, 0, 0, 0, 0, 0, 0, 0, 0, 0, 0, 0, 0, 0, 0, 0, 0, 0, 0, 0, 0, 0, 0, 0, 0, 0, 0, 0, 0, 0, 0, 0, 0, 0, 0, 0, 0, 0, 0, 0, 0, 0, 0, 0, 0, 0, 0, 0, 0, 0, 0, 0, 0, 0, 0, 0, 0, 0, 0, 0, 0, 0, 0, 0, 0, 0, 0, 0, 0, 0, 0, 0, 0, 0, 0, 0, 0, 0, 0, 0, 0, 0, 0, 0, 0, 0, 0, 0, 0, 0, 0, 0, 0, 0, 0, 0, 0, 0, 0, 0, 0, 0, 0, 0, 0, 0, 0, 0, 0, 0, 0, 0, 0, 0, 0, 0, 0, 0, 0, 0, 0, 0, 0, 0, 0, 0, 0, 4.734, 4.734, 4.734, 4.734, 4.734, 4.734, 4.734, 4.734, 4.734, 4.734, 4.734, 4.734, 4.734, 4.734, 4.734, 4.734, 4.734, 4.734, 4.734, 4.734, 4.734, 4.734, 4.734, 4.734, 4.734, 4.734, 4.734, 4.734, 4.734, 4.734, 4.734, 4.734, 4.734, 4.734, 4.734, 0, 
0, 0, 0, 0, 0, 0, 0, 0, 0, 0, 0, 0, 0, 0, 0, 0, 0, 0, 0, 0, 0, 0, 0, 0, 0, 0, 0, 0, 0, 0, 0, 0, 0, 0, 0, 0, 0, 0, 0, 0, 0, 0, 0, 0, 0, 0, 0, 0, 0, 0, 0, 0, 0, 0, 0, 0, 0, 0, 0, 0, 0, 0, 0, 0, 0, 0, 0, 0, 0, 0, 0, 0, 0, 0, 0, 0, 0, 0, 0, 0, 0, 0, 0, 0, 0, 0, 0, 0, 0, 0, 0, 0, 0, 0, 0, 0, 0, 0, 0, 0, 0, 0, 0, 0, 0, 0, 0, 0, 0, 0, 0, 0, 0, 0, 0, 0, 0, 0, 0, 0, 0, 0, 0, 0, 0, 0, 0, 0, 0, 0, 0, 0, 0, 0, 0, 0, 0, 0, 0, 0, 0, 0, 0, 0, 0, 0, 0, 0, 0, 0, 0, 0, 0, 0, 0, 0, 0, 0, 0, 0, 0, 0, 0, 0, 0, 0, 0, 0, 0, 0, 0, 0, 0, 0, 0, 0, 0, 0, 0, 0, 0, 0, 0, 0, 0, 0, 0, 0, 0, 0, 0, 0, 0, 0, 0, 0, 0, 0, 0, 0, 0, 0, 0, 0, 0, 0, 0, 0, 0, 0, 0, 0, 0, 0, 0, 0, 0, 0, 0, 0, 0, 0, 0, 0, 0, 0, 0, 0, 0, 0, 0, 0, 0, 0, 0, 0, 0, 0, 0, 0, 0, 0, 0, 0, 0, 0, 0, 0, 0, 0, 0, 0, 0, 0, 0, 0, 0, 0, 0, 0, 0, 0, 0, 0, 0, 0, 0, 0, 0, 0, 0, 0, 0, 0, 0, 0, 0, 0, 0, 0, 0, 0, 0, 0, 0, 0, 0, 0, 0, 0, 0, 0, 0, 0, 0, 0, 0, 0, 0, 0, 0, 0, 0, 0, 0, 0, 0, 0, 0, 0, 0, 0, 0, 0, 0, 0, 0, 0, 0, 0, 0, 0, 0, 0, 0, 0, 0, 0, 0, 0, 0, 0, 0, 0, 0, 0, 0, 0, 0, 0, 0, 0, 0, 0, 0, 0, 0, 0, 0, 0, 0, 0, 0, 0, 0, 0, 0, 0, 0, 0, 0, 0, 0, 0, 0, 0, 0, 0, 0, 0, 0, 0, 0, 0, 0, 0, 0, 0, 0, 0, 0, 0, 0, 0, 0, 0, 0, 0, 0, 0, 0, 0, 0, 0, 0, 0, 0, 0, 0, 0, 0, 0, 0, 0, 0, 0, 0, 0, 0, 0, 0, 0, 0, 0, 0, 0, 0, 0, 0, 0, 0, 0, 0, 0, 0, 0, 0, 0, 0, 0, 0, 0, 0, 0, 0, 0, 0, 0, 0, 0, 0, 0, 0, 0, 4.734, 4.734, 4.734, 4.734, 4.734, 4.734, 4.734, 4.734, 4.734, 4.734, 4.734, 4.734, 4.734, 4.734, 4.734, 4.734, 4.734, 4.734, 4.734, 4.734, 4.734, 4.734, 4.734, 4.734, 4.734, 4.734, 4.734, 4.734, 4.734, 4.734, 4.734, 4.734, 4.734, 4.734, 4.734, 0, 
0, 0, 0, 0, 0, 0, 0, 0, 0, 0, 0, 0, 0, 0, 0, 0, 0, 0, 0, 0, 0, 0, 0, 0, 0, 0, 0, 0, 0, 0, 0, 0, 0, 0, 0, 0, 0, 0, 0, 0, 0, 0, 0, 1.538, 1.538, 1.538, 1.538, 1.537, 1.536, 1.535, 1.534, 1.533, 1.532, 1.528, 1.528, 1.527, 1.524, 1.524, 1.524, 1.524, 1.524, 1.524, 1.524, 1.524, 1.524, 1.524, 1.524, 1.524, 1.524, 1.524, 1.524, 1.524, 1.524, 1.524, 1.524, 1.524, 1.524, 1.524, 1.524, 1.524, 1.524, 1.524, 1.524, 1.516, 1.516, 1.516, 1.516, 1.516, 1.513, 1.513, 1.513, 1.513, 1.513, 1.513, 1.513, 1.513, 1.513, 1.513, 1.513, 1.513, 1.513, 1.513, 1.513, 1.522, 1.522, 1.522, 1.521, 1.521, 1.521, 1.523, 1.523, 1.524, 1.524, 1.524, 1.524, 1.531, 1.531, 1.531, 1.531, 1.531, 1.531, 1.531, 1.531, 1.531, 1.531, 1.531, 1.52, 1.52, 1.52, 1.52, 1.52, 1.52, 1.52, 1.52, 1.52, 1.52, 1.52, 1.52, 1.52, 1.52, 1.52, 1.52, 1.52, 1.52, 1.52, 1.52, 1.521, 1.521, 1.521, 1.521, 1.521, 1.519, 1.519, 1.519, 1.519, 1.519, 1.519, 1.519, 1.519, 1.518, 1.518, 1.518, 1.518, 1.518, 1.518, 1.518, 1.518, 1.518, 1.518, 1.518, 1.518, 1.518, 1.518, 1.518, 1.518, 1.518, 1.518, 1.518, 1.518, 1.518, 1.518, 1.518, 1.518, 1.518, 1.518, 1.518, 1.518, 1.518, 1.518, 1.518, 1.518, 1.518, 1.518, 1.518, 1.518, 1.518, 1.518, 1.518, 1.518, 1.518, 1.518, 1.518, 1.518, 1.518, 1.518, 1.518, 1.518, 1.518, 1.518, 1.518, 1.518, 1.518, 1.518, 1.518, 1.518, 1.518, 1.518, 1.518, 1.518, 1.518, 1.518, 1.518, 1.518, 1.518, 1.518, 1.518, 1.518, 1.518, 1.518, 1.518, 1.518, 1.518, 1.518, 1.518, 1.518, 1.518, 1.518, 1.518, 1.518, 1.518, 1.518, 1.518, 1.518, 1.518, 1.518, 1.518, 1.518, 1.518, 1.518, 1.518, 1.518, 1.518, 1.518, 1.518, 1.518, 1.518, 1.518, 1.518, 1.518, 1.518, 1.518, 1.518, 1.518, 1.518, 1.518, 1.518, 1.518, 1.518, 1.518, 1.518, 1.518, 1.518, 1.518, 1.518, 1.518, 1.518, 1.518, 1.518, 1.518, 1.518, 1.518, 1.518, 1.518, 1.518, 1.518, 1.518, 1.518, 1.518, 1.518, 1.518, 1.518, 1.518, 1.518, 1.518, 1.518, 1.518, 1.518, 1.518, 1.518, 1.518, 1.518, 1.505, 1.505, 1.505, 1.505, 1.505, 1.505, 1.505, 1.505, 1.505, 1.505, 1.505, 1.505, 1.505, 1.505, 1.505, 1.505, 1.505, 1.505, 1.505, 1.505, 1.505, 1.505, 1.505, 1.505, 1.505, 1.505, 1.505, 1.505, 1.505, 1.505, 1.505, 1.505, 1.505, 1.505, 1.505, 1.505, 1.505, 1.505, 1.505, 1.505, 1.505, 1.505, 1.505, 1.505, 1.505, 1.505, 1.505, 1.505, 1.505, 1.505, 1.505, 1.505, 1.505, 1.505, 1.505, 1.505, 1.505, 1.505, 1.505, 1.505, 1.505, 1.505, 1.505, 1.505, 1.505, 1.505, 1.505, 1.505, 1.505, 1.505, 1.505, 1.505, 1.505, 1.505, 1.505, 1.505, 1.505, 1.505, 1.505, 1.505, 1.505, 1.505, 1.505, 1.505, 1.505, 1.505, 1.505, 1.505, 1.505, 1.505, 1.505, 1.505, 1.505, 1.505, 1.505, 1.505, 1.505, 1.505, 1.505, 1.505, 1.505, 1.505, 1.505, 1.505, 1.505, 1.505, 1.505, 1.505, 1.505, 1.505, 1.505, 1.505, 1.505, 1.505, 1.505, 1.505, 1.505, 1.505, 1.505, 1.505, 1.505, 1.505, 1.505, 1.505, 1.505, 1.505, 1.505, 1.505, 1.505, 1.505, 1.505, 1.505, 1.505, 1.505, 1.505, 1.505, 1.505, 1.505, 1.505, 1.505, 1.505, 1.505, 1.505, 4.734, 4.734, 4.734, 4.734, 4.734, 4.734, 4.734, 4.734, 4.734, 4.734, 4.734, 4.734, 4.734, 4.734, 4.734, 4.734, 4.734, 4.734, 4.734, 4.734, 4.734, 4.734, 4.734, 4.734, 4.734, 4.734, 4.734, 4.734, 4.734, 4.734, 4.734, 4.734, 4.734, 4.734, 4.734, 0, 
0, 0, 0, 0, 0, 0, 0, 0, 0, 0, 0, 0, 0, 0, 0, 0, 0, 0, 0, 0, 0, 0, 0, 0, 0, 0, 0, 0, 0, 0, 0, 0, 0, 0, 0, 0, 0, 0, 0, 0, 0, 0, 1.537, 1.537, 1.537, 1.537, 1.537, 1.536, 1.535, 1.535, 1.533, 1.532, 1.528, 1.528, 1.527, 1.527, 1.524, 1.524, 1.524, 1.524, 1.525, 1.526, 1.527, 1.527, 1.527, 1.527, 1.527, 1.526, 1.526, 1.526, 1.525, 1.524, 1.524, 1.524, 1.524, 1.524, 1.524, 1.523, 1.522, 1.521, 1.52, 1.519, 1.518, 1.517, 1.516, 1.516, 1.516, 1.513, 1.513, 1.513, 1.513, 1.516, 1.516, 1.516, 1.516, 1.516, 1.516, 1.516, 1.522, 1.522, 1.522, 1.523, 1.523, 1.522, 1.522, 1.521, 1.521, 1.52, 1.52, 1.521, 1.522, 1.523, 1.524, 1.525, 1.526, 1.527, 1.527, 1.527, 1.528, 1.531, 1.523, 1.522, 1.522, 1.521, 1.521, 1.52, 1.519, 1.519, 1.518, 1.518, 1.518, 1.517, 1.517, 1.517, 1.516, 1.516, 1.516, 1.516, 1.516, 1.517, 1.518, 1.518, 1.519, 1.52, 1.521, 1.521, 1.521, 1.52, 1.52, 1.52, 1.518, 1.518, 1.518, 1.518, 1.518, 1.518, 1.518, 1.518, 1.518, 1.518, 1.517, 1.517, 1.516, 1.518, 1.518, 1.518, 1.518, 1.518, 1.518, 1.518, 1.518, 1.518, 1.518, 1.518, 1.518, 1.518, 1.518, 1.518, 1.511, 1.511, 1.511, 1.511, 1.511, 1.518, 1.518, 1.518, 1.518, 1.518, 1.518, 1.518, 1.518, 1.518, 1.518, 1.518, 1.518, 1.518, 1.518, 1.518, 1.518, 1.518, 1.518, 1.518, 1.518, 1.518, 1.518, 1.518, 1.518, 1.496, 1.496, 1.518, 1.518, 1.518, 1.518, 1.518, 1.518, 1.518, 1.518, 1.518, 1.505, 1.506, 1.506, 1.507, 1.507, 1.518, 1.518, 1.518, 1.518, 1.518, 1.518, 1.518, 1.518, 1.518, 1.518, 1.518, 1.518, 1.518, 1.518, 1.518, 1.518, 1.518, 1.518, 1.518, 1.518, 1.518, 1.518, 1.518, 1.518, 1.518, 1.518, 1.518, 1.518, 1.518, 1.518, 1.518, 1.518, 1.518, 1.518, 1.518, 1.518, 1.518, 1.518, 1.518, 1.518, 1.518, 1.518, 1.518, 1.518, 1.518, 1.518, 1.518, 1.518, 1.518, 1.518, 1.518, 1.518, 1.518, 1.518, 1.518, 1.518, 1.518, 1.518, 1.518, 1.518, 1.518, 1.518, 1.518, 1.518, 1.518, 1.518, 1.518, 1.518, 1.518, 1.518, 1.518, 1.518, 1.518, 1.518, 1.518, 1.518, 1.501, 1.501, 1.501, 1.503, 1.503, 1.503, 1.504, 1.505, 1.505, 1.505, 1.505, 1.505, 1.505, 1.505, 1.505, 1.505, 1.505, 1.505, 1.505, 1.505, 1.505, 1.505, 1.505, 1.505, 1.505, 1.505, 1.505, 1.505, 1.505, 1.505, 1.505, 1.505, 1.505, 1.505, 1.505, 1.505, 1.505, 1.505, 1.505, 1.505, 1.505, 1.5, 1.5, 1.505, 1.505, 1.505, 1.505, 1.505, 1.505, 1.505, 1.505, 1.505, 1.505, 1.505, 1.505, 1.505, 1.505, 1.505, 1.505, 1.505, 1.505, 1.505, 1.505, 1.505, 1.505, 1.505, 1.505, 1.505, 1.505, 1.505, 1.505, 1.505, 1.505, 1.505, 1.505, 1.505, 1.505, 1.505, 1.505, 1.505, 1.505, 1.505, 1.505, 1.505, 1.505, 1.505, 1.505, 1.505, 1.505, 1.505, 1.505, 1.505, 1.505, 1.505, 1.505, 1.505, 1.505, 1.505, 1.505, 1.505, 1.505, 1.505, 1.505, 1.505, 1.474, 1.474, 1.475, 1.478, 1.477, 1.505, 1.505, 1.505, 1.505, 1.505, 1.505, 1.505, 1.505, 1.505, 1.505, 1.505, 1.505, 1.505, 1.49, 1.49, 1.488, 1.488, 1.485, 1.485, 1.485, 1.484, 1.483, 1.505, 1.505, 1.505, 1.505, 1.505, 1.505, 1.505, 1.505, 1.505, 1.505, 1.505, 1.505, 1.505, 1.505, 4.734, 4.734, 4.734, 4.734, 4.734, 4.734, 4.734, 4.734, 4.734, 4.734, 4.734, 4.734, 4.734, 4.734, 4.734, 4.734, 4.734, 4.734, 4.734, 4.734, 4.734, 4.734, 4.734, 4.734, 4.734, 4.734, 4.734, 4.734, 4.734, 4.734, 4.734, 4.734, 4.734, 4.734, 4.734, 0, 
0, 0, 0, 0, 0, 0, 0, 0, 0, 0, 0, 0, 0, 0, 0, 0, 0, 0, 0, 0, 0, 0, 0, 0, 0, 0, 0, 0, 0, 0, 0, 0, 0, 0, 0, 0, 0, 0, 0, 0, 0, 1.535, 1.535, 1.535, 1.535, 1.536, 1.535, 1.535, 1.535, 1.534, 1.533, 1.532, 1.528, 1.527, 1.526, 1.526, 1.525, 1.524, 1.524, 1.524, 1.525, 1.526, 1.527, 1.528, 1.528, 1.528, 1.527, 1.526, 1.526, 1.526, 1.525, 1.524, 1.524, 1.524, 1.524, 1.524, 1.524, 1.523, 1.522, 1.521, 1.52, 1.52, 1.518, 1.517, 1.516, 1.516, 1.516, 1.513, 1.513, 1.513, 1.513, 1.516, 1.516, 1.517, 1.517, 1.518, 1.52, 1.521, 1.522, 1.522, 1.522, 1.522, 1.522, 1.522, 1.521, 1.52, 1.52, 1.519, 1.519, 1.52, 1.52, 1.52, 1.524, 1.524, 1.525, 1.526, 1.526, 1.526, 1.524, 1.524, 1.523, 1.522, 1.521, 1.52, 1.52, 1.519, 1.519, 1.518, 1.518, 1.517, 1.517, 1.517, 1.517, 1.516, 1.513, 1.513, 1.513, 1.513, 1.513, 1.517, 1.517, 1.518, 1.518, 1.519, 1.52, 1.52, 1.52, 1.519, 1.518, 1.517, 1.517, 1.517, 1.517, 1.517, 1.517, 1.517, 1.517, 1.517, 1.517, 1.517, 1.513, 1.513, 1.513, 1.512, 1.518, 1.518, 1.518, 1.518, 1.518, 1.518, 1.518, 1.518, 1.518, 1.518, 1.518, 1.518, 1.518, 1.518, 1.51, 1.51, 1.511, 1.511, 1.51, 1.506, 1.506, 1.506, 1.506, 1.518, 1.518, 1.518, 1.518, 1.507, 1.507, 1.508, 1.509, 1.51, 1.51, 1.51, 1.51, 1.51, 1.509, 1.509, 1.506, 1.505, 1.505, 1.518, 1.518, 1.496, 1.496, 1.518, 1.518, 1.518, 1.518, 1.518, 1.518, 1.518, 1.518, 1.506, 1.506, 1.506, 1.506, 1.506, 1.505, 1.505, 1.504, 1.518, 1.518, 1.518, 1.518, 1.518, 1.518, 1.518, 1.518, 1.518, 1.518, 1.518, 1.518, 1.518, 1.518, 1.518, 1.518, 1.518, 1.518, 1.518, 1.518, 1.518, 1.518, 1.518, 1.518, 1.518, 1.518, 1.518, 1.518, 1.518, 1.518, 1.518, 1.518, 1.518, 1.518, 1.518, 1.518, 1.518, 1.518, 1.518, 1.518, 1.518, 1.518, 1.518, 1.518, 1.518, 1.518, 1.518, 1.518, 1.518, 1.518, 1.518, 1.518, 1.518, 1.518, 1.518, 1.518, 1.518, 1.518, 1.518, 1.518, 1.518, 1.518, 1.518, 1.518, 1.518, 1.518, 1.518, 1.518, 1.518, 1.518, 1.518, 1.518, 1.496, 1.496, 1.496, 1.5, 1.501, 1.502, 1.502, 1.502, 1.503, 1.5, 1.5, 1.505, 1.505, 1.505, 1.505, 1.505, 1.505, 1.505, 1.505, 1.505, 1.505, 1.505, 1.505, 1.505, 1.505, 1.505, 1.505, 1.505, 1.505, 1.505, 1.505, 1.505, 1.505, 1.505, 1.505, 1.505, 1.505, 1.505, 1.505, 1.505, 1.505, 1.505, 1.505, 1.5, 1.5, 1.499, 1.499, 1.495, 1.494, 1.494, 1.494, 1.494, 1.505, 1.505, 1.505, 1.487, 1.487, 1.505, 1.505, 1.505, 1.505, 1.505, 1.505, 1.505, 1.505, 1.505, 1.505, 1.505, 1.505, 1.505, 1.505, 1.505, 1.505, 1.505, 1.505, 1.505, 1.505, 1.505, 1.505, 1.505, 1.505, 1.505, 1.505, 1.505, 1.505, 1.505, 1.505, 1.505, 1.505, 1.505, 1.505, 1.505, 1.505, 1.505, 1.505, 1.505, 1.505, 1.505, 1.505, 1.505, 1.505, 1.468, 1.468, 1.468, 1.468, 1.469, 1.47, 1.473, 1.473, 1.473, 1.476, 1.477, 1.478, 1.505, 1.505, 1.505, 1.505, 1.505, 1.505, 1.505, 1.505, 1.505, 1.487, 1.488, 1.488, 1.485, 1.485, 1.484, 1.484, 1.484, 1.483, 1.483, 1.482, 1.48, 1.48, 1.48, 1.48, 1.505, 1.505, 1.505, 1.479, 1.48, 1.48, 1.48, 1.505, 1.505, 1.505, 4.734, 4.734, 4.734, 4.734, 4.734, 4.734, 4.734, 4.734, 4.734, 4.734, 4.734, 4.734, 4.734, 4.734, 4.734, 4.734, 4.734, 4.734, 4.734, 4.734, 4.734, 4.734, 4.734, 4.734, 4.734, 4.734, 4.734, 4.734, 4.734, 4.734, 4.734, 4.734, 4.734, 4.734, 4.734, 0, 
0, 1.531, 1.531, 1.531, 1.531, 1.531, 1.531, 1.531, 1.531, 1.531, 1.531, 1.531, 1.531, 1.531, 1.531, 1.531, 1.531, 1.531, 1.531, 1.531, 1.531, 1.531, 1.531, 1.531, 1.531, 1.531, 1.531, 1.531, 1.531, 1.531, 1.531, 1.531, 1.531, 1.531, 1.531, 1.531, 1.531, 1.531, 1.531, 1.531, 1.533, 1.533, 1.534, 1.534, 1.535, 1.535, 1.535, 1.535, 1.534, 1.533, 1.533, 1.532, 1.528, 1.527, 1.526, 1.525, 1.524, 1.524, 1.524, 1.525, 1.525, 1.526, 1.527, 1.528, 1.528, 1.528, 1.527, 1.526, 1.526, 1.525, 1.524, 1.524, 1.524, 1.524, 1.524, 1.524, 1.524, 1.523, 1.522, 1.522, 1.521, 1.52, 1.519, 1.518, 1.517, 1.516, 1.516, 1.516, 1.516, 1.516, 1.516, 1.517, 1.517, 1.517, 1.518, 1.519, 1.52, 1.521, 1.522, 1.522, 1.522, 1.522, 1.522, 1.521, 1.52, 1.52, 1.519, 1.518, 1.518, 1.519, 1.52, 1.52, 1.522, 1.523, 1.524, 1.525, 1.525, 1.525, 1.524, 1.523, 1.522, 1.522, 1.52, 1.52, 1.519, 1.519, 1.518, 1.518, 1.517, 1.517, 1.516, 1.516, 1.516, 1.516, 1.513, 1.513, 1.513, 1.513, 1.513, 1.516, 1.516, 1.517, 1.518, 1.518, 1.518, 1.518, 1.518, 1.518, 1.517, 1.516, 1.513, 1.513, 1.513, 1.512, 1.513, 1.513, 1.516, 1.516, 1.516, 1.516, 1.513, 1.513, 1.512, 1.511, 1.511, 1.51, 1.518, 1.518, 1.518, 1.518, 1.518, 1.518, 1.518, 1.518, 1.518, 1.518, 1.518, 1.518, 1.509, 1.508, 1.507, 1.507, 1.507, 1.506, 1.506, 1.505, 1.505, 1.504, 1.504, 1.505, 1.505, 1.506, 1.507, 1.508, 1.509, 1.509, 1.509, 1.509, 1.509, 1.509, 1.509, 1.509, 1.505, 1.505, 1.501, 1.501, 1.501, 1.5, 1.496, 1.496, 1.518, 1.518, 1.518, 1.518, 1.518, 1.518, 1.518, 1.506, 1.506, 1.505, 1.505, 1.505, 1.505, 1.504, 1.503, 1.518, 1.518, 1.518, 1.518, 1.518, 1.518, 1.518, 1.518, 1.518, 1.518, 1.518, 1.518, 1.518, 1.518, 1.518, 1.518, 1.518, 1.518, 1.518, 1.518, 1.518, 1.518, 1.518, 1.491, 1.492, 1.492, 1.492, 1.492, 1.493, 1.493, 1.518, 1.518, 1.518, 1.518, 1.518, 1.518, 1.518, 1.518, 1.518, 1.518, 1.518, 1.518, 1.518, 1.518, 1.518, 1.518, 1.518, 1.518, 1.518, 1.518, 1.518, 1.518, 1.518, 1.518, 1.518, 1.518, 1.518, 1.518, 1.489, 1.488, 1.488, 1.518, 1.518, 1.518, 1.492, 1.492, 1.492, 1.492, 1.493, 1.492, 1.492, 1.492, 1.492, 1.496, 1.496, 1.496, 1.5, 1.501, 1.501, 1.501, 1.502, 1.5, 1.5, 1.505, 1.505, 1.505, 1.505, 1.505, 1.505, 1.505, 1.505, 1.505, 1.505, 1.505, 1.505, 1.505, 1.505, 1.505, 1.505, 1.505, 1.505, 1.505, 1.505, 1.485, 1.485, 1.486, 1.486, 1.486, 1.487, 1.487, 1.505, 1.505, 1.505, 1.496, 1.495, 1.495, 1.495, 1.495, 1.494, 1.494, 1.493, 1.489, 1.489, 1.489, 1.487, 1.487, 1.487, 1.486, 1.486, 1.485, 1.485, 1.505, 1.505, 1.505, 1.505, 1.505, 1.505, 1.505, 1.505, 1.505, 1.505, 1.468, 1.468, 1.466, 1.466, 1.505, 1.505, 1.505, 1.505, 1.505, 1.505, 1.505, 1.505, 1.505, 1.505, 1.505, 1.505, 1.505, 1.505, 1.505, 1.505, 1.505, 1.505, 1.505, 1.505, 1.505, 1.505, 1.505, 1.505, 1.505, 1.505, 1.468, 1.466, 1.466, 1.466, 1.466, 1.466, 1.468, 1.468, 1.471, 1.472, 1.472, 1.475, 1.476, 1.478, 1.479, 1.48, 1.505, 1.505, 1.505, 1.505, 1.505, 1.505, 1.488, 1.486, 1.485, 1.484, 1.484, 1.484, 1.483, 1.483, 1.483, 1.482, 1.481, 1.481, 1.48, 1.48, 1.479, 1.479, 1.479, 1.479, 1.478, 1.478, 1.478, 1.475, 1.475, 1.476, 1.505, 1.505, 4.734, 4.734, 4.734, 4.734, 4.734, 4.734, 4.734, 4.734, 4.734, 4.734, 4.734, 4.734, 4.734, 4.734, 4.734, 4.734, 4.734, 4.734, 4.734, 4.734, 4.734, 4.734, 4.734, 4.734, 4.734, 4.734, 4.734, 4.734, 4.734, 4.734, 4.734, 4.734, 4.734, 4.734, 4.734, 0, 
1.532, 1.532, 1.531, 1.531, 1.531, 1.531, 1.531, 1.531, 1.531, 1.531, 1.531, 1.531, 1.531, 1.531, 1.531, 1.531, 1.531, 1.531, 1.531, 1.531, 1.531, 1.531, 1.531, 1.531, 1.531, 1.531, 1.531, 1.531, 1.531, 1.531, 1.531, 1.531, 1.531, 1.531, 1.531, 1.531, 1.531, 1.531, 1.531, 1.531, 1.533, 1.533, 1.533, 1.534, 1.534, 1.534, 1.534, 1.534, 1.534, 1.533, 1.532, 1.531, 1.527, 1.526, 1.525, 1.525, 1.524, 1.524, 1.524, 1.525, 1.526, 1.527, 1.528, 1.528, 1.528, 1.528, 1.527, 1.526, 1.526, 1.525, 1.524, 1.524, 1.524, 1.524, 1.524, 1.524, 1.524, 1.524, 1.523, 1.522, 1.521, 1.52, 1.519, 1.518, 1.517, 1.517, 1.517, 1.517, 1.517, 1.517, 1.517, 1.517, 1.518, 1.518, 1.519, 1.52, 1.52, 1.521, 1.522, 1.522, 1.522, 1.522, 1.522, 1.521, 1.52, 1.519, 1.518, 1.518, 1.518, 1.518, 1.519, 1.52, 1.521, 1.522, 1.524, 1.524, 1.525, 1.525, 1.524, 1.523, 1.522, 1.521, 1.52, 1.519, 1.519, 1.518, 1.518, 1.518, 1.517, 1.516, 1.516, 1.516, 1.516, 1.513, 1.513, 1.513, 1.513, 1.513, 1.513, 1.513, 1.516, 1.516, 1.517, 1.517, 1.518, 1.517, 1.517, 1.513, 1.513, 1.513, 1.513, 1.513, 1.512, 1.512, 1.512, 1.512, 1.512, 1.512, 1.513, 1.513, 1.513, 1.513, 1.511, 1.51, 1.51, 1.509, 1.509, 1.518, 1.518, 1.518, 1.518, 1.518, 1.518, 1.518, 1.518, 1.518, 1.506, 1.507, 1.507, 1.507, 1.507, 1.507, 1.506, 1.506, 1.505, 1.505, 1.504, 1.504, 1.504, 1.505, 1.505, 1.506, 1.506, 1.507, 1.508, 1.509, 1.509, 1.509, 1.509, 1.509, 1.509, 1.508, 1.505, 1.505, 1.501, 1.501, 1.501, 1.496, 1.496, 1.496, 1.496, 1.499, 1.499, 1.5, 1.501, 1.503, 1.504, 1.505, 1.505, 1.505, 1.505, 1.505, 1.504, 1.503, 1.502, 1.502, 1.502, 1.503, 1.503, 1.503, 1.503, 1.503, 1.518, 1.518, 1.518, 1.518, 1.518, 1.518, 1.518, 1.518, 1.518, 1.495, 1.495, 1.494, 1.49, 1.49, 1.49, 1.49, 1.49, 1.491, 1.491, 1.492, 1.492, 1.492, 1.492, 1.492, 1.492, 1.492, 1.492, 1.491, 1.518, 1.518, 1.518, 1.518, 1.518, 1.49, 1.49, 1.518, 1.492, 1.492, 1.492, 1.492, 1.518, 1.518, 1.518, 1.518, 1.518, 1.518, 1.518, 1.518, 1.518, 1.491, 1.49, 1.489, 1.488, 1.488, 1.489, 1.49, 1.49, 1.491, 1.492, 1.492, 1.492, 1.492, 1.492, 1.492, 1.492, 1.492, 1.496, 1.496, 1.496, 1.499, 1.5, 1.5, 1.501, 1.501, 1.5, 1.495, 1.496, 1.505, 1.486, 1.481, 1.48, 1.479, 1.478, 1.478, 1.478, 1.478, 1.478, 1.478, 1.479, 1.505, 1.483, 1.484, 1.484, 1.484, 1.483, 1.484, 1.484, 1.484, 1.485, 1.485, 1.486, 1.486, 1.486, 1.486, 1.487, 1.492, 1.492, 1.493, 1.494, 1.494, 1.494, 1.493, 1.492, 1.491, 1.488, 1.488, 1.488, 1.486, 1.486, 1.483, 1.484, 1.484, 1.484, 1.484, 1.483, 1.505, 1.505, 1.505, 1.505, 1.505, 1.505, 1.469, 1.468, 1.468, 1.466, 1.466, 1.466, 1.466, 1.468, 1.468, 1.47, 1.473, 1.505, 1.505, 1.505, 1.505, 1.505, 1.505, 1.505, 1.505, 1.505, 1.505, 1.505, 1.505, 1.505, 1.505, 1.505, 1.505, 1.47, 1.469, 1.469, 1.468, 1.468, 1.466, 1.466, 1.464, 1.464, 1.464, 1.464, 1.464, 1.464, 1.466, 1.468, 1.471, 1.471, 1.474, 1.474, 1.477, 1.478, 1.479, 1.505, 1.505, 1.505, 1.505, 1.505, 1.505, 1.488, 1.484, 1.484, 1.483, 1.483, 1.482, 1.482, 1.482, 1.482, 1.481, 1.48, 1.48, 1.479, 1.479, 1.479, 1.478, 1.478, 1.478, 1.477, 1.477, 1.474, 1.474, 1.474, 1.472, 1.472, 1.505, 4.734, 4.734, 4.734, 4.734, 4.734, 4.734, 4.734, 4.734, 4.734, 4.734, 4.734, 4.734, 4.734, 4.734, 4.734, 4.734, 4.734, 4.734, 4.734, 4.734, 4.734, 4.734, 4.734, 4.734, 4.734, 4.734, 4.734, 4.734, 4.734, 4.734, 4.734, 4.734, 4.734, 4.734, 4.734, 0, 
1.531, 1.531, 1.531, 1.531, 1.531, 1.531, 1.531, 1.531, 1.531, 1.531, 1.531, 1.531, 1.531, 1.531, 1.531, 1.531, 1.531, 1.531, 1.531, 1.531, 1.531, 1.531, 1.531, 1.531, 1.531, 1.531, 1.531, 1.531, 1.531, 1.531, 1.531, 1.531, 1.531, 1.531, 1.531, 1.531, 1.531, 1.531, 1.531, 1.531, 1.533, 1.533, 1.533, 1.533, 1.533, 1.533, 1.533, 1.533, 1.532, 1.532, 1.528, 1.527, 1.526, 1.525, 1.524, 1.524, 1.524, 1.524, 1.524, 1.525, 1.526, 1.527, 1.528, 1.528, 1.528, 1.528, 1.527, 1.526, 1.525, 1.524, 1.523, 1.523, 1.524, 1.524, 1.524, 1.524, 1.524, 1.523, 1.522, 1.522, 1.521, 1.52, 1.519, 1.518, 1.518, 1.518, 1.518, 1.518, 1.518, 1.518, 1.518, 1.518, 1.519, 1.52, 1.52, 1.52, 1.521, 1.521, 1.522, 1.522, 1.522, 1.522, 1.521, 1.52, 1.519, 1.519, 1.518, 1.517, 1.517, 1.518, 1.518, 1.519, 1.52, 1.522, 1.523, 1.524, 1.524, 1.524, 1.523, 1.522, 1.521, 1.52, 1.519, 1.518, 1.518, 1.518, 1.517, 1.517, 1.516, 1.516, 1.516, 1.516, 1.513, 1.513, 1.513, 1.512, 1.512, 1.512, 1.513, 1.513, 1.513, 1.516, 1.517, 1.517, 1.517, 1.517, 1.516, 1.512, 1.512, 1.512, 1.512, 1.512, 1.509, 1.51, 1.511, 1.511, 1.511, 1.511, 1.512, 1.512, 1.513, 1.509, 1.509, 1.509, 1.509, 1.508, 1.508, 1.507, 1.518, 1.518, 1.518, 1.518, 1.518, 1.504, 1.505, 1.505, 1.505, 1.506, 1.506, 1.507, 1.506, 1.506, 1.506, 1.505, 1.505, 1.505, 1.504, 1.504, 1.504, 1.505, 1.505, 1.505, 1.506, 1.507, 1.508, 1.508, 1.509, 1.509, 1.509, 1.509, 1.508, 1.507, 1.504, 1.503, 1.501, 1.501, 1.501, 1.496, 1.496, 1.496, 1.496, 1.499, 1.499, 1.499, 1.502, 1.503, 1.504, 1.505, 1.505, 1.506, 1.505, 1.505, 1.504, 1.503, 1.502, 1.502, 1.502, 1.502, 1.502, 1.503, 1.503, 1.503, 1.518, 1.518, 1.518, 1.518, 1.518, 1.518, 1.5, 1.499, 1.496, 1.495, 1.494, 1.493, 1.49, 1.49, 1.49, 1.49, 1.49, 1.49, 1.491, 1.492, 1.492, 1.492, 1.492, 1.492, 1.492, 1.492, 1.491, 1.491, 1.49, 1.49, 1.518, 1.489, 1.49, 1.49, 1.49, 1.49, 1.491, 1.491, 1.492, 1.492, 1.492, 1.492, 1.492, 1.492, 1.493, 1.518, 1.518, 1.491, 1.49, 1.49, 1.49, 1.489, 1.488, 1.488, 1.489, 1.49, 1.49, 1.491, 1.492, 1.492, 1.492, 1.492, 1.492, 1.492, 1.492, 1.492, 1.492, 1.496, 1.496, 1.496, 1.499, 1.5, 1.5, 1.5, 1.499, 1.494, 1.491, 1.49, 1.486, 1.481, 1.48, 1.479, 1.478, 1.477, 1.477, 1.478, 1.478, 1.478, 1.479, 1.479, 1.483, 1.483, 1.483, 1.483, 1.482, 1.482, 1.483, 1.483, 1.484, 1.484, 1.484, 1.486, 1.486, 1.486, 1.486, 1.49, 1.491, 1.492, 1.493, 1.493, 1.492, 1.493, 1.489, 1.488, 1.487, 1.487, 1.484, 1.484, 1.484, 1.482, 1.482, 1.482, 1.482, 1.482, 1.482, 1.505, 1.505, 1.505, 1.505, 1.505, 1.47, 1.469, 1.468, 1.466, 1.466, 1.464, 1.464, 1.466, 1.466, 1.468, 1.468, 1.473, 1.476, 1.479, 1.482, 1.483, 1.485, 1.485, 1.485, 1.483, 1.481, 1.479, 1.477, 1.476, 1.474, 1.473, 1.472, 1.471, 1.47, 1.47, 1.469, 1.466, 1.466, 1.466, 1.466, 1.464, 1.462, 1.462, 1.462, 1.462, 1.462, 1.464, 1.466, 1.468, 1.471, 1.472, 1.473, 1.473, 1.477, 1.479, 1.505, 1.505, 1.505, 1.505, 1.505, 1.505, 1.505, 1.483, 1.483, 1.483, 1.482, 1.481, 1.481, 1.481, 1.477, 1.478, 1.48, 1.479, 1.478, 1.478, 1.478, 1.478, 1.478, 1.477, 1.476, 1.475, 1.474, 1.473, 1.473, 1.472, 1.472, 1.505, 4.734, 4.734, 4.734, 4.734, 4.734, 4.734, 4.734, 4.734, 4.734, 4.734, 4.734, 4.734, 4.734, 4.734, 4.734, 4.734, 4.734, 4.734, 4.734, 4.734, 4.734, 4.734, 4.734, 4.734, 4.734, 4.734, 4.734, 4.734, 4.734, 4.734, 4.734, 4.734, 4.734, 4.734, 4.734, 0, 
1.531, 1.531, 1.531, 1.531, 1.531, 1.531, 1.531, 1.528, 1.528, 1.531, 1.531, 1.531, 1.531, 1.531, 1.531, 1.531, 1.531, 1.531, 1.531, 1.531, 1.531, 1.531, 1.531, 1.531, 1.531, 1.531, 1.531, 1.531, 1.531, 1.531, 1.531, 1.531, 1.531, 1.531, 1.531, 1.531, 1.531, 1.531, 1.531, 1.531, 1.531, 1.532, 1.532, 1.532, 1.532, 1.532, 1.532, 1.532, 1.528, 1.527, 1.527, 1.526, 1.525, 1.524, 1.523, 1.523, 1.523, 1.524, 1.524, 1.526, 1.526, 1.527, 1.528, 1.528, 1.528, 1.528, 1.527, 1.526, 1.525, 1.524, 1.523, 1.523, 1.523, 1.524, 1.524, 1.524, 1.524, 1.523, 1.522, 1.522, 1.521, 1.52, 1.52, 1.519, 1.518, 1.518, 1.518, 1.518, 1.518, 1.519, 1.519, 1.519, 1.52, 1.52, 1.521, 1.521, 1.522, 1.522, 1.522, 1.522, 1.522, 1.522, 1.521, 1.52, 1.519, 1.518, 1.517, 1.516, 1.516, 1.517, 1.518, 1.519, 1.52, 1.522, 1.523, 1.523, 1.524, 1.524, 1.523, 1.522, 1.52, 1.519, 1.518, 1.517, 1.517, 1.517, 1.517, 1.517, 1.516, 1.516, 1.513, 1.513, 1.513, 1.512, 1.512, 1.512, 1.512, 1.512, 1.512, 1.512, 1.512, 1.513, 1.513, 1.513, 1.512, 1.511, 1.511, 1.511, 1.508, 1.507, 1.507, 1.507, 1.507, 1.507, 1.507, 1.509, 1.51, 1.51, 1.511, 1.51, 1.509, 1.509, 1.509, 1.509, 1.508, 1.507, 1.507, 1.506, 1.505, 1.518, 1.504, 1.504, 1.504, 1.504, 1.504, 1.505, 1.505, 1.505, 1.505, 1.506, 1.506, 1.505, 1.505, 1.505, 1.505, 1.505, 1.505, 1.505, 1.505, 1.505, 1.505, 1.505, 1.506, 1.506, 1.507, 1.507, 1.508, 1.508, 1.508, 1.508, 1.507, 1.506, 1.503, 1.503, 1.501, 1.501, 1.5, 1.499, 1.499, 1.496, 1.496, 1.499, 1.499, 1.499, 1.503, 1.503, 1.504, 1.504, 1.504, 1.504, 1.504, 1.504, 1.504, 1.503, 1.502, 1.501, 1.501, 1.501, 1.502, 1.502, 1.502, 1.503, 1.503, 1.503, 1.503, 1.502, 1.501, 1.501, 1.5, 1.499, 1.495, 1.494, 1.494, 1.493, 1.49, 1.49, 1.49, 1.49, 1.49, 1.49, 1.491, 1.492, 1.492, 1.492, 1.492, 1.492, 1.492, 1.492, 1.491, 1.49, 1.49, 1.49, 1.489, 1.489, 1.489, 1.489, 1.49, 1.49, 1.49, 1.491, 1.492, 1.492, 1.492, 1.492, 1.492, 1.492, 1.493, 1.493, 1.493, 1.491, 1.49, 1.49, 1.491, 1.488, 1.488, 1.488, 1.489, 1.49, 1.49, 1.491, 1.491, 1.492, 1.492, 1.491, 1.491, 1.491, 1.491, 1.491, 1.492, 1.492, 1.492, 1.495, 1.495, 1.496, 1.496, 1.496, 1.495, 1.492, 1.491, 1.49, 1.486, 1.481, 1.48, 1.479, 1.478, 1.477, 1.477, 1.477, 1.478, 1.478, 1.479, 1.48, 1.481, 1.482, 1.482, 1.482, 1.482, 1.482, 1.482, 1.482, 1.482, 1.483, 1.482, 1.482, 1.485, 1.485, 1.486, 1.489, 1.49, 1.491, 1.491, 1.491, 1.491, 1.488, 1.488, 1.488, 1.487, 1.486, 1.484, 1.483, 1.483, 1.48, 1.48, 1.48, 1.48, 1.481, 1.481, 1.505, 1.505, 1.505, 1.505, 1.505, 1.47, 1.466, 1.466, 1.466, 1.466, 1.464, 1.464, 1.466, 1.466, 1.468, 1.468, 1.472, 1.476, 1.479, 1.482, 1.482, 1.484, 1.484, 1.484, 1.482, 1.48, 1.478, 1.477, 1.475, 1.473, 1.472, 1.471, 1.47, 1.47, 1.47, 1.468, 1.466, 1.466, 1.466, 1.464, 1.462, 1.462, 1.46, 1.46, 1.46, 1.462, 1.462, 1.464, 1.466, 1.466, 1.468, 1.471, 1.472, 1.476, 1.479, 1.505, 1.505, 1.505, 1.505, 1.505, 1.505, 1.505, 1.478, 1.478, 1.478, 1.478, 1.475, 1.475, 1.476, 1.476, 1.476, 1.475, 1.478, 1.477, 1.477, 1.477, 1.477, 1.477, 1.477, 1.476, 1.474, 1.473, 1.473, 1.472, 1.471, 1.471, 1.505, 4.734, 4.734, 4.734, 4.734, 1.454, 1.454, 4.734, 4.734, 4.734, 4.734, 4.734, 4.734, 4.734, 4.734, 4.734, 4.734, 4.734, 4.734, 4.734, 4.734, 4.734, 4.734, 4.734, 4.734, 4.734, 4.734, 4.734, 4.734, 4.734, 4.734, 4.734, 4.734, 4.734, 4.734, 4.734, 0, 
1.531, 1.531, 1.531, 1.531, 1.531, 1.531, 1.531, 1.528, 1.528, 1.528, 1.531, 1.531, 1.531, 1.531, 1.531, 1.531, 1.531, 1.531, 1.531, 1.531, 1.531, 1.531, 1.531, 1.531, 1.531, 1.531, 1.531, 1.531, 1.531, 1.531, 1.531, 1.531, 1.531, 1.531, 1.531, 1.531, 1.531, 1.531, 1.531, 1.531, 1.527, 1.527, 1.527, 1.528, 1.531, 1.528, 1.528, 1.528, 1.527, 1.526, 1.526, 1.525, 1.524, 1.523, 1.523, 1.523, 1.523, 1.524, 1.524, 1.526, 1.526, 1.527, 1.528, 1.528, 1.528, 1.527, 1.526, 1.526, 1.525, 1.524, 1.523, 1.523, 1.523, 1.523, 1.524, 1.524, 1.524, 1.523, 1.522, 1.522, 1.521, 1.521, 1.52, 1.519, 1.519, 1.519, 1.519, 1.52, 1.52, 1.52, 1.52, 1.52, 1.521, 1.521, 1.522, 1.522, 1.522, 1.522, 1.522, 1.522, 1.522, 1.522, 1.521, 1.52, 1.519, 1.518, 1.517, 1.516, 1.516, 1.516, 1.517, 1.518, 1.519, 1.522, 1.522, 1.523, 1.524, 1.523, 1.522, 1.521, 1.52, 1.519, 1.518, 1.517, 1.516, 1.516, 1.513, 1.513, 1.513, 1.513, 1.513, 1.513, 1.512, 1.512, 1.511, 1.511, 1.511, 1.511, 1.511, 1.511, 1.512, 1.512, 1.512, 1.512, 1.511, 1.511, 1.51, 1.509, 1.508, 1.507, 1.506, 1.506, 1.506, 1.506, 1.507, 1.507, 1.508, 1.509, 1.509, 1.509, 1.509, 1.509, 1.508, 1.508, 1.507, 1.506, 1.505, 1.505, 1.504, 1.503, 1.503, 1.503, 1.503, 1.503, 1.504, 1.504, 1.505, 1.505, 1.505, 1.505, 1.505, 1.505, 1.505, 1.505, 1.505, 1.505, 1.505, 1.505, 1.505, 1.505, 1.505, 1.505, 1.505, 1.506, 1.507, 1.507, 1.507, 1.507, 1.507, 1.507, 1.506, 1.505, 1.503, 1.502, 1.501, 1.501, 1.5, 1.499, 1.496, 1.496, 1.496, 1.499, 1.499, 1.499, 1.503, 1.503, 1.503, 1.504, 1.504, 1.503, 1.503, 1.503, 1.503, 1.502, 1.501, 1.501, 1.501, 1.501, 1.501, 1.501, 1.502, 1.503, 1.503, 1.503, 1.503, 1.502, 1.501, 1.501, 1.5, 1.499, 1.495, 1.494, 1.494, 1.492, 1.491, 1.49, 1.49, 1.49, 1.49, 1.491, 1.491, 1.492, 1.492, 1.492, 1.492, 1.492, 1.492, 1.492, 1.491, 1.49, 1.49, 1.49, 1.489, 1.489, 1.489, 1.489, 1.49, 1.49, 1.491, 1.491, 1.492, 1.492, 1.492, 1.492, 1.492, 1.492, 1.492, 1.493, 1.492, 1.491, 1.491, 1.49, 1.49, 1.489, 1.488, 1.488, 1.489, 1.49, 1.49, 1.49, 1.491, 1.491, 1.491, 1.491, 1.49, 1.49, 1.49, 1.491, 1.491, 1.492, 1.493, 1.494, 1.495, 1.495, 1.495, 1.495, 1.494, 1.491, 1.49, 1.489, 1.485, 1.481, 1.48, 1.479, 1.478, 1.477, 1.477, 1.477, 1.477, 1.478, 1.478, 1.479, 1.48, 1.481, 1.481, 1.481, 1.481, 1.481, 1.481, 1.482, 1.482, 1.482, 1.482, 1.482, 1.483, 1.484, 1.486, 1.487, 1.488, 1.489, 1.49, 1.489, 1.488, 1.487, 1.486, 1.483, 1.481, 1.48, 1.48, 1.48, 1.478, 1.478, 1.479, 1.479, 1.479, 1.476, 1.476, 1.505, 1.505, 1.505, 1.505, 1.505, 1.505, 1.466, 1.466, 1.464, 1.464, 1.464, 1.464, 1.464, 1.466, 1.466, 1.47, 1.472, 1.476, 1.478, 1.481, 1.481, 1.484, 1.484, 1.483, 1.482, 1.48, 1.478, 1.476, 1.474, 1.473, 1.472, 1.471, 1.47, 1.47, 1.47, 1.468, 1.468, 1.466, 1.466, 1.464, 1.462, 1.46, 1.46, 1.458, 1.458, 1.458, 1.46, 1.46, 1.462, 1.464, 1.466, 1.468, 1.471, 1.476, 1.479, 1.505, 1.505, 1.505, 1.505, 1.505, 1.505, 1.473, 1.473, 1.473, 1.473, 1.474, 1.474, 1.474, 1.475, 1.475, 1.475, 1.474, 1.474, 1.475, 1.476, 1.476, 1.476, 1.476, 1.476, 1.475, 1.474, 1.473, 1.472, 1.471, 1.468, 1.466, 1.464, 1.462, 1.462, 4.734, 4.734, 1.454, 1.454, 1.454, 1.454, 4.734, 4.734, 4.734, 4.734, 4.734, 4.734, 4.734, 4.734, 4.734, 4.734, 4.734, 4.734, 4.734, 4.734, 4.734, 4.734, 4.734, 4.734, 4.734, 4.734, 4.734, 4.734, 4.734, 4.734, 4.734, 4.734, 4.734, 0, 
1.531, 1.531, 1.531, 1.531, 1.531, 1.531, 1.531, 1.528, 1.528, 1.527, 1.526, 1.531, 1.518, 1.518, 1.531, 1.531, 1.531, 1.531, 1.531, 1.531, 1.531, 1.531, 1.531, 1.531, 1.531, 1.531, 1.531, 1.531, 1.531, 1.531, 1.531, 1.531, 1.531, 1.531, 1.531, 1.531, 1.531, 1.531, 1.531, 1.531, 1.526, 1.526, 1.526, 1.527, 1.527, 1.527, 1.527, 1.527, 1.526, 1.526, 1.525, 1.524, 1.523, 1.523, 1.522, 1.523, 1.523, 1.524, 1.525, 1.526, 1.527, 1.528, 1.528, 1.528, 1.528, 1.527, 1.526, 1.526, 1.525, 1.524, 1.524, 1.523, 1.523, 1.523, 1.524, 1.524, 1.524, 1.523, 1.522, 1.522, 1.522, 1.521, 1.52, 1.52, 1.52, 1.52, 1.52, 1.52, 1.521, 1.52, 1.52, 1.521, 1.522, 1.523, 1.523, 1.523, 1.523, 1.523, 1.523, 1.523, 1.522, 1.522, 1.521, 1.52, 1.518, 1.517, 1.517, 1.516, 1.516, 1.516, 1.517, 1.517, 1.518, 1.522, 1.522, 1.523, 1.523, 1.523, 1.522, 1.521, 1.519, 1.518, 1.518, 1.517, 1.516, 1.516, 1.513, 1.513, 1.513, 1.513, 1.513, 1.512, 1.512, 1.511, 1.511, 1.511, 1.511, 1.511, 1.511, 1.511, 1.511, 1.511, 1.511, 1.511, 1.511, 1.51, 1.509, 1.508, 1.507, 1.506, 1.506, 1.505, 1.505, 1.505, 1.506, 1.507, 1.507, 1.508, 1.509, 1.509, 1.508, 1.508, 1.507, 1.507, 1.506, 1.505, 1.505, 1.504, 1.503, 1.503, 1.503, 1.503, 1.503, 1.503, 1.503, 1.504, 1.504, 1.505, 1.505, 1.505, 1.505, 1.505, 1.505, 1.505, 1.505, 1.505, 1.505, 1.505, 1.505, 1.505, 1.505, 1.505, 1.505, 1.506, 1.506, 1.507, 1.507, 1.507, 1.506, 1.506, 1.505, 1.504, 1.503, 1.502, 1.501, 1.5, 1.499, 1.499, 1.496, 1.496, 1.496, 1.499, 1.499, 1.499, 1.502, 1.503, 1.503, 1.504, 1.504, 1.503, 1.503, 1.502, 1.502, 1.501, 1.501, 1.501, 1.501, 1.501, 1.501, 1.501, 1.502, 1.502, 1.503, 1.503, 1.502, 1.502, 1.501, 1.501, 1.5, 1.499, 1.495, 1.494, 1.493, 1.492, 1.491, 1.49, 1.49, 1.49, 1.49, 1.491, 1.492, 1.492, 1.492, 1.492, 1.492, 1.492, 1.492, 1.492, 1.491, 1.49, 1.49, 1.49, 1.49, 1.49, 1.49, 1.49, 1.49, 1.49, 1.491, 1.492, 1.492, 1.492, 1.492, 1.492, 1.492, 1.492, 1.492, 1.492, 1.492, 1.492, 1.491, 1.49, 1.49, 1.489, 1.488, 1.488, 1.489, 1.49, 1.49, 1.49, 1.49, 1.49, 1.49, 1.49, 1.49, 1.49, 1.49, 1.49, 1.491, 1.492, 1.492, 1.493, 1.494, 1.494, 1.494, 1.494, 1.493, 1.49, 1.489, 1.487, 1.485, 1.481, 1.48, 1.479, 1.478, 1.477, 1.476, 1.476, 1.477, 1.477, 1.478, 1.478, 1.479, 1.48, 1.48, 1.48, 1.48, 1.48, 1.48, 1.479, 1.478, 1.478, 1.479, 1.481, 1.482, 1.483, 1.484, 1.486, 1.487, 1.488, 1.488, 1.488, 1.487, 1.486, 1.485, 1.482, 1.479, 1.478, 1.478, 1.477, 1.476, 1.476, 1.473, 1.473, 1.473, 1.473, 1.472, 1.472, 1.505, 1.505, 1.505, 1.505, 1.505, 1.505, 1.505, 1.462, 1.462, 1.462, 1.464, 1.464, 1.466, 1.466, 1.47, 1.471, 1.476, 1.479, 1.48, 1.48, 1.483, 1.483, 1.482, 1.481, 1.479, 1.478, 1.476, 1.474, 1.473, 1.472, 1.471, 1.471, 1.47, 1.47, 1.468, 1.468, 1.466, 1.466, 1.462, 1.46, 1.458, 1.456, 1.456, 1.456, 1.456, 1.456, 1.458, 1.46, 1.462, 1.462, 1.466, 1.468, 1.47, 1.471, 1.471, 1.505, 1.472, 1.472, 1.473, 1.473, 1.473, 1.472, 1.472, 1.472, 1.473, 1.473, 1.47, 1.47, 1.47, 1.47, 1.472, 1.473, 1.474, 1.474, 1.475, 1.475, 1.475, 1.475, 1.474, 1.473, 1.472, 1.471, 1.468, 1.466, 1.466, 1.464, 1.462, 1.458, 1.456, 1.456, 1.454, 1.454, 1.454, 1.454, 1.454, 1.456, 4.734, 4.734, 4.734, 4.734, 4.734, 4.734, 4.734, 4.734, 4.734, 4.734, 4.734, 4.734, 4.734, 4.734, 4.734, 4.734, 4.734, 4.734, 4.734, 4.734, 4.734, 4.734, 4.734, 4.734, 4.734, 0, 
1.531, 1.531, 1.531, 1.531, 1.531, 1.531, 1.531, 1.531, 1.527, 1.526, 1.525, 1.522, 1.518, 1.517, 1.513, 1.512, 1.531, 1.531, 1.531, 1.531, 1.531, 1.531, 1.531, 1.531, 1.531, 1.531, 1.531, 1.531, 1.531, 1.531, 1.531, 1.531, 1.531, 1.531, 1.531, 1.531, 1.531, 1.531, 1.531, 1.531, 1.524, 1.524, 1.524, 1.524, 1.526, 1.526, 1.526, 1.526, 1.525, 1.525, 1.524, 1.523, 1.523, 1.522, 1.522, 1.523, 1.523, 1.524, 1.525, 1.526, 1.527, 1.528, 1.528, 1.528, 1.528, 1.527, 1.526, 1.526, 1.525, 1.524, 1.524, 1.523, 1.523, 1.523, 1.524, 1.524, 1.524, 1.523, 1.523, 1.522, 1.522, 1.522, 1.521, 1.521, 1.521, 1.521, 1.522, 1.522, 1.522, 1.522, 1.524, 1.524, 1.524, 1.524, 1.524, 1.524, 1.524, 1.524, 1.523, 1.523, 1.523, 1.522, 1.521, 1.52, 1.518, 1.517, 1.516, 1.516, 1.516, 1.516, 1.516, 1.517, 1.518, 1.521, 1.522, 1.523, 1.523, 1.523, 1.522, 1.52, 1.519, 1.518, 1.517, 1.516, 1.516, 1.516, 1.516, 1.516, 1.516, 1.513, 1.513, 1.512, 1.511, 1.511, 1.511, 1.511, 1.511, 1.511, 1.511, 1.511, 1.511, 1.511, 1.511, 1.511, 1.51, 1.509, 1.508, 1.507, 1.506, 1.506, 1.505, 1.505, 1.505, 1.505, 1.506, 1.507, 1.507, 1.508, 1.508, 1.508, 1.507, 1.507, 1.506, 1.506, 1.505, 1.505, 1.504, 1.503, 1.503, 1.503, 1.503, 1.503, 1.503, 1.503, 1.503, 1.503, 1.504, 1.505, 1.505, 1.505, 1.505, 1.505, 1.505, 1.505, 1.505, 1.505, 1.505, 1.505, 1.505, 1.505, 1.505, 1.505, 1.505, 1.505, 1.506, 1.506, 1.506, 1.506, 1.506, 1.505, 1.505, 1.504, 1.503, 1.502, 1.501, 1.5, 1.499, 1.499, 1.496, 1.496, 1.499, 1.499, 1.5, 1.5, 1.501, 1.503, 1.503, 1.504, 1.504, 1.504, 1.503, 1.502, 1.502, 1.501, 1.501, 1.501, 1.501, 1.501, 1.501, 1.501, 1.502, 1.502, 1.503, 1.502, 1.502, 1.501, 1.501, 1.5, 1.5, 1.499, 1.495, 1.494, 1.494, 1.492, 1.491, 1.49, 1.49, 1.49, 1.49, 1.491, 1.492, 1.492, 1.492, 1.493, 1.493, 1.493, 1.493, 1.492, 1.491, 1.49, 1.49, 1.49, 1.49, 1.49, 1.49, 1.49, 1.49, 1.491, 1.491, 1.492, 1.492, 1.492, 1.492, 1.492, 1.492, 1.492, 1.492, 1.493, 1.492, 1.492, 1.491, 1.491, 1.49, 1.489, 1.489, 1.489, 1.489, 1.49, 1.49, 1.49, 1.49, 1.49, 1.49, 1.49, 1.49, 1.489, 1.489, 1.489, 1.49, 1.491, 1.492, 1.493, 1.494, 1.494, 1.494, 1.493, 1.492, 1.49, 1.488, 1.486, 1.485, 1.481, 1.48, 1.479, 1.478, 1.477, 1.476, 1.476, 1.476, 1.477, 1.477, 1.478, 1.478, 1.479, 1.479, 1.478, 1.478, 1.478, 1.478, 1.478, 1.478, 1.478, 1.478, 1.479, 1.481, 1.482, 1.483, 1.485, 1.486, 1.487, 1.487, 1.487, 1.486, 1.484, 1.483, 1.481, 1.478, 1.477, 1.476, 1.476, 1.475, 1.474, 1.472, 1.472, 1.472, 1.472, 1.471, 1.471, 1.468, 1.466, 1.464, 1.464, 1.505, 1.505, 1.505, 1.46, 1.46, 1.462, 1.462, 1.464, 1.466, 1.466, 1.471, 1.471, 1.475, 1.478, 1.479, 1.48, 1.481, 1.481, 1.481, 1.48, 1.478, 1.477, 1.476, 1.474, 1.473, 1.472, 1.472, 1.471, 1.471, 1.47, 1.468, 1.468, 1.466, 1.464, 1.462, 1.46, 1.458, 1.456, 1.454, 1.454, 1.454, 1.456, 1.456, 1.46, 1.46, 1.462, 1.466, 1.468, 1.47, 1.471, 1.472, 1.472, 1.472, 1.472, 1.472, 1.472, 1.472, 1.472, 1.471, 1.471, 1.468, 1.468, 1.468, 1.468, 1.468, 1.468, 1.471, 1.472, 1.473, 1.473, 1.474, 1.474, 1.475, 1.474, 1.474, 1.472, 1.471, 1.471, 1.468, 1.466, 1.466, 1.464, 1.462, 1.458, 1.456, 1.456, 1.454, 1.454, 1.454, 1.454, 1.454, 1.456, 1.458, 1.458, 1.46, 4.734, 4.734, 4.734, 4.734, 4.734, 4.734, 4.734, 4.734, 4.734, 4.734, 4.734, 4.734, 4.734, 4.734, 4.734, 4.734, 4.734, 4.734, 4.734, 4.734, 4.734, 4.734, 0, 
1.531, 1.531, 1.531, 1.531, 1.531, 1.531, 1.531, 1.531, 1.528, 1.525, 1.525, 1.521, 1.518, 1.513, 1.512, 1.511, 1.51, 1.509, 1.531, 1.531, 1.531, 1.531, 1.531, 1.531, 1.531, 1.531, 1.531, 1.531, 1.531, 1.531, 1.531, 1.531, 1.531, 1.531, 1.531, 1.531, 1.531, 1.531, 1.531, 1.531, 1.523, 1.523, 1.524, 1.524, 1.525, 1.525, 1.525, 1.525, 1.524, 1.524, 1.523, 1.523, 1.522, 1.522, 1.522, 1.522, 1.523, 1.524, 1.525, 1.526, 1.527, 1.531, 1.531, 1.531, 1.528, 1.527, 1.527, 1.526, 1.525, 1.524, 1.524, 1.524, 1.524, 1.524, 1.524, 1.524, 1.524, 1.523, 1.523, 1.522, 1.522, 1.522, 1.522, 1.522, 1.522, 1.522, 1.523, 1.523, 1.524, 1.524, 1.525, 1.525, 1.525, 1.525, 1.524, 1.524, 1.523, 1.523, 1.523, 1.522, 1.522, 1.522, 1.521, 1.52, 1.518, 1.517, 1.517, 1.516, 1.516, 1.516, 1.516, 1.517, 1.518, 1.52, 1.522, 1.523, 1.523, 1.523, 1.522, 1.52, 1.519, 1.518, 1.517, 1.516, 1.516, 1.516, 1.516, 1.516, 1.516, 1.513, 1.513, 1.512, 1.511, 1.511, 1.511, 1.511, 1.511, 1.511, 1.511, 1.511, 1.511, 1.511, 1.511, 1.511, 1.51, 1.509, 1.508, 1.507, 1.506, 1.505, 1.505, 1.505, 1.505, 1.505, 1.506, 1.507, 1.507, 1.507, 1.507, 1.507, 1.507, 1.506, 1.506, 1.505, 1.505, 1.504, 1.503, 1.503, 1.503, 1.503, 1.503, 1.503, 1.503, 1.503, 1.504, 1.504, 1.504, 1.505, 1.505, 1.505, 1.505, 1.505, 1.505, 1.505, 1.505, 1.505, 1.505, 1.505, 1.505, 1.505, 1.505, 1.505, 1.505, 1.505, 1.505, 1.505, 1.505, 1.505, 1.505, 1.505, 1.504, 1.503, 1.502, 1.501, 1.501, 1.5, 1.499, 1.499, 1.499, 1.499, 1.499, 1.5, 1.5, 1.501, 1.502, 1.503, 1.504, 1.504, 1.505, 1.504, 1.504, 1.503, 1.502, 1.501, 1.501, 1.501, 1.501, 1.501, 1.501, 1.501, 1.502, 1.503, 1.503, 1.502, 1.502, 1.501, 1.501, 1.5, 1.499, 1.499, 1.495, 1.494, 1.494, 1.492, 1.491, 1.49, 1.49, 1.49, 1.491, 1.491, 1.492, 1.492, 1.493, 1.493, 1.494, 1.494, 1.493, 1.492, 1.491, 1.49, 1.49, 1.49, 1.49, 1.49, 1.49, 1.49, 1.49, 1.491, 1.492, 1.492, 1.492, 1.492, 1.492, 1.492, 1.492, 1.493, 1.493, 1.493, 1.493, 1.492, 1.492, 1.491, 1.49, 1.49, 1.489, 1.489, 1.49, 1.49, 1.49, 1.49, 1.49, 1.49, 1.49, 1.49, 1.489, 1.489, 1.488, 1.489, 1.49, 1.49, 1.491, 1.492, 1.493, 1.494, 1.494, 1.493, 1.492, 1.49, 1.488, 1.486, 1.485, 1.482, 1.48, 1.479, 1.478, 1.477, 1.476, 1.476, 1.476, 1.476, 1.477, 1.477, 1.478, 1.478, 1.478, 1.477, 1.476, 1.476, 1.476, 1.476, 1.476, 1.476, 1.477, 1.478, 1.479, 1.481, 1.482, 1.484, 1.485, 1.486, 1.487, 1.486, 1.485, 1.483, 1.482, 1.481, 1.476, 1.476, 1.475, 1.474, 1.474, 1.472, 1.471, 1.471, 1.471, 1.471, 1.471, 1.468, 1.466, 1.466, 1.462, 1.46, 1.46, 1.46, 1.46, 1.46, 1.46, 1.46, 1.462, 1.464, 1.466, 1.468, 1.471, 1.471, 1.475, 1.478, 1.478, 1.479, 1.48, 1.48, 1.479, 1.478, 1.477, 1.476, 1.475, 1.474, 1.474, 1.473, 1.472, 1.472, 1.471, 1.47, 1.468, 1.468, 1.466, 1.464, 1.462, 1.46, 1.458, 1.456, 1.454, 1.454, 1.454, 1.456, 1.456, 1.46, 1.46, 1.464, 1.466, 1.468, 1.47, 1.471, 1.472, 1.472, 1.472, 1.472, 1.472, 1.472, 1.471, 1.471, 1.47, 1.468, 1.468, 1.466, 1.466, 1.466, 1.466, 1.468, 1.468, 1.471, 1.472, 1.473, 1.474, 1.474, 1.474, 1.474, 1.473, 1.472, 1.471, 1.471, 1.468, 1.468, 1.466, 1.464, 1.462, 1.46, 1.458, 1.456, 1.456, 1.454, 1.454, 1.454, 1.454, 1.456, 1.456, 1.458, 1.46, 1.46, 1.462, 1.462, 1.46, 1.46, 4.734, 4.734, 4.734, 4.734, 4.734, 4.734, 4.734, 4.734, 4.734, 4.734, 4.734, 4.734, 4.734, 4.734, 4.734, 4.734, 4.734, 0, 
1.528, 1.531, 1.531, 1.531, 1.531, 1.531, 1.531, 1.531, 1.528, 1.524, 1.524, 1.521, 1.518, 1.512, 1.511, 1.51, 1.509, 1.509, 1.531, 1.531, 1.531, 1.531, 1.531, 1.531, 1.531, 1.531, 1.531, 1.531, 1.531, 1.531, 1.531, 1.531, 1.531, 1.531, 1.531, 1.531, 1.531, 1.531, 1.531, 1.522, 1.522, 1.522, 1.523, 1.523, 1.524, 1.524, 1.524, 1.524, 1.523, 1.523, 1.522, 1.522, 1.522, 1.522, 1.522, 1.522, 1.523, 1.524, 1.525, 1.526, 1.527, 1.528, 1.528, 1.528, 1.528, 1.528, 1.527, 1.526, 1.525, 1.524, 1.524, 1.524, 1.524, 1.524, 1.524, 1.524, 1.523, 1.523, 1.522, 1.522, 1.522, 1.522, 1.522, 1.522, 1.523, 1.523, 1.524, 1.524, 1.525, 1.525, 1.526, 1.526, 1.525, 1.524, 1.523, 1.523, 1.522, 1.522, 1.522, 1.522, 1.522, 1.522, 1.521, 1.52, 1.519, 1.518, 1.517, 1.516, 1.516, 1.516, 1.516, 1.517, 1.518, 1.52, 1.521, 1.522, 1.523, 1.522, 1.522, 1.52, 1.519, 1.518, 1.517, 1.516, 1.516, 1.516, 1.516, 1.516, 1.516, 1.516, 1.513, 1.512, 1.512, 1.511, 1.511, 1.511, 1.511, 1.511, 1.511, 1.511, 1.511, 1.511, 1.511, 1.51, 1.509, 1.509, 1.508, 1.507, 1.506, 1.505, 1.505, 1.505, 1.505, 1.505, 1.506, 1.507, 1.507, 1.507, 1.507, 1.507, 1.507, 1.506, 1.505, 1.505, 1.505, 1.504, 1.503, 1.503, 1.503, 1.503, 1.503, 1.503, 1.504, 1.504, 1.504, 1.505, 1.505, 1.505, 1.505, 1.505, 1.505, 1.505, 1.505, 1.506, 1.506, 1.506, 1.506, 1.506, 1.506, 1.506, 1.506, 1.505, 1.505, 1.505, 1.505, 1.505, 1.505, 1.505, 1.504, 1.504, 1.503, 1.502, 1.502, 1.501, 1.501, 1.5, 1.499, 1.499, 1.499, 1.499, 1.5, 1.501, 1.501, 1.502, 1.503, 1.504, 1.504, 1.505, 1.505, 1.505, 1.504, 1.503, 1.503, 1.502, 1.501, 1.501, 1.501, 1.501, 1.501, 1.502, 1.502, 1.503, 1.503, 1.503, 1.502, 1.501, 1.5, 1.5, 1.499, 1.496, 1.495, 1.494, 1.493, 1.492, 1.491, 1.491, 1.49, 1.49, 1.491, 1.492, 1.492, 1.493, 1.493, 1.494, 1.494, 1.494, 1.494, 1.493, 1.492, 1.491, 1.49, 1.49, 1.49, 1.49, 1.49, 1.49, 1.491, 1.491, 1.492, 1.492, 1.492, 1.493, 1.493, 1.493, 1.493, 1.493, 1.493, 1.494, 1.493, 1.493, 1.492, 1.492, 1.491, 1.491, 1.49, 1.49, 1.49, 1.49, 1.49, 1.49, 1.49, 1.49, 1.49, 1.489, 1.489, 1.488, 1.488, 1.489, 1.49, 1.49, 1.491, 1.492, 1.493, 1.493, 1.493, 1.493, 1.492, 1.49, 1.488, 1.486, 1.485, 1.482, 1.48, 1.479, 1.478, 1.477, 1.476, 1.476, 1.476, 1.476, 1.476, 1.476, 1.477, 1.477, 1.476, 1.476, 1.475, 1.475, 1.474, 1.474, 1.475, 1.475, 1.476, 1.477, 1.478, 1.479, 1.48, 1.484, 1.485, 1.486, 1.486, 1.485, 1.484, 1.482, 1.481, 1.479, 1.476, 1.475, 1.474, 1.473, 1.472, 1.472, 1.471, 1.47, 1.47, 1.468, 1.468, 1.468, 1.466, 1.464, 1.462, 1.46, 1.46, 1.46, 1.46, 1.46, 1.46, 1.46, 1.462, 1.464, 1.466, 1.468, 1.471, 1.471, 1.474, 1.477, 1.478, 1.478, 1.478, 1.478, 1.478, 1.477, 1.476, 1.476, 1.475, 1.474, 1.474, 1.473, 1.473, 1.472, 1.471, 1.471, 1.47, 1.468, 1.466, 1.464, 1.462, 1.46, 1.458, 1.456, 1.456, 1.456, 1.456, 1.456, 1.458, 1.46, 1.46, 1.464, 1.466, 1.47, 1.471, 1.471, 1.472, 1.472, 1.472, 1.472, 1.472, 1.471, 1.471, 1.47, 1.466, 1.466, 1.466, 1.466, 1.466, 1.466, 1.466, 1.466, 1.468, 1.471, 1.471, 1.472, 1.473, 1.474, 1.474, 1.474, 1.474, 1.473, 1.472, 1.471, 1.471, 1.468, 1.466, 1.464, 1.464, 1.462, 1.46, 1.458, 1.456, 1.456, 1.456, 1.456, 1.456, 1.456, 1.456, 1.458, 1.46, 1.46, 1.462, 1.462, 1.46, 1.46, 1.458, 1.458, 4.734, 4.734, 4.734, 4.734, 4.734, 4.734, 4.734, 4.734, 4.734, 4.734, 4.734, 4.734, 4.734, 4.734, 4.734, 0, 
1.528, 1.531, 1.531, 1.531, 1.531, 1.531, 1.531, 1.528, 1.528, 1.524, 1.524, 1.52, 1.518, 1.512, 1.511, 1.51, 1.509, 1.509, 1.51, 1.531, 1.531, 1.531, 1.531, 1.531, 1.531, 1.531, 1.531, 1.531, 1.531, 1.531, 1.531, 1.531, 1.531, 1.531, 1.531, 1.531, 1.531, 1.531, 1.531, 1.521, 1.521, 1.522, 1.522, 1.523, 1.523, 1.523, 1.523, 1.523, 1.522, 1.522, 1.521, 1.521, 1.521, 1.521, 1.521, 1.522, 1.523, 1.524, 1.525, 1.526, 1.527, 1.528, 1.528, 1.528, 1.528, 1.527, 1.526, 1.525, 1.524, 1.524, 1.524, 1.524, 1.524, 1.524, 1.524, 1.523, 1.523, 1.522, 1.522, 1.522, 1.522, 1.522, 1.522, 1.523, 1.524, 1.524, 1.525, 1.525, 1.526, 1.526, 1.526, 1.525, 1.524, 1.523, 1.523, 1.522, 1.522, 1.521, 1.521, 1.521, 1.521, 1.521, 1.521, 1.52, 1.519, 1.518, 1.518, 1.517, 1.516, 1.516, 1.516, 1.517, 1.518, 1.52, 1.521, 1.522, 1.522, 1.522, 1.521, 1.52, 1.52, 1.519, 1.518, 1.517, 1.517, 1.517, 1.517, 1.517, 1.516, 1.516, 1.516, 1.512, 1.512, 1.511, 1.511, 1.511, 1.511, 1.511, 1.511, 1.511, 1.511, 1.511, 1.511, 1.51, 1.509, 1.509, 1.508, 1.507, 1.506, 1.505, 1.505, 1.505, 1.506, 1.506, 1.506, 1.507, 1.507, 1.507, 1.507, 1.507, 1.507, 1.506, 1.505, 1.505, 1.504, 1.504, 1.503, 1.503, 1.503, 1.503, 1.503, 1.504, 1.504, 1.505, 1.505, 1.505, 1.505, 1.505, 1.505, 1.506, 1.506, 1.506, 1.506, 1.507, 1.507, 1.507, 1.507, 1.507, 1.507, 1.507, 1.506, 1.505, 1.505, 1.505, 1.505, 1.505, 1.505, 1.505, 1.504, 1.503, 1.503, 1.502, 1.501, 1.501, 1.501, 1.5, 1.499, 1.499, 1.499, 1.5, 1.5, 1.501, 1.502, 1.503, 1.504, 1.504, 1.505, 1.505, 1.505, 1.505, 1.504, 1.503, 1.503, 1.502, 1.501, 1.501, 1.501, 1.501, 1.501, 1.502, 1.503, 1.503, 1.504, 1.503, 1.502, 1.501, 1.5, 1.499, 1.496, 1.495, 1.495, 1.494, 1.493, 1.492, 1.491, 1.49, 1.49, 1.49, 1.491, 1.492, 1.492, 1.493, 1.494, 1.494, 1.495, 1.495, 1.495, 1.494, 1.493, 1.492, 1.491, 1.49, 1.49, 1.49, 1.49, 1.49, 1.491, 1.492, 1.492, 1.492, 1.493, 1.493, 1.493, 1.493, 1.493, 1.494, 1.494, 1.494, 1.494, 1.494, 1.493, 1.493, 1.492, 1.491, 1.491, 1.49, 1.49, 1.49, 1.49, 1.49, 1.49, 1.49, 1.489, 1.489, 1.488, 1.488, 1.488, 1.489, 1.489, 1.49, 1.491, 1.492, 1.492, 1.493, 1.493, 1.492, 1.491, 1.49, 1.488, 1.486, 1.485, 1.482, 1.48, 1.479, 1.478, 1.477, 1.476, 1.476, 1.476, 1.476, 1.476, 1.476, 1.476, 1.476, 1.475, 1.475, 1.474, 1.473, 1.473, 1.473, 1.474, 1.474, 1.475, 1.476, 1.477, 1.478, 1.48, 1.483, 1.484, 1.485, 1.486, 1.485, 1.484, 1.482, 1.48, 1.479, 1.475, 1.474, 1.474, 1.473, 1.472, 1.471, 1.47, 1.47, 1.468, 1.468, 1.468, 1.466, 1.464, 1.464, 1.462, 1.46, 1.46, 1.46, 1.46, 1.46, 1.46, 1.462, 1.462, 1.464, 1.466, 1.468, 1.471, 1.472, 1.473, 1.476, 1.477, 1.477, 1.478, 1.477, 1.477, 1.476, 1.475, 1.475, 1.474, 1.474, 1.474, 1.474, 1.473, 1.472, 1.472, 1.471, 1.471, 1.468, 1.468, 1.466, 1.462, 1.46, 1.458, 1.456, 1.456, 1.456, 1.456, 1.456, 1.458, 1.46, 1.464, 1.464, 1.468, 1.47, 1.471, 1.472, 1.473, 1.472, 1.472, 1.472, 1.472, 1.471, 1.47, 1.47, 1.466, 1.466, 1.464, 1.464, 1.464, 1.464, 1.464, 1.464, 1.466, 1.468, 1.471, 1.472, 1.473, 1.474, 1.474, 1.475, 1.474, 1.473, 1.473, 1.472, 1.471, 1.47, 1.469, 1.466, 1.464, 1.464, 1.462, 1.46, 1.458, 1.456, 1.456, 1.456, 1.458, 1.458, 1.458, 1.458, 1.46, 1.46, 1.46, 1.462, 1.46, 1.46, 1.458, 1.458, 4.734, 4.734, 4.734, 4.734, 4.734, 4.734, 4.734, 4.734, 4.734, 4.734, 4.734, 4.734, 4.734, 4.734, 4.734, 0, 
1.531, 1.531, 1.531, 1.531, 1.531, 1.531, 1.531, 1.528, 1.528, 1.526, 1.523, 1.52, 1.517, 1.512, 1.511, 1.51, 1.509, 1.509, 1.51, 1.531, 1.531, 1.531, 1.528, 1.528, 1.531, 1.531, 1.531, 1.527, 1.526, 1.526, 1.531, 1.531, 1.531, 1.531, 1.531, 1.531, 1.518, 1.518, 1.519, 1.52, 1.52, 1.521, 1.522, 1.522, 1.522, 1.522, 1.522, 1.522, 1.521, 1.521, 1.52, 1.52, 1.52, 1.52, 1.52, 1.521, 1.522, 1.523, 1.524, 1.525, 1.526, 1.527, 1.527, 1.527, 1.527, 1.526, 1.526, 1.525, 1.524, 1.524, 1.524, 1.524, 1.524, 1.524, 1.524, 1.523, 1.522, 1.522, 1.522, 1.522, 1.522, 1.522, 1.522, 1.523, 1.524, 1.524, 1.525, 1.526, 1.526, 1.526, 1.526, 1.525, 1.524, 1.523, 1.522, 1.521, 1.52, 1.52, 1.52, 1.52, 1.52, 1.52, 1.52, 1.52, 1.519, 1.519, 1.518, 1.517, 1.516, 1.516, 1.516, 1.517, 1.518, 1.52, 1.521, 1.522, 1.522, 1.522, 1.521, 1.52, 1.52, 1.519, 1.518, 1.518, 1.518, 1.518, 1.518, 1.518, 1.517, 1.517, 1.516, 1.516, 1.512, 1.511, 1.511, 1.511, 1.511, 1.511, 1.511, 1.511, 1.511, 1.511, 1.511, 1.511, 1.51, 1.509, 1.508, 1.507, 1.507, 1.506, 1.506, 1.506, 1.506, 1.507, 1.507, 1.507, 1.507, 1.508, 1.508, 1.507, 1.507, 1.506, 1.505, 1.505, 1.504, 1.503, 1.503, 1.503, 1.503, 1.503, 1.504, 1.504, 1.505, 1.505, 1.505, 1.505, 1.506, 1.506, 1.506, 1.506, 1.507, 1.507, 1.507, 1.507, 1.507, 1.507, 1.507, 1.507, 1.507, 1.507, 1.507, 1.506, 1.505, 1.505, 1.505, 1.505, 1.505, 1.504, 1.503, 1.503, 1.502, 1.502, 1.501, 1.501, 1.501, 1.5, 1.5, 1.5, 1.5, 1.5, 1.501, 1.502, 1.503, 1.504, 1.504, 1.505, 1.505, 1.505, 1.505, 1.505, 1.504, 1.503, 1.503, 1.502, 1.501, 1.501, 1.501, 1.501, 1.501, 1.502, 1.503, 1.503, 1.504, 1.503, 1.502, 1.501, 1.5, 1.499, 1.496, 1.495, 1.494, 1.493, 1.493, 1.492, 1.491, 1.49, 1.49, 1.49, 1.491, 1.492, 1.492, 1.493, 1.494, 1.494, 1.495, 1.496, 1.495, 1.494, 1.493, 1.492, 1.491, 1.491, 1.49, 1.49, 1.49, 1.491, 1.491, 1.492, 1.492, 1.493, 1.493, 1.494, 1.493, 1.493, 1.493, 1.494, 1.494, 1.494, 1.494, 1.494, 1.494, 1.493, 1.493, 1.492, 1.491, 1.49, 1.49, 1.49, 1.49, 1.49, 1.489, 1.489, 1.489, 1.488, 1.488, 1.488, 1.488, 1.488, 1.489, 1.49, 1.49, 1.491, 1.492, 1.492, 1.492, 1.492, 1.49, 1.489, 1.488, 1.486, 1.485, 1.481, 1.48, 1.478, 1.478, 1.477, 1.476, 1.476, 1.476, 1.476, 1.476, 1.476, 1.475, 1.475, 1.474, 1.474, 1.473, 1.472, 1.472, 1.472, 1.473, 1.473, 1.474, 1.475, 1.476, 1.478, 1.479, 1.482, 1.484, 1.485, 1.485, 1.485, 1.484, 1.482, 1.48, 1.479, 1.476, 1.474, 1.473, 1.472, 1.472, 1.471, 1.47, 1.47, 1.468, 1.468, 1.468, 1.466, 1.464, 1.464, 1.462, 1.46, 1.46, 1.462, 1.462, 1.46, 1.46, 1.462, 1.464, 1.464, 1.466, 1.468, 1.471, 1.472, 1.474, 1.475, 1.476, 1.477, 1.477, 1.476, 1.476, 1.475, 1.475, 1.474, 1.474, 1.474, 1.474, 1.474, 1.474, 1.473, 1.473, 1.472, 1.471, 1.47, 1.468, 1.466, 1.462, 1.462, 1.46, 1.458, 1.458, 1.458, 1.458, 1.458, 1.46, 1.462, 1.464, 1.466, 1.468, 1.471, 1.472, 1.473, 1.473, 1.473, 1.473, 1.472, 1.472, 1.471, 1.471, 1.468, 1.466, 1.464, 1.464, 1.462, 1.462, 1.462, 1.462, 1.464, 1.466, 1.468, 1.47, 1.471, 1.472, 1.473, 1.474, 1.475, 1.475, 1.474, 1.474, 1.473, 1.473, 1.47, 1.47, 1.468, 1.466, 1.464, 1.464, 1.462, 1.46, 1.458, 1.458, 1.458, 1.458, 1.458, 1.458, 1.46, 1.46, 1.46, 1.46, 1.46, 1.46, 1.46, 1.46, 1.458, 1.458, 1.458, 1.458, 1.458, 1.458, 4.734, 4.734, 1.464, 1.464, 1.464, 1.466, 1.468, 1.468, 4.734, 4.734, 0, 
1.531, 1.531, 1.531, 1.531, 1.531, 1.531, 1.531, 1.531, 1.527, 1.526, 1.522, 1.521, 1.517, 1.512, 1.511, 1.51, 1.51, 1.509, 1.51, 1.511, 1.531, 1.524, 1.524, 1.528, 1.531, 1.531, 1.531, 1.526, 1.525, 1.524, 1.519, 1.518, 1.517, 1.513, 1.513, 1.513, 1.513, 1.517, 1.518, 1.519, 1.52, 1.52, 1.521, 1.522, 1.522, 1.522, 1.522, 1.521, 1.521, 1.52, 1.52, 1.52, 1.52, 1.52, 1.52, 1.521, 1.521, 1.522, 1.524, 1.524, 1.525, 1.526, 1.526, 1.526, 1.526, 1.525, 1.525, 1.524, 1.524, 1.524, 1.524, 1.524, 1.524, 1.524, 1.523, 1.523, 1.522, 1.521, 1.521, 1.521, 1.521, 1.521, 1.522, 1.523, 1.524, 1.525, 1.526, 1.527, 1.527, 1.527, 1.526, 1.524, 1.523, 1.522, 1.52, 1.52, 1.519, 1.518, 1.518, 1.518, 1.519, 1.52, 1.519, 1.519, 1.519, 1.518, 1.518, 1.517, 1.516, 1.516, 1.516, 1.517, 1.518, 1.519, 1.52, 1.521, 1.521, 1.521, 1.521, 1.52, 1.519, 1.519, 1.518, 1.518, 1.518, 1.518, 1.519, 1.519, 1.518, 1.518, 1.517, 1.516, 1.512, 1.511, 1.511, 1.511, 1.51, 1.51, 1.51, 1.511, 1.511, 1.511, 1.511, 1.511, 1.51, 1.51, 1.509, 1.508, 1.507, 1.507, 1.507, 1.507, 1.507, 1.507, 1.507, 1.507, 1.507, 1.508, 1.508, 1.507, 1.507, 1.506, 1.505, 1.505, 1.504, 1.503, 1.503, 1.503, 1.503, 1.503, 1.504, 1.505, 1.505, 1.505, 1.506, 1.506, 1.506, 1.507, 1.507, 1.507, 1.507, 1.507, 1.507, 1.508, 1.508, 1.508, 1.508, 1.507, 1.507, 1.507, 1.507, 1.506, 1.506, 1.505, 1.505, 1.505, 1.505, 1.504, 1.503, 1.503, 1.502, 1.501, 1.501, 1.501, 1.501, 1.501, 1.501, 1.501, 1.501, 1.501, 1.501, 1.502, 1.503, 1.504, 1.505, 1.505, 1.505, 1.505, 1.505, 1.505, 1.504, 1.503, 1.503, 1.502, 1.501, 1.501, 1.501, 1.501, 1.501, 1.502, 1.503, 1.503, 1.504, 1.503, 1.502, 1.501, 1.5, 1.496, 1.495, 1.494, 1.494, 1.493, 1.492, 1.491, 1.49, 1.49, 1.49, 1.49, 1.491, 1.491, 1.492, 1.493, 1.494, 1.494, 1.495, 1.496, 1.496, 1.495, 1.494, 1.493, 1.492, 1.491, 1.491, 1.49, 1.49, 1.491, 1.492, 1.492, 1.492, 1.493, 1.493, 1.493, 1.493, 1.493, 1.493, 1.493, 1.494, 1.494, 1.494, 1.494, 1.494, 1.494, 1.493, 1.493, 1.492, 1.491, 1.49, 1.49, 1.489, 1.489, 1.489, 1.488, 1.488, 1.488, 1.488, 1.488, 1.488, 1.488, 1.489, 1.489, 1.49, 1.491, 1.491, 1.492, 1.492, 1.491, 1.49, 1.488, 1.487, 1.486, 1.485, 1.481, 1.48, 1.478, 1.478, 1.477, 1.476, 1.476, 1.476, 1.476, 1.475, 1.475, 1.474, 1.474, 1.473, 1.473, 1.472, 1.472, 1.472, 1.472, 1.472, 1.472, 1.473, 1.474, 1.476, 1.478, 1.48, 1.482, 1.483, 1.484, 1.485, 1.484, 1.483, 1.482, 1.48, 1.478, 1.476, 1.474, 1.473, 1.472, 1.471, 1.47, 1.47, 1.47, 1.469, 1.468, 1.466, 1.466, 1.464, 1.462, 1.462, 1.46, 1.46, 1.462, 1.462, 1.462, 1.462, 1.464, 1.464, 1.466, 1.468, 1.468, 1.471, 1.473, 1.474, 1.475, 1.476, 1.476, 1.476, 1.476, 1.475, 1.474, 1.474, 1.473, 1.473, 1.473, 1.474, 1.474, 1.474, 1.474, 1.473, 1.472, 1.471, 1.471, 1.468, 1.466, 1.464, 1.462, 1.462, 1.46, 1.46, 1.46, 1.46, 1.46, 1.462, 1.464, 1.466, 1.468, 1.471, 1.472, 1.473, 1.474, 1.474, 1.474, 1.474, 1.473, 1.472, 1.472, 1.471, 1.468, 1.466, 1.464, 1.462, 1.462, 1.462, 1.462, 1.462, 1.464, 1.466, 1.468, 1.468, 1.471, 1.472, 1.473, 1.474, 1.475, 1.475, 1.474, 1.474, 1.474, 1.474, 1.474, 1.471, 1.47, 1.47, 1.468, 1.466, 1.464, 1.462, 1.462, 1.46, 1.458, 1.458, 1.458, 1.458, 1.46, 1.46, 1.46, 1.46, 1.46, 1.46, 1.46, 1.46, 1.458, 1.458, 1.458, 1.456, 1.456, 1.456, 1.458, 1.46, 1.462, 1.462, 1.462, 1.464, 1.466, 1.468, 1.468, 4.734, 0, 
1.531, 1.531, 1.531, 1.531, 1.531, 1.531, 1.531, 1.531, 1.527, 1.526, 1.522, 1.521, 1.518, 1.512, 1.512, 1.511, 1.51, 1.51, 1.511, 1.511, 1.516, 1.52, 1.524, 1.527, 1.527, 1.531, 1.531, 1.526, 1.524, 1.523, 1.519, 1.518, 1.517, 1.513, 1.513, 1.513, 1.513, 1.517, 1.518, 1.519, 1.52, 1.52, 1.521, 1.522, 1.522, 1.522, 1.521, 1.521, 1.52, 1.52, 1.519, 1.519, 1.519, 1.519, 1.52, 1.52, 1.521, 1.522, 1.523, 1.524, 1.524, 1.524, 1.524, 1.524, 1.524, 1.524, 1.524, 1.524, 1.524, 1.524, 1.524, 1.524, 1.524, 1.524, 1.523, 1.522, 1.521, 1.52, 1.52, 1.52, 1.52, 1.521, 1.522, 1.523, 1.524, 1.525, 1.527, 1.527, 1.527, 1.527, 1.525, 1.524, 1.522, 1.52, 1.518, 1.517, 1.517, 1.517, 1.517, 1.517, 1.517, 1.517, 1.518, 1.518, 1.518, 1.518, 1.517, 1.516, 1.516, 1.516, 1.516, 1.517, 1.517, 1.518, 1.519, 1.52, 1.52, 1.52, 1.52, 1.52, 1.519, 1.518, 1.518, 1.518, 1.518, 1.519, 1.52, 1.52, 1.519, 1.518, 1.517, 1.517, 1.512, 1.511, 1.511, 1.51, 1.51, 1.509, 1.51, 1.511, 1.511, 1.511, 1.511, 1.511, 1.511, 1.51, 1.509, 1.509, 1.508, 1.507, 1.507, 1.507, 1.507, 1.507, 1.507, 1.507, 1.508, 1.508, 1.508, 1.507, 1.507, 1.506, 1.505, 1.505, 1.504, 1.503, 1.503, 1.503, 1.503, 1.503, 1.504, 1.505, 1.505, 1.505, 1.506, 1.507, 1.507, 1.507, 1.507, 1.507, 1.507, 1.507, 1.508, 1.508, 1.509, 1.509, 1.508, 1.508, 1.508, 1.507, 1.507, 1.507, 1.506, 1.506, 1.505, 1.505, 1.505, 1.504, 1.503, 1.503, 1.502, 1.501, 1.501, 1.501, 1.501, 1.501, 1.501, 1.501, 1.501, 1.501, 1.502, 1.503, 1.503, 1.504, 1.505, 1.505, 1.506, 1.506, 1.506, 1.505, 1.505, 1.504, 1.503, 1.502, 1.501, 1.501, 1.501, 1.501, 1.501, 1.502, 1.503, 1.503, 1.503, 1.502, 1.501, 1.5, 1.5, 1.496, 1.495, 1.494, 1.493, 1.492, 1.491, 1.491, 1.49, 1.49, 1.49, 1.49, 1.49, 1.491, 1.492, 1.493, 1.494, 1.494, 1.495, 1.496, 1.496, 1.495, 1.494, 1.494, 1.493, 1.492, 1.491, 1.491, 1.491, 1.491, 1.492, 1.492, 1.492, 1.492, 1.493, 1.493, 1.492, 1.492, 1.492, 1.493, 1.493, 1.494, 1.494, 1.494, 1.494, 1.494, 1.494, 1.493, 1.492, 1.491, 1.491, 1.49, 1.489, 1.488, 1.488, 1.488, 1.488, 1.488, 1.488, 1.488, 1.488, 1.488, 1.488, 1.489, 1.49, 1.49, 1.491, 1.492, 1.492, 1.491, 1.49, 1.488, 1.486, 1.485, 1.484, 1.48, 1.479, 1.478, 1.477, 1.476, 1.476, 1.476, 1.476, 1.475, 1.475, 1.474, 1.474, 1.473, 1.472, 1.472, 1.471, 1.471, 1.471, 1.471, 1.471, 1.472, 1.473, 1.474, 1.476, 1.478, 1.479, 1.481, 1.482, 1.483, 1.484, 1.483, 1.482, 1.481, 1.479, 1.477, 1.476, 1.474, 1.473, 1.472, 1.471, 1.47, 1.47, 1.47, 1.469, 1.468, 1.466, 1.466, 1.464, 1.462, 1.462, 1.46, 1.46, 1.462, 1.462, 1.462, 1.462, 1.464, 1.466, 1.466, 1.468, 1.471, 1.472, 1.473, 1.474, 1.475, 1.476, 1.476, 1.476, 1.475, 1.474, 1.474, 1.474, 1.473, 1.472, 1.473, 1.473, 1.474, 1.474, 1.474, 1.473, 1.472, 1.472, 1.47, 1.47, 1.469, 1.464, 1.464, 1.462, 1.462, 1.46, 1.46, 1.46, 1.462, 1.464, 1.466, 1.468, 1.471, 1.472, 1.473, 1.474, 1.475, 1.475, 1.475, 1.474, 1.474, 1.472, 1.472, 1.471, 1.468, 1.466, 1.464, 1.462, 1.462, 1.462, 1.462, 1.462, 1.464, 1.466, 1.468, 1.468, 1.471, 1.471, 1.472, 1.473, 1.474, 1.474, 1.474, 1.474, 1.474, 1.475, 1.476, 1.476, 1.475, 1.471, 1.47, 1.468, 1.468, 1.464, 1.464, 1.462, 1.46, 1.46, 1.46, 1.46, 1.46, 1.462, 1.462, 1.46, 1.46, 1.46, 1.458, 1.458, 1.458, 1.458, 1.458, 1.456, 1.456, 1.456, 1.458, 1.46, 1.46, 1.462, 1.462, 1.464, 1.464, 1.466, 1.466, 1.466, 0, 
1.531, 1.531, 1.531, 1.531, 1.531, 1.531, 1.531, 1.531, 1.526, 1.526, 1.522, 1.52, 1.518, 1.517, 1.512, 1.511, 1.51, 1.51, 1.512, 1.512, 1.516, 1.52, 1.525, 1.526, 1.527, 1.528, 1.527, 1.526, 1.524, 1.523, 1.519, 1.518, 1.517, 1.513, 1.513, 1.513, 1.513, 1.517, 1.518, 1.518, 1.52, 1.52, 1.521, 1.522, 1.522, 1.522, 1.521, 1.52, 1.52, 1.519, 1.519, 1.518, 1.518, 1.519, 1.519, 1.52, 1.52, 1.521, 1.522, 1.522, 1.523, 1.523, 1.524, 1.524, 1.524, 1.524, 1.524, 1.524, 1.524, 1.524, 1.524, 1.524, 1.524, 1.524, 1.523, 1.521, 1.521, 1.52, 1.52, 1.52, 1.52, 1.52, 1.521, 1.522, 1.524, 1.525, 1.527, 1.527, 1.527, 1.526, 1.525, 1.524, 1.52, 1.518, 1.517, 1.513, 1.512, 1.512, 1.512, 1.512, 1.513, 1.516, 1.517, 1.517, 1.517, 1.517, 1.517, 1.516, 1.516, 1.516, 1.516, 1.516, 1.517, 1.518, 1.519, 1.519, 1.52, 1.52, 1.519, 1.519, 1.518, 1.518, 1.518, 1.518, 1.519, 1.52, 1.52, 1.52, 1.52, 1.519, 1.518, 1.517, 1.512, 1.511, 1.511, 1.51, 1.51, 1.509, 1.51, 1.511, 1.511, 1.511, 1.511, 1.511, 1.511, 1.511, 1.51, 1.509, 1.508, 1.508, 1.507, 1.507, 1.507, 1.507, 1.507, 1.507, 1.508, 1.508, 1.508, 1.507, 1.507, 1.506, 1.505, 1.505, 1.504, 1.503, 1.503, 1.503, 1.503, 1.503, 1.504, 1.505, 1.505, 1.505, 1.506, 1.507, 1.507, 1.507, 1.507, 1.507, 1.507, 1.508, 1.508, 1.509, 1.509, 1.509, 1.509, 1.509, 1.508, 1.508, 1.507, 1.507, 1.507, 1.506, 1.505, 1.505, 1.504, 1.503, 1.503, 1.502, 1.501, 1.501, 1.5, 1.5, 1.5, 1.5, 1.501, 1.501, 1.501, 1.501, 1.502, 1.503, 1.503, 1.504, 1.505, 1.505, 1.506, 1.506, 1.506, 1.505, 1.505, 1.504, 1.503, 1.503, 1.502, 1.501, 1.501, 1.501, 1.501, 1.502, 1.502, 1.503, 1.503, 1.502, 1.501, 1.5, 1.499, 1.495, 1.494, 1.493, 1.492, 1.491, 1.491, 1.49, 1.489, 1.489, 1.489, 1.489, 1.49, 1.49, 1.491, 1.492, 1.493, 1.494, 1.495, 1.496, 1.496, 1.496, 1.495, 1.494, 1.493, 1.492, 1.492, 1.492, 1.492, 1.492, 1.492, 1.492, 1.492, 1.492, 1.492, 1.492, 1.492, 1.492, 1.492, 1.492, 1.493, 1.493, 1.494, 1.494, 1.494, 1.494, 1.494, 1.494, 1.493, 1.492, 1.491, 1.49, 1.489, 1.489, 1.488, 1.488, 1.488, 1.488, 1.488, 1.488, 1.488, 1.488, 1.488, 1.488, 1.489, 1.49, 1.49, 1.491, 1.491, 1.49, 1.489, 1.488, 1.486, 1.484, 1.483, 1.48, 1.479, 1.478, 1.477, 1.476, 1.476, 1.476, 1.475, 1.475, 1.474, 1.474, 1.473, 1.472, 1.472, 1.471, 1.47, 1.47, 1.47, 1.47, 1.471, 1.472, 1.473, 1.474, 1.476, 1.478, 1.479, 1.48, 1.482, 1.482, 1.483, 1.482, 1.481, 1.48, 1.478, 1.476, 1.475, 1.473, 1.472, 1.472, 1.471, 1.47, 1.47, 1.469, 1.469, 1.468, 1.466, 1.464, 1.464, 1.462, 1.462, 1.46, 1.46, 1.462, 1.462, 1.462, 1.462, 1.464, 1.466, 1.468, 1.468, 1.471, 1.472, 1.473, 1.474, 1.475, 1.475, 1.476, 1.475, 1.475, 1.474, 1.474, 1.473, 1.472, 1.472, 1.472, 1.473, 1.473, 1.474, 1.474, 1.473, 1.472, 1.472, 1.471, 1.47, 1.469, 1.466, 1.464, 1.464, 1.462, 1.462, 1.462, 1.464, 1.464, 1.466, 1.468, 1.471, 1.472, 1.473, 1.474, 1.475, 1.476, 1.476, 1.476, 1.475, 1.474, 1.472, 1.472, 1.471, 1.468, 1.466, 1.464, 1.462, 1.462, 1.462, 1.462, 1.462, 1.464, 1.466, 1.466, 1.468, 1.47, 1.471, 1.472, 1.472, 1.473, 1.473, 1.473, 1.474, 1.474, 1.477, 1.476, 1.476, 1.476, 1.476, 1.475, 1.472, 1.471, 1.468, 1.466, 1.464, 1.462, 1.462, 1.462, 1.46, 1.46, 1.462, 1.462, 1.46, 1.46, 1.46, 1.458, 1.458, 1.458, 1.458, 1.458, 1.456, 1.456, 1.456, 1.456, 1.458, 1.46, 1.462, 1.462, 1.462, 1.464, 1.464, 1.466, 1.466, 0, 
1.531, 1.531, 1.531, 1.531, 1.531, 1.531, 1.531, 1.531, 1.526, 1.526, 1.524, 1.52, 1.519, 1.516, 1.513, 1.512, 1.511, 1.512, 1.512, 1.516, 1.517, 1.52, 1.524, 1.526, 1.527, 1.528, 1.527, 1.526, 1.524, 1.523, 1.518, 1.518, 1.517, 1.513, 1.513, 1.513, 1.513, 1.517, 1.518, 1.518, 1.52, 1.52, 1.521, 1.522, 1.522, 1.522, 1.521, 1.52, 1.52, 1.519, 1.518, 1.518, 1.518, 1.518, 1.519, 1.52, 1.52, 1.52, 1.521, 1.521, 1.522, 1.522, 1.522, 1.522, 1.522, 1.523, 1.523, 1.523, 1.524, 1.524, 1.524, 1.524, 1.524, 1.523, 1.522, 1.521, 1.52, 1.52, 1.519, 1.519, 1.519, 1.52, 1.52, 1.521, 1.524, 1.525, 1.526, 1.527, 1.527, 1.525, 1.524, 1.523, 1.519, 1.517, 1.513, 1.512, 1.511, 1.511, 1.511, 1.511, 1.512, 1.513, 1.513, 1.516, 1.516, 1.516, 1.516, 1.516, 1.516, 1.516, 1.516, 1.516, 1.517, 1.518, 1.518, 1.519, 1.519, 1.519, 1.519, 1.518, 1.518, 1.518, 1.518, 1.519, 1.52, 1.521, 1.521, 1.521, 1.52, 1.519, 1.518, 1.517, 1.512, 1.511, 1.511, 1.51, 1.509, 1.509, 1.51, 1.511, 1.511, 1.512, 1.512, 1.512, 1.512, 1.511, 1.511, 1.51, 1.509, 1.508, 1.507, 1.507, 1.507, 1.507, 1.507, 1.507, 1.508, 1.508, 1.508, 1.507, 1.507, 1.505, 1.505, 1.505, 1.504, 1.503, 1.503, 1.503, 1.503, 1.504, 1.504, 1.505, 1.505, 1.506, 1.506, 1.507, 1.507, 1.507, 1.507, 1.507, 1.508, 1.508, 1.509, 1.509, 1.509, 1.509, 1.509, 1.509, 1.509, 1.508, 1.507, 1.507, 1.507, 1.506, 1.505, 1.505, 1.504, 1.503, 1.503, 1.502, 1.501, 1.5, 1.5, 1.499, 1.499, 1.5, 1.501, 1.501, 1.501, 1.502, 1.502, 1.503, 1.503, 1.504, 1.505, 1.505, 1.506, 1.506, 1.506, 1.506, 1.505, 1.504, 1.503, 1.503, 1.501, 1.501, 1.501, 1.501, 1.501, 1.501, 1.502, 1.503, 1.502, 1.501, 1.501, 1.5, 1.495, 1.494, 1.493, 1.492, 1.491, 1.49, 1.49, 1.489, 1.489, 1.488, 1.488, 1.489, 1.489, 1.49, 1.49, 1.492, 1.493, 1.494, 1.495, 1.496, 1.496, 1.496, 1.495, 1.494, 1.494, 1.493, 1.492, 1.492, 1.492, 1.492, 1.492, 1.492, 1.492, 1.492, 1.492, 1.492, 1.492, 1.491, 1.491, 1.491, 1.492, 1.493, 1.493, 1.494, 1.494, 1.494, 1.494, 1.494, 1.493, 1.492, 1.491, 1.49, 1.49, 1.489, 1.488, 1.488, 1.488, 1.487, 1.487, 1.487, 1.488, 1.488, 1.488, 1.488, 1.489, 1.489, 1.49, 1.49, 1.49, 1.489, 1.488, 1.487, 1.485, 1.484, 1.482, 1.48, 1.479, 1.478, 1.477, 1.476, 1.476, 1.475, 1.475, 1.474, 1.474, 1.474, 1.473, 1.472, 1.471, 1.47, 1.47, 1.47, 1.47, 1.47, 1.471, 1.472, 1.473, 1.474, 1.476, 1.477, 1.478, 1.48, 1.481, 1.481, 1.482, 1.481, 1.48, 1.479, 1.477, 1.476, 1.474, 1.473, 1.472, 1.471, 1.47, 1.47, 1.47, 1.469, 1.469, 1.466, 1.466, 1.464, 1.464, 1.462, 1.462, 1.46, 1.46, 1.462, 1.462, 1.464, 1.464, 1.466, 1.468, 1.468, 1.47, 1.471, 1.472, 1.474, 1.474, 1.475, 1.475, 1.475, 1.475, 1.474, 1.473, 1.473, 1.472, 1.472, 1.472, 1.472, 1.472, 1.473, 1.474, 1.474, 1.473, 1.472, 1.472, 1.471, 1.47, 1.469, 1.469, 1.466, 1.466, 1.464, 1.464, 1.466, 1.466, 1.466, 1.468, 1.471, 1.472, 1.473, 1.474, 1.475, 1.476, 1.476, 1.476, 1.476, 1.475, 1.474, 1.472, 1.472, 1.47, 1.469, 1.466, 1.464, 1.462, 1.462, 1.462, 1.462, 1.462, 1.464, 1.464, 1.466, 1.468, 1.468, 1.47, 1.471, 1.471, 1.472, 1.472, 1.472, 1.473, 1.473, 1.476, 1.477, 1.477, 1.478, 1.477, 1.477, 1.476, 1.471, 1.471, 1.468, 1.466, 1.464, 1.462, 1.462, 1.46, 1.46, 1.462, 1.462, 1.462, 1.46, 1.46, 1.46, 1.46, 1.458, 1.458, 1.456, 1.456, 1.456, 1.456, 1.456, 1.458, 1.46, 1.46, 1.462, 1.462, 1.464, 1.464, 1.464, 1.466, 0, 
1.531, 1.531, 1.531, 1.531, 1.531, 1.531, 1.531, 1.531, 1.527, 1.526, 1.525, 1.521, 1.52, 1.517, 1.516, 1.516, 1.512, 1.512, 1.513, 1.517, 1.518, 1.519, 1.523, 1.526, 1.527, 1.527, 1.527, 1.526, 1.524, 1.523, 1.518, 1.518, 1.517, 1.513, 1.513, 1.513, 1.516, 1.517, 1.518, 1.519, 1.52, 1.521, 1.522, 1.522, 1.522, 1.522, 1.521, 1.52, 1.52, 1.519, 1.518, 1.518, 1.518, 1.518, 1.519, 1.52, 1.52, 1.52, 1.52, 1.521, 1.521, 1.521, 1.522, 1.522, 1.522, 1.522, 1.522, 1.523, 1.523, 1.524, 1.524, 1.524, 1.524, 1.524, 1.521, 1.52, 1.519, 1.519, 1.518, 1.518, 1.518, 1.519, 1.52, 1.52, 1.524, 1.524, 1.526, 1.526, 1.525, 1.524, 1.523, 1.521, 1.518, 1.517, 1.512, 1.511, 1.51, 1.51, 1.51, 1.51, 1.511, 1.512, 1.513, 1.513, 1.516, 1.516, 1.516, 1.516, 1.516, 1.516, 1.516, 1.516, 1.517, 1.518, 1.518, 1.518, 1.518, 1.518, 1.518, 1.518, 1.518, 1.518, 1.518, 1.519, 1.52, 1.521, 1.522, 1.522, 1.521, 1.52, 1.518, 1.517, 1.512, 1.511, 1.511, 1.51, 1.509, 1.509, 1.51, 1.511, 1.511, 1.512, 1.513, 1.513, 1.512, 1.512, 1.511, 1.51, 1.51, 1.509, 1.508, 1.508, 1.508, 1.508, 1.507, 1.507, 1.507, 1.507, 1.507, 1.507, 1.506, 1.505, 1.505, 1.505, 1.504, 1.503, 1.503, 1.503, 1.503, 1.504, 1.504, 1.505, 1.505, 1.505, 1.506, 1.507, 1.507, 1.507, 1.507, 1.508, 1.508, 1.509, 1.509, 1.509, 1.509, 1.509, 1.509, 1.509, 1.508, 1.508, 1.507, 1.507, 1.507, 1.506, 1.505, 1.504, 1.503, 1.503, 1.502, 1.501, 1.5, 1.5, 1.499, 1.499, 1.499, 1.5, 1.501, 1.501, 1.501, 1.502, 1.503, 1.503, 1.504, 1.505, 1.505, 1.505, 1.506, 1.507, 1.507, 1.506, 1.505, 1.505, 1.503, 1.502, 1.501, 1.501, 1.501, 1.501, 1.501, 1.501, 1.502, 1.502, 1.502, 1.501, 1.5, 1.499, 1.495, 1.494, 1.493, 1.492, 1.49, 1.49, 1.489, 1.489, 1.488, 1.488, 1.488, 1.488, 1.488, 1.489, 1.49, 1.491, 1.492, 1.494, 1.495, 1.495, 1.496, 1.496, 1.495, 1.494, 1.494, 1.493, 1.492, 1.492, 1.492, 1.492, 1.492, 1.492, 1.492, 1.492, 1.492, 1.492, 1.491, 1.491, 1.49, 1.491, 1.491, 1.492, 1.492, 1.493, 1.494, 1.494, 1.495, 1.494, 1.493, 1.492, 1.492, 1.49, 1.49, 1.489, 1.488, 1.488, 1.487, 1.487, 1.486, 1.487, 1.487, 1.487, 1.488, 1.488, 1.488, 1.488, 1.488, 1.488, 1.488, 1.488, 1.487, 1.486, 1.484, 1.482, 1.481, 1.48, 1.478, 1.477, 1.476, 1.476, 1.476, 1.475, 1.474, 1.474, 1.474, 1.473, 1.473, 1.472, 1.471, 1.47, 1.47, 1.47, 1.47, 1.47, 1.471, 1.472, 1.473, 1.474, 1.475, 1.477, 1.478, 1.479, 1.48, 1.48, 1.48, 1.48, 1.478, 1.477, 1.476, 1.475, 1.473, 1.472, 1.471, 1.471, 1.47, 1.47, 1.47, 1.469, 1.469, 1.466, 1.466, 1.464, 1.464, 1.462, 1.462, 1.462, 1.462, 1.462, 1.464, 1.464, 1.464, 1.466, 1.468, 1.47, 1.471, 1.472, 1.473, 1.474, 1.474, 1.474, 1.474, 1.474, 1.474, 1.474, 1.473, 1.472, 1.472, 1.472, 1.472, 1.472, 1.472, 1.473, 1.473, 1.473, 1.472, 1.472, 1.472, 1.471, 1.47, 1.47, 1.469, 1.468, 1.466, 1.466, 1.466, 1.466, 1.468, 1.469, 1.47, 1.47, 1.474, 1.474, 1.475, 1.476, 1.477, 1.477, 1.476, 1.476, 1.475, 1.474, 1.472, 1.472, 1.47, 1.469, 1.466, 1.464, 1.462, 1.462, 1.462, 1.462, 1.462, 1.464, 1.464, 1.466, 1.466, 1.466, 1.468, 1.468, 1.468, 1.468, 1.471, 1.471, 1.472, 1.472, 1.476, 1.477, 1.478, 1.479, 1.479, 1.478, 1.477, 1.476, 1.472, 1.471, 1.468, 1.466, 1.464, 1.462, 1.462, 1.462, 1.462, 1.462, 1.462, 1.462, 1.46, 1.46, 1.46, 1.458, 1.458, 1.456, 1.456, 1.458, 1.458, 1.458, 1.458, 1.458, 1.46, 1.46, 1.46, 1.462, 1.462, 1.462, 1.464, 0, 
1.532, 1.532, 1.532, 1.532, 1.531, 1.531, 1.531, 1.531, 1.527, 1.526, 1.524, 1.523, 1.519, 1.518, 1.517, 1.517, 1.513, 1.513, 1.517, 1.516, 1.52, 1.521, 1.522, 1.526, 1.526, 1.527, 1.527, 1.525, 1.524, 1.523, 1.519, 1.518, 1.517, 1.516, 1.516, 1.516, 1.516, 1.517, 1.518, 1.519, 1.52, 1.521, 1.522, 1.523, 1.523, 1.522, 1.522, 1.521, 1.52, 1.519, 1.519, 1.518, 1.518, 1.518, 1.519, 1.52, 1.52, 1.52, 1.52, 1.52, 1.52, 1.52, 1.521, 1.521, 1.521, 1.521, 1.522, 1.522, 1.523, 1.523, 1.524, 1.524, 1.524, 1.524, 1.52, 1.52, 1.519, 1.518, 1.517, 1.517, 1.517, 1.518, 1.519, 1.52, 1.523, 1.524, 1.525, 1.525, 1.525, 1.524, 1.521, 1.52, 1.517, 1.512, 1.511, 1.51, 1.509, 1.509, 1.509, 1.509, 1.51, 1.511, 1.512, 1.513, 1.516, 1.516, 1.516, 1.516, 1.516, 1.516, 1.516, 1.516, 1.517, 1.518, 1.518, 1.518, 1.518, 1.518, 1.518, 1.518, 1.518, 1.518, 1.519, 1.52, 1.521, 1.522, 1.522, 1.522, 1.521, 1.52, 1.518, 1.517, 1.512, 1.511, 1.511, 1.51, 1.509, 1.509, 1.51, 1.511, 1.511, 1.512, 1.513, 1.513, 1.513, 1.512, 1.511, 1.511, 1.51, 1.509, 1.509, 1.509, 1.508, 1.508, 1.508, 1.508, 1.507, 1.507, 1.507, 1.507, 1.506, 1.505, 1.505, 1.505, 1.504, 1.503, 1.503, 1.503, 1.503, 1.503, 1.504, 1.505, 1.505, 1.505, 1.506, 1.507, 1.507, 1.507, 1.508, 1.508, 1.509, 1.509, 1.509, 1.509, 1.509, 1.509, 1.509, 1.508, 1.508, 1.507, 1.507, 1.507, 1.506, 1.505, 1.505, 1.504, 1.503, 1.503, 1.502, 1.501, 1.5, 1.499, 1.499, 1.499, 1.499, 1.5, 1.501, 1.501, 1.501, 1.502, 1.503, 1.503, 1.504, 1.505, 1.505, 1.506, 1.506, 1.507, 1.507, 1.506, 1.505, 1.504, 1.503, 1.502, 1.501, 1.5, 1.5, 1.5, 1.5, 1.5, 1.501, 1.501, 1.501, 1.501, 1.5, 1.496, 1.495, 1.494, 1.492, 1.491, 1.49, 1.489, 1.489, 1.488, 1.488, 1.488, 1.488, 1.488, 1.488, 1.488, 1.489, 1.49, 1.492, 1.493, 1.494, 1.495, 1.496, 1.496, 1.495, 1.494, 1.494, 1.493, 1.492, 1.492, 1.492, 1.492, 1.492, 1.492, 1.492, 1.492, 1.492, 1.491, 1.491, 1.49, 1.49, 1.49, 1.491, 1.492, 1.492, 1.493, 1.494, 1.494, 1.495, 1.494, 1.494, 1.492, 1.492, 1.49, 1.49, 1.489, 1.488, 1.487, 1.487, 1.486, 1.486, 1.486, 1.486, 1.487, 1.487, 1.487, 1.487, 1.487, 1.488, 1.487, 1.487, 1.486, 1.486, 1.484, 1.483, 1.482, 1.48, 1.479, 1.478, 1.477, 1.476, 1.476, 1.475, 1.474, 1.474, 1.474, 1.474, 1.473, 1.472, 1.472, 1.471, 1.47, 1.47, 1.47, 1.47, 1.47, 1.471, 1.472, 1.473, 1.474, 1.475, 1.476, 1.477, 1.478, 1.478, 1.479, 1.479, 1.478, 1.477, 1.476, 1.475, 1.473, 1.472, 1.471, 1.471, 1.47, 1.47, 1.47, 1.47, 1.469, 1.468, 1.466, 1.466, 1.464, 1.464, 1.462, 1.462, 1.462, 1.462, 1.462, 1.464, 1.464, 1.466, 1.468, 1.47, 1.47, 1.471, 1.472, 1.473, 1.474, 1.474, 1.474, 1.474, 1.474, 1.474, 1.473, 1.472, 1.472, 1.472, 1.472, 1.472, 1.472, 1.472, 1.472, 1.472, 1.472, 1.472, 1.471, 1.471, 1.471, 1.47, 1.469, 1.468, 1.468, 1.468, 1.466, 1.466, 1.468, 1.469, 1.469, 1.47, 1.471, 1.474, 1.475, 1.476, 1.476, 1.477, 1.477, 1.476, 1.476, 1.475, 1.474, 1.472, 1.472, 1.47, 1.469, 1.466, 1.464, 1.464, 1.464, 1.464, 1.464, 1.464, 1.464, 1.464, 1.466, 1.466, 1.466, 1.466, 1.466, 1.468, 1.468, 1.468, 1.468, 1.471, 1.471, 1.475, 1.476, 1.477, 1.479, 1.479, 1.479, 1.478, 1.477, 1.473, 1.472, 1.468, 1.466, 1.466, 1.464, 1.462, 1.462, 1.462, 1.462, 1.462, 1.462, 1.462, 1.46, 1.46, 1.46, 1.458, 1.458, 1.458, 1.458, 1.458, 1.458, 1.458, 1.458, 1.458, 1.46, 1.46, 1.46, 1.46, 1.46, 1.462, 0, 
1.532, 1.533, 1.533, 1.532, 1.531, 1.531, 1.531, 1.531, 1.528, 1.527, 1.524, 1.524, 1.52, 1.519, 1.519, 1.518, 1.518, 1.519, 1.519, 1.52, 1.521, 1.522, 1.523, 1.525, 1.526, 1.526, 1.526, 1.525, 1.524, 1.522, 1.519, 1.518, 1.517, 1.516, 1.516, 1.516, 1.516, 1.517, 1.518, 1.519, 1.52, 1.521, 1.522, 1.523, 1.524, 1.523, 1.522, 1.522, 1.521, 1.52, 1.519, 1.519, 1.519, 1.519, 1.519, 1.52, 1.52, 1.52, 1.52, 1.52, 1.52, 1.52, 1.52, 1.52, 1.52, 1.52, 1.521, 1.521, 1.522, 1.523, 1.524, 1.524, 1.524, 1.523, 1.52, 1.519, 1.518, 1.517, 1.516, 1.516, 1.517, 1.517, 1.52, 1.521, 1.522, 1.524, 1.525, 1.525, 1.524, 1.524, 1.52, 1.519, 1.516, 1.512, 1.511, 1.509, 1.509, 1.509, 1.509, 1.509, 1.51, 1.511, 1.512, 1.513, 1.513, 1.513, 1.513, 1.513, 1.516, 1.516, 1.516, 1.516, 1.517, 1.518, 1.518, 1.518, 1.518, 1.518, 1.518, 1.518, 1.518, 1.518, 1.519, 1.52, 1.521, 1.522, 1.522, 1.522, 1.521, 1.52, 1.518, 1.517, 1.512, 1.511, 1.511, 1.51, 1.51, 1.51, 1.51, 1.511, 1.512, 1.512, 1.513, 1.513, 1.513, 1.512, 1.512, 1.511, 1.51, 1.51, 1.509, 1.509, 1.509, 1.509, 1.508, 1.508, 1.507, 1.507, 1.507, 1.507, 1.506, 1.505, 1.505, 1.504, 1.504, 1.503, 1.503, 1.503, 1.503, 1.503, 1.504, 1.505, 1.505, 1.505, 1.506, 1.507, 1.507, 1.507, 1.508, 1.509, 1.509, 1.509, 1.509, 1.509, 1.509, 1.509, 1.509, 1.508, 1.507, 1.507, 1.507, 1.507, 1.506, 1.505, 1.505, 1.504, 1.503, 1.503, 1.501, 1.501, 1.5, 1.499, 1.499, 1.499, 1.5, 1.5, 1.501, 1.501, 1.502, 1.503, 1.503, 1.503, 1.504, 1.505, 1.505, 1.506, 1.507, 1.507, 1.507, 1.506, 1.505, 1.504, 1.503, 1.501, 1.5, 1.499, 1.499, 1.499, 1.499, 1.5, 1.5, 1.501, 1.501, 1.5, 1.5, 1.495, 1.494, 1.493, 1.492, 1.49, 1.489, 1.489, 1.488, 1.487, 1.487, 1.487, 1.487, 1.487, 1.487, 1.488, 1.489, 1.49, 1.492, 1.493, 1.494, 1.495, 1.495, 1.495, 1.495, 1.494, 1.494, 1.493, 1.492, 1.492, 1.492, 1.492, 1.492, 1.492, 1.492, 1.492, 1.492, 1.491, 1.49, 1.49, 1.49, 1.49, 1.491, 1.492, 1.492, 1.493, 1.494, 1.495, 1.495, 1.495, 1.494, 1.492, 1.492, 1.49, 1.49, 1.488, 1.487, 1.487, 1.486, 1.486, 1.486, 1.486, 1.486, 1.486, 1.486, 1.486, 1.486, 1.486, 1.486, 1.486, 1.486, 1.485, 1.484, 1.483, 1.482, 1.481, 1.479, 1.478, 1.477, 1.476, 1.476, 1.475, 1.474, 1.474, 1.474, 1.474, 1.473, 1.473, 1.472, 1.472, 1.471, 1.471, 1.471, 1.471, 1.471, 1.471, 1.471, 1.472, 1.473, 1.474, 1.474, 1.475, 1.476, 1.477, 1.477, 1.477, 1.477, 1.476, 1.475, 1.474, 1.473, 1.472, 1.472, 1.471, 1.47, 1.47, 1.47, 1.47, 1.469, 1.469, 1.468, 1.466, 1.466, 1.464, 1.464, 1.462, 1.462, 1.462, 1.462, 1.464, 1.466, 1.466, 1.468, 1.468, 1.47, 1.471, 1.471, 1.472, 1.473, 1.474, 1.474, 1.474, 1.473, 1.473, 1.473, 1.473, 1.472, 1.472, 1.472, 1.472, 1.472, 1.471, 1.471, 1.471, 1.471, 1.471, 1.471, 1.471, 1.47, 1.47, 1.47, 1.469, 1.468, 1.468, 1.468, 1.468, 1.468, 1.469, 1.469, 1.47, 1.471, 1.471, 1.474, 1.475, 1.476, 1.476, 1.477, 1.477, 1.476, 1.476, 1.475, 1.474, 1.472, 1.471, 1.47, 1.469, 1.466, 1.466, 1.464, 1.464, 1.464, 1.464, 1.464, 1.464, 1.464, 1.466, 1.466, 1.466, 1.466, 1.464, 1.464, 1.464, 1.466, 1.466, 1.468, 1.471, 1.472, 1.473, 1.477, 1.478, 1.479, 1.479, 1.478, 1.477, 1.473, 1.472, 1.47, 1.469, 1.466, 1.464, 1.462, 1.462, 1.462, 1.462, 1.462, 1.462, 1.462, 1.46, 1.46, 1.46, 1.458, 1.458, 1.458, 1.456, 1.456, 1.456, 1.456, 1.458, 1.458, 1.458, 1.458, 1.458, 1.458, 1.46, 1.46, 0, 
1.533, 1.533, 1.533, 1.532, 1.532, 1.531, 1.531, 1.528, 1.528, 1.528, 1.524, 1.523, 1.522, 1.521, 1.52, 1.52, 1.52, 1.52, 1.52, 1.52, 1.521, 1.522, 1.523, 1.524, 1.525, 1.526, 1.525, 1.524, 1.523, 1.522, 1.52, 1.518, 1.517, 1.517, 1.516, 1.516, 1.516, 1.517, 1.518, 1.519, 1.52, 1.521, 1.522, 1.524, 1.524, 1.524, 1.523, 1.523, 1.522, 1.521, 1.52, 1.52, 1.52, 1.52, 1.52, 1.52, 1.52, 1.52, 1.52, 1.52, 1.52, 1.52, 1.52, 1.52, 1.52, 1.52, 1.52, 1.521, 1.522, 1.522, 1.523, 1.524, 1.523, 1.522, 1.52, 1.52, 1.518, 1.517, 1.516, 1.516, 1.516, 1.516, 1.52, 1.521, 1.522, 1.524, 1.524, 1.525, 1.524, 1.523, 1.52, 1.518, 1.512, 1.511, 1.51, 1.509, 1.508, 1.508, 1.508, 1.508, 1.509, 1.51, 1.511, 1.512, 1.513, 1.513, 1.513, 1.513, 1.516, 1.516, 1.516, 1.516, 1.517, 1.518, 1.518, 1.518, 1.518, 1.518, 1.518, 1.518, 1.518, 1.518, 1.519, 1.52, 1.521, 1.522, 1.522, 1.522, 1.521, 1.52, 1.518, 1.517, 1.512, 1.511, 1.511, 1.511, 1.511, 1.511, 1.511, 1.511, 1.512, 1.512, 1.516, 1.516, 1.516, 1.513, 1.512, 1.511, 1.511, 1.51, 1.509, 1.509, 1.509, 1.508, 1.508, 1.507, 1.507, 1.507, 1.507, 1.506, 1.506, 1.505, 1.505, 1.504, 1.503, 1.503, 1.503, 1.503, 1.503, 1.503, 1.504, 1.504, 1.505, 1.505, 1.506, 1.507, 1.507, 1.507, 1.508, 1.509, 1.509, 1.509, 1.509, 1.509, 1.509, 1.509, 1.508, 1.508, 1.507, 1.507, 1.507, 1.507, 1.506, 1.505, 1.504, 1.503, 1.503, 1.502, 1.501, 1.501, 1.5, 1.499, 1.499, 1.499, 1.5, 1.501, 1.501, 1.501, 1.502, 1.503, 1.504, 1.504, 1.505, 1.505, 1.505, 1.506, 1.507, 1.507, 1.507, 1.506, 1.505, 1.504, 1.503, 1.501, 1.5, 1.499, 1.496, 1.496, 1.499, 1.499, 1.5, 1.5, 1.5, 1.5, 1.496, 1.495, 1.494, 1.493, 1.491, 1.49, 1.489, 1.488, 1.488, 1.487, 1.486, 1.486, 1.486, 1.486, 1.486, 1.487, 1.488, 1.49, 1.491, 1.492, 1.494, 1.494, 1.495, 1.495, 1.494, 1.494, 1.494, 1.493, 1.492, 1.492, 1.492, 1.492, 1.492, 1.492, 1.492, 1.492, 1.492, 1.491, 1.49, 1.49, 1.49, 1.49, 1.491, 1.492, 1.492, 1.493, 1.494, 1.495, 1.496, 1.495, 1.494, 1.493, 1.492, 1.49, 1.49, 1.488, 1.487, 1.486, 1.486, 1.486, 1.486, 1.486, 1.486, 1.486, 1.486, 1.486, 1.486, 1.486, 1.486, 1.485, 1.485, 1.484, 1.483, 1.482, 1.481, 1.48, 1.479, 1.478, 1.477, 1.476, 1.475, 1.475, 1.474, 1.474, 1.474, 1.474, 1.473, 1.472, 1.472, 1.472, 1.472, 1.472, 1.472, 1.472, 1.472, 1.472, 1.472, 1.473, 1.473, 1.474, 1.474, 1.475, 1.475, 1.476, 1.476, 1.476, 1.475, 1.474, 1.474, 1.473, 1.472, 1.471, 1.471, 1.47, 1.47, 1.47, 1.47, 1.47, 1.469, 1.468, 1.468, 1.466, 1.466, 1.464, 1.464, 1.462, 1.462, 1.462, 1.462, 1.464, 1.466, 1.466, 1.468, 1.47, 1.471, 1.471, 1.472, 1.472, 1.473, 1.473, 1.473, 1.473, 1.473, 1.472, 1.472, 1.472, 1.471, 1.471, 1.471, 1.471, 1.471, 1.471, 1.471, 1.47, 1.47, 1.47, 1.47, 1.47, 1.47, 1.47, 1.469, 1.469, 1.468, 1.468, 1.468, 1.468, 1.468, 1.469, 1.47, 1.47, 1.471, 1.472, 1.474, 1.475, 1.476, 1.476, 1.477, 1.477, 1.476, 1.475, 1.474, 1.473, 1.472, 1.471, 1.47, 1.469, 1.466, 1.466, 1.466, 1.464, 1.464, 1.464, 1.464, 1.464, 1.464, 1.466, 1.464, 1.464, 1.462, 1.462, 1.462, 1.462, 1.462, 1.464, 1.466, 1.466, 1.471, 1.472, 1.476, 1.477, 1.477, 1.478, 1.477, 1.477, 1.473, 1.472, 1.47, 1.469, 1.466, 1.464, 1.464, 1.464, 1.462, 1.462, 1.462, 1.462, 1.462, 1.462, 1.46, 1.46, 1.458, 1.458, 1.458, 1.456, 1.456, 1.456, 1.456, 1.456, 1.456, 1.456, 1.456, 1.456, 1.458, 1.458, 1.458, 0, 
1.533, 1.533, 1.533, 1.532, 1.532, 1.531, 1.531, 1.528, 1.528, 1.528, 1.525, 1.524, 1.523, 1.522, 1.521, 1.52, 1.52, 1.52, 1.52, 1.521, 1.522, 1.522, 1.523, 1.524, 1.525, 1.525, 1.525, 1.524, 1.523, 1.522, 1.52, 1.519, 1.518, 1.517, 1.517, 1.516, 1.517, 1.518, 1.518, 1.519, 1.52, 1.522, 1.523, 1.524, 1.525, 1.525, 1.524, 1.524, 1.523, 1.522, 1.522, 1.52, 1.52, 1.52, 1.521, 1.521, 1.521, 1.521, 1.52, 1.52, 1.52, 1.52, 1.52, 1.52, 1.52, 1.52, 1.52, 1.52, 1.521, 1.522, 1.523, 1.523, 1.523, 1.522, 1.52, 1.52, 1.518, 1.517, 1.516, 1.516, 1.516, 1.516, 1.52, 1.52, 1.523, 1.524, 1.525, 1.524, 1.524, 1.522, 1.521, 1.517, 1.512, 1.511, 1.509, 1.508, 1.507, 1.507, 1.507, 1.508, 1.509, 1.51, 1.511, 1.512, 1.513, 1.513, 1.513, 1.513, 1.516, 1.516, 1.516, 1.516, 1.517, 1.518, 1.518, 1.518, 1.518, 1.518, 1.518, 1.518, 1.518, 1.518, 1.519, 1.52, 1.52, 1.521, 1.521, 1.521, 1.521, 1.52, 1.518, 1.517, 1.512, 1.511, 1.511, 1.511, 1.511, 1.511, 1.511, 1.511, 1.512, 1.513, 1.516, 1.516, 1.516, 1.516, 1.512, 1.512, 1.511, 1.51, 1.509, 1.509, 1.509, 1.508, 1.507, 1.507, 1.507, 1.506, 1.506, 1.506, 1.505, 1.505, 1.505, 1.504, 1.503, 1.503, 1.503, 1.503, 1.503, 1.503, 1.503, 1.503, 1.504, 1.504, 1.505, 1.506, 1.507, 1.507, 1.508, 1.509, 1.509, 1.509, 1.509, 1.509, 1.509, 1.509, 1.508, 1.508, 1.507, 1.507, 1.507, 1.507, 1.506, 1.505, 1.504, 1.503, 1.503, 1.502, 1.501, 1.501, 1.5, 1.499, 1.499, 1.499, 1.5, 1.501, 1.501, 1.502, 1.503, 1.503, 1.504, 1.505, 1.505, 1.505, 1.505, 1.506, 1.507, 1.507, 1.507, 1.506, 1.505, 1.504, 1.502, 1.501, 1.496, 1.496, 1.496, 1.496, 1.496, 1.499, 1.499, 1.499, 1.499, 1.499, 1.496, 1.495, 1.494, 1.492, 1.491, 1.49, 1.489, 1.488, 1.488, 1.487, 1.486, 1.486, 1.486, 1.486, 1.486, 1.487, 1.488, 1.49, 1.491, 1.492, 1.493, 1.494, 1.494, 1.495, 1.494, 1.494, 1.494, 1.493, 1.492, 1.492, 1.492, 1.492, 1.492, 1.492, 1.492, 1.492, 1.492, 1.491, 1.491, 1.49, 1.49, 1.49, 1.491, 1.492, 1.492, 1.493, 1.494, 1.495, 1.496, 1.495, 1.494, 1.493, 1.492, 1.49, 1.49, 1.488, 1.487, 1.486, 1.486, 1.486, 1.486, 1.486, 1.486, 1.486, 1.486, 1.486, 1.485, 1.485, 1.484, 1.484, 1.483, 1.483, 1.482, 1.481, 1.48, 1.479, 1.478, 1.477, 1.476, 1.476, 1.475, 1.474, 1.474, 1.474, 1.474, 1.473, 1.473, 1.472, 1.472, 1.472, 1.472, 1.472, 1.472, 1.472, 1.472, 1.472, 1.473, 1.473, 1.474, 1.474, 1.474, 1.474, 1.475, 1.475, 1.475, 1.474, 1.474, 1.473, 1.472, 1.471, 1.471, 1.47, 1.47, 1.47, 1.47, 1.47, 1.47, 1.469, 1.469, 1.468, 1.468, 1.466, 1.466, 1.464, 1.464, 1.462, 1.462, 1.462, 1.464, 1.466, 1.466, 1.468, 1.47, 1.47, 1.471, 1.472, 1.472, 1.472, 1.472, 1.472, 1.472, 1.472, 1.472, 1.472, 1.472, 1.471, 1.471, 1.47, 1.47, 1.47, 1.47, 1.47, 1.47, 1.47, 1.468, 1.468, 1.468, 1.468, 1.468, 1.468, 1.468, 1.468, 1.468, 1.468, 1.468, 1.468, 1.469, 1.469, 1.47, 1.47, 1.471, 1.472, 1.474, 1.474, 1.475, 1.476, 1.476, 1.476, 1.475, 1.474, 1.474, 1.473, 1.472, 1.471, 1.47, 1.469, 1.466, 1.466, 1.466, 1.466, 1.464, 1.464, 1.464, 1.464, 1.466, 1.464, 1.462, 1.462, 1.462, 1.462, 1.462, 1.462, 1.462, 1.462, 1.464, 1.466, 1.468, 1.471, 1.471, 1.476, 1.476, 1.477, 1.476, 1.475, 1.474, 1.472, 1.47, 1.469, 1.466, 1.466, 1.464, 1.464, 1.464, 1.464, 1.464, 1.462, 1.462, 1.462, 1.46, 1.458, 1.458, 1.458, 1.458, 1.456, 1.456, 1.454, 1.454, 1.456, 1.456, 1.456, 1.456, 1.456, 1.456, 1.456, 1.456, 0, 
1.533, 1.533, 1.533, 1.533, 1.532, 1.531, 1.531, 1.528, 1.528, 1.527, 1.526, 1.525, 1.524, 1.523, 1.522, 1.521, 1.521, 1.521, 1.521, 1.522, 1.522, 1.522, 1.523, 1.524, 1.524, 1.524, 1.524, 1.524, 1.523, 1.522, 1.52, 1.519, 1.518, 1.518, 1.517, 1.517, 1.517, 1.518, 1.518, 1.519, 1.52, 1.522, 1.523, 1.524, 1.525, 1.525, 1.525, 1.525, 1.524, 1.524, 1.524, 1.524, 1.524, 1.522, 1.522, 1.522, 1.522, 1.522, 1.521, 1.52, 1.52, 1.52, 1.52, 1.52, 1.52, 1.52, 1.52, 1.52, 1.52, 1.521, 1.522, 1.523, 1.522, 1.521, 1.52, 1.519, 1.518, 1.517, 1.516, 1.516, 1.516, 1.517, 1.52, 1.52, 1.524, 1.524, 1.525, 1.524, 1.524, 1.521, 1.52, 1.516, 1.512, 1.511, 1.509, 1.508, 1.507, 1.507, 1.507, 1.508, 1.509, 1.51, 1.511, 1.512, 1.513, 1.513, 1.513, 1.516, 1.516, 1.516, 1.516, 1.517, 1.518, 1.518, 1.518, 1.518, 1.518, 1.518, 1.518, 1.518, 1.518, 1.518, 1.518, 1.519, 1.52, 1.52, 1.521, 1.521, 1.52, 1.52, 1.517, 1.517, 1.512, 1.511, 1.511, 1.511, 1.511, 1.511, 1.511, 1.511, 1.512, 1.516, 1.516, 1.516, 1.516, 1.516, 1.513, 1.512, 1.511, 1.511, 1.509, 1.509, 1.509, 1.508, 1.507, 1.506, 1.506, 1.505, 1.505, 1.505, 1.505, 1.504, 1.504, 1.504, 1.503, 1.503, 1.503, 1.503, 1.503, 1.503, 1.503, 1.503, 1.503, 1.504, 1.505, 1.506, 1.507, 1.507, 1.508, 1.508, 1.509, 1.509, 1.509, 1.509, 1.509, 1.509, 1.508, 1.507, 1.507, 1.507, 1.507, 1.506, 1.506, 1.505, 1.504, 1.503, 1.503, 1.502, 1.501, 1.501, 1.5, 1.499, 1.499, 1.499, 1.5, 1.501, 1.501, 1.502, 1.503, 1.504, 1.504, 1.505, 1.505, 1.505, 1.506, 1.507, 1.507, 1.508, 1.507, 1.506, 1.505, 1.503, 1.502, 1.5, 1.496, 1.496, 1.496, 1.496, 1.496, 1.496, 1.499, 1.499, 1.499, 1.499, 1.495, 1.495, 1.494, 1.492, 1.491, 1.49, 1.489, 1.488, 1.488, 1.487, 1.486, 1.486, 1.486, 1.486, 1.486, 1.487, 1.488, 1.49, 1.491, 1.492, 1.493, 1.494, 1.494, 1.494, 1.494, 1.494, 1.493, 1.493, 1.492, 1.492, 1.492, 1.492, 1.492, 1.492, 1.492, 1.492, 1.492, 1.492, 1.491, 1.491, 1.49, 1.49, 1.491, 1.492, 1.492, 1.493, 1.494, 1.495, 1.496, 1.495, 1.494, 1.493, 1.492, 1.491, 1.49, 1.488, 1.487, 1.487, 1.486, 1.486, 1.486, 1.486, 1.486, 1.486, 1.486, 1.485, 1.485, 1.484, 1.484, 1.483, 1.482, 1.482, 1.481, 1.48, 1.479, 1.478, 1.477, 1.476, 1.476, 1.475, 1.475, 1.474, 1.474, 1.474, 1.474, 1.473, 1.473, 1.473, 1.473, 1.473, 1.473, 1.473, 1.473, 1.473, 1.473, 1.473, 1.473, 1.474, 1.474, 1.474, 1.474, 1.474, 1.474, 1.474, 1.474, 1.473, 1.472, 1.471, 1.471, 1.47, 1.47, 1.468, 1.468, 1.47, 1.468, 1.468, 1.468, 1.468, 1.468, 1.468, 1.468, 1.466, 1.466, 1.464, 1.464, 1.462, 1.462, 1.464, 1.464, 1.466, 1.466, 1.469, 1.47, 1.471, 1.471, 1.472, 1.472, 1.472, 1.472, 1.472, 1.472, 1.472, 1.472, 1.472, 1.472, 1.471, 1.47, 1.47, 1.47, 1.47, 1.47, 1.468, 1.468, 1.468, 1.466, 1.466, 1.468, 1.468, 1.468, 1.468, 1.468, 1.468, 1.468, 1.468, 1.469, 1.469, 1.47, 1.47, 1.47, 1.47, 1.471, 1.472, 1.473, 1.474, 1.474, 1.475, 1.475, 1.475, 1.474, 1.473, 1.473, 1.472, 1.472, 1.471, 1.47, 1.469, 1.469, 1.466, 1.466, 1.466, 1.466, 1.466, 1.466, 1.466, 1.464, 1.464, 1.462, 1.462, 1.462, 1.46, 1.46, 1.46, 1.46, 1.46, 1.462, 1.464, 1.466, 1.468, 1.471, 1.475, 1.475, 1.475, 1.475, 1.474, 1.473, 1.472, 1.47, 1.469, 1.468, 1.466, 1.466, 1.464, 1.464, 1.464, 1.464, 1.464, 1.462, 1.46, 1.46, 1.458, 1.458, 1.458, 1.456, 1.456, 1.456, 1.454, 1.454, 1.454, 1.456, 1.454, 1.454, 1.456, 1.456, 1.456, 1.456, 0, 
1.533, 1.533, 1.533, 1.533, 1.532, 1.532, 1.531, 1.528, 1.528, 1.527, 1.526, 1.525, 1.524, 1.523, 1.522, 1.522, 1.522, 1.522, 1.522, 1.522, 1.522, 1.522, 1.523, 1.524, 1.524, 1.524, 1.524, 1.524, 1.523, 1.522, 1.521, 1.52, 1.519, 1.519, 1.518, 1.518, 1.518, 1.518, 1.519, 1.52, 1.52, 1.522, 1.523, 1.525, 1.526, 1.526, 1.526, 1.526, 1.526, 1.525, 1.525, 1.525, 1.524, 1.524, 1.524, 1.523, 1.523, 1.522, 1.522, 1.521, 1.52, 1.52, 1.52, 1.52, 1.52, 1.52, 1.52, 1.52, 1.52, 1.521, 1.521, 1.522, 1.522, 1.521, 1.52, 1.519, 1.518, 1.517, 1.516, 1.516, 1.517, 1.518, 1.519, 1.52, 1.524, 1.524, 1.525, 1.524, 1.524, 1.52, 1.52, 1.516, 1.512, 1.511, 1.509, 1.508, 1.507, 1.507, 1.507, 1.508, 1.509, 1.511, 1.511, 1.512, 1.513, 1.513, 1.516, 1.516, 1.516, 1.516, 1.516, 1.517, 1.518, 1.518, 1.518, 1.519, 1.519, 1.518, 1.518, 1.518, 1.518, 1.518, 1.518, 1.519, 1.519, 1.52, 1.52, 1.52, 1.52, 1.52, 1.516, 1.516, 1.512, 1.511, 1.511, 1.511, 1.511, 1.511, 1.511, 1.511, 1.512, 1.516, 1.516, 1.516, 1.516, 1.516, 1.516, 1.512, 1.512, 1.511, 1.51, 1.509, 1.509, 1.507, 1.507, 1.506, 1.505, 1.505, 1.505, 1.504, 1.504, 1.504, 1.503, 1.503, 1.503, 1.503, 1.503, 1.503, 1.503, 1.503, 1.503, 1.503, 1.503, 1.503, 1.504, 1.505, 1.506, 1.507, 1.507, 1.508, 1.509, 1.509, 1.509, 1.509, 1.509, 1.509, 1.508, 1.507, 1.507, 1.507, 1.507, 1.506, 1.505, 1.504, 1.503, 1.503, 1.503, 1.502, 1.501, 1.501, 1.5, 1.499, 1.499, 1.5, 1.5, 1.501, 1.502, 1.503, 1.504, 1.504, 1.505, 1.505, 1.505, 1.505, 1.506, 1.507, 1.507, 1.508, 1.507, 1.506, 1.505, 1.503, 1.501, 1.5, 1.495, 1.495, 1.495, 1.495, 1.496, 1.496, 1.499, 1.499, 1.499, 1.499, 1.495, 1.494, 1.493, 1.492, 1.491, 1.49, 1.489, 1.488, 1.488, 1.487, 1.486, 1.486, 1.486, 1.486, 1.486, 1.487, 1.488, 1.49, 1.491, 1.492, 1.493, 1.494, 1.494, 1.494, 1.494, 1.494, 1.494, 1.493, 1.492, 1.492, 1.492, 1.492, 1.492, 1.492, 1.492, 1.492, 1.492, 1.492, 1.492, 1.491, 1.491, 1.491, 1.491, 1.492, 1.492, 1.493, 1.494, 1.495, 1.496, 1.495, 1.494, 1.493, 1.492, 1.491, 1.49, 1.488, 1.488, 1.487, 1.486, 1.486, 1.486, 1.486, 1.486, 1.486, 1.485, 1.484, 1.484, 1.483, 1.483, 1.482, 1.481, 1.48, 1.48, 1.479, 1.479, 1.478, 1.477, 1.476, 1.476, 1.475, 1.474, 1.474, 1.474, 1.474, 1.474, 1.473, 1.473, 1.473, 1.473, 1.474, 1.474, 1.474, 1.474, 1.474, 1.474, 1.474, 1.474, 1.474, 1.474, 1.474, 1.474, 1.474, 1.473, 1.473, 1.472, 1.472, 1.471, 1.47, 1.47, 1.468, 1.468, 1.468, 1.468, 1.468, 1.468, 1.468, 1.468, 1.468, 1.468, 1.468, 1.468, 1.466, 1.466, 1.464, 1.464, 1.464, 1.464, 1.464, 1.466, 1.466, 1.469, 1.469, 1.47, 1.471, 1.472, 1.472, 1.472, 1.472, 1.472, 1.472, 1.472, 1.472, 1.472, 1.472, 1.472, 1.471, 1.47, 1.47, 1.47, 1.47, 1.468, 1.468, 1.466, 1.466, 1.466, 1.466, 1.466, 1.466, 1.466, 1.466, 1.468, 1.468, 1.468, 1.468, 1.469, 1.47, 1.47, 1.47, 1.47, 1.47, 1.471, 1.472, 1.472, 1.473, 1.473, 1.474, 1.474, 1.474, 1.473, 1.473, 1.472, 1.472, 1.471, 1.47, 1.47, 1.47, 1.469, 1.466, 1.466, 1.466, 1.466, 1.466, 1.466, 1.466, 1.464, 1.464, 1.462, 1.462, 1.46, 1.458, 1.458, 1.458, 1.458, 1.458, 1.46, 1.462, 1.464, 1.466, 1.469, 1.469, 1.473, 1.474, 1.474, 1.473, 1.473, 1.471, 1.47, 1.469, 1.466, 1.466, 1.466, 1.464, 1.464, 1.464, 1.464, 1.464, 1.462, 1.46, 1.46, 1.46, 1.458, 1.458, 1.456, 1.456, 1.456, 1.454, 1.454, 1.454, 1.456, 1.454, 1.454, 1.454, 1.454, 1.454, 1.454, 0, 
1.533, 1.533, 1.533, 1.533, 1.533, 1.532, 1.531, 1.528, 1.528, 1.528, 1.527, 1.525, 1.524, 1.524, 1.523, 1.523, 1.522, 1.522, 1.522, 1.522, 1.522, 1.522, 1.523, 1.523, 1.523, 1.523, 1.524, 1.524, 1.523, 1.522, 1.521, 1.52, 1.52, 1.519, 1.519, 1.518, 1.518, 1.519, 1.52, 1.52, 1.521, 1.522, 1.524, 1.525, 1.526, 1.526, 1.526, 1.527, 1.527, 1.526, 1.526, 1.526, 1.525, 1.525, 1.525, 1.524, 1.524, 1.523, 1.522, 1.522, 1.521, 1.52, 1.52, 1.52, 1.519, 1.519, 1.519, 1.519, 1.519, 1.52, 1.521, 1.521, 1.521, 1.52, 1.52, 1.519, 1.518, 1.517, 1.516, 1.516, 1.517, 1.518, 1.519, 1.52, 1.524, 1.524, 1.525, 1.524, 1.524, 1.52, 1.519, 1.516, 1.512, 1.511, 1.509, 1.508, 1.507, 1.507, 1.508, 1.509, 1.51, 1.511, 1.512, 1.512, 1.516, 1.516, 1.516, 1.516, 1.516, 1.516, 1.516, 1.517, 1.518, 1.519, 1.519, 1.519, 1.519, 1.519, 1.518, 1.518, 1.518, 1.518, 1.518, 1.518, 1.519, 1.519, 1.519, 1.519, 1.519, 1.519, 1.516, 1.516, 1.512, 1.511, 1.511, 1.511, 1.511, 1.511, 1.511, 1.512, 1.512, 1.516, 1.516, 1.516, 1.516, 1.516, 1.516, 1.513, 1.512, 1.511, 1.51, 1.509, 1.509, 1.507, 1.507, 1.506, 1.505, 1.504, 1.504, 1.503, 1.503, 1.503, 1.503, 1.503, 1.503, 1.503, 1.503, 1.503, 1.503, 1.503, 1.503, 1.503, 1.503, 1.503, 1.504, 1.505, 1.506, 1.506, 1.507, 1.508, 1.508, 1.509, 1.509, 1.509, 1.509, 1.509, 1.508, 1.507, 1.507, 1.507, 1.506, 1.505, 1.505, 1.504, 1.503, 1.503, 1.503, 1.502, 1.502, 1.501, 1.5, 1.5, 1.5, 1.5, 1.501, 1.501, 1.502, 1.503, 1.504, 1.505, 1.505, 1.505, 1.505, 1.505, 1.506, 1.506, 1.507, 1.507, 1.507, 1.506, 1.505, 1.504, 1.501, 1.496, 1.495, 1.494, 1.494, 1.495, 1.495, 1.496, 1.499, 1.499, 1.499, 1.499, 1.495, 1.494, 1.493, 1.492, 1.49, 1.49, 1.489, 1.488, 1.488, 1.487, 1.486, 1.486, 1.486, 1.486, 1.486, 1.487, 1.488, 1.49, 1.491, 1.492, 1.492, 1.493, 1.494, 1.494, 1.494, 1.494, 1.494, 1.493, 1.493, 1.492, 1.492, 1.492, 1.492, 1.492, 1.493, 1.493, 1.493, 1.493, 1.493, 1.492, 1.492, 1.492, 1.492, 1.492, 1.493, 1.494, 1.494, 1.495, 1.496, 1.495, 1.494, 1.493, 1.492, 1.491, 1.49, 1.488, 1.487, 1.486, 1.486, 1.486, 1.486, 1.486, 1.486, 1.485, 1.484, 1.484, 1.483, 1.482, 1.482, 1.481, 1.48, 1.48, 1.479, 1.479, 1.478, 1.477, 1.476, 1.476, 1.476, 1.475, 1.475, 1.474, 1.474, 1.474, 1.474, 1.474, 1.474, 1.474, 1.474, 1.474, 1.474, 1.474, 1.474, 1.475, 1.475, 1.475, 1.475, 1.475, 1.475, 1.474, 1.474, 1.473, 1.473, 1.472, 1.471, 1.471, 1.47, 1.468, 1.468, 1.468, 1.468, 1.468, 1.468, 1.468, 1.468, 1.468, 1.469, 1.469, 1.469, 1.469, 1.468, 1.466, 1.466, 1.464, 1.464, 1.464, 1.464, 1.464, 1.466, 1.466, 1.469, 1.47, 1.47, 1.471, 1.472, 1.472, 1.472, 1.472, 1.472, 1.472, 1.472, 1.472, 1.472, 1.472, 1.472, 1.471, 1.47, 1.47, 1.47, 1.468, 1.468, 1.466, 1.466, 1.466, 1.466, 1.464, 1.464, 1.466, 1.466, 1.466, 1.466, 1.466, 1.468, 1.468, 1.469, 1.469, 1.469, 1.469, 1.469, 1.47, 1.47, 1.471, 1.471, 1.472, 1.472, 1.472, 1.472, 1.473, 1.472, 1.472, 1.472, 1.471, 1.471, 1.47, 1.47, 1.469, 1.469, 1.468, 1.466, 1.466, 1.466, 1.466, 1.466, 1.466, 1.464, 1.462, 1.462, 1.462, 1.46, 1.458, 1.458, 1.458, 1.458, 1.458, 1.46, 1.46, 1.462, 1.464, 1.466, 1.47, 1.471, 1.472, 1.472, 1.472, 1.472, 1.471, 1.47, 1.469, 1.466, 1.466, 1.466, 1.464, 1.464, 1.464, 1.464, 1.462, 1.462, 1.46, 1.46, 1.46, 1.458, 1.456, 1.456, 1.456, 1.456, 1.456, 1.456, 1.456, 1.456, 1.454, 1.454, 1.454, 1.454, 1.454, 1.454, 0, 
1.533, 1.533, 1.533, 1.533, 1.533, 1.532, 1.532, 1.528, 1.528, 1.528, 1.527, 1.526, 1.525, 1.524, 1.524, 1.523, 1.522, 1.521, 1.521, 1.521, 1.521, 1.521, 1.522, 1.522, 1.522, 1.522, 1.523, 1.523, 1.523, 1.522, 1.522, 1.521, 1.52, 1.52, 1.519, 1.519, 1.519, 1.52, 1.52, 1.52, 1.521, 1.522, 1.523, 1.525, 1.526, 1.526, 1.527, 1.527, 1.528, 1.527, 1.527, 1.527, 1.526, 1.526, 1.526, 1.526, 1.525, 1.524, 1.523, 1.522, 1.521, 1.52, 1.52, 1.52, 1.519, 1.518, 1.518, 1.518, 1.519, 1.519, 1.52, 1.52, 1.52, 1.52, 1.52, 1.519, 1.518, 1.517, 1.516, 1.516, 1.517, 1.518, 1.52, 1.52, 1.524, 1.524, 1.525, 1.524, 1.524, 1.52, 1.518, 1.517, 1.512, 1.511, 1.509, 1.508, 1.507, 1.508, 1.508, 1.509, 1.51, 1.511, 1.512, 1.513, 1.516, 1.516, 1.516, 1.516, 1.516, 1.516, 1.517, 1.517, 1.518, 1.519, 1.52, 1.52, 1.519, 1.518, 1.518, 1.517, 1.517, 1.517, 1.517, 1.517, 1.518, 1.518, 1.518, 1.518, 1.518, 1.517, 1.516, 1.516, 1.511, 1.511, 1.511, 1.511, 1.511, 1.511, 1.511, 1.512, 1.512, 1.516, 1.516, 1.516, 1.516, 1.516, 1.516, 1.513, 1.512, 1.511, 1.51, 1.509, 1.509, 1.507, 1.507, 1.505, 1.505, 1.504, 1.503, 1.503, 1.503, 1.503, 1.503, 1.503, 1.503, 1.503, 1.503, 1.503, 1.502, 1.502, 1.502, 1.502, 1.502, 1.503, 1.503, 1.504, 1.505, 1.506, 1.507, 1.507, 1.508, 1.509, 1.509, 1.509, 1.509, 1.509, 1.508, 1.507, 1.507, 1.507, 1.506, 1.505, 1.505, 1.504, 1.503, 1.503, 1.503, 1.503, 1.502, 1.501, 1.501, 1.501, 1.501, 1.501, 1.501, 1.502, 1.502, 1.504, 1.504, 1.505, 1.505, 1.505, 1.505, 1.505, 1.505, 1.506, 1.507, 1.507, 1.507, 1.506, 1.505, 1.504, 1.5, 1.495, 1.495, 1.494, 1.494, 1.494, 1.495, 1.495, 1.499, 1.499, 1.499, 1.496, 1.495, 1.494, 1.493, 1.492, 1.491, 1.49, 1.489, 1.488, 1.488, 1.487, 1.487, 1.486, 1.486, 1.486, 1.486, 1.487, 1.488, 1.49, 1.491, 1.492, 1.492, 1.494, 1.494, 1.494, 1.494, 1.494, 1.494, 1.494, 1.493, 1.493, 1.492, 1.492, 1.493, 1.493, 1.494, 1.494, 1.494, 1.494, 1.494, 1.493, 1.493, 1.493, 1.493, 1.493, 1.494, 1.494, 1.495, 1.496, 1.496, 1.495, 1.494, 1.493, 1.492, 1.491, 1.49, 1.488, 1.487, 1.486, 1.486, 1.486, 1.486, 1.486, 1.485, 1.485, 1.484, 1.483, 1.482, 1.482, 1.481, 1.48, 1.48, 1.479, 1.479, 1.478, 1.478, 1.477, 1.476, 1.476, 1.476, 1.476, 1.475, 1.474, 1.474, 1.474, 1.474, 1.474, 1.474, 1.474, 1.474, 1.474, 1.475, 1.475, 1.475, 1.476, 1.476, 1.476, 1.476, 1.476, 1.475, 1.474, 1.474, 1.473, 1.472, 1.471, 1.471, 1.468, 1.468, 1.468, 1.466, 1.466, 1.466, 1.466, 1.466, 1.466, 1.468, 1.468, 1.468, 1.469, 1.469, 1.469, 1.468, 1.468, 1.466, 1.466, 1.464, 1.464, 1.464, 1.466, 1.466, 1.466, 1.469, 1.47, 1.471, 1.472, 1.472, 1.473, 1.472, 1.472, 1.472, 1.472, 1.472, 1.472, 1.472, 1.472, 1.472, 1.471, 1.47, 1.47, 1.47, 1.468, 1.466, 1.466, 1.466, 1.464, 1.464, 1.464, 1.464, 1.464, 1.464, 1.464, 1.466, 1.466, 1.468, 1.468, 1.468, 1.468, 1.468, 1.468, 1.468, 1.468, 1.468, 1.468, 1.471, 1.471, 1.471, 1.471, 1.471, 1.471, 1.471, 1.471, 1.471, 1.471, 1.47, 1.47, 1.47, 1.469, 1.468, 1.468, 1.468, 1.468, 1.466, 1.466, 1.466, 1.466, 1.464, 1.462, 1.462, 1.462, 1.46, 1.458, 1.458, 1.458, 1.458, 1.458, 1.46, 1.46, 1.462, 1.464, 1.466, 1.468, 1.47, 1.471, 1.471, 1.471, 1.471, 1.47, 1.469, 1.469, 1.466, 1.466, 1.466, 1.464, 1.464, 1.464, 1.464, 1.462, 1.462, 1.46, 1.46, 1.458, 1.458, 1.456, 1.456, 1.456, 1.456, 1.456, 1.456, 1.456, 1.456, 1.454, 1.454, 1.454, 1.452, 1.452, 1.454, 0, 
1.533, 1.533, 1.533, 1.533, 1.533, 1.532, 1.532, 1.531, 1.528, 1.528, 1.527, 1.526, 1.525, 1.524, 1.524, 1.523, 1.522, 1.521, 1.52, 1.52, 1.52, 1.52, 1.521, 1.521, 1.521, 1.521, 1.522, 1.522, 1.522, 1.522, 1.522, 1.521, 1.52, 1.52, 1.52, 1.52, 1.52, 1.52, 1.52, 1.52, 1.521, 1.522, 1.523, 1.524, 1.525, 1.526, 1.526, 1.527, 1.528, 1.528, 1.528, 1.527, 1.527, 1.527, 1.527, 1.527, 1.526, 1.525, 1.524, 1.523, 1.522, 1.521, 1.52, 1.52, 1.519, 1.518, 1.518, 1.518, 1.518, 1.519, 1.519, 1.52, 1.52, 1.52, 1.52, 1.519, 1.518, 1.517, 1.517, 1.517, 1.518, 1.519, 1.52, 1.522, 1.524, 1.525, 1.525, 1.525, 1.524, 1.52, 1.519, 1.516, 1.512, 1.511, 1.509, 1.508, 1.508, 1.508, 1.509, 1.51, 1.511, 1.512, 1.512, 1.516, 1.516, 1.516, 1.516, 1.516, 1.516, 1.517, 1.517, 1.518, 1.518, 1.519, 1.519, 1.519, 1.519, 1.518, 1.517, 1.516, 1.516, 1.516, 1.516, 1.517, 1.517, 1.518, 1.518, 1.518, 1.517, 1.517, 1.516, 1.512, 1.512, 1.511, 1.511, 1.511, 1.511, 1.511, 1.511, 1.512, 1.516, 1.516, 1.516, 1.516, 1.516, 1.516, 1.516, 1.513, 1.512, 1.512, 1.51, 1.509, 1.509, 1.507, 1.507, 1.505, 1.505, 1.504, 1.503, 1.503, 1.503, 1.503, 1.503, 1.503, 1.503, 1.503, 1.503, 1.502, 1.502, 1.501, 1.501, 1.501, 1.501, 1.502, 1.503, 1.504, 1.505, 1.505, 1.507, 1.507, 1.508, 1.509, 1.509, 1.509, 1.509, 1.509, 1.508, 1.507, 1.507, 1.507, 1.506, 1.505, 1.504, 1.503, 1.503, 1.503, 1.503, 1.503, 1.502, 1.501, 1.501, 1.501, 1.501, 1.501, 1.501, 1.502, 1.503, 1.504, 1.505, 1.505, 1.505, 1.505, 1.505, 1.505, 1.505, 1.506, 1.507, 1.506, 1.506, 1.506, 1.504, 1.503, 1.499, 1.495, 1.495, 1.494, 1.494, 1.494, 1.495, 1.495, 1.499, 1.499, 1.499, 1.496, 1.495, 1.494, 1.493, 1.492, 1.491, 1.49, 1.489, 1.488, 1.488, 1.488, 1.487, 1.487, 1.486, 1.486, 1.486, 1.487, 1.488, 1.49, 1.491, 1.492, 1.493, 1.494, 1.494, 1.494, 1.494, 1.494, 1.494, 1.494, 1.494, 1.493, 1.493, 1.493, 1.493, 1.494, 1.494, 1.494, 1.495, 1.495, 1.495, 1.494, 1.494, 1.494, 1.494, 1.494, 1.494, 1.494, 1.495, 1.496, 1.496, 1.495, 1.494, 1.493, 1.492, 1.491, 1.49, 1.488, 1.487, 1.486, 1.486, 1.486, 1.486, 1.485, 1.484, 1.484, 1.483, 1.483, 1.482, 1.481, 1.481, 1.48, 1.479, 1.479, 1.478, 1.478, 1.477, 1.476, 1.476, 1.476, 1.476, 1.476, 1.475, 1.475, 1.474, 1.474, 1.474, 1.474, 1.475, 1.475, 1.475, 1.475, 1.476, 1.476, 1.476, 1.477, 1.476, 1.476, 1.476, 1.476, 1.475, 1.474, 1.473, 1.472, 1.471, 1.471, 1.468, 1.468, 1.468, 1.466, 1.466, 1.466, 1.466, 1.466, 1.466, 1.466, 1.466, 1.468, 1.468, 1.468, 1.468, 1.468, 1.468, 1.468, 1.468, 1.466, 1.466, 1.466, 1.466, 1.466, 1.466, 1.469, 1.469, 1.47, 1.471, 1.472, 1.473, 1.473, 1.473, 1.472, 1.472, 1.472, 1.472, 1.472, 1.472, 1.472, 1.472, 1.472, 1.471, 1.47, 1.47, 1.468, 1.466, 1.466, 1.464, 1.464, 1.462, 1.462, 1.462, 1.462, 1.464, 1.464, 1.464, 1.466, 1.468, 1.468, 1.468, 1.468, 1.468, 1.468, 1.468, 1.466, 1.466, 1.468, 1.468, 1.468, 1.468, 1.468, 1.468, 1.471, 1.468, 1.468, 1.468, 1.468, 1.469, 1.47, 1.469, 1.469, 1.468, 1.468, 1.468, 1.468, 1.468, 1.468, 1.466, 1.466, 1.464, 1.462, 1.462, 1.462, 1.46, 1.458, 1.458, 1.458, 1.458, 1.458, 1.46, 1.46, 1.46, 1.462, 1.464, 1.466, 1.468, 1.468, 1.471, 1.471, 1.47, 1.47, 1.469, 1.468, 1.466, 1.466, 1.466, 1.464, 1.464, 1.464, 1.462, 1.462, 1.462, 1.46, 1.458, 1.458, 1.458, 1.456, 1.456, 1.454, 1.454, 1.454, 1.454, 1.454, 1.454, 1.454, 1.454, 1.454, 1.452, 1.452, 1.454, 0, 
1.534, 1.534, 1.534, 1.533, 1.533, 1.533, 1.532, 1.532, 1.528, 1.528, 1.528, 1.527, 1.526, 1.525, 1.524, 1.523, 1.522, 1.521, 1.52, 1.52, 1.52, 1.52, 1.52, 1.52, 1.52, 1.52, 1.521, 1.521, 1.522, 1.522, 1.522, 1.521, 1.521, 1.52, 1.52, 1.52, 1.52, 1.52, 1.52, 1.52, 1.521, 1.522, 1.523, 1.524, 1.525, 1.526, 1.526, 1.527, 1.527, 1.527, 1.527, 1.527, 1.527, 1.528, 1.528, 1.528, 1.527, 1.526, 1.525, 1.524, 1.524, 1.52, 1.52, 1.52, 1.519, 1.518, 1.518, 1.518, 1.518, 1.518, 1.519, 1.519, 1.52, 1.52, 1.52, 1.519, 1.518, 1.518, 1.518, 1.518, 1.519, 1.519, 1.52, 1.524, 1.524, 1.525, 1.526, 1.525, 1.525, 1.521, 1.52, 1.516, 1.512, 1.511, 1.51, 1.509, 1.509, 1.509, 1.509, 1.51, 1.511, 1.512, 1.513, 1.516, 1.516, 1.516, 1.516, 1.517, 1.517, 1.517, 1.518, 1.518, 1.518, 1.518, 1.518, 1.518, 1.518, 1.518, 1.517, 1.516, 1.516, 1.516, 1.516, 1.516, 1.516, 1.517, 1.517, 1.517, 1.516, 1.516, 1.513, 1.512, 1.511, 1.511, 1.511, 1.511, 1.511, 1.511, 1.512, 1.512, 1.516, 1.516, 1.516, 1.516, 1.516, 1.516, 1.516, 1.513, 1.513, 1.512, 1.511, 1.509, 1.509, 1.508, 1.507, 1.505, 1.505, 1.504, 1.503, 1.503, 1.503, 1.503, 1.503, 1.503, 1.503, 1.503, 1.503, 1.502, 1.501, 1.501, 1.501, 1.501, 1.501, 1.502, 1.502, 1.503, 1.504, 1.505, 1.506, 1.507, 1.508, 1.509, 1.509, 1.509, 1.509, 1.509, 1.508, 1.507, 1.507, 1.506, 1.505, 1.505, 1.504, 1.503, 1.503, 1.503, 1.503, 1.503, 1.502, 1.501, 1.501, 1.501, 1.501, 1.501, 1.502, 1.503, 1.503, 1.504, 1.505, 1.505, 1.505, 1.505, 1.505, 1.505, 1.505, 1.506, 1.506, 1.506, 1.505, 1.505, 1.503, 1.502, 1.499, 1.495, 1.495, 1.494, 1.494, 1.494, 1.495, 1.496, 1.499, 1.499, 1.499, 1.499, 1.495, 1.494, 1.493, 1.492, 1.491, 1.49, 1.489, 1.489, 1.488, 1.488, 1.488, 1.487, 1.487, 1.486, 1.487, 1.488, 1.489, 1.49, 1.491, 1.493, 1.493, 1.494, 1.494, 1.494, 1.494, 1.494, 1.494, 1.494, 1.494, 1.494, 1.494, 1.494, 1.494, 1.494, 1.495, 1.495, 1.495, 1.496, 1.495, 1.495, 1.494, 1.494, 1.494, 1.494, 1.494, 1.495, 1.495, 1.496, 1.496, 1.495, 1.494, 1.494, 1.492, 1.491, 1.49, 1.488, 1.488, 1.486, 1.486, 1.486, 1.485, 1.485, 1.484, 1.484, 1.483, 1.482, 1.481, 1.481, 1.48, 1.48, 1.479, 1.478, 1.478, 1.477, 1.477, 1.476, 1.476, 1.476, 1.476, 1.476, 1.476, 1.475, 1.475, 1.474, 1.474, 1.474, 1.475, 1.476, 1.476, 1.476, 1.476, 1.477, 1.477, 1.477, 1.477, 1.476, 1.476, 1.476, 1.475, 1.474, 1.473, 1.472, 1.471, 1.47, 1.468, 1.466, 1.466, 1.466, 1.464, 1.464, 1.464, 1.464, 1.464, 1.464, 1.466, 1.468, 1.468, 1.468, 1.468, 1.468, 1.468, 1.468, 1.468, 1.468, 1.466, 1.466, 1.466, 1.466, 1.466, 1.469, 1.47, 1.47, 1.471, 1.472, 1.473, 1.473, 1.473, 1.472, 1.472, 1.472, 1.472, 1.472, 1.472, 1.472, 1.472, 1.472, 1.471, 1.47, 1.47, 1.469, 1.466, 1.466, 1.464, 1.462, 1.462, 1.462, 1.462, 1.462, 1.462, 1.464, 1.464, 1.466, 1.468, 1.468, 1.468, 1.468, 1.468, 1.468, 1.466, 1.466, 1.466, 1.466, 1.468, 1.468, 1.468, 1.468, 1.468, 1.468, 1.468, 1.468, 1.468, 1.468, 1.468, 1.468, 1.468, 1.468, 1.468, 1.468, 1.468, 1.468, 1.468, 1.468, 1.468, 1.466, 1.464, 1.464, 1.462, 1.462, 1.46, 1.458, 1.458, 1.458, 1.458, 1.458, 1.46, 1.46, 1.46, 1.462, 1.464, 1.464, 1.466, 1.466, 1.468, 1.468, 1.468, 1.468, 1.468, 1.468, 1.466, 1.466, 1.466, 1.464, 1.464, 1.462, 1.462, 1.462, 1.462, 1.46, 1.458, 1.458, 1.456, 1.454, 1.454, 1.454, 1.454, 1.454, 1.454, 1.454, 1.454, 1.454, 1.454, 1.454, 1.454, 1.454, 1.454, 0, 
1.534, 1.534, 1.534, 1.534, 1.533, 1.533, 1.533, 1.532, 1.532, 1.528, 1.528, 1.527, 1.526, 1.525, 1.524, 1.524, 1.522, 1.521, 1.52, 1.52, 1.52, 1.52, 1.52, 1.52, 1.52, 1.52, 1.52, 1.521, 1.521, 1.522, 1.522, 1.522, 1.521, 1.521, 1.52, 1.52, 1.52, 1.52, 1.52, 1.52, 1.52, 1.521, 1.522, 1.523, 1.524, 1.525, 1.526, 1.526, 1.526, 1.526, 1.526, 1.526, 1.527, 1.527, 1.528, 1.528, 1.527, 1.526, 1.526, 1.525, 1.524, 1.521, 1.52, 1.52, 1.519, 1.518, 1.517, 1.517, 1.517, 1.517, 1.518, 1.518, 1.519, 1.519, 1.519, 1.519, 1.519, 1.519, 1.518, 1.519, 1.519, 1.52, 1.521, 1.524, 1.525, 1.526, 1.526, 1.526, 1.524, 1.522, 1.521, 1.516, 1.512, 1.511, 1.51, 1.509, 1.509, 1.509, 1.51, 1.511, 1.511, 1.512, 1.516, 1.516, 1.516, 1.517, 1.517, 1.517, 1.518, 1.518, 1.518, 1.518, 1.518, 1.518, 1.518, 1.518, 1.518, 1.518, 1.517, 1.516, 1.516, 1.516, 1.516, 1.516, 1.516, 1.516, 1.516, 1.516, 1.516, 1.516, 1.512, 1.512, 1.511, 1.511, 1.511, 1.511, 1.511, 1.511, 1.512, 1.513, 1.513, 1.516, 1.516, 1.516, 1.513, 1.513, 1.513, 1.513, 1.513, 1.512, 1.511, 1.51, 1.509, 1.508, 1.507, 1.506, 1.505, 1.504, 1.503, 1.503, 1.503, 1.503, 1.503, 1.503, 1.503, 1.503, 1.503, 1.502, 1.501, 1.501, 1.501, 1.501, 1.501, 1.501, 1.502, 1.503, 1.504, 1.505, 1.506, 1.507, 1.508, 1.509, 1.509, 1.509, 1.509, 1.509, 1.508, 1.507, 1.507, 1.506, 1.505, 1.505, 1.504, 1.503, 1.503, 1.503, 1.503, 1.503, 1.502, 1.501, 1.501, 1.501, 1.501, 1.501, 1.502, 1.503, 1.504, 1.505, 1.505, 1.505, 1.505, 1.505, 1.505, 1.505, 1.505, 1.505, 1.505, 1.505, 1.505, 1.504, 1.503, 1.501, 1.496, 1.495, 1.495, 1.494, 1.494, 1.495, 1.495, 1.496, 1.499, 1.499, 1.499, 1.499, 1.495, 1.495, 1.493, 1.492, 1.492, 1.49, 1.49, 1.489, 1.489, 1.488, 1.488, 1.488, 1.487, 1.487, 1.487, 1.488, 1.489, 1.49, 1.492, 1.493, 1.494, 1.495, 1.495, 1.495, 1.494, 1.494, 1.494, 1.494, 1.494, 1.494, 1.494, 1.494, 1.495, 1.495, 1.495, 1.496, 1.496, 1.496, 1.496, 1.495, 1.495, 1.495, 1.495, 1.495, 1.495, 1.495, 1.496, 1.496, 1.496, 1.496, 1.495, 1.494, 1.492, 1.491, 1.49, 1.489, 1.488, 1.486, 1.486, 1.485, 1.485, 1.484, 1.484, 1.483, 1.482, 1.482, 1.481, 1.48, 1.48, 1.479, 1.478, 1.478, 1.478, 1.477, 1.476, 1.476, 1.476, 1.476, 1.476, 1.476, 1.476, 1.476, 1.475, 1.475, 1.474, 1.475, 1.475, 1.476, 1.476, 1.476, 1.476, 1.477, 1.477, 1.477, 1.477, 1.476, 1.476, 1.475, 1.474, 1.473, 1.472, 1.471, 1.47, 1.468, 1.468, 1.466, 1.464, 1.464, 1.464, 1.464, 1.464, 1.464, 1.464, 1.464, 1.464, 1.466, 1.468, 1.468, 1.468, 1.468, 1.47, 1.468, 1.468, 1.468, 1.468, 1.466, 1.466, 1.466, 1.468, 1.469, 1.47, 1.47, 1.471, 1.472, 1.472, 1.473, 1.473, 1.473, 1.473, 1.473, 1.473, 1.473, 1.473, 1.472, 1.472, 1.472, 1.471, 1.47, 1.47, 1.469, 1.466, 1.466, 1.464, 1.462, 1.462, 1.462, 1.462, 1.462, 1.462, 1.462, 1.464, 1.464, 1.466, 1.468, 1.468, 1.468, 1.468, 1.466, 1.466, 1.466, 1.466, 1.466, 1.466, 1.466, 1.466, 1.466, 1.466, 1.466, 1.468, 1.466, 1.466, 1.466, 1.466, 1.466, 1.466, 1.468, 1.468, 1.468, 1.468, 1.468, 1.468, 1.468, 1.468, 1.466, 1.466, 1.464, 1.462, 1.462, 1.46, 1.46, 1.458, 1.458, 1.458, 1.458, 1.46, 1.46, 1.46, 1.46, 1.462, 1.464, 1.464, 1.466, 1.466, 1.466, 1.468, 1.468, 1.468, 1.468, 1.468, 1.466, 1.466, 1.464, 1.464, 1.462, 1.462, 1.462, 1.46, 1.458, 1.458, 1.456, 1.454, 1.454, 1.454, 1.454, 1.454, 1.454, 1.454, 1.454, 1.454, 1.454, 1.454, 1.454, 1.454, 1.454, 1.454, 0, 
1.533, 1.534, 1.534, 1.534, 1.534, 1.533, 1.533, 1.533, 1.532, 1.531, 1.528, 1.528, 1.527, 1.526, 1.525, 1.524, 1.523, 1.522, 1.521, 1.52, 1.52, 1.519, 1.519, 1.519, 1.519, 1.519, 1.519, 1.52, 1.521, 1.522, 1.522, 1.522, 1.522, 1.521, 1.521, 1.52, 1.52, 1.52, 1.52, 1.52, 1.52, 1.521, 1.522, 1.523, 1.524, 1.524, 1.525, 1.525, 1.526, 1.526, 1.526, 1.526, 1.526, 1.526, 1.527, 1.528, 1.528, 1.527, 1.526, 1.525, 1.524, 1.523, 1.52, 1.52, 1.519, 1.518, 1.517, 1.516, 1.516, 1.516, 1.517, 1.517, 1.518, 1.518, 1.519, 1.519, 1.519, 1.519, 1.519, 1.52, 1.52, 1.521, 1.522, 1.523, 1.524, 1.526, 1.526, 1.526, 1.524, 1.522, 1.521, 1.516, 1.512, 1.511, 1.51, 1.509, 1.509, 1.509, 1.51, 1.511, 1.511, 1.512, 1.516, 1.516, 1.517, 1.517, 1.518, 1.518, 1.518, 1.518, 1.518, 1.518, 1.518, 1.518, 1.518, 1.518, 1.518, 1.518, 1.517, 1.516, 1.516, 1.516, 1.516, 1.516, 1.516, 1.516, 1.516, 1.516, 1.516, 1.513, 1.512, 1.511, 1.511, 1.511, 1.511, 1.511, 1.511, 1.511, 1.512, 1.513, 1.513, 1.513, 1.513, 1.513, 1.513, 1.513, 1.513, 1.513, 1.513, 1.512, 1.511, 1.51, 1.509, 1.508, 1.507, 1.506, 1.505, 1.504, 1.504, 1.503, 1.503, 1.503, 1.503, 1.503, 1.503, 1.503, 1.502, 1.502, 1.501, 1.501, 1.501, 1.501, 1.501, 1.501, 1.502, 1.502, 1.503, 1.505, 1.505, 1.506, 1.507, 1.508, 1.509, 1.509, 1.509, 1.509, 1.509, 1.507, 1.507, 1.506, 1.505, 1.505, 1.504, 1.503, 1.503, 1.503, 1.503, 1.503, 1.502, 1.501, 1.501, 1.501, 1.501, 1.502, 1.503, 1.504, 1.505, 1.505, 1.505, 1.505, 1.505, 1.505, 1.505, 1.505, 1.505, 1.505, 1.505, 1.505, 1.504, 1.503, 1.502, 1.5, 1.496, 1.495, 1.495, 1.494, 1.494, 1.495, 1.495, 1.496, 1.499, 1.5, 1.5, 1.5, 1.496, 1.495, 1.494, 1.493, 1.492, 1.491, 1.49, 1.49, 1.489, 1.489, 1.489, 1.488, 1.488, 1.488, 1.488, 1.488, 1.49, 1.491, 1.492, 1.494, 1.495, 1.496, 1.496, 1.495, 1.494, 1.494, 1.494, 1.494, 1.494, 1.494, 1.494, 1.494, 1.495, 1.496, 1.496, 1.499, 1.499, 1.499, 1.499, 1.499, 1.499, 1.496, 1.496, 1.496, 1.495, 1.495, 1.496, 1.496, 1.496, 1.496, 1.495, 1.494, 1.493, 1.491, 1.49, 1.489, 1.488, 1.486, 1.485, 1.485, 1.484, 1.484, 1.483, 1.482, 1.482, 1.481, 1.48, 1.48, 1.479, 1.479, 1.478, 1.478, 1.478, 1.477, 1.477, 1.477, 1.477, 1.476, 1.476, 1.476, 1.476, 1.476, 1.476, 1.475, 1.475, 1.475, 1.476, 1.476, 1.476, 1.476, 1.476, 1.477, 1.477, 1.477, 1.476, 1.476, 1.475, 1.474, 1.473, 1.472, 1.471, 1.471, 1.468, 1.468, 1.466, 1.464, 1.464, 1.464, 1.464, 1.462, 1.462, 1.462, 1.462, 1.464, 1.464, 1.466, 1.468, 1.468, 1.47, 1.47, 1.47, 1.47, 1.468, 1.468, 1.468, 1.468, 1.468, 1.468, 1.468, 1.469, 1.47, 1.47, 1.471, 1.472, 1.472, 1.473, 1.473, 1.473, 1.473, 1.473, 1.473, 1.473, 1.473, 1.473, 1.473, 1.472, 1.472, 1.471, 1.47, 1.468, 1.466, 1.466, 1.464, 1.462, 1.462, 1.46, 1.46, 1.46, 1.46, 1.462, 1.464, 1.464, 1.466, 1.466, 1.468, 1.468, 1.466, 1.466, 1.464, 1.464, 1.464, 1.464, 1.464, 1.464, 1.464, 1.464, 1.464, 1.466, 1.466, 1.466, 1.466, 1.466, 1.466, 1.466, 1.466, 1.466, 1.466, 1.468, 1.468, 1.468, 1.468, 1.468, 1.468, 1.466, 1.466, 1.464, 1.464, 1.462, 1.46, 1.46, 1.46, 1.46, 1.458, 1.458, 1.46, 1.46, 1.46, 1.46, 1.462, 1.462, 1.464, 1.464, 1.466, 1.466, 1.466, 1.468, 1.468, 1.466, 1.466, 1.466, 1.466, 1.464, 1.464, 1.462, 1.462, 1.462, 1.46, 1.458, 1.458, 1.456, 1.454, 1.454, 1.454, 1.454, 1.454, 1.454, 1.454, 1.454, 1.456, 1.454, 1.454, 1.454, 1.454, 1.454, 1.454, 0, 
1.533, 1.534, 1.534, 1.535, 1.534, 1.534, 1.533, 1.533, 1.532, 1.532, 1.531, 1.528, 1.527, 1.526, 1.525, 1.524, 1.523, 1.522, 1.521, 1.52, 1.519, 1.519, 1.518, 1.518, 1.518, 1.518, 1.519, 1.52, 1.52, 1.521, 1.522, 1.522, 1.523, 1.522, 1.522, 1.521, 1.52, 1.52, 1.52, 1.52, 1.52, 1.52, 1.521, 1.522, 1.523, 1.524, 1.524, 1.524, 1.524, 1.524, 1.525, 1.525, 1.525, 1.526, 1.527, 1.527, 1.528, 1.528, 1.527, 1.526, 1.525, 1.524, 1.521, 1.52, 1.519, 1.518, 1.517, 1.516, 1.516, 1.516, 1.516, 1.516, 1.517, 1.518, 1.518, 1.519, 1.519, 1.52, 1.52, 1.52, 1.52, 1.521, 1.522, 1.524, 1.524, 1.525, 1.526, 1.525, 1.524, 1.522, 1.521, 1.516, 1.516, 1.511, 1.51, 1.509, 1.509, 1.51, 1.51, 1.511, 1.512, 1.512, 1.516, 1.517, 1.517, 1.518, 1.518, 1.518, 1.518, 1.518, 1.518, 1.519, 1.519, 1.518, 1.518, 1.518, 1.518, 1.518, 1.517, 1.516, 1.516, 1.516, 1.513, 1.513, 1.513, 1.513, 1.513, 1.513, 1.513, 1.512, 1.512, 1.511, 1.511, 1.511, 1.511, 1.511, 1.511, 1.511, 1.512, 1.513, 1.513, 1.513, 1.513, 1.513, 1.513, 1.513, 1.513, 1.513, 1.513, 1.512, 1.511, 1.51, 1.509, 1.509, 1.507, 1.506, 1.505, 1.505, 1.504, 1.503, 1.503, 1.503, 1.503, 1.503, 1.503, 1.503, 1.502, 1.502, 1.501, 1.501, 1.501, 1.501, 1.501, 1.501, 1.501, 1.502, 1.503, 1.504, 1.505, 1.506, 1.507, 1.508, 1.509, 1.509, 1.509, 1.509, 1.508, 1.508, 1.507, 1.506, 1.505, 1.505, 1.504, 1.503, 1.503, 1.503, 1.503, 1.503, 1.502, 1.501, 1.501, 1.501, 1.502, 1.502, 1.503, 1.504, 1.505, 1.505, 1.506, 1.505, 1.505, 1.505, 1.505, 1.505, 1.505, 1.505, 1.505, 1.504, 1.504, 1.503, 1.501, 1.5, 1.496, 1.495, 1.495, 1.494, 1.494, 1.495, 1.496, 1.496, 1.5, 1.5, 1.5, 1.5, 1.496, 1.495, 1.494, 1.494, 1.493, 1.492, 1.491, 1.49, 1.49, 1.49, 1.489, 1.489, 1.489, 1.488, 1.488, 1.489, 1.49, 1.491, 1.492, 1.494, 1.495, 1.496, 1.496, 1.495, 1.495, 1.494, 1.494, 1.494, 1.494, 1.494, 1.494, 1.495, 1.495, 1.496, 1.499, 1.499, 1.5, 1.5, 1.5, 1.5, 1.499, 1.499, 1.496, 1.495, 1.495, 1.495, 1.495, 1.496, 1.496, 1.496, 1.495, 1.494, 1.493, 1.492, 1.49, 1.489, 1.488, 1.486, 1.485, 1.484, 1.484, 1.483, 1.482, 1.482, 1.481, 1.48, 1.48, 1.479, 1.479, 1.478, 1.478, 1.478, 1.478, 1.478, 1.478, 1.477, 1.477, 1.477, 1.476, 1.476, 1.476, 1.476, 1.476, 1.476, 1.476, 1.476, 1.476, 1.476, 1.476, 1.476, 1.476, 1.477, 1.477, 1.476, 1.476, 1.475, 1.474, 1.473, 1.472, 1.471, 1.471, 1.468, 1.468, 1.466, 1.466, 1.464, 1.464, 1.464, 1.462, 1.462, 1.462, 1.462, 1.462, 1.462, 1.464, 1.466, 1.468, 1.468, 1.47, 1.47, 1.47, 1.47, 1.47, 1.47, 1.468, 1.468, 1.468, 1.468, 1.469, 1.47, 1.47, 1.47, 1.471, 1.472, 1.472, 1.472, 1.473, 1.474, 1.474, 1.474, 1.474, 1.474, 1.474, 1.474, 1.474, 1.473, 1.472, 1.471, 1.471, 1.468, 1.466, 1.466, 1.464, 1.462, 1.462, 1.46, 1.46, 1.46, 1.46, 1.46, 1.462, 1.464, 1.464, 1.466, 1.466, 1.466, 1.466, 1.464, 1.464, 1.464, 1.464, 1.464, 1.464, 1.464, 1.464, 1.464, 1.464, 1.464, 1.464, 1.464, 1.464, 1.466, 1.466, 1.466, 1.466, 1.466, 1.466, 1.466, 1.468, 1.468, 1.468, 1.468, 1.468, 1.468, 1.466, 1.464, 1.464, 1.464, 1.462, 1.46, 1.46, 1.46, 1.46, 1.46, 1.46, 1.46, 1.46, 1.46, 1.462, 1.462, 1.462, 1.462, 1.464, 1.464, 1.466, 1.466, 1.466, 1.466, 1.466, 1.466, 1.466, 1.464, 1.464, 1.462, 1.462, 1.46, 1.458, 1.458, 1.456, 1.454, 1.454, 1.454, 1.454, 1.454, 1.454, 1.454, 1.454, 1.454, 1.456, 1.456, 1.456, 1.458, 1.456, 1.456, 1.456, 0, 
1.532, 1.533, 1.534, 1.535, 1.535, 1.534, 1.534, 1.534, 1.533, 1.532, 1.532, 1.531, 1.528, 1.527, 1.526, 1.525, 1.524, 1.522, 1.521, 1.52, 1.519, 1.518, 1.518, 1.518, 1.518, 1.518, 1.518, 1.519, 1.52, 1.521, 1.522, 1.523, 1.523, 1.523, 1.522, 1.522, 1.521, 1.52, 1.52, 1.52, 1.52, 1.52, 1.52, 1.521, 1.522, 1.522, 1.523, 1.523, 1.524, 1.524, 1.524, 1.524, 1.524, 1.525, 1.526, 1.527, 1.528, 1.528, 1.527, 1.526, 1.525, 1.524, 1.522, 1.521, 1.52, 1.519, 1.516, 1.516, 1.516, 1.516, 1.516, 1.516, 1.517, 1.518, 1.518, 1.519, 1.52, 1.52, 1.52, 1.52, 1.521, 1.522, 1.523, 1.524, 1.524, 1.525, 1.526, 1.525, 1.524, 1.522, 1.521, 1.517, 1.517, 1.511, 1.51, 1.51, 1.509, 1.51, 1.511, 1.511, 1.512, 1.516, 1.516, 1.517, 1.518, 1.518, 1.518, 1.519, 1.519, 1.519, 1.519, 1.519, 1.519, 1.519, 1.519, 1.519, 1.518, 1.518, 1.517, 1.516, 1.516, 1.516, 1.513, 1.513, 1.513, 1.513, 1.513, 1.513, 1.513, 1.512, 1.511, 1.511, 1.511, 1.511, 1.511, 1.511, 1.511, 1.511, 1.512, 1.513, 1.513, 1.513, 1.513, 1.513, 1.513, 1.513, 1.513, 1.513, 1.513, 1.512, 1.511, 1.511, 1.51, 1.509, 1.508, 1.507, 1.506, 1.505, 1.504, 1.503, 1.503, 1.503, 1.503, 1.503, 1.503, 1.503, 1.502, 1.502, 1.501, 1.501, 1.501, 1.5, 1.5, 1.501, 1.501, 1.502, 1.503, 1.504, 1.505, 1.505, 1.506, 1.507, 1.508, 1.509, 1.509, 1.509, 1.509, 1.508, 1.507, 1.506, 1.505, 1.505, 1.504, 1.503, 1.503, 1.503, 1.503, 1.503, 1.502, 1.501, 1.502, 1.502, 1.503, 1.503, 1.504, 1.505, 1.506, 1.506, 1.506, 1.506, 1.505, 1.505, 1.505, 1.505, 1.505, 1.505, 1.505, 1.504, 1.503, 1.502, 1.501, 1.5, 1.496, 1.495, 1.495, 1.494, 1.494, 1.495, 1.496, 1.499, 1.5, 1.501, 1.501, 1.5, 1.5, 1.496, 1.495, 1.494, 1.493, 1.492, 1.492, 1.491, 1.491, 1.49, 1.49, 1.49, 1.489, 1.489, 1.489, 1.49, 1.49, 1.492, 1.492, 1.494, 1.495, 1.496, 1.496, 1.496, 1.495, 1.495, 1.494, 1.494, 1.494, 1.494, 1.494, 1.495, 1.496, 1.496, 1.499, 1.499, 1.5, 1.501, 1.501, 1.5, 1.499, 1.499, 1.495, 1.495, 1.494, 1.494, 1.495, 1.495, 1.495, 1.496, 1.495, 1.494, 1.493, 1.492, 1.49, 1.488, 1.487, 1.486, 1.484, 1.483, 1.483, 1.482, 1.481, 1.481, 1.48, 1.48, 1.479, 1.479, 1.478, 1.478, 1.478, 1.478, 1.478, 1.478, 1.478, 1.478, 1.478, 1.477, 1.477, 1.476, 1.476, 1.476, 1.476, 1.476, 1.476, 1.476, 1.476, 1.476, 1.476, 1.476, 1.476, 1.477, 1.476, 1.476, 1.475, 1.474, 1.473, 1.472, 1.471, 1.471, 1.468, 1.466, 1.466, 1.466, 1.466, 1.464, 1.462, 1.462, 1.462, 1.462, 1.462, 1.462, 1.462, 1.462, 1.464, 1.466, 1.468, 1.468, 1.47, 1.47, 1.471, 1.471, 1.471, 1.471, 1.47, 1.47, 1.468, 1.469, 1.469, 1.47, 1.47, 1.47, 1.47, 1.471, 1.472, 1.472, 1.473, 1.474, 1.474, 1.474, 1.474, 1.474, 1.474, 1.474, 1.474, 1.473, 1.473, 1.472, 1.471, 1.468, 1.466, 1.466, 1.464, 1.462, 1.462, 1.46, 1.46, 1.46, 1.46, 1.46, 1.462, 1.464, 1.464, 1.464, 1.466, 1.466, 1.464, 1.464, 1.464, 1.464, 1.462, 1.462, 1.462, 1.462, 1.462, 1.462, 1.462, 1.464, 1.464, 1.464, 1.464, 1.464, 1.464, 1.466, 1.466, 1.466, 1.466, 1.466, 1.466, 1.468, 1.468, 1.468, 1.468, 1.468, 1.466, 1.466, 1.464, 1.464, 1.464, 1.462, 1.46, 1.46, 1.46, 1.46, 1.46, 1.46, 1.46, 1.46, 1.46, 1.46, 1.462, 1.462, 1.462, 1.462, 1.464, 1.464, 1.464, 1.466, 1.466, 1.466, 1.466, 1.464, 1.464, 1.462, 1.462, 1.46, 1.458, 1.458, 1.456, 1.454, 1.454, 1.452, 1.452, 1.452, 1.452, 1.454, 1.454, 1.454, 1.456, 1.456, 1.458, 1.458, 1.456, 1.456, 1.458, 0, 
1.531, 1.532, 1.533, 1.534, 1.535, 1.535, 1.535, 1.534, 1.534, 1.533, 1.532, 1.532, 1.528, 1.528, 1.527, 1.526, 1.524, 1.523, 1.522, 1.52, 1.519, 1.518, 1.518, 1.518, 1.518, 1.518, 1.518, 1.519, 1.52, 1.52, 1.521, 1.522, 1.523, 1.523, 1.523, 1.522, 1.521, 1.521, 1.52, 1.52, 1.52, 1.52, 1.52, 1.52, 1.521, 1.521, 1.522, 1.522, 1.523, 1.523, 1.523, 1.524, 1.524, 1.525, 1.526, 1.527, 1.528, 1.528, 1.528, 1.527, 1.526, 1.525, 1.524, 1.52, 1.52, 1.52, 1.516, 1.516, 1.516, 1.516, 1.516, 1.516, 1.517, 1.518, 1.518, 1.519, 1.52, 1.52, 1.52, 1.52, 1.521, 1.522, 1.523, 1.524, 1.524, 1.525, 1.526, 1.525, 1.524, 1.522, 1.521, 1.518, 1.517, 1.511, 1.511, 1.51, 1.51, 1.51, 1.511, 1.511, 1.512, 1.516, 1.516, 1.517, 1.518, 1.519, 1.519, 1.519, 1.52, 1.52, 1.52, 1.52, 1.52, 1.519, 1.519, 1.518, 1.518, 1.518, 1.517, 1.516, 1.516, 1.516, 1.516, 1.516, 1.513, 1.513, 1.513, 1.513, 1.513, 1.512, 1.511, 1.511, 1.511, 1.511, 1.511, 1.511, 1.511, 1.511, 1.512, 1.513, 1.513, 1.513, 1.513, 1.513, 1.513, 1.513, 1.513, 1.513, 1.513, 1.513, 1.512, 1.511, 1.51, 1.509, 1.508, 1.507, 1.506, 1.506, 1.505, 1.504, 1.504, 1.504, 1.503, 1.503, 1.503, 1.503, 1.502, 1.502, 1.501, 1.501, 1.501, 1.5, 1.5, 1.501, 1.501, 1.502, 1.503, 1.503, 1.504, 1.505, 1.506, 1.507, 1.508, 1.509, 1.509, 1.509, 1.509, 1.508, 1.507, 1.507, 1.505, 1.505, 1.504, 1.503, 1.503, 1.503, 1.503, 1.503, 1.502, 1.502, 1.502, 1.503, 1.503, 1.503, 1.504, 1.505, 1.506, 1.507, 1.507, 1.506, 1.505, 1.505, 1.505, 1.505, 1.505, 1.505, 1.504, 1.504, 1.503, 1.502, 1.501, 1.5, 1.496, 1.496, 1.495, 1.494, 1.495, 1.495, 1.496, 1.499, 1.5, 1.501, 1.501, 1.501, 1.5, 1.496, 1.495, 1.494, 1.494, 1.493, 1.492, 1.492, 1.491, 1.491, 1.49, 1.49, 1.49, 1.49, 1.49, 1.49, 1.49, 1.492, 1.492, 1.494, 1.495, 1.496, 1.496, 1.496, 1.496, 1.495, 1.495, 1.495, 1.494, 1.494, 1.494, 1.495, 1.496, 1.496, 1.499, 1.499, 1.5, 1.501, 1.501, 1.5, 1.499, 1.496, 1.495, 1.494, 1.494, 1.494, 1.494, 1.494, 1.495, 1.495, 1.495, 1.494, 1.493, 1.492, 1.49, 1.488, 1.487, 1.485, 1.484, 1.483, 1.482, 1.481, 1.481, 1.48, 1.48, 1.479, 1.479, 1.478, 1.478, 1.478, 1.478, 1.478, 1.478, 1.478, 1.478, 1.478, 1.478, 1.478, 1.477, 1.477, 1.476, 1.476, 1.476, 1.476, 1.475, 1.475, 1.475, 1.476, 1.476, 1.476, 1.476, 1.476, 1.476, 1.475, 1.474, 1.473, 1.472, 1.471, 1.468, 1.466, 1.466, 1.466, 1.466, 1.466, 1.464, 1.464, 1.462, 1.462, 1.462, 1.462, 1.462, 1.462, 1.462, 1.464, 1.464, 1.466, 1.468, 1.47, 1.471, 1.471, 1.472, 1.472, 1.472, 1.471, 1.471, 1.47, 1.47, 1.47, 1.47, 1.47, 1.47, 1.47, 1.47, 1.471, 1.472, 1.472, 1.473, 1.473, 1.474, 1.474, 1.474, 1.474, 1.474, 1.474, 1.474, 1.474, 1.473, 1.472, 1.471, 1.468, 1.468, 1.466, 1.464, 1.462, 1.462, 1.46, 1.46, 1.46, 1.46, 1.46, 1.46, 1.462, 1.464, 1.464, 1.464, 1.464, 1.464, 1.464, 1.464, 1.464, 1.462, 1.462, 1.462, 1.462, 1.462, 1.462, 1.462, 1.462, 1.462, 1.462, 1.464, 1.464, 1.464, 1.464, 1.464, 1.466, 1.466, 1.466, 1.466, 1.468, 1.468, 1.468, 1.468, 1.468, 1.466, 1.466, 1.466, 1.464, 1.464, 1.464, 1.462, 1.462, 1.462, 1.462, 1.462, 1.462, 1.46, 1.46, 1.46, 1.46, 1.46, 1.46, 1.462, 1.462, 1.462, 1.464, 1.464, 1.464, 1.464, 1.466, 1.466, 1.464, 1.464, 1.462, 1.462, 1.46, 1.458, 1.458, 1.456, 1.454, 1.454, 1.452, 1.452, 1.452, 1.452, 1.452, 1.454, 1.454, 1.456, 1.458, 1.458, 1.458, 1.458, 1.458, 1.458, 0, 
1.531, 1.532, 1.533, 1.534, 1.535, 1.535, 1.535, 1.535, 1.534, 1.534, 1.533, 1.532, 1.532, 1.528, 1.527, 1.526, 1.525, 1.524, 1.522, 1.521, 1.52, 1.519, 1.518, 1.518, 1.518, 1.517, 1.517, 1.518, 1.519, 1.52, 1.521, 1.522, 1.523, 1.523, 1.523, 1.522, 1.522, 1.521, 1.52, 1.52, 1.52, 1.52, 1.52, 1.52, 1.52, 1.521, 1.521, 1.521, 1.522, 1.522, 1.522, 1.523, 1.523, 1.524, 1.525, 1.526, 1.527, 1.528, 1.528, 1.527, 1.526, 1.525, 1.524, 1.52, 1.52, 1.52, 1.517, 1.516, 1.516, 1.516, 1.516, 1.516, 1.517, 1.518, 1.518, 1.519, 1.52, 1.52, 1.52, 1.52, 1.521, 1.522, 1.523, 1.524, 1.524, 1.525, 1.525, 1.525, 1.524, 1.522, 1.52, 1.518, 1.517, 1.512, 1.511, 1.511, 1.511, 1.511, 1.511, 1.511, 1.512, 1.516, 1.517, 1.518, 1.519, 1.52, 1.52, 1.52, 1.52, 1.52, 1.52, 1.52, 1.52, 1.519, 1.519, 1.518, 1.518, 1.517, 1.517, 1.516, 1.516, 1.516, 1.516, 1.516, 1.513, 1.513, 1.513, 1.513, 1.513, 1.512, 1.511, 1.511, 1.511, 1.511, 1.511, 1.511, 1.511, 1.511, 1.512, 1.512, 1.513, 1.513, 1.512, 1.512, 1.512, 1.512, 1.512, 1.513, 1.513, 1.513, 1.512, 1.511, 1.511, 1.51, 1.509, 1.508, 1.507, 1.506, 1.506, 1.505, 1.505, 1.504, 1.504, 1.504, 1.503, 1.503, 1.503, 1.502, 1.501, 1.501, 1.501, 1.501, 1.501, 1.501, 1.501, 1.502, 1.503, 1.503, 1.504, 1.505, 1.506, 1.507, 1.508, 1.509, 1.509, 1.509, 1.509, 1.508, 1.507, 1.507, 1.506, 1.505, 1.504, 1.503, 1.503, 1.503, 1.503, 1.503, 1.503, 1.503, 1.503, 1.503, 1.503, 1.504, 1.505, 1.506, 1.507, 1.507, 1.507, 1.507, 1.506, 1.505, 1.505, 1.505, 1.505, 1.505, 1.504, 1.503, 1.503, 1.502, 1.501, 1.5, 1.496, 1.496, 1.495, 1.494, 1.495, 1.495, 1.496, 1.5, 1.5, 1.501, 1.502, 1.501, 1.5, 1.499, 1.496, 1.495, 1.494, 1.494, 1.493, 1.493, 1.492, 1.491, 1.491, 1.49, 1.49, 1.49, 1.49, 1.49, 1.49, 1.492, 1.492, 1.493, 1.494, 1.495, 1.496, 1.496, 1.496, 1.496, 1.495, 1.495, 1.495, 1.494, 1.494, 1.495, 1.495, 1.496, 1.499, 1.499, 1.5, 1.501, 1.5, 1.5, 1.499, 1.495, 1.495, 1.494, 1.494, 1.494, 1.494, 1.494, 1.495, 1.495, 1.495, 1.494, 1.493, 1.492, 1.49, 1.488, 1.486, 1.485, 1.483, 1.482, 1.481, 1.48, 1.48, 1.479, 1.478, 1.478, 1.478, 1.478, 1.478, 1.478, 1.478, 1.478, 1.478, 1.478, 1.478, 1.478, 1.478, 1.478, 1.478, 1.477, 1.477, 1.476, 1.476, 1.475, 1.475, 1.474, 1.475, 1.475, 1.475, 1.476, 1.476, 1.476, 1.475, 1.474, 1.473, 1.472, 1.471, 1.468, 1.468, 1.466, 1.466, 1.466, 1.464, 1.464, 1.464, 1.464, 1.462, 1.462, 1.462, 1.462, 1.462, 1.462, 1.462, 1.464, 1.466, 1.466, 1.468, 1.471, 1.471, 1.472, 1.472, 1.472, 1.472, 1.472, 1.471, 1.471, 1.47, 1.47, 1.47, 1.47, 1.47, 1.47, 1.47, 1.471, 1.472, 1.472, 1.472, 1.473, 1.474, 1.474, 1.474, 1.474, 1.474, 1.474, 1.474, 1.474, 1.473, 1.472, 1.471, 1.47, 1.468, 1.466, 1.464, 1.464, 1.462, 1.462, 1.46, 1.46, 1.46, 1.46, 1.46, 1.462, 1.464, 1.464, 1.464, 1.464, 1.464, 1.464, 1.464, 1.464, 1.462, 1.462, 1.462, 1.462, 1.462, 1.462, 1.462, 1.462, 1.462, 1.462, 1.464, 1.464, 1.464, 1.464, 1.464, 1.464, 1.464, 1.466, 1.466, 1.466, 1.468, 1.468, 1.468, 1.468, 1.468, 1.466, 1.466, 1.466, 1.464, 1.464, 1.464, 1.464, 1.464, 1.464, 1.462, 1.462, 1.462, 1.462, 1.46, 1.46, 1.46, 1.46, 1.462, 1.462, 1.462, 1.462, 1.464, 1.464, 1.464, 1.466, 1.466, 1.464, 1.464, 1.462, 1.462, 1.46, 1.458, 1.458, 1.456, 1.454, 1.454, 1.452, 1.452, 1.452, 1.452, 1.452, 1.454, 1.454, 1.456, 1.458, 1.458, 1.46, 1.46, 1.46, 1.46, 0, 
1.528, 1.532, 1.533, 1.534, 1.535, 1.535, 1.535, 1.535, 1.535, 1.534, 1.533, 1.533, 1.532, 1.532, 1.528, 1.527, 1.526, 1.524, 1.522, 1.521, 1.52, 1.519, 1.518, 1.518, 1.518, 1.517, 1.517, 1.518, 1.519, 1.52, 1.52, 1.521, 1.522, 1.523, 1.523, 1.522, 1.522, 1.521, 1.521, 1.52, 1.52, 1.52, 1.52, 1.52, 1.52, 1.52, 1.52, 1.52, 1.521, 1.521, 1.521, 1.522, 1.523, 1.524, 1.525, 1.526, 1.527, 1.528, 1.528, 1.527, 1.526, 1.525, 1.524, 1.52, 1.52, 1.519, 1.518, 1.517, 1.516, 1.516, 1.516, 1.516, 1.517, 1.518, 1.518, 1.519, 1.52, 1.52, 1.52, 1.52, 1.521, 1.522, 1.523, 1.524, 1.524, 1.525, 1.525, 1.524, 1.523, 1.522, 1.52, 1.518, 1.517, 1.512, 1.511, 1.511, 1.511, 1.511, 1.511, 1.511, 1.512, 1.516, 1.517, 1.518, 1.519, 1.52, 1.52, 1.52, 1.52, 1.52, 1.52, 1.52, 1.52, 1.519, 1.519, 1.518, 1.518, 1.517, 1.517, 1.516, 1.516, 1.516, 1.516, 1.516, 1.516, 1.513, 1.513, 1.513, 1.513, 1.512, 1.512, 1.511, 1.511, 1.511, 1.511, 1.511, 1.511, 1.511, 1.511, 1.512, 1.512, 1.512, 1.512, 1.511, 1.511, 1.512, 1.512, 1.512, 1.512, 1.513, 1.512, 1.511, 1.511, 1.511, 1.51, 1.509, 1.508, 1.507, 1.506, 1.506, 1.505, 1.505, 1.505, 1.504, 1.504, 1.503, 1.503, 1.502, 1.501, 1.501, 1.501, 1.501, 1.501, 1.501, 1.501, 1.502, 1.503, 1.503, 1.504, 1.505, 1.505, 1.506, 1.507, 1.508, 1.509, 1.509, 1.509, 1.509, 1.508, 1.507, 1.506, 1.505, 1.504, 1.503, 1.503, 1.503, 1.503, 1.503, 1.503, 1.503, 1.503, 1.503, 1.504, 1.505, 1.505, 1.506, 1.507, 1.507, 1.507, 1.507, 1.506, 1.505, 1.505, 1.505, 1.505, 1.505, 1.504, 1.503, 1.503, 1.502, 1.501, 1.5, 1.496, 1.496, 1.495, 1.495, 1.495, 1.496, 1.499, 1.5, 1.501, 1.501, 1.502, 1.501, 1.5, 1.499, 1.496, 1.495, 1.495, 1.494, 1.494, 1.493, 1.492, 1.492, 1.491, 1.491, 1.49, 1.49, 1.49, 1.49, 1.49, 1.491, 1.492, 1.493, 1.494, 1.494, 1.495, 1.496, 1.495, 1.495, 1.495, 1.495, 1.495, 1.494, 1.494, 1.494, 1.495, 1.496, 1.496, 1.499, 1.5, 1.5, 1.5, 1.5, 1.496, 1.495, 1.494, 1.493, 1.493, 1.493, 1.493, 1.494, 1.494, 1.495, 1.495, 1.494, 1.493, 1.492, 1.49, 1.488, 1.486, 1.484, 1.483, 1.481, 1.48, 1.48, 1.479, 1.478, 1.478, 1.477, 1.477, 1.477, 1.478, 1.478, 1.478, 1.478, 1.478, 1.478, 1.479, 1.479, 1.478, 1.478, 1.478, 1.478, 1.477, 1.476, 1.475, 1.475, 1.474, 1.474, 1.474, 1.474, 1.474, 1.475, 1.475, 1.475, 1.474, 1.473, 1.472, 1.471, 1.47, 1.468, 1.466, 1.466, 1.464, 1.464, 1.464, 1.464, 1.464, 1.464, 1.464, 1.464, 1.464, 1.464, 1.464, 1.464, 1.464, 1.464, 1.466, 1.468, 1.468, 1.471, 1.472, 1.472, 1.473, 1.473, 1.473, 1.473, 1.472, 1.472, 1.471, 1.47, 1.47, 1.47, 1.47, 1.47, 1.47, 1.471, 1.471, 1.472, 1.472, 1.473, 1.474, 1.474, 1.474, 1.474, 1.474, 1.474, 1.474, 1.474, 1.473, 1.472, 1.471, 1.47, 1.468, 1.466, 1.466, 1.464, 1.464, 1.462, 1.462, 1.46, 1.46, 1.46, 1.46, 1.46, 1.462, 1.464, 1.464, 1.464, 1.464, 1.464, 1.464, 1.464, 1.462, 1.462, 1.462, 1.462, 1.462, 1.462, 1.462, 1.462, 1.462, 1.462, 1.464, 1.464, 1.464, 1.464, 1.464, 1.464, 1.464, 1.466, 1.466, 1.466, 1.468, 1.468, 1.468, 1.468, 1.468, 1.468, 1.468, 1.466, 1.466, 1.466, 1.464, 1.464, 1.464, 1.464, 1.464, 1.462, 1.462, 1.462, 1.462, 1.46, 1.46, 1.46, 1.46, 1.462, 1.462, 1.462, 1.462, 1.464, 1.464, 1.466, 1.466, 1.464, 1.464, 1.462, 1.462, 1.46, 1.458, 1.458, 1.456, 1.454, 1.454, 1.452, 1.452, 1.452, 1.452, 1.452, 1.454, 1.454, 1.456, 1.458, 1.458, 1.46, 1.46, 1.46, 1.46, 0, 
1.528, 1.528, 1.532, 1.533, 1.534, 1.535, 1.535, 1.535, 1.535, 1.535, 1.534, 1.533, 1.533, 1.532, 1.528, 1.528, 1.527, 1.524, 1.523, 1.522, 1.52, 1.519, 1.519, 1.518, 1.518, 1.517, 1.517, 1.518, 1.518, 1.519, 1.52, 1.521, 1.522, 1.522, 1.523, 1.523, 1.522, 1.522, 1.521, 1.521, 1.52, 1.52, 1.52, 1.52, 1.52, 1.52, 1.52, 1.52, 1.52, 1.52, 1.52, 1.521, 1.522, 1.523, 1.524, 1.525, 1.526, 1.527, 1.527, 1.527, 1.526, 1.524, 1.524, 1.52, 1.52, 1.519, 1.518, 1.517, 1.516, 1.516, 1.516, 1.516, 1.517, 1.518, 1.518, 1.519, 1.52, 1.52, 1.52, 1.52, 1.521, 1.522, 1.523, 1.524, 1.524, 1.524, 1.525, 1.524, 1.523, 1.522, 1.52, 1.518, 1.517, 1.512, 1.511, 1.511, 1.511, 1.511, 1.511, 1.511, 1.512, 1.516, 1.517, 1.518, 1.519, 1.52, 1.52, 1.52, 1.52, 1.52, 1.52, 1.52, 1.52, 1.519, 1.519, 1.518, 1.518, 1.517, 1.517, 1.516, 1.516, 1.516, 1.516, 1.516, 1.516, 1.516, 1.516, 1.516, 1.513, 1.513, 1.512, 1.511, 1.511, 1.511, 1.511, 1.511, 1.511, 1.511, 1.511, 1.511, 1.511, 1.511, 1.511, 1.511, 1.511, 1.511, 1.511, 1.511, 1.512, 1.512, 1.512, 1.511, 1.511, 1.511, 1.51, 1.509, 1.508, 1.507, 1.507, 1.507, 1.506, 1.506, 1.505, 1.505, 1.504, 1.504, 1.503, 1.502, 1.501, 1.501, 1.501, 1.501, 1.501, 1.501, 1.501, 1.502, 1.503, 1.503, 1.504, 1.505, 1.505, 1.506, 1.507, 1.508, 1.509, 1.509, 1.51, 1.509, 1.508, 1.508, 1.507, 1.506, 1.505, 1.504, 1.503, 1.503, 1.503, 1.503, 1.503, 1.503, 1.503, 1.503, 1.504, 1.505, 1.506, 1.507, 1.507, 1.507, 1.507, 1.507, 1.506, 1.506, 1.505, 1.505, 1.505, 1.505, 1.504, 1.503, 1.503, 1.501, 1.501, 1.5, 1.499, 1.496, 1.496, 1.496, 1.496, 1.496, 1.499, 1.5, 1.501, 1.502, 1.502, 1.501, 1.5, 1.5, 1.496, 1.496, 1.495, 1.495, 1.494, 1.494, 1.493, 1.492, 1.492, 1.491, 1.49, 1.49, 1.49, 1.49, 1.49, 1.49, 1.491, 1.492, 1.493, 1.494, 1.494, 1.495, 1.495, 1.494, 1.494, 1.494, 1.494, 1.494, 1.494, 1.494, 1.495, 1.495, 1.495, 1.496, 1.499, 1.499, 1.499, 1.499, 1.495, 1.494, 1.493, 1.493, 1.492, 1.492, 1.493, 1.494, 1.494, 1.495, 1.495, 1.494, 1.493, 1.492, 1.49, 1.489, 1.486, 1.485, 1.481, 1.48, 1.479, 1.478, 1.478, 1.477, 1.477, 1.476, 1.476, 1.477, 1.477, 1.478, 1.478, 1.479, 1.479, 1.479, 1.479, 1.479, 1.479, 1.479, 1.479, 1.478, 1.477, 1.476, 1.475, 1.474, 1.474, 1.474, 1.474, 1.474, 1.474, 1.474, 1.474, 1.474, 1.473, 1.472, 1.471, 1.47, 1.468, 1.466, 1.466, 1.464, 1.464, 1.462, 1.462, 1.462, 1.464, 1.464, 1.464, 1.464, 1.464, 1.464, 1.464, 1.464, 1.466, 1.466, 1.466, 1.468, 1.471, 1.471, 1.472, 1.473, 1.473, 1.474, 1.474, 1.473, 1.472, 1.472, 1.471, 1.471, 1.47, 1.47, 1.47, 1.47, 1.47, 1.47, 1.471, 1.472, 1.472, 1.473, 1.474, 1.474, 1.474, 1.474, 1.474, 1.474, 1.474, 1.474, 1.474, 1.473, 1.472, 1.471, 1.47, 1.468, 1.466, 1.466, 1.464, 1.462, 1.462, 1.462, 1.46, 1.46, 1.46, 1.46, 1.462, 1.462, 1.464, 1.464, 1.464, 1.464, 1.464, 1.464, 1.462, 1.462, 1.462, 1.462, 1.462, 1.462, 1.462, 1.462, 1.462, 1.464, 1.464, 1.464, 1.464, 1.464, 1.464, 1.464, 1.464, 1.464, 1.466, 1.466, 1.466, 1.466, 1.468, 1.468, 1.468, 1.468, 1.468, 1.468, 1.466, 1.466, 1.466, 1.466, 1.466, 1.466, 1.464, 1.462, 1.462, 1.462, 1.462, 1.46, 1.46, 1.46, 1.46, 1.462, 1.462, 1.462, 1.462, 1.464, 1.464, 1.464, 1.464, 1.464, 1.464, 1.462, 1.462, 1.462, 1.46, 1.458, 1.458, 1.454, 1.454, 1.452, 1.452, 1.452, 1.452, 1.452, 1.454, 1.454, 1.456, 1.458, 1.458, 1.46, 1.46, 1.46, 1.462, 0, 
1.527, 1.527, 1.532, 1.533, 1.534, 1.535, 1.536, 1.536, 1.536, 1.535, 1.535, 1.534, 1.533, 1.533, 1.532, 1.528, 1.528, 1.525, 1.524, 1.522, 1.521, 1.52, 1.519, 1.518, 1.518, 1.517, 1.517, 1.518, 1.518, 1.519, 1.52, 1.52, 1.521, 1.522, 1.523, 1.523, 1.523, 1.523, 1.522, 1.522, 1.521, 1.521, 1.52, 1.52, 1.52, 1.52, 1.52, 1.52, 1.52, 1.52, 1.52, 1.52, 1.521, 1.522, 1.523, 1.524, 1.525, 1.526, 1.526, 1.526, 1.525, 1.524, 1.523, 1.52, 1.52, 1.52, 1.517, 1.516, 1.516, 1.516, 1.516, 1.516, 1.516, 1.517, 1.518, 1.519, 1.52, 1.52, 1.52, 1.52, 1.521, 1.522, 1.522, 1.523, 1.524, 1.524, 1.524, 1.524, 1.523, 1.522, 1.52, 1.518, 1.517, 1.512, 1.511, 1.511, 1.51, 1.51, 1.511, 1.511, 1.511, 1.516, 1.517, 1.518, 1.519, 1.52, 1.52, 1.52, 1.52, 1.52, 1.52, 1.52, 1.52, 1.519, 1.518, 1.518, 1.518, 1.517, 1.517, 1.516, 1.516, 1.516, 1.516, 1.516, 1.516, 1.516, 1.516, 1.516, 1.516, 1.513, 1.512, 1.512, 1.511, 1.511, 1.511, 1.511, 1.511, 1.511, 1.511, 1.511, 1.511, 1.511, 1.511, 1.511, 1.511, 1.511, 1.511, 1.511, 1.511, 1.511, 1.511, 1.511, 1.511, 1.511, 1.51, 1.509, 1.508, 1.508, 1.508, 1.507, 1.507, 1.507, 1.506, 1.506, 1.505, 1.504, 1.503, 1.503, 1.502, 1.501, 1.501, 1.501, 1.501, 1.501, 1.502, 1.502, 1.503, 1.503, 1.504, 1.505, 1.505, 1.506, 1.507, 1.508, 1.509, 1.509, 1.51, 1.51, 1.509, 1.508, 1.507, 1.506, 1.505, 1.504, 1.503, 1.503, 1.503, 1.503, 1.503, 1.503, 1.504, 1.504, 1.505, 1.506, 1.506, 1.507, 1.507, 1.508, 1.508, 1.507, 1.507, 1.506, 1.505, 1.505, 1.505, 1.505, 1.504, 1.503, 1.503, 1.502, 1.501, 1.5, 1.499, 1.496, 1.496, 1.496, 1.496, 1.499, 1.5, 1.5, 1.501, 1.502, 1.502, 1.501, 1.501, 1.5, 1.499, 1.496, 1.496, 1.495, 1.495, 1.494, 1.493, 1.493, 1.492, 1.491, 1.49, 1.49, 1.489, 1.489, 1.489, 1.489, 1.49, 1.491, 1.492, 1.492, 1.493, 1.494, 1.494, 1.494, 1.494, 1.494, 1.494, 1.493, 1.493, 1.494, 1.494, 1.494, 1.495, 1.495, 1.496, 1.499, 1.499, 1.495, 1.494, 1.493, 1.493, 1.492, 1.492, 1.492, 1.492, 1.493, 1.494, 1.494, 1.494, 1.494, 1.493, 1.492, 1.49, 1.489, 1.485, 1.485, 1.481, 1.48, 1.478, 1.477, 1.477, 1.476, 1.476, 1.476, 1.476, 1.476, 1.477, 1.478, 1.478, 1.479, 1.48, 1.48, 1.48, 1.48, 1.48, 1.48, 1.479, 1.478, 1.477, 1.476, 1.475, 1.474, 1.473, 1.473, 1.473, 1.473, 1.473, 1.473, 1.473, 1.473, 1.472, 1.471, 1.471, 1.47, 1.466, 1.466, 1.464, 1.464, 1.462, 1.462, 1.462, 1.462, 1.464, 1.464, 1.464, 1.464, 1.466, 1.466, 1.466, 1.466, 1.466, 1.466, 1.468, 1.468, 1.471, 1.472, 1.473, 1.473, 1.474, 1.474, 1.474, 1.473, 1.473, 1.472, 1.472, 1.471, 1.47, 1.47, 1.47, 1.47, 1.47, 1.47, 1.471, 1.472, 1.472, 1.473, 1.473, 1.474, 1.474, 1.474, 1.474, 1.474, 1.474, 1.474, 1.474, 1.473, 1.472, 1.471, 1.47, 1.468, 1.468, 1.466, 1.466, 1.464, 1.462, 1.462, 1.46, 1.46, 1.46, 1.46, 1.46, 1.462, 1.462, 1.464, 1.464, 1.464, 1.464, 1.464, 1.462, 1.462, 1.462, 1.462, 1.462, 1.462, 1.462, 1.462, 1.464, 1.464, 1.464, 1.464, 1.464, 1.464, 1.464, 1.464, 1.464, 1.464, 1.466, 1.466, 1.466, 1.466, 1.466, 1.466, 1.468, 1.468, 1.468, 1.468, 1.466, 1.466, 1.466, 1.466, 1.466, 1.466, 1.466, 1.464, 1.462, 1.462, 1.462, 1.462, 1.46, 1.46, 1.46, 1.462, 1.462, 1.462, 1.462, 1.464, 1.464, 1.464, 1.464, 1.464, 1.464, 1.462, 1.462, 1.462, 1.46, 1.458, 1.458, 1.456, 1.454, 1.454, 1.454, 1.452, 1.452, 1.454, 1.454, 1.454, 1.458, 1.458, 1.46, 1.46, 1.462, 1.462, 1.464, 0, 
1.526, 1.527, 1.532, 1.533, 1.534, 1.535, 1.536, 1.537, 1.537, 1.536, 1.536, 1.535, 1.534, 1.533, 1.532, 1.532, 1.527, 1.526, 1.525, 1.523, 1.522, 1.52, 1.519, 1.518, 1.517, 1.517, 1.517, 1.517, 1.518, 1.519, 1.519, 1.52, 1.521, 1.522, 1.523, 1.523, 1.524, 1.524, 1.523, 1.523, 1.522, 1.522, 1.521, 1.521, 1.52, 1.52, 1.52, 1.52, 1.52, 1.52, 1.52, 1.52, 1.52, 1.521, 1.522, 1.524, 1.524, 1.525, 1.525, 1.525, 1.524, 1.523, 1.522, 1.521, 1.52, 1.52, 1.516, 1.516, 1.516, 1.516, 1.516, 1.516, 1.516, 1.517, 1.518, 1.519, 1.52, 1.52, 1.52, 1.52, 1.52, 1.521, 1.522, 1.522, 1.523, 1.523, 1.524, 1.524, 1.523, 1.521, 1.52, 1.518, 1.517, 1.512, 1.511, 1.511, 1.51, 1.51, 1.51, 1.511, 1.511, 1.512, 1.516, 1.517, 1.52, 1.52, 1.521, 1.521, 1.521, 1.52, 1.52, 1.52, 1.52, 1.519, 1.518, 1.518, 1.518, 1.517, 1.516, 1.516, 1.516, 1.516, 1.516, 1.516, 1.516, 1.516, 1.516, 1.516, 1.516, 1.513, 1.513, 1.512, 1.511, 1.511, 1.511, 1.511, 1.511, 1.511, 1.511, 1.511, 1.51, 1.51, 1.51, 1.51, 1.51, 1.51, 1.51, 1.51, 1.511, 1.511, 1.511, 1.511, 1.511, 1.511, 1.51, 1.509, 1.509, 1.509, 1.509, 1.508, 1.508, 1.507, 1.507, 1.506, 1.506, 1.505, 1.504, 1.503, 1.502, 1.501, 1.501, 1.501, 1.501, 1.502, 1.502, 1.503, 1.503, 1.503, 1.504, 1.505, 1.505, 1.505, 1.506, 1.507, 1.509, 1.509, 1.51, 1.51, 1.51, 1.509, 1.508, 1.507, 1.506, 1.505, 1.504, 1.504, 1.504, 1.504, 1.504, 1.504, 1.505, 1.505, 1.506, 1.506, 1.507, 1.507, 1.507, 1.507, 1.507, 1.507, 1.507, 1.506, 1.506, 1.505, 1.505, 1.505, 1.504, 1.504, 1.503, 1.502, 1.501, 1.5, 1.499, 1.499, 1.499, 1.496, 1.496, 1.499, 1.5, 1.501, 1.502, 1.502, 1.502, 1.502, 1.501, 1.5, 1.499, 1.499, 1.496, 1.496, 1.495, 1.494, 1.494, 1.493, 1.492, 1.491, 1.49, 1.489, 1.489, 1.488, 1.488, 1.488, 1.489, 1.49, 1.491, 1.491, 1.492, 1.493, 1.493, 1.493, 1.493, 1.493, 1.493, 1.492, 1.492, 1.492, 1.493, 1.493, 1.494, 1.494, 1.495, 1.495, 1.495, 1.494, 1.493, 1.492, 1.491, 1.491, 1.491, 1.491, 1.491, 1.492, 1.493, 1.494, 1.494, 1.493, 1.492, 1.491, 1.49, 1.489, 1.485, 1.484, 1.48, 1.479, 1.478, 1.476, 1.476, 1.475, 1.475, 1.475, 1.475, 1.476, 1.477, 1.478, 1.478, 1.479, 1.48, 1.48, 1.48, 1.48, 1.48, 1.48, 1.479, 1.478, 1.477, 1.476, 1.475, 1.474, 1.473, 1.472, 1.472, 1.472, 1.472, 1.472, 1.472, 1.472, 1.472, 1.471, 1.47, 1.468, 1.466, 1.466, 1.464, 1.462, 1.462, 1.462, 1.462, 1.462, 1.464, 1.464, 1.464, 1.466, 1.466, 1.466, 1.466, 1.466, 1.466, 1.466, 1.468, 1.471, 1.471, 1.472, 1.473, 1.474, 1.474, 1.474, 1.474, 1.474, 1.473, 1.472, 1.472, 1.471, 1.471, 1.47, 1.47, 1.47, 1.47, 1.471, 1.471, 1.472, 1.472, 1.472, 1.473, 1.474, 1.474, 1.474, 1.474, 1.474, 1.474, 1.474, 1.474, 1.473, 1.472, 1.471, 1.47, 1.47, 1.469, 1.468, 1.466, 1.464, 1.464, 1.462, 1.46, 1.46, 1.46, 1.46, 1.46, 1.462, 1.462, 1.464, 1.464, 1.464, 1.464, 1.464, 1.464, 1.462, 1.462, 1.462, 1.462, 1.462, 1.462, 1.462, 1.464, 1.464, 1.466, 1.466, 1.466, 1.464, 1.464, 1.464, 1.464, 1.464, 1.466, 1.466, 1.466, 1.466, 1.466, 1.466, 1.468, 1.468, 1.468, 1.468, 1.466, 1.466, 1.466, 1.466, 1.466, 1.466, 1.466, 1.464, 1.462, 1.462, 1.462, 1.462, 1.462, 1.462, 1.462, 1.462, 1.462, 1.462, 1.462, 1.464, 1.464, 1.464, 1.464, 1.464, 1.464, 1.462, 1.462, 1.462, 1.462, 1.46, 1.458, 1.458, 1.456, 1.454, 1.454, 1.454, 1.454, 1.454, 1.454, 1.456, 1.458, 1.458, 1.46, 1.462, 1.462, 1.462, 1.464, 0, 
1.526, 1.527, 1.528, 1.534, 1.535, 1.535, 1.537, 1.537, 1.538, 1.537, 1.537, 1.536, 1.535, 1.534, 1.533, 1.532, 1.528, 1.527, 1.526, 1.524, 1.523, 1.52, 1.519, 1.518, 1.517, 1.516, 1.516, 1.517, 1.517, 1.518, 1.519, 1.519, 1.52, 1.521, 1.522, 1.523, 1.524, 1.524, 1.524, 1.524, 1.523, 1.523, 1.522, 1.522, 1.521, 1.52, 1.52, 1.52, 1.52, 1.52, 1.52, 1.52, 1.52, 1.521, 1.522, 1.523, 1.524, 1.524, 1.524, 1.524, 1.524, 1.523, 1.522, 1.52, 1.52, 1.519, 1.516, 1.516, 1.516, 1.516, 1.516, 1.516, 1.516, 1.517, 1.518, 1.519, 1.52, 1.52, 1.52, 1.52, 1.52, 1.52, 1.521, 1.521, 1.522, 1.522, 1.523, 1.523, 1.522, 1.521, 1.52, 1.518, 1.517, 1.512, 1.511, 1.511, 1.51, 1.509, 1.51, 1.51, 1.511, 1.512, 1.516, 1.516, 1.52, 1.52, 1.521, 1.522, 1.521, 1.521, 1.52, 1.52, 1.52, 1.519, 1.518, 1.518, 1.517, 1.517, 1.516, 1.516, 1.516, 1.516, 1.516, 1.516, 1.516, 1.516, 1.516, 1.516, 1.516, 1.516, 1.513, 1.512, 1.511, 1.511, 1.511, 1.511, 1.511, 1.511, 1.51, 1.51, 1.51, 1.509, 1.509, 1.509, 1.509, 1.509, 1.509, 1.509, 1.51, 1.51, 1.51, 1.51, 1.51, 1.51, 1.51, 1.509, 1.509, 1.509, 1.509, 1.509, 1.509, 1.508, 1.508, 1.507, 1.506, 1.505, 1.504, 1.503, 1.502, 1.502, 1.502, 1.502, 1.502, 1.502, 1.503, 1.503, 1.503, 1.503, 1.504, 1.505, 1.505, 1.505, 1.506, 1.507, 1.509, 1.51, 1.51, 1.511, 1.51, 1.51, 1.509, 1.508, 1.507, 1.506, 1.505, 1.505, 1.505, 1.505, 1.505, 1.505, 1.506, 1.506, 1.507, 1.507, 1.507, 1.507, 1.507, 1.507, 1.507, 1.507, 1.507, 1.507, 1.506, 1.506, 1.505, 1.505, 1.505, 1.504, 1.503, 1.502, 1.502, 1.501, 1.5, 1.499, 1.499, 1.499, 1.499, 1.5, 1.5, 1.501, 1.502, 1.503, 1.503, 1.502, 1.501, 1.5, 1.5, 1.499, 1.499, 1.496, 1.495, 1.494, 1.494, 1.493, 1.492, 1.49, 1.49, 1.489, 1.488, 1.488, 1.488, 1.488, 1.488, 1.489, 1.489, 1.49, 1.491, 1.492, 1.492, 1.492, 1.492, 1.492, 1.492, 1.491, 1.491, 1.492, 1.492, 1.492, 1.493, 1.493, 1.494, 1.494, 1.493, 1.493, 1.492, 1.491, 1.49, 1.49, 1.49, 1.49, 1.49, 1.492, 1.493, 1.493, 1.494, 1.493, 1.492, 1.491, 1.489, 1.488, 1.484, 1.483, 1.479, 1.478, 1.477, 1.475, 1.475, 1.474, 1.474, 1.474, 1.475, 1.476, 1.476, 1.478, 1.478, 1.48, 1.48, 1.481, 1.481, 1.481, 1.481, 1.48, 1.48, 1.478, 1.477, 1.476, 1.474, 1.473, 1.472, 1.472, 1.472, 1.472, 1.472, 1.472, 1.472, 1.472, 1.471, 1.471, 1.47, 1.468, 1.466, 1.466, 1.464, 1.462, 1.462, 1.462, 1.462, 1.462, 1.464, 1.464, 1.466, 1.466, 1.466, 1.466, 1.466, 1.466, 1.466, 1.468, 1.468, 1.471, 1.472, 1.473, 1.474, 1.474, 1.475, 1.475, 1.474, 1.474, 1.473, 1.472, 1.472, 1.472, 1.471, 1.47, 1.47, 1.47, 1.471, 1.471, 1.472, 1.472, 1.472, 1.472, 1.473, 1.474, 1.474, 1.474, 1.474, 1.474, 1.474, 1.474, 1.474, 1.473, 1.472, 1.472, 1.471, 1.47, 1.469, 1.469, 1.466, 1.466, 1.464, 1.464, 1.462, 1.46, 1.46, 1.46, 1.46, 1.462, 1.462, 1.462, 1.464, 1.464, 1.464, 1.464, 1.464, 1.462, 1.462, 1.462, 1.462, 1.462, 1.462, 1.464, 1.464, 1.466, 1.466, 1.466, 1.466, 1.466, 1.464, 1.464, 1.464, 1.464, 1.466, 1.466, 1.466, 1.466, 1.466, 1.466, 1.466, 1.468, 1.466, 1.466, 1.466, 1.466, 1.466, 1.466, 1.466, 1.466, 1.466, 1.466, 1.464, 1.462, 1.462, 1.462, 1.462, 1.462, 1.462, 1.462, 1.462, 1.462, 1.462, 1.464, 1.464, 1.464, 1.464, 1.464, 1.464, 1.462, 1.462, 1.462, 1.462, 1.46, 1.46, 1.458, 1.458, 1.456, 1.454, 1.454, 1.454, 1.454, 1.454, 1.456, 1.458, 1.458, 1.46, 1.462, 1.462, 1.462, 1.464, 0, 
1.525, 1.526, 1.527, 1.533, 1.535, 1.535, 1.537, 1.538, 1.538, 1.538, 1.537, 1.537, 1.536, 1.535, 1.534, 1.533, 1.532, 1.527, 1.526, 1.525, 1.524, 1.52, 1.52, 1.518, 1.517, 1.516, 1.516, 1.516, 1.517, 1.517, 1.518, 1.519, 1.52, 1.521, 1.522, 1.523, 1.524, 1.524, 1.524, 1.524, 1.524, 1.524, 1.523, 1.522, 1.522, 1.52, 1.52, 1.52, 1.52, 1.52, 1.52, 1.52, 1.52, 1.521, 1.522, 1.523, 1.524, 1.524, 1.524, 1.524, 1.523, 1.522, 1.521, 1.52, 1.519, 1.518, 1.517, 1.516, 1.516, 1.516, 1.516, 1.516, 1.516, 1.517, 1.518, 1.519, 1.52, 1.52, 1.52, 1.52, 1.52, 1.52, 1.52, 1.521, 1.521, 1.521, 1.522, 1.522, 1.521, 1.52, 1.52, 1.518, 1.517, 1.512, 1.511, 1.511, 1.51, 1.509, 1.509, 1.51, 1.511, 1.511, 1.516, 1.516, 1.519, 1.52, 1.521, 1.522, 1.522, 1.521, 1.52, 1.52, 1.52, 1.519, 1.518, 1.517, 1.517, 1.516, 1.516, 1.516, 1.516, 1.516, 1.516, 1.516, 1.516, 1.516, 1.516, 1.516, 1.516, 1.516, 1.513, 1.512, 1.512, 1.511, 1.511, 1.511, 1.511, 1.51, 1.51, 1.509, 1.509, 1.509, 1.509, 1.509, 1.509, 1.509, 1.509, 1.509, 1.509, 1.509, 1.509, 1.509, 1.509, 1.509, 1.509, 1.509, 1.509, 1.51, 1.51, 1.51, 1.51, 1.509, 1.509, 1.508, 1.507, 1.506, 1.505, 1.503, 1.503, 1.503, 1.503, 1.503, 1.503, 1.503, 1.503, 1.503, 1.503, 1.504, 1.504, 1.505, 1.505, 1.505, 1.506, 1.507, 1.509, 1.51, 1.511, 1.511, 1.511, 1.511, 1.51, 1.509, 1.508, 1.507, 1.507, 1.506, 1.506, 1.506, 1.506, 1.506, 1.507, 1.507, 1.507, 1.507, 1.508, 1.507, 1.507, 1.507, 1.507, 1.507, 1.506, 1.506, 1.506, 1.506, 1.505, 1.505, 1.505, 1.504, 1.504, 1.503, 1.502, 1.501, 1.5, 1.5, 1.499, 1.499, 1.499, 1.5, 1.501, 1.501, 1.502, 1.503, 1.502, 1.502, 1.501, 1.501, 1.5, 1.499, 1.499, 1.496, 1.495, 1.494, 1.493, 1.492, 1.492, 1.49, 1.489, 1.488, 1.488, 1.487, 1.487, 1.487, 1.487, 1.488, 1.488, 1.489, 1.49, 1.49, 1.49, 1.49, 1.49, 1.49, 1.49, 1.49, 1.49, 1.49, 1.491, 1.491, 1.492, 1.492, 1.492, 1.492, 1.492, 1.491, 1.49, 1.489, 1.489, 1.488, 1.488, 1.489, 1.489, 1.491, 1.492, 1.493, 1.493, 1.493, 1.492, 1.49, 1.489, 1.487, 1.484, 1.483, 1.479, 1.478, 1.476, 1.475, 1.474, 1.474, 1.474, 1.474, 1.474, 1.475, 1.476, 1.478, 1.478, 1.48, 1.481, 1.481, 1.482, 1.482, 1.482, 1.481, 1.48, 1.478, 1.477, 1.476, 1.474, 1.473, 1.472, 1.472, 1.472, 1.472, 1.472, 1.471, 1.471, 1.471, 1.471, 1.47, 1.468, 1.466, 1.466, 1.466, 1.464, 1.462, 1.462, 1.462, 1.462, 1.462, 1.464, 1.464, 1.466, 1.466, 1.466, 1.466, 1.466, 1.468, 1.468, 1.468, 1.471, 1.471, 1.472, 1.473, 1.474, 1.475, 1.475, 1.475, 1.475, 1.474, 1.474, 1.473, 1.472, 1.472, 1.471, 1.471, 1.471, 1.471, 1.471, 1.472, 1.472, 1.472, 1.472, 1.472, 1.473, 1.473, 1.473, 1.473, 1.473, 1.473, 1.473, 1.473, 1.473, 1.473, 1.472, 1.472, 1.471, 1.47, 1.47, 1.469, 1.469, 1.466, 1.464, 1.464, 1.462, 1.46, 1.46, 1.46, 1.46, 1.462, 1.462, 1.462, 1.464, 1.464, 1.464, 1.464, 1.464, 1.464, 1.464, 1.464, 1.464, 1.464, 1.464, 1.464, 1.466, 1.466, 1.466, 1.466, 1.466, 1.466, 1.466, 1.466, 1.466, 1.466, 1.466, 1.466, 1.466, 1.466, 1.466, 1.466, 1.466, 1.466, 1.466, 1.466, 1.466, 1.466, 1.466, 1.466, 1.466, 1.466, 1.466, 1.466, 1.464, 1.464, 1.462, 1.462, 1.462, 1.462, 1.462, 1.462, 1.462, 1.462, 1.462, 1.464, 1.464, 1.464, 1.464, 1.464, 1.464, 1.464, 1.464, 1.462, 1.462, 1.462, 1.46, 1.46, 1.458, 1.458, 1.456, 1.456, 1.456, 1.456, 1.456, 1.456, 1.458, 1.458, 1.46, 1.46, 1.462, 1.462, 1.464, 0, 
1.525, 1.526, 1.527, 1.533, 1.535, 1.536, 1.537, 1.538, 1.539, 1.538, 1.538, 1.537, 1.537, 1.536, 1.535, 1.534, 1.533, 1.532, 1.527, 1.526, 1.525, 1.521, 1.52, 1.518, 1.517, 1.516, 1.516, 1.516, 1.516, 1.517, 1.518, 1.519, 1.52, 1.521, 1.522, 1.523, 1.524, 1.525, 1.525, 1.525, 1.525, 1.525, 1.524, 1.523, 1.523, 1.52, 1.52, 1.52, 1.52, 1.52, 1.52, 1.52, 1.52, 1.52, 1.521, 1.522, 1.523, 1.524, 1.524, 1.523, 1.522, 1.521, 1.52, 1.52, 1.519, 1.518, 1.517, 1.516, 1.516, 1.516, 1.516, 1.516, 1.516, 1.517, 1.518, 1.519, 1.52, 1.52, 1.52, 1.52, 1.52, 1.52, 1.52, 1.52, 1.52, 1.52, 1.521, 1.521, 1.521, 1.52, 1.519, 1.518, 1.517, 1.512, 1.511, 1.511, 1.51, 1.509, 1.509, 1.51, 1.51, 1.511, 1.512, 1.517, 1.518, 1.52, 1.521, 1.522, 1.522, 1.521, 1.52, 1.52, 1.519, 1.518, 1.518, 1.517, 1.516, 1.516, 1.516, 1.516, 1.516, 1.516, 1.516, 1.516, 1.516, 1.516, 1.516, 1.516, 1.516, 1.516, 1.513, 1.512, 1.511, 1.511, 1.511, 1.51, 1.51, 1.509, 1.509, 1.509, 1.509, 1.509, 1.509, 1.509, 1.509, 1.509, 1.509, 1.509, 1.509, 1.509, 1.509, 1.509, 1.509, 1.509, 1.509, 1.509, 1.509, 1.51, 1.51, 1.511, 1.511, 1.51, 1.51, 1.509, 1.508, 1.506, 1.505, 1.504, 1.503, 1.503, 1.503, 1.503, 1.503, 1.503, 1.503, 1.504, 1.504, 1.505, 1.505, 1.505, 1.505, 1.505, 1.506, 1.507, 1.509, 1.51, 1.511, 1.511, 1.512, 1.511, 1.511, 1.51, 1.509, 1.508, 1.507, 1.507, 1.507, 1.507, 1.507, 1.507, 1.507, 1.507, 1.507, 1.508, 1.507, 1.507, 1.507, 1.507, 1.507, 1.506, 1.506, 1.506, 1.506, 1.506, 1.506, 1.505, 1.505, 1.505, 1.504, 1.503, 1.502, 1.501, 1.501, 1.5, 1.5, 1.5, 1.5, 1.5, 1.501, 1.501, 1.502, 1.503, 1.502, 1.502, 1.501, 1.5, 1.5, 1.499, 1.496, 1.495, 1.494, 1.494, 1.493, 1.492, 1.491, 1.49, 1.489, 1.488, 1.488, 1.487, 1.486, 1.486, 1.487, 1.487, 1.487, 1.488, 1.488, 1.489, 1.489, 1.488, 1.488, 1.488, 1.488, 1.488, 1.488, 1.489, 1.489, 1.49, 1.49, 1.49, 1.49, 1.49, 1.49, 1.49, 1.489, 1.488, 1.488, 1.488, 1.488, 1.488, 1.489, 1.49, 1.491, 1.492, 1.493, 1.493, 1.492, 1.491, 1.488, 1.487, 1.484, 1.483, 1.478, 1.477, 1.476, 1.474, 1.474, 1.473, 1.473, 1.473, 1.474, 1.475, 1.476, 1.478, 1.479, 1.48, 1.481, 1.482, 1.482, 1.482, 1.482, 1.481, 1.48, 1.478, 1.477, 1.476, 1.474, 1.473, 1.472, 1.471, 1.471, 1.471, 1.471, 1.471, 1.47, 1.47, 1.47, 1.47, 1.468, 1.466, 1.466, 1.466, 1.464, 1.462, 1.462, 1.462, 1.462, 1.464, 1.464, 1.466, 1.466, 1.466, 1.466, 1.468, 1.468, 1.468, 1.468, 1.47, 1.471, 1.472, 1.473, 1.474, 1.474, 1.475, 1.476, 1.476, 1.475, 1.474, 1.474, 1.473, 1.472, 1.472, 1.472, 1.472, 1.472, 1.472, 1.472, 1.472, 1.472, 1.472, 1.472, 1.472, 1.472, 1.472, 1.472, 1.472, 1.472, 1.472, 1.472, 1.472, 1.472, 1.472, 1.472, 1.472, 1.471, 1.47, 1.47, 1.47, 1.469, 1.466, 1.466, 1.464, 1.462, 1.46, 1.46, 1.46, 1.46, 1.462, 1.462, 1.462, 1.464, 1.464, 1.464, 1.464, 1.464, 1.464, 1.464, 1.464, 1.464, 1.464, 1.464, 1.464, 1.466, 1.466, 1.466, 1.466, 1.466, 1.466, 1.466, 1.466, 1.466, 1.466, 1.466, 1.466, 1.466, 1.466, 1.466, 1.466, 1.466, 1.466, 1.466, 1.466, 1.466, 1.466, 1.466, 1.466, 1.466, 1.466, 1.466, 1.464, 1.464, 1.464, 1.462, 1.462, 1.462, 1.462, 1.462, 1.462, 1.462, 1.462, 1.462, 1.464, 1.464, 1.464, 1.464, 1.464, 1.464, 1.464, 1.464, 1.462, 1.462, 1.462, 1.462, 1.46, 1.46, 1.458, 1.458, 1.456, 1.456, 1.456, 1.456, 1.458, 1.458, 1.458, 1.46, 1.46, 1.462, 1.462, 1.464, 0, 
1.524, 1.525, 1.528, 1.532, 1.535, 1.536, 1.537, 1.538, 1.539, 1.539, 1.538, 1.538, 1.537, 1.536, 1.535, 1.534, 1.533, 1.532, 1.527, 1.526, 1.525, 1.523, 1.52, 1.519, 1.518, 1.517, 1.516, 1.516, 1.516, 1.517, 1.517, 1.518, 1.52, 1.521, 1.522, 1.523, 1.524, 1.525, 1.526, 1.527, 1.526, 1.526, 1.525, 1.524, 1.524, 1.521, 1.52, 1.52, 1.52, 1.52, 1.52, 1.52, 1.52, 1.52, 1.521, 1.522, 1.523, 1.523, 1.523, 1.522, 1.521, 1.52, 1.52, 1.519, 1.518, 1.517, 1.516, 1.516, 1.516, 1.516, 1.516, 1.516, 1.516, 1.517, 1.518, 1.519, 1.519, 1.52, 1.52, 1.519, 1.519, 1.519, 1.519, 1.52, 1.52, 1.52, 1.52, 1.52, 1.52, 1.52, 1.519, 1.518, 1.517, 1.512, 1.511, 1.511, 1.51, 1.509, 1.509, 1.509, 1.51, 1.511, 1.512, 1.517, 1.518, 1.52, 1.52, 1.522, 1.522, 1.522, 1.521, 1.52, 1.519, 1.518, 1.518, 1.517, 1.516, 1.516, 1.516, 1.516, 1.516, 1.516, 1.516, 1.516, 1.516, 1.516, 1.516, 1.516, 1.516, 1.516, 1.513, 1.512, 1.511, 1.511, 1.51, 1.51, 1.509, 1.509, 1.509, 1.509, 1.509, 1.509, 1.509, 1.509, 1.509, 1.509, 1.509, 1.508, 1.508, 1.508, 1.507, 1.507, 1.507, 1.507, 1.507, 1.508, 1.508, 1.509, 1.51, 1.511, 1.511, 1.511, 1.511, 1.51, 1.509, 1.507, 1.506, 1.503, 1.503, 1.503, 1.503, 1.503, 1.503, 1.504, 1.504, 1.505, 1.505, 1.505, 1.505, 1.505, 1.505, 1.505, 1.506, 1.507, 1.509, 1.51, 1.511, 1.512, 1.512, 1.512, 1.512, 1.511, 1.51, 1.509, 1.508, 1.508, 1.508, 1.507, 1.507, 1.507, 1.507, 1.507, 1.508, 1.508, 1.507, 1.507, 1.507, 1.507, 1.506, 1.506, 1.505, 1.505, 1.506, 1.506, 1.506, 1.506, 1.505, 1.505, 1.504, 1.503, 1.503, 1.501, 1.501, 1.501, 1.501, 1.501, 1.501, 1.501, 1.501, 1.501, 1.502, 1.503, 1.502, 1.501, 1.501, 1.5, 1.499, 1.499, 1.496, 1.495, 1.494, 1.493, 1.492, 1.492, 1.491, 1.49, 1.489, 1.488, 1.488, 1.487, 1.486, 1.486, 1.486, 1.486, 1.486, 1.487, 1.487, 1.488, 1.487, 1.487, 1.487, 1.486, 1.486, 1.486, 1.487, 1.487, 1.488, 1.489, 1.489, 1.489, 1.49, 1.489, 1.489, 1.488, 1.488, 1.487, 1.487, 1.487, 1.487, 1.487, 1.488, 1.49, 1.491, 1.492, 1.493, 1.492, 1.492, 1.491, 1.487, 1.486, 1.485, 1.482, 1.478, 1.476, 1.475, 1.474, 1.473, 1.472, 1.472, 1.473, 1.473, 1.474, 1.476, 1.478, 1.479, 1.48, 1.481, 1.482, 1.482, 1.483, 1.482, 1.481, 1.48, 1.479, 1.478, 1.476, 1.474, 1.473, 1.472, 1.471, 1.47, 1.47, 1.47, 1.47, 1.47, 1.47, 1.47, 1.47, 1.468, 1.466, 1.466, 1.466, 1.464, 1.462, 1.462, 1.462, 1.462, 1.464, 1.464, 1.466, 1.466, 1.466, 1.468, 1.468, 1.468, 1.47, 1.471, 1.471, 1.472, 1.472, 1.473, 1.474, 1.475, 1.475, 1.476, 1.475, 1.475, 1.474, 1.473, 1.472, 1.472, 1.472, 1.472, 1.472, 1.472, 1.472, 1.472, 1.472, 1.472, 1.472, 1.472, 1.472, 1.472, 1.472, 1.472, 1.472, 1.472, 1.472, 1.472, 1.472, 1.472, 1.472, 1.472, 1.472, 1.471, 1.471, 1.47, 1.47, 1.469, 1.466, 1.466, 1.464, 1.462, 1.462, 1.46, 1.46, 1.46, 1.462, 1.462, 1.462, 1.464, 1.464, 1.464, 1.464, 1.464, 1.464, 1.464, 1.464, 1.464, 1.464, 1.464, 1.466, 1.466, 1.466, 1.466, 1.468, 1.468, 1.466, 1.466, 1.466, 1.466, 1.466, 1.466, 1.466, 1.466, 1.466, 1.466, 1.466, 1.466, 1.466, 1.466, 1.466, 1.466, 1.466, 1.466, 1.464, 1.464, 1.464, 1.464, 1.464, 1.464, 1.464, 1.462, 1.462, 1.462, 1.462, 1.462, 1.462, 1.462, 1.462, 1.462, 1.462, 1.464, 1.464, 1.464, 1.464, 1.464, 1.464, 1.464, 1.464, 1.464, 1.462, 1.462, 1.462, 1.46, 1.46, 1.458, 1.458, 1.458, 1.458, 1.458, 1.458, 1.458, 1.46, 1.46, 1.46, 1.462, 1.462, 1.464, 0, 
1.523, 1.524, 1.528, 1.531, 1.534, 1.535, 1.537, 1.538, 1.539, 1.539, 1.539, 1.538, 1.538, 1.537, 1.536, 1.535, 1.534, 1.533, 1.532, 1.527, 1.526, 1.524, 1.52, 1.519, 1.518, 1.517, 1.516, 1.516, 1.516, 1.516, 1.517, 1.518, 1.52, 1.521, 1.522, 1.523, 1.524, 1.526, 1.527, 1.527, 1.527, 1.527, 1.526, 1.525, 1.524, 1.522, 1.521, 1.52, 1.52, 1.52, 1.52, 1.52, 1.52, 1.52, 1.521, 1.522, 1.522, 1.522, 1.522, 1.521, 1.52, 1.52, 1.519, 1.518, 1.518, 1.517, 1.516, 1.516, 1.516, 1.516, 1.516, 1.516, 1.516, 1.517, 1.518, 1.518, 1.519, 1.519, 1.519, 1.519, 1.518, 1.518, 1.518, 1.518, 1.519, 1.519, 1.52, 1.52, 1.52, 1.52, 1.519, 1.518, 1.517, 1.516, 1.511, 1.511, 1.51, 1.509, 1.509, 1.509, 1.51, 1.511, 1.512, 1.517, 1.518, 1.52, 1.521, 1.522, 1.522, 1.522, 1.521, 1.52, 1.52, 1.518, 1.518, 1.517, 1.516, 1.516, 1.516, 1.516, 1.516, 1.516, 1.517, 1.517, 1.517, 1.517, 1.517, 1.516, 1.516, 1.516, 1.513, 1.512, 1.511, 1.511, 1.51, 1.509, 1.509, 1.508, 1.508, 1.508, 1.508, 1.508, 1.508, 1.509, 1.508, 1.508, 1.508, 1.507, 1.507, 1.507, 1.507, 1.507, 1.507, 1.507, 1.507, 1.507, 1.508, 1.509, 1.511, 1.512, 1.512, 1.512, 1.511, 1.511, 1.51, 1.507, 1.507, 1.503, 1.503, 1.503, 1.503, 1.503, 1.504, 1.504, 1.505, 1.505, 1.505, 1.505, 1.505, 1.505, 1.505, 1.505, 1.506, 1.507, 1.509, 1.51, 1.511, 1.512, 1.516, 1.516, 1.516, 1.512, 1.511, 1.51, 1.509, 1.509, 1.509, 1.509, 1.508, 1.508, 1.508, 1.508, 1.508, 1.507, 1.507, 1.506, 1.506, 1.506, 1.506, 1.505, 1.505, 1.505, 1.506, 1.506, 1.507, 1.506, 1.505, 1.505, 1.504, 1.503, 1.503, 1.502, 1.501, 1.501, 1.501, 1.501, 1.501, 1.501, 1.501, 1.501, 1.502, 1.502, 1.502, 1.501, 1.5, 1.5, 1.499, 1.496, 1.496, 1.495, 1.494, 1.493, 1.492, 1.492, 1.491, 1.49, 1.489, 1.488, 1.488, 1.487, 1.486, 1.486, 1.486, 1.486, 1.486, 1.486, 1.486, 1.486, 1.486, 1.486, 1.485, 1.485, 1.485, 1.485, 1.485, 1.486, 1.486, 1.487, 1.488, 1.488, 1.488, 1.488, 1.488, 1.487, 1.486, 1.486, 1.486, 1.486, 1.486, 1.487, 1.488, 1.489, 1.49, 1.491, 1.492, 1.492, 1.491, 1.491, 1.487, 1.486, 1.485, 1.482, 1.477, 1.476, 1.475, 1.474, 1.473, 1.472, 1.472, 1.472, 1.473, 1.474, 1.476, 1.478, 1.479, 1.48, 1.482, 1.482, 1.483, 1.483, 1.482, 1.482, 1.48, 1.479, 1.478, 1.476, 1.474, 1.473, 1.472, 1.471, 1.47, 1.47, 1.47, 1.47, 1.47, 1.47, 1.47, 1.468, 1.468, 1.466, 1.466, 1.466, 1.464, 1.464, 1.464, 1.464, 1.464, 1.464, 1.466, 1.466, 1.468, 1.468, 1.468, 1.47, 1.471, 1.471, 1.471, 1.472, 1.472, 1.473, 1.474, 1.474, 1.475, 1.475, 1.475, 1.475, 1.474, 1.474, 1.473, 1.472, 1.472, 1.472, 1.472, 1.472, 1.472, 1.473, 1.473, 1.473, 1.473, 1.473, 1.472, 1.472, 1.472, 1.472, 1.471, 1.471, 1.471, 1.471, 1.471, 1.471, 1.471, 1.472, 1.472, 1.472, 1.472, 1.471, 1.47, 1.47, 1.469, 1.466, 1.466, 1.464, 1.462, 1.462, 1.46, 1.46, 1.46, 1.462, 1.462, 1.462, 1.464, 1.464, 1.466, 1.466, 1.464, 1.464, 1.464, 1.464, 1.464, 1.464, 1.464, 1.466, 1.466, 1.466, 1.468, 1.468, 1.468, 1.468, 1.466, 1.466, 1.466, 1.466, 1.466, 1.466, 1.466, 1.466, 1.466, 1.466, 1.466, 1.466, 1.466, 1.466, 1.466, 1.466, 1.464, 1.464, 1.464, 1.464, 1.464, 1.464, 1.464, 1.464, 1.462, 1.462, 1.462, 1.462, 1.462, 1.462, 1.462, 1.462, 1.462, 1.462, 1.464, 1.464, 1.464, 1.464, 1.464, 1.462, 1.462, 1.462, 1.462, 1.462, 1.462, 1.462, 1.462, 1.46, 1.46, 1.458, 1.458, 1.458, 1.458, 1.458, 1.46, 1.46, 1.46, 1.462, 1.462, 1.462, 1.464, 0, 
1.522, 1.523, 1.527, 1.532, 1.533, 1.535, 1.537, 1.538, 1.539, 1.539, 1.539, 1.539, 1.538, 1.537, 1.537, 1.536, 1.535, 1.533, 1.532, 1.527, 1.526, 1.525, 1.521, 1.52, 1.518, 1.517, 1.516, 1.516, 1.516, 1.516, 1.517, 1.518, 1.52, 1.52, 1.522, 1.524, 1.525, 1.526, 1.527, 1.528, 1.528, 1.527, 1.526, 1.525, 1.524, 1.523, 1.522, 1.521, 1.52, 1.52, 1.52, 1.52, 1.52, 1.52, 1.521, 1.521, 1.522, 1.522, 1.522, 1.521, 1.52, 1.52, 1.519, 1.518, 1.518, 1.517, 1.516, 1.516, 1.516, 1.516, 1.516, 1.516, 1.516, 1.517, 1.518, 1.518, 1.518, 1.518, 1.518, 1.518, 1.518, 1.518, 1.518, 1.518, 1.518, 1.519, 1.52, 1.52, 1.52, 1.52, 1.519, 1.518, 1.517, 1.516, 1.512, 1.511, 1.51, 1.51, 1.509, 1.509, 1.51, 1.511, 1.512, 1.517, 1.518, 1.52, 1.521, 1.522, 1.523, 1.522, 1.521, 1.52, 1.52, 1.518, 1.518, 1.517, 1.516, 1.516, 1.516, 1.516, 1.516, 1.517, 1.517, 1.518, 1.518, 1.518, 1.517, 1.517, 1.516, 1.516, 1.513, 1.512, 1.511, 1.511, 1.51, 1.509, 1.508, 1.508, 1.507, 1.507, 1.507, 1.507, 1.508, 1.508, 1.508, 1.507, 1.507, 1.507, 1.506, 1.506, 1.505, 1.505, 1.505, 1.505, 1.505, 1.506, 1.507, 1.508, 1.511, 1.512, 1.513, 1.513, 1.512, 1.512, 1.511, 1.507, 1.507, 1.504, 1.503, 1.503, 1.503, 1.504, 1.504, 1.505, 1.505, 1.505, 1.505, 1.505, 1.505, 1.505, 1.505, 1.505, 1.506, 1.507, 1.509, 1.51, 1.511, 1.512, 1.516, 1.516, 1.516, 1.516, 1.512, 1.511, 1.511, 1.51, 1.51, 1.509, 1.509, 1.509, 1.509, 1.508, 1.508, 1.507, 1.507, 1.506, 1.505, 1.505, 1.505, 1.505, 1.505, 1.505, 1.506, 1.506, 1.507, 1.506, 1.506, 1.505, 1.504, 1.503, 1.503, 1.502, 1.501, 1.501, 1.501, 1.501, 1.501, 1.501, 1.501, 1.501, 1.502, 1.502, 1.502, 1.501, 1.5, 1.499, 1.499, 1.496, 1.495, 1.495, 1.494, 1.493, 1.492, 1.492, 1.491, 1.49, 1.489, 1.488, 1.488, 1.487, 1.486, 1.486, 1.485, 1.485, 1.485, 1.485, 1.485, 1.485, 1.484, 1.484, 1.484, 1.484, 1.484, 1.484, 1.484, 1.484, 1.485, 1.486, 1.486, 1.487, 1.487, 1.487, 1.487, 1.486, 1.486, 1.485, 1.485, 1.485, 1.486, 1.486, 1.487, 1.488, 1.489, 1.491, 1.491, 1.491, 1.491, 1.49, 1.488, 1.486, 1.485, 1.481, 1.477, 1.476, 1.475, 1.474, 1.473, 1.473, 1.472, 1.473, 1.473, 1.474, 1.476, 1.478, 1.479, 1.48, 1.482, 1.482, 1.483, 1.483, 1.483, 1.482, 1.48, 1.479, 1.478, 1.476, 1.474, 1.473, 1.472, 1.471, 1.47, 1.47, 1.47, 1.47, 1.47, 1.47, 1.47, 1.469, 1.468, 1.466, 1.466, 1.466, 1.466, 1.464, 1.464, 1.464, 1.464, 1.466, 1.466, 1.468, 1.468, 1.468, 1.47, 1.471, 1.471, 1.472, 1.472, 1.472, 1.473, 1.473, 1.474, 1.474, 1.474, 1.474, 1.474, 1.474, 1.474, 1.473, 1.473, 1.472, 1.472, 1.472, 1.472, 1.472, 1.473, 1.473, 1.474, 1.474, 1.474, 1.473, 1.472, 1.472, 1.471, 1.471, 1.471, 1.471, 1.47, 1.47, 1.47, 1.47, 1.471, 1.471, 1.471, 1.472, 1.472, 1.471, 1.47, 1.47, 1.469, 1.466, 1.466, 1.464, 1.462, 1.46, 1.46, 1.46, 1.46, 1.462, 1.462, 1.462, 1.464, 1.464, 1.466, 1.466, 1.466, 1.464, 1.464, 1.464, 1.464, 1.464, 1.464, 1.466, 1.466, 1.466, 1.468, 1.468, 1.468, 1.468, 1.466, 1.466, 1.466, 1.466, 1.466, 1.466, 1.466, 1.466, 1.466, 1.466, 1.466, 1.466, 1.466, 1.466, 1.466, 1.466, 1.464, 1.464, 1.464, 1.464, 1.464, 1.464, 1.464, 1.464, 1.462, 1.462, 1.462, 1.462, 1.462, 1.462, 1.462, 1.462, 1.462, 1.462, 1.462, 1.464, 1.464, 1.464, 1.462, 1.462, 1.462, 1.462, 1.462, 1.462, 1.462, 1.462, 1.462, 1.462, 1.46, 1.46, 1.46, 1.46, 1.46, 1.46, 1.46, 1.462, 1.462, 1.464, 1.462, 1.462, 1.464, 0, 
1.522, 1.522, 1.527, 1.527, 1.534, 1.535, 1.537, 1.538, 1.539, 1.539, 1.539, 1.539, 1.538, 1.538, 1.537, 1.536, 1.535, 1.534, 1.533, 1.528, 1.527, 1.523, 1.522, 1.52, 1.518, 1.517, 1.516, 1.516, 1.516, 1.516, 1.516, 1.517, 1.52, 1.521, 1.522, 1.524, 1.525, 1.526, 1.527, 1.528, 1.528, 1.528, 1.527, 1.526, 1.525, 1.524, 1.523, 1.522, 1.521, 1.52, 1.52, 1.52, 1.52, 1.52, 1.521, 1.521, 1.522, 1.522, 1.521, 1.52, 1.52, 1.519, 1.519, 1.518, 1.518, 1.517, 1.516, 1.516, 1.516, 1.516, 1.516, 1.516, 1.517, 1.517, 1.518, 1.518, 1.518, 1.518, 1.518, 1.517, 1.517, 1.517, 1.517, 1.517, 1.518, 1.518, 1.519, 1.52, 1.52, 1.52, 1.519, 1.518, 1.517, 1.516, 1.512, 1.512, 1.511, 1.51, 1.51, 1.51, 1.511, 1.511, 1.512, 1.517, 1.518, 1.52, 1.521, 1.523, 1.523, 1.523, 1.522, 1.52, 1.52, 1.519, 1.518, 1.517, 1.517, 1.516, 1.517, 1.517, 1.517, 1.517, 1.518, 1.518, 1.518, 1.518, 1.518, 1.517, 1.516, 1.516, 1.513, 1.512, 1.511, 1.51, 1.509, 1.508, 1.508, 1.507, 1.507, 1.507, 1.507, 1.507, 1.507, 1.507, 1.507, 1.507, 1.506, 1.506, 1.505, 1.505, 1.504, 1.504, 1.504, 1.504, 1.504, 1.505, 1.506, 1.507, 1.511, 1.512, 1.516, 1.516, 1.513, 1.512, 1.511, 1.508, 1.507, 1.505, 1.504, 1.503, 1.503, 1.504, 1.505, 1.505, 1.505, 1.505, 1.505, 1.505, 1.505, 1.505, 1.505, 1.505, 1.506, 1.507, 1.509, 1.511, 1.512, 1.512, 1.516, 1.516, 1.516, 1.516, 1.512, 1.512, 1.511, 1.511, 1.511, 1.51, 1.51, 1.509, 1.509, 1.509, 1.508, 1.507, 1.506, 1.505, 1.505, 1.505, 1.505, 1.505, 1.505, 1.505, 1.506, 1.506, 1.507, 1.507, 1.506, 1.505, 1.505, 1.503, 1.503, 1.502, 1.501, 1.501, 1.501, 1.501, 1.501, 1.501, 1.501, 1.501, 1.501, 1.501, 1.501, 1.501, 1.5, 1.499, 1.496, 1.496, 1.495, 1.494, 1.494, 1.493, 1.492, 1.492, 1.491, 1.49, 1.489, 1.488, 1.488, 1.487, 1.486, 1.486, 1.485, 1.484, 1.484, 1.484, 1.484, 1.484, 1.483, 1.483, 1.483, 1.482, 1.482, 1.482, 1.482, 1.482, 1.483, 1.484, 1.485, 1.485, 1.486, 1.486, 1.486, 1.486, 1.486, 1.485, 1.485, 1.485, 1.486, 1.486, 1.487, 1.488, 1.489, 1.49, 1.491, 1.491, 1.49, 1.489, 1.488, 1.486, 1.485, 1.481, 1.477, 1.476, 1.475, 1.474, 1.474, 1.473, 1.473, 1.473, 1.474, 1.475, 1.476, 1.478, 1.479, 1.48, 1.482, 1.482, 1.483, 1.483, 1.483, 1.482, 1.48, 1.479, 1.478, 1.476, 1.474, 1.473, 1.472, 1.471, 1.47, 1.47, 1.47, 1.47, 1.47, 1.47, 1.47, 1.469, 1.469, 1.466, 1.466, 1.466, 1.466, 1.466, 1.466, 1.466, 1.466, 1.466, 1.468, 1.468, 1.469, 1.47, 1.471, 1.471, 1.472, 1.472, 1.472, 1.473, 1.473, 1.474, 1.474, 1.475, 1.474, 1.474, 1.474, 1.473, 1.473, 1.473, 1.472, 1.472, 1.472, 1.472, 1.472, 1.472, 1.473, 1.474, 1.474, 1.474, 1.474, 1.473, 1.472, 1.472, 1.471, 1.47, 1.47, 1.468, 1.468, 1.468, 1.468, 1.468, 1.47, 1.471, 1.471, 1.471, 1.472, 1.471, 1.47, 1.47, 1.469, 1.466, 1.466, 1.464, 1.462, 1.46, 1.46, 1.46, 1.46, 1.462, 1.462, 1.462, 1.464, 1.464, 1.466, 1.466, 1.466, 1.464, 1.464, 1.464, 1.464, 1.464, 1.466, 1.466, 1.466, 1.468, 1.468, 1.468, 1.468, 1.468, 1.466, 1.466, 1.466, 1.466, 1.466, 1.466, 1.466, 1.466, 1.466, 1.466, 1.466, 1.466, 1.466, 1.466, 1.466, 1.466, 1.464, 1.464, 1.464, 1.464, 1.464, 1.464, 1.464, 1.464, 1.464, 1.462, 1.462, 1.462, 1.462, 1.462, 1.462, 1.462, 1.462, 1.462, 1.462, 1.462, 1.462, 1.462, 1.462, 1.462, 1.462, 1.462, 1.462, 1.462, 1.462, 1.462, 1.462, 1.462, 1.46, 1.46, 1.46, 1.46, 1.46, 1.46, 1.462, 1.462, 1.464, 1.464, 1.464, 1.464, 1.466, 0, 
1.521, 1.522, 1.526, 1.527, 1.533, 1.534, 1.537, 1.538, 1.539, 1.539, 1.539, 1.539, 1.539, 1.538, 1.537, 1.536, 1.535, 1.534, 1.533, 1.532, 1.528, 1.523, 1.522, 1.52, 1.518, 1.517, 1.516, 1.516, 1.516, 1.516, 1.516, 1.516, 1.52, 1.52, 1.522, 1.524, 1.524, 1.527, 1.528, 1.528, 1.528, 1.528, 1.528, 1.527, 1.526, 1.525, 1.524, 1.523, 1.522, 1.521, 1.521, 1.52, 1.52, 1.52, 1.521, 1.521, 1.522, 1.521, 1.521, 1.52, 1.52, 1.519, 1.518, 1.518, 1.518, 1.517, 1.516, 1.516, 1.516, 1.516, 1.517, 1.517, 1.517, 1.518, 1.518, 1.518, 1.518, 1.518, 1.517, 1.517, 1.516, 1.516, 1.516, 1.517, 1.517, 1.518, 1.519, 1.52, 1.52, 1.52, 1.519, 1.518, 1.517, 1.516, 1.513, 1.512, 1.511, 1.511, 1.511, 1.511, 1.511, 1.512, 1.512, 1.517, 1.518, 1.52, 1.522, 1.523, 1.523, 1.523, 1.522, 1.52, 1.52, 1.519, 1.518, 1.518, 1.517, 1.517, 1.517, 1.517, 1.518, 1.518, 1.518, 1.518, 1.518, 1.518, 1.518, 1.517, 1.516, 1.516, 1.512, 1.512, 1.511, 1.51, 1.509, 1.508, 1.507, 1.507, 1.507, 1.507, 1.507, 1.507, 1.507, 1.507, 1.507, 1.506, 1.506, 1.505, 1.505, 1.504, 1.504, 1.503, 1.503, 1.503, 1.503, 1.504, 1.505, 1.506, 1.511, 1.513, 1.516, 1.516, 1.516, 1.512, 1.511, 1.509, 1.507, 1.505, 1.504, 1.504, 1.504, 1.504, 1.505, 1.505, 1.506, 1.506, 1.506, 1.505, 1.505, 1.505, 1.505, 1.506, 1.507, 1.508, 1.509, 1.511, 1.512, 1.516, 1.516, 1.516, 1.516, 1.516, 1.516, 1.512, 1.512, 1.512, 1.511, 1.511, 1.51, 1.509, 1.509, 1.509, 1.508, 1.507, 1.506, 1.505, 1.505, 1.505, 1.505, 1.505, 1.505, 1.505, 1.506, 1.507, 1.507, 1.507, 1.506, 1.505, 1.505, 1.503, 1.502, 1.501, 1.501, 1.501, 1.501, 1.501, 1.501, 1.501, 1.501, 1.501, 1.501, 1.501, 1.501, 1.5, 1.5, 1.496, 1.496, 1.495, 1.495, 1.494, 1.493, 1.492, 1.492, 1.492, 1.491, 1.49, 1.489, 1.488, 1.488, 1.487, 1.486, 1.486, 1.485, 1.484, 1.484, 1.484, 1.484, 1.483, 1.483, 1.482, 1.482, 1.481, 1.481, 1.48, 1.48, 1.481, 1.482, 1.482, 1.483, 1.484, 1.485, 1.485, 1.486, 1.486, 1.486, 1.485, 1.485, 1.485, 1.486, 1.486, 1.487, 1.488, 1.489, 1.49, 1.491, 1.491, 1.49, 1.489, 1.488, 1.486, 1.485, 1.482, 1.478, 1.477, 1.476, 1.475, 1.474, 1.474, 1.474, 1.474, 1.474, 1.475, 1.476, 1.478, 1.479, 1.48, 1.481, 1.482, 1.483, 1.483, 1.482, 1.482, 1.48, 1.479, 1.478, 1.476, 1.474, 1.473, 1.472, 1.471, 1.47, 1.47, 1.47, 1.47, 1.47, 1.47, 1.47, 1.47, 1.469, 1.468, 1.466, 1.466, 1.466, 1.466, 1.466, 1.466, 1.466, 1.468, 1.468, 1.469, 1.469, 1.47, 1.471, 1.472, 1.472, 1.473, 1.473, 1.474, 1.474, 1.474, 1.475, 1.474, 1.474, 1.473, 1.473, 1.473, 1.472, 1.472, 1.472, 1.472, 1.472, 1.472, 1.472, 1.472, 1.473, 1.474, 1.474, 1.474, 1.474, 1.474, 1.473, 1.472, 1.471, 1.47, 1.468, 1.468, 1.468, 1.468, 1.468, 1.468, 1.468, 1.468, 1.47, 1.471, 1.471, 1.471, 1.47, 1.469, 1.469, 1.466, 1.466, 1.464, 1.462, 1.46, 1.46, 1.46, 1.46, 1.462, 1.462, 1.462, 1.464, 1.464, 1.466, 1.466, 1.466, 1.466, 1.464, 1.464, 1.464, 1.464, 1.466, 1.466, 1.466, 1.468, 1.468, 1.468, 1.468, 1.468, 1.466, 1.466, 1.466, 1.466, 1.466, 1.466, 1.466, 1.466, 1.466, 1.466, 1.466, 1.466, 1.466, 1.466, 1.466, 1.466, 1.464, 1.464, 1.464, 1.464, 1.464, 1.464, 1.464, 1.464, 1.464, 1.464, 1.462, 1.462, 1.462, 1.462, 1.462, 1.462, 1.462, 1.462, 1.462, 1.462, 1.462, 1.462, 1.462, 1.462, 1.462, 1.462, 1.462, 1.462, 1.462, 1.462, 1.462, 1.462, 1.462, 1.462, 1.462, 1.462, 1.462, 1.462, 1.462, 1.464, 1.464, 1.464, 1.464, 1.464, 1.466, 0, 
1.52, 1.522, 1.525, 1.527, 1.532, 1.533, 1.537, 1.538, 1.538, 1.539, 1.539, 1.539, 1.538, 1.538, 1.537, 1.537, 1.536, 1.534, 1.533, 1.532, 1.528, 1.524, 1.523, 1.519, 1.518, 1.517, 1.516, 1.513, 1.513, 1.516, 1.516, 1.516, 1.519, 1.52, 1.521, 1.524, 1.524, 1.527, 1.528, 1.528, 1.528, 1.528, 1.528, 1.528, 1.527, 1.525, 1.524, 1.524, 1.523, 1.522, 1.522, 1.521, 1.521, 1.521, 1.521, 1.522, 1.521, 1.521, 1.52, 1.52, 1.52, 1.519, 1.518, 1.518, 1.518, 1.517, 1.517, 1.517, 1.517, 1.517, 1.517, 1.518, 1.518, 1.519, 1.519, 1.518, 1.518, 1.517, 1.517, 1.516, 1.516, 1.516, 1.516, 1.516, 1.517, 1.518, 1.519, 1.52, 1.52, 1.52, 1.519, 1.518, 1.517, 1.517, 1.516, 1.512, 1.512, 1.512, 1.511, 1.511, 1.512, 1.512, 1.516, 1.517, 1.518, 1.52, 1.521, 1.523, 1.523, 1.522, 1.521, 1.52, 1.519, 1.519, 1.518, 1.517, 1.517, 1.517, 1.517, 1.518, 1.518, 1.518, 1.518, 1.518, 1.518, 1.518, 1.518, 1.517, 1.516, 1.516, 1.512, 1.511, 1.51, 1.509, 1.508, 1.507, 1.507, 1.507, 1.507, 1.507, 1.507, 1.507, 1.507, 1.507, 1.507, 1.506, 1.505, 1.505, 1.504, 1.504, 1.503, 1.503, 1.503, 1.503, 1.503, 1.503, 1.504, 1.507, 1.509, 1.513, 1.516, 1.516, 1.516, 1.512, 1.511, 1.51, 1.507, 1.506, 1.505, 1.505, 1.505, 1.505, 1.505, 1.506, 1.506, 1.506, 1.506, 1.506, 1.505, 1.505, 1.505, 1.506, 1.507, 1.508, 1.51, 1.511, 1.512, 1.516, 1.516, 1.517, 1.517, 1.517, 1.516, 1.516, 1.513, 1.512, 1.511, 1.511, 1.511, 1.51, 1.509, 1.509, 1.508, 1.507, 1.506, 1.505, 1.505, 1.505, 1.505, 1.505, 1.505, 1.506, 1.506, 1.507, 1.507, 1.507, 1.506, 1.505, 1.504, 1.503, 1.502, 1.501, 1.501, 1.501, 1.501, 1.501, 1.501, 1.501, 1.501, 1.501, 1.501, 1.501, 1.501, 1.5, 1.5, 1.496, 1.496, 1.495, 1.494, 1.494, 1.493, 1.492, 1.492, 1.492, 1.491, 1.49, 1.489, 1.488, 1.488, 1.487, 1.486, 1.486, 1.485, 1.484, 1.484, 1.484, 1.484, 1.483, 1.482, 1.481, 1.481, 1.48, 1.48, 1.479, 1.479, 1.48, 1.48, 1.481, 1.482, 1.483, 1.484, 1.484, 1.485, 1.486, 1.486, 1.486, 1.486, 1.486, 1.486, 1.486, 1.487, 1.488, 1.489, 1.49, 1.491, 1.491, 1.49, 1.489, 1.488, 1.486, 1.485, 1.482, 1.479, 1.478, 1.477, 1.476, 1.475, 1.475, 1.475, 1.475, 1.475, 1.476, 1.477, 1.478, 1.479, 1.48, 1.481, 1.482, 1.482, 1.483, 1.482, 1.481, 1.48, 1.479, 1.478, 1.476, 1.474, 1.473, 1.472, 1.471, 1.47, 1.47, 1.47, 1.47, 1.47, 1.47, 1.47, 1.47, 1.469, 1.469, 1.468, 1.466, 1.466, 1.466, 1.466, 1.466, 1.466, 1.468, 1.468, 1.469, 1.47, 1.471, 1.472, 1.472, 1.473, 1.474, 1.474, 1.474, 1.475, 1.475, 1.475, 1.474, 1.473, 1.473, 1.472, 1.472, 1.472, 1.472, 1.471, 1.471, 1.471, 1.471, 1.471, 1.472, 1.473, 1.474, 1.474, 1.474, 1.474, 1.474, 1.473, 1.472, 1.471, 1.47, 1.468, 1.466, 1.466, 1.466, 1.466, 1.466, 1.468, 1.468, 1.468, 1.47, 1.47, 1.47, 1.47, 1.469, 1.468, 1.466, 1.466, 1.464, 1.462, 1.46, 1.46, 1.46, 1.46, 1.462, 1.462, 1.462, 1.464, 1.464, 1.466, 1.466, 1.466, 1.466, 1.464, 1.464, 1.464, 1.464, 1.466, 1.466, 1.466, 1.468, 1.468, 1.468, 1.468, 1.468, 1.466, 1.466, 1.466, 1.466, 1.466, 1.466, 1.466, 1.466, 1.466, 1.466, 1.466, 1.466, 1.466, 1.466, 1.466, 1.466, 1.466, 1.464, 1.464, 1.464, 1.464, 1.464, 1.464, 1.464, 1.464, 1.464, 1.462, 1.462, 1.462, 1.462, 1.462, 1.462, 1.462, 1.462, 1.462, 1.462, 1.462, 1.462, 1.462, 1.462, 1.462, 1.462, 1.462, 1.462, 1.462, 1.462, 1.462, 1.462, 1.462, 1.462, 1.462, 1.462, 1.462, 1.464, 1.464, 1.464, 1.464, 1.466, 1.466, 1.466, 1.466, 0, 
1.518, 1.521, 1.524, 1.526, 1.532, 1.532, 1.536, 1.537, 1.538, 1.538, 1.538, 1.538, 1.538, 1.537, 1.537, 1.537, 1.536, 1.535, 1.533, 1.532, 1.528, 1.525, 1.524, 1.52, 1.519, 1.516, 1.516, 1.513, 1.513, 1.516, 1.516, 1.516, 1.517, 1.52, 1.52, 1.524, 1.524, 1.527, 1.528, 1.528, 1.528, 1.528, 1.528, 1.528, 1.527, 1.526, 1.525, 1.525, 1.524, 1.523, 1.523, 1.522, 1.522, 1.522, 1.522, 1.522, 1.522, 1.521, 1.52, 1.52, 1.52, 1.519, 1.518, 1.518, 1.518, 1.518, 1.518, 1.518, 1.518, 1.518, 1.518, 1.518, 1.518, 1.518, 1.518, 1.517, 1.517, 1.517, 1.516, 1.516, 1.516, 1.516, 1.516, 1.516, 1.517, 1.518, 1.519, 1.52, 1.52, 1.52, 1.52, 1.519, 1.518, 1.517, 1.516, 1.513, 1.513, 1.512, 1.512, 1.512, 1.513, 1.513, 1.517, 1.517, 1.518, 1.52, 1.521, 1.522, 1.522, 1.521, 1.52, 1.52, 1.519, 1.518, 1.517, 1.517, 1.516, 1.517, 1.517, 1.518, 1.518, 1.518, 1.518, 1.518, 1.518, 1.518, 1.517, 1.517, 1.516, 1.516, 1.512, 1.511, 1.51, 1.509, 1.508, 1.507, 1.507, 1.507, 1.507, 1.507, 1.507, 1.507, 1.507, 1.507, 1.507, 1.506, 1.505, 1.505, 1.504, 1.503, 1.503, 1.502, 1.502, 1.502, 1.502, 1.503, 1.503, 1.507, 1.508, 1.512, 1.512, 1.516, 1.516, 1.516, 1.512, 1.511, 1.507, 1.506, 1.506, 1.505, 1.505, 1.505, 1.506, 1.506, 1.507, 1.507, 1.507, 1.506, 1.506, 1.506, 1.506, 1.507, 1.507, 1.509, 1.51, 1.511, 1.512, 1.516, 1.517, 1.517, 1.518, 1.517, 1.517, 1.516, 1.513, 1.512, 1.512, 1.511, 1.511, 1.51, 1.509, 1.509, 1.508, 1.507, 1.506, 1.505, 1.505, 1.505, 1.505, 1.505, 1.505, 1.506, 1.507, 1.507, 1.507, 1.507, 1.506, 1.505, 1.504, 1.503, 1.502, 1.501, 1.501, 1.501, 1.501, 1.501, 1.501, 1.501, 1.501, 1.501, 1.501, 1.501, 1.501, 1.5, 1.496, 1.496, 1.496, 1.495, 1.494, 1.494, 1.493, 1.492, 1.492, 1.492, 1.491, 1.49, 1.489, 1.488, 1.488, 1.488, 1.487, 1.486, 1.485, 1.485, 1.484, 1.484, 1.484, 1.483, 1.482, 1.481, 1.48, 1.479, 1.479, 1.478, 1.478, 1.479, 1.479, 1.48, 1.481, 1.482, 1.483, 1.484, 1.485, 1.486, 1.486, 1.486, 1.486, 1.486, 1.486, 1.487, 1.488, 1.488, 1.489, 1.49, 1.491, 1.49, 1.49, 1.489, 1.488, 1.486, 1.485, 1.484, 1.48, 1.479, 1.478, 1.477, 1.476, 1.476, 1.476, 1.476, 1.476, 1.477, 1.478, 1.478, 1.479, 1.48, 1.48, 1.481, 1.482, 1.482, 1.481, 1.481, 1.48, 1.479, 1.478, 1.476, 1.474, 1.473, 1.472, 1.471, 1.47, 1.47, 1.47, 1.469, 1.469, 1.469, 1.47, 1.47, 1.469, 1.469, 1.468, 1.468, 1.468, 1.468, 1.468, 1.468, 1.468, 1.468, 1.469, 1.47, 1.47, 1.471, 1.472, 1.473, 1.474, 1.474, 1.474, 1.475, 1.475, 1.475, 1.475, 1.474, 1.473, 1.472, 1.472, 1.472, 1.471, 1.471, 1.471, 1.47, 1.47, 1.47, 1.471, 1.472, 1.473, 1.474, 1.474, 1.474, 1.474, 1.474, 1.473, 1.472, 1.471, 1.47, 1.468, 1.466, 1.466, 1.466, 1.466, 1.466, 1.468, 1.468, 1.468, 1.468, 1.47, 1.47, 1.469, 1.468, 1.468, 1.466, 1.466, 1.464, 1.462, 1.46, 1.46, 1.46, 1.46, 1.462, 1.462, 1.462, 1.464, 1.466, 1.466, 1.466, 1.466, 1.466, 1.464, 1.464, 1.464, 1.464, 1.466, 1.466, 1.466, 1.466, 1.468, 1.468, 1.468, 1.468, 1.468, 1.466, 1.466, 1.466, 1.466, 1.466, 1.466, 1.466, 1.466, 1.466, 1.466, 1.466, 1.466, 1.466, 1.466, 1.466, 1.466, 1.466, 1.466, 1.466, 1.466, 1.466, 1.466, 1.466, 1.464, 1.464, 1.464, 1.462, 1.462, 1.462, 1.462, 1.462, 1.462, 1.462, 1.462, 1.462, 1.462, 1.462, 1.462, 1.46, 1.46, 1.46, 1.46, 1.462, 1.462, 1.462, 1.462, 1.462, 1.462, 1.462, 1.462, 1.464, 1.464, 1.464, 1.464, 1.466, 1.466, 1.466, 1.466, 1.466, 1.468, 0, 
1.518, 1.52, 1.524, 1.525, 1.532, 1.533, 1.535, 1.536, 1.537, 1.537, 1.537, 1.537, 1.537, 1.537, 1.537, 1.536, 1.535, 1.535, 1.533, 1.532, 1.527, 1.526, 1.525, 1.52, 1.52, 1.516, 1.516, 1.513, 1.513, 1.513, 1.516, 1.516, 1.516, 1.52, 1.52, 1.524, 1.524, 1.526, 1.527, 1.528, 1.528, 1.528, 1.528, 1.528, 1.528, 1.527, 1.526, 1.526, 1.525, 1.524, 1.524, 1.523, 1.523, 1.522, 1.522, 1.522, 1.522, 1.521, 1.52, 1.52, 1.52, 1.519, 1.519, 1.518, 1.518, 1.518, 1.518, 1.518, 1.518, 1.518, 1.518, 1.518, 1.518, 1.518, 1.517, 1.517, 1.516, 1.516, 1.516, 1.513, 1.513, 1.513, 1.516, 1.516, 1.517, 1.518, 1.519, 1.52, 1.52, 1.52, 1.52, 1.519, 1.518, 1.518, 1.517, 1.516, 1.513, 1.513, 1.513, 1.513, 1.513, 1.513, 1.517, 1.518, 1.518, 1.519, 1.52, 1.521, 1.521, 1.52, 1.52, 1.519, 1.518, 1.517, 1.517, 1.516, 1.516, 1.517, 1.517, 1.518, 1.518, 1.518, 1.518, 1.518, 1.518, 1.517, 1.517, 1.516, 1.516, 1.512, 1.511, 1.511, 1.509, 1.508, 1.507, 1.507, 1.507, 1.507, 1.507, 1.507, 1.507, 1.507, 1.507, 1.507, 1.506, 1.506, 1.505, 1.505, 1.504, 1.503, 1.502, 1.501, 1.501, 1.501, 1.502, 1.503, 1.503, 1.507, 1.508, 1.512, 1.512, 1.516, 1.516, 1.516, 1.512, 1.511, 1.508, 1.507, 1.507, 1.506, 1.506, 1.506, 1.506, 1.507, 1.507, 1.507, 1.507, 1.507, 1.506, 1.506, 1.506, 1.507, 1.508, 1.509, 1.511, 1.512, 1.516, 1.517, 1.518, 1.518, 1.519, 1.518, 1.517, 1.516, 1.516, 1.513, 1.512, 1.511, 1.511, 1.51, 1.509, 1.508, 1.507, 1.507, 1.506, 1.505, 1.505, 1.505, 1.505, 1.505, 1.505, 1.506, 1.507, 1.507, 1.507, 1.507, 1.506, 1.505, 1.504, 1.503, 1.501, 1.501, 1.5, 1.5, 1.501, 1.501, 1.501, 1.501, 1.501, 1.501, 1.501, 1.501, 1.501, 1.5, 1.496, 1.496, 1.495, 1.495, 1.494, 1.494, 1.493, 1.492, 1.492, 1.492, 1.491, 1.49, 1.489, 1.489, 1.488, 1.488, 1.487, 1.487, 1.486, 1.485, 1.485, 1.484, 1.484, 1.483, 1.482, 1.481, 1.48, 1.479, 1.478, 1.478, 1.478, 1.478, 1.478, 1.479, 1.48, 1.481, 1.482, 1.484, 1.484, 1.485, 1.486, 1.486, 1.486, 1.486, 1.487, 1.488, 1.488, 1.489, 1.49, 1.491, 1.491, 1.49, 1.49, 1.489, 1.488, 1.486, 1.486, 1.485, 1.481, 1.48, 1.479, 1.478, 1.477, 1.477, 1.477, 1.477, 1.477, 1.477, 1.478, 1.478, 1.478, 1.479, 1.48, 1.48, 1.481, 1.481, 1.481, 1.48, 1.479, 1.478, 1.477, 1.476, 1.474, 1.474, 1.472, 1.471, 1.47, 1.47, 1.47, 1.469, 1.468, 1.469, 1.47, 1.47, 1.47, 1.47, 1.469, 1.468, 1.468, 1.468, 1.468, 1.468, 1.468, 1.468, 1.469, 1.47, 1.47, 1.471, 1.472, 1.473, 1.474, 1.474, 1.474, 1.475, 1.475, 1.475, 1.474, 1.474, 1.473, 1.472, 1.472, 1.471, 1.471, 1.47, 1.47, 1.47, 1.47, 1.47, 1.471, 1.472, 1.472, 1.474, 1.474, 1.475, 1.475, 1.474, 1.474, 1.472, 1.471, 1.47, 1.468, 1.466, 1.466, 1.466, 1.466, 1.466, 1.466, 1.468, 1.468, 1.468, 1.468, 1.47, 1.469, 1.468, 1.466, 1.466, 1.464, 1.462, 1.462, 1.462, 1.46, 1.46, 1.462, 1.462, 1.462, 1.464, 1.464, 1.466, 1.466, 1.466, 1.466, 1.466, 1.466, 1.464, 1.464, 1.464, 1.466, 1.466, 1.466, 1.466, 1.468, 1.468, 1.468, 1.468, 1.466, 1.466, 1.466, 1.466, 1.466, 1.466, 1.466, 1.466, 1.466, 1.466, 1.466, 1.466, 1.466, 1.466, 1.466, 1.466, 1.466, 1.466, 1.466, 1.466, 1.466, 1.466, 1.466, 1.466, 1.466, 1.464, 1.464, 1.464, 1.462, 1.462, 1.462, 1.462, 1.462, 1.462, 1.462, 1.462, 1.462, 1.46, 1.46, 1.46, 1.46, 1.46, 1.46, 1.46, 1.46, 1.46, 1.462, 1.462, 1.462, 1.462, 1.462, 1.464, 1.464, 1.464, 1.464, 1.466, 1.466, 1.468, 1.468, 1.468, 1.468, 0, 
1.517, 1.52, 1.524, 1.525, 1.531, 1.532, 1.534, 1.535, 1.537, 1.537, 1.537, 1.537, 1.537, 1.537, 1.536, 1.536, 1.535, 1.534, 1.533, 1.532, 1.527, 1.526, 1.525, 1.521, 1.52, 1.516, 1.516, 1.513, 1.513, 1.513, 1.513, 1.516, 1.516, 1.519, 1.52, 1.523, 1.524, 1.525, 1.526, 1.527, 1.528, 1.528, 1.528, 1.528, 1.528, 1.528, 1.527, 1.527, 1.526, 1.525, 1.525, 1.524, 1.524, 1.523, 1.523, 1.523, 1.522, 1.521, 1.521, 1.52, 1.52, 1.52, 1.519, 1.519, 1.518, 1.518, 1.518, 1.518, 1.518, 1.518, 1.518, 1.518, 1.518, 1.517, 1.517, 1.516, 1.516, 1.513, 1.513, 1.513, 1.513, 1.513, 1.513, 1.516, 1.517, 1.518, 1.519, 1.52, 1.52, 1.52, 1.52, 1.52, 1.519, 1.518, 1.517, 1.517, 1.516, 1.516, 1.513, 1.513, 1.513, 1.516, 1.517, 1.518, 1.518, 1.519, 1.52, 1.52, 1.52, 1.519, 1.518, 1.518, 1.517, 1.517, 1.516, 1.516, 1.516, 1.516, 1.517, 1.518, 1.518, 1.518, 1.518, 1.518, 1.517, 1.517, 1.516, 1.516, 1.512, 1.512, 1.511, 1.51, 1.509, 1.508, 1.507, 1.507, 1.507, 1.507, 1.507, 1.507, 1.507, 1.507, 1.507, 1.507, 1.507, 1.506, 1.505, 1.505, 1.503, 1.503, 1.502, 1.501, 1.501, 1.501, 1.502, 1.503, 1.503, 1.506, 1.507, 1.512, 1.512, 1.516, 1.516, 1.516, 1.516, 1.511, 1.509, 1.508, 1.507, 1.507, 1.507, 1.507, 1.507, 1.507, 1.507, 1.507, 1.507, 1.506, 1.506, 1.506, 1.506, 1.507, 1.508, 1.509, 1.511, 1.512, 1.517, 1.517, 1.518, 1.519, 1.519, 1.519, 1.518, 1.517, 1.516, 1.513, 1.512, 1.511, 1.511, 1.509, 1.508, 1.508, 1.507, 1.506, 1.505, 1.505, 1.505, 1.505, 1.505, 1.505, 1.506, 1.506, 1.507, 1.507, 1.507, 1.507, 1.506, 1.505, 1.504, 1.503, 1.501, 1.501, 1.5, 1.5, 1.5, 1.501, 1.501, 1.501, 1.501, 1.501, 1.501, 1.501, 1.501, 1.5, 1.496, 1.496, 1.495, 1.494, 1.494, 1.494, 1.493, 1.492, 1.492, 1.492, 1.491, 1.49, 1.49, 1.489, 1.488, 1.488, 1.488, 1.487, 1.486, 1.486, 1.485, 1.485, 1.484, 1.483, 1.482, 1.481, 1.48, 1.479, 1.478, 1.477, 1.477, 1.477, 1.478, 1.479, 1.48, 1.481, 1.482, 1.483, 1.484, 1.485, 1.486, 1.486, 1.486, 1.487, 1.488, 1.488, 1.489, 1.49, 1.49, 1.491, 1.491, 1.491, 1.49, 1.489, 1.488, 1.486, 1.485, 1.484, 1.482, 1.481, 1.48, 1.479, 1.479, 1.478, 1.478, 1.478, 1.478, 1.478, 1.478, 1.478, 1.478, 1.479, 1.48, 1.48, 1.48, 1.48, 1.48, 1.48, 1.479, 1.478, 1.477, 1.476, 1.474, 1.474, 1.472, 1.471, 1.47, 1.47, 1.47, 1.469, 1.468, 1.469, 1.47, 1.47, 1.47, 1.47, 1.47, 1.47, 1.47, 1.47, 1.468, 1.468, 1.468, 1.469, 1.469, 1.47, 1.47, 1.471, 1.471, 1.472, 1.473, 1.474, 1.474, 1.475, 1.475, 1.475, 1.474, 1.473, 1.472, 1.472, 1.471, 1.471, 1.468, 1.468, 1.468, 1.468, 1.468, 1.468, 1.471, 1.471, 1.472, 1.473, 1.474, 1.475, 1.475, 1.475, 1.474, 1.473, 1.47, 1.47, 1.469, 1.466, 1.466, 1.466, 1.466, 1.466, 1.466, 1.466, 1.468, 1.468, 1.468, 1.468, 1.468, 1.468, 1.466, 1.466, 1.464, 1.462, 1.462, 1.462, 1.462, 1.462, 1.462, 1.462, 1.462, 1.464, 1.466, 1.466, 1.466, 1.466, 1.466, 1.466, 1.466, 1.466, 1.466, 1.466, 1.466, 1.466, 1.466, 1.468, 1.468, 1.468, 1.468, 1.468, 1.466, 1.466, 1.466, 1.466, 1.466, 1.466, 1.466, 1.466, 1.468, 1.468, 1.466, 1.466, 1.466, 1.466, 1.466, 1.466, 1.466, 1.466, 1.466, 1.466, 1.466, 1.466, 1.466, 1.466, 1.466, 1.466, 1.464, 1.464, 1.462, 1.462, 1.462, 1.462, 1.462, 1.462, 1.462, 1.462, 1.46, 1.46, 1.46, 1.46, 1.46, 1.46, 1.46, 1.46, 1.46, 1.46, 1.46, 1.46, 1.46, 1.46, 1.462, 1.464, 1.464, 1.464, 1.466, 1.466, 1.468, 1.469, 1.468, 1.468, 1.469, 0, 
1.516, 1.52, 1.523, 1.524, 1.528, 1.532, 1.533, 1.535, 1.536, 1.537, 1.537, 1.537, 1.537, 1.537, 1.536, 1.535, 1.535, 1.534, 1.533, 1.532, 1.528, 1.527, 1.523, 1.522, 1.521, 1.517, 1.517, 1.513, 1.513, 1.513, 1.513, 1.516, 1.516, 1.517, 1.52, 1.522, 1.523, 1.525, 1.526, 1.527, 1.528, 1.528, 1.528, 1.528, 1.531, 1.528, 1.528, 1.527, 1.527, 1.526, 1.526, 1.525, 1.524, 1.524, 1.524, 1.523, 1.523, 1.522, 1.521, 1.521, 1.52, 1.52, 1.52, 1.519, 1.519, 1.519, 1.518, 1.518, 1.518, 1.518, 1.518, 1.518, 1.517, 1.517, 1.516, 1.516, 1.512, 1.512, 1.512, 1.512, 1.513, 1.513, 1.513, 1.516, 1.516, 1.517, 1.518, 1.519, 1.52, 1.52, 1.52, 1.52, 1.52, 1.519, 1.518, 1.518, 1.517, 1.516, 1.516, 1.513, 1.513, 1.516, 1.516, 1.517, 1.518, 1.519, 1.519, 1.519, 1.519, 1.518, 1.517, 1.517, 1.516, 1.516, 1.516, 1.516, 1.516, 1.516, 1.517, 1.518, 1.518, 1.518, 1.518, 1.518, 1.517, 1.516, 1.516, 1.516, 1.512, 1.511, 1.511, 1.509, 1.508, 1.507, 1.507, 1.506, 1.506, 1.506, 1.506, 1.507, 1.507, 1.507, 1.507, 1.507, 1.507, 1.506, 1.505, 1.505, 1.503, 1.503, 1.502, 1.501, 1.501, 1.501, 1.502, 1.503, 1.504, 1.505, 1.506, 1.512, 1.512, 1.516, 1.516, 1.516, 1.516, 1.512, 1.511, 1.509, 1.508, 1.508, 1.507, 1.507, 1.507, 1.507, 1.507, 1.507, 1.506, 1.506, 1.505, 1.505, 1.506, 1.507, 1.508, 1.509, 1.511, 1.512, 1.517, 1.518, 1.519, 1.52, 1.52, 1.519, 1.518, 1.517, 1.513, 1.512, 1.511, 1.511, 1.511, 1.508, 1.508, 1.507, 1.507, 1.506, 1.505, 1.505, 1.505, 1.505, 1.505, 1.505, 1.506, 1.507, 1.507, 1.507, 1.507, 1.507, 1.506, 1.505, 1.503, 1.502, 1.501, 1.5, 1.5, 1.499, 1.5, 1.5, 1.501, 1.501, 1.501, 1.501, 1.501, 1.501, 1.501, 1.5, 1.496, 1.496, 1.495, 1.494, 1.494, 1.494, 1.493, 1.492, 1.492, 1.492, 1.491, 1.49, 1.49, 1.49, 1.489, 1.488, 1.488, 1.488, 1.487, 1.486, 1.486, 1.485, 1.484, 1.483, 1.482, 1.481, 1.48, 1.479, 1.478, 1.477, 1.477, 1.477, 1.478, 1.478, 1.48, 1.48, 1.482, 1.483, 1.484, 1.485, 1.486, 1.487, 1.487, 1.488, 1.489, 1.489, 1.49, 1.491, 1.491, 1.492, 1.492, 1.491, 1.49, 1.489, 1.488, 1.487, 1.486, 1.484, 1.483, 1.482, 1.481, 1.48, 1.48, 1.479, 1.479, 1.478, 1.478, 1.478, 1.478, 1.478, 1.478, 1.478, 1.479, 1.479, 1.479, 1.479, 1.479, 1.479, 1.478, 1.478, 1.477, 1.476, 1.474, 1.474, 1.472, 1.472, 1.47, 1.47, 1.47, 1.469, 1.469, 1.469, 1.47, 1.47, 1.47, 1.47, 1.47, 1.47, 1.47, 1.47, 1.47, 1.47, 1.47, 1.47, 1.47, 1.47, 1.47, 1.47, 1.471, 1.472, 1.473, 1.473, 1.474, 1.474, 1.474, 1.474, 1.474, 1.473, 1.472, 1.471, 1.468, 1.468, 1.468, 1.468, 1.468, 1.468, 1.468, 1.468, 1.47, 1.471, 1.472, 1.473, 1.474, 1.475, 1.476, 1.475, 1.474, 1.473, 1.47, 1.47, 1.469, 1.466, 1.466, 1.466, 1.466, 1.466, 1.466, 1.466, 1.468, 1.468, 1.468, 1.468, 1.468, 1.466, 1.466, 1.466, 1.464, 1.462, 1.462, 1.462, 1.462, 1.462, 1.462, 1.462, 1.464, 1.464, 1.466, 1.466, 1.466, 1.466, 1.466, 1.466, 1.466, 1.466, 1.466, 1.466, 1.466, 1.466, 1.466, 1.468, 1.468, 1.468, 1.468, 1.468, 1.466, 1.466, 1.466, 1.466, 1.466, 1.466, 1.466, 1.466, 1.466, 1.466, 1.466, 1.466, 1.466, 1.466, 1.466, 1.466, 1.466, 1.466, 1.468, 1.468, 1.468, 1.468, 1.468, 1.466, 1.466, 1.466, 1.466, 1.464, 1.464, 1.464, 1.462, 1.462, 1.462, 1.462, 1.462, 1.462, 1.46, 1.46, 1.46, 1.458, 1.458, 1.458, 1.458, 1.458, 1.458, 1.458, 1.458, 1.46, 1.46, 1.46, 1.462, 1.464, 1.464, 1.464, 1.466, 1.466, 1.468, 1.469, 1.468, 1.469, 1.469, 0, 
1.516, 1.518, 1.523, 1.523, 1.528, 1.532, 1.533, 1.535, 1.536, 1.536, 1.536, 1.536, 1.536, 1.536, 1.535, 1.535, 1.535, 1.534, 1.533, 1.532, 1.528, 1.528, 1.523, 1.522, 1.52, 1.518, 1.517, 1.513, 1.513, 1.513, 1.513, 1.513, 1.516, 1.516, 1.52, 1.521, 1.522, 1.524, 1.525, 1.526, 1.527, 1.528, 1.528, 1.528, 1.531, 1.531, 1.531, 1.528, 1.528, 1.527, 1.527, 1.526, 1.525, 1.525, 1.524, 1.524, 1.524, 1.523, 1.522, 1.522, 1.521, 1.52, 1.52, 1.52, 1.52, 1.519, 1.519, 1.519, 1.519, 1.518, 1.518, 1.517, 1.517, 1.516, 1.516, 1.512, 1.512, 1.512, 1.512, 1.512, 1.512, 1.512, 1.512, 1.513, 1.516, 1.517, 1.518, 1.518, 1.519, 1.52, 1.52, 1.52, 1.52, 1.52, 1.519, 1.519, 1.518, 1.517, 1.516, 1.516, 1.516, 1.516, 1.516, 1.517, 1.517, 1.518, 1.518, 1.518, 1.518, 1.517, 1.516, 1.516, 1.516, 1.516, 1.516, 1.516, 1.516, 1.516, 1.517, 1.518, 1.518, 1.518, 1.518, 1.518, 1.517, 1.516, 1.516, 1.512, 1.512, 1.511, 1.51, 1.509, 1.508, 1.507, 1.507, 1.506, 1.505, 1.505, 1.506, 1.507, 1.507, 1.507, 1.507, 1.507, 1.507, 1.506, 1.505, 1.505, 1.503, 1.503, 1.502, 1.501, 1.501, 1.501, 1.502, 1.503, 1.504, 1.505, 1.506, 1.512, 1.512, 1.516, 1.517, 1.517, 1.517, 1.516, 1.512, 1.51, 1.509, 1.509, 1.508, 1.507, 1.507, 1.507, 1.507, 1.507, 1.506, 1.505, 1.505, 1.505, 1.506, 1.507, 1.508, 1.509, 1.511, 1.512, 1.517, 1.518, 1.519, 1.52, 1.52, 1.519, 1.518, 1.517, 1.512, 1.512, 1.511, 1.51, 1.507, 1.507, 1.507, 1.507, 1.506, 1.505, 1.505, 1.505, 1.505, 1.505, 1.505, 1.505, 1.506, 1.507, 1.507, 1.507, 1.507, 1.507, 1.506, 1.505, 1.503, 1.502, 1.501, 1.5, 1.499, 1.499, 1.499, 1.5, 1.501, 1.501, 1.501, 1.501, 1.501, 1.501, 1.5, 1.5, 1.496, 1.496, 1.495, 1.494, 1.494, 1.494, 1.493, 1.492, 1.492, 1.492, 1.491, 1.49, 1.49, 1.49, 1.489, 1.488, 1.488, 1.488, 1.488, 1.487, 1.487, 1.486, 1.485, 1.484, 1.482, 1.481, 1.48, 1.479, 1.478, 1.477, 1.477, 1.477, 1.478, 1.478, 1.48, 1.48, 1.482, 1.483, 1.484, 1.486, 1.487, 1.487, 1.488, 1.489, 1.49, 1.491, 1.491, 1.492, 1.492, 1.492, 1.492, 1.491, 1.49, 1.489, 1.488, 1.487, 1.486, 1.485, 1.484, 1.483, 1.482, 1.481, 1.481, 1.48, 1.48, 1.479, 1.479, 1.478, 1.478, 1.478, 1.478, 1.478, 1.478, 1.478, 1.478, 1.478, 1.478, 1.478, 1.478, 1.477, 1.476, 1.476, 1.474, 1.473, 1.472, 1.472, 1.47, 1.47, 1.47, 1.47, 1.47, 1.47, 1.47, 1.47, 1.47, 1.47, 1.47, 1.47, 1.47, 1.47, 1.47, 1.47, 1.47, 1.469, 1.469, 1.469, 1.47, 1.47, 1.47, 1.471, 1.472, 1.473, 1.474, 1.474, 1.474, 1.474, 1.473, 1.472, 1.471, 1.47, 1.468, 1.468, 1.468, 1.466, 1.466, 1.466, 1.466, 1.468, 1.468, 1.471, 1.472, 1.473, 1.474, 1.475, 1.476, 1.475, 1.474, 1.473, 1.47, 1.47, 1.469, 1.466, 1.466, 1.466, 1.466, 1.466, 1.466, 1.466, 1.466, 1.468, 1.468, 1.468, 1.468, 1.466, 1.466, 1.464, 1.464, 1.462, 1.462, 1.462, 1.462, 1.462, 1.462, 1.462, 1.464, 1.466, 1.466, 1.466, 1.466, 1.466, 1.466, 1.466, 1.466, 1.466, 1.466, 1.466, 1.466, 1.466, 1.466, 1.466, 1.468, 1.468, 1.468, 1.466, 1.466, 1.466, 1.466, 1.466, 1.466, 1.466, 1.466, 1.466, 1.466, 1.466, 1.466, 1.466, 1.466, 1.466, 1.466, 1.466, 1.468, 1.468, 1.469, 1.469, 1.47, 1.47, 1.469, 1.469, 1.466, 1.466, 1.466, 1.466, 1.464, 1.464, 1.464, 1.464, 1.462, 1.462, 1.462, 1.462, 1.46, 1.46, 1.46, 1.458, 1.458, 1.458, 1.458, 1.458, 1.458, 1.458, 1.458, 1.458, 1.458, 1.46, 1.46, 1.462, 1.464, 1.464, 1.466, 1.468, 1.468, 1.469, 1.468, 1.469, 1.469, 0, 
1.517, 1.518, 1.522, 1.523, 1.528, 1.532, 1.533, 1.534, 1.535, 1.535, 1.535, 1.535, 1.535, 1.535, 1.535, 1.534, 1.534, 1.533, 1.533, 1.532, 1.528, 1.528, 1.523, 1.522, 1.52, 1.518, 1.517, 1.513, 1.513, 1.513, 1.513, 1.513, 1.516, 1.516, 1.519, 1.52, 1.521, 1.524, 1.525, 1.526, 1.527, 1.527, 1.528, 1.528, 1.531, 1.531, 1.531, 1.531, 1.531, 1.528, 1.528, 1.527, 1.526, 1.526, 1.525, 1.525, 1.524, 1.524, 1.523, 1.523, 1.522, 1.521, 1.521, 1.52, 1.52, 1.52, 1.52, 1.519, 1.519, 1.518, 1.517, 1.517, 1.516, 1.516, 1.512, 1.512, 1.511, 1.511, 1.511, 1.511, 1.511, 1.511, 1.512, 1.512, 1.516, 1.516, 1.517, 1.518, 1.519, 1.52, 1.52, 1.521, 1.521, 1.521, 1.521, 1.52, 1.519, 1.518, 1.517, 1.516, 1.516, 1.516, 1.516, 1.516, 1.517, 1.517, 1.517, 1.517, 1.517, 1.516, 1.513, 1.513, 1.513, 1.513, 1.513, 1.516, 1.516, 1.516, 1.517, 1.517, 1.518, 1.518, 1.518, 1.517, 1.517, 1.516, 1.516, 1.512, 1.511, 1.511, 1.509, 1.508, 1.507, 1.507, 1.506, 1.506, 1.505, 1.505, 1.506, 1.507, 1.507, 1.507, 1.507, 1.507, 1.507, 1.506, 1.505, 1.505, 1.504, 1.503, 1.502, 1.502, 1.501, 1.501, 1.502, 1.503, 1.503, 1.504, 1.507, 1.512, 1.512, 1.517, 1.517, 1.518, 1.518, 1.517, 1.516, 1.511, 1.511, 1.51, 1.509, 1.508, 1.507, 1.507, 1.507, 1.506, 1.505, 1.505, 1.504, 1.504, 1.505, 1.506, 1.507, 1.509, 1.51, 1.516, 1.516, 1.519, 1.519, 1.52, 1.519, 1.518, 1.517, 1.516, 1.512, 1.511, 1.51, 1.509, 1.507, 1.507, 1.506, 1.506, 1.505, 1.505, 1.505, 1.505, 1.505, 1.505, 1.505, 1.505, 1.506, 1.507, 1.507, 1.507, 1.507, 1.507, 1.506, 1.505, 1.503, 1.502, 1.501, 1.5, 1.499, 1.499, 1.499, 1.499, 1.5, 1.501, 1.501, 1.501, 1.501, 1.501, 1.5, 1.5, 1.496, 1.496, 1.495, 1.494, 1.494, 1.494, 1.493, 1.493, 1.492, 1.492, 1.491, 1.491, 1.49, 1.49, 1.489, 1.489, 1.488, 1.488, 1.488, 1.488, 1.487, 1.486, 1.485, 1.484, 1.483, 1.482, 1.48, 1.479, 1.478, 1.477, 1.477, 1.477, 1.478, 1.479, 1.48, 1.481, 1.482, 1.483, 1.485, 1.486, 1.487, 1.488, 1.489, 1.49, 1.491, 1.492, 1.492, 1.493, 1.493, 1.493, 1.492, 1.491, 1.49, 1.489, 1.488, 1.487, 1.486, 1.485, 1.484, 1.484, 1.483, 1.482, 1.482, 1.481, 1.481, 1.48, 1.479, 1.478, 1.478, 1.478, 1.478, 1.478, 1.478, 1.478, 1.478, 1.478, 1.478, 1.478, 1.478, 1.477, 1.476, 1.475, 1.474, 1.473, 1.472, 1.471, 1.47, 1.47, 1.469, 1.469, 1.469, 1.47, 1.47, 1.47, 1.47, 1.47, 1.471, 1.471, 1.471, 1.471, 1.47, 1.47, 1.469, 1.469, 1.468, 1.468, 1.469, 1.47, 1.47, 1.471, 1.471, 1.472, 1.473, 1.474, 1.474, 1.474, 1.473, 1.472, 1.471, 1.468, 1.468, 1.466, 1.466, 1.466, 1.466, 1.466, 1.466, 1.466, 1.468, 1.471, 1.472, 1.473, 1.474, 1.475, 1.476, 1.475, 1.474, 1.474, 1.47, 1.47, 1.469, 1.466, 1.466, 1.466, 1.466, 1.466, 1.466, 1.466, 1.466, 1.468, 1.468, 1.468, 1.466, 1.466, 1.466, 1.464, 1.464, 1.462, 1.462, 1.462, 1.462, 1.462, 1.462, 1.464, 1.464, 1.466, 1.466, 1.466, 1.466, 1.466, 1.466, 1.466, 1.466, 1.466, 1.466, 1.466, 1.466, 1.466, 1.466, 1.466, 1.466, 1.466, 1.466, 1.466, 1.466, 1.466, 1.466, 1.466, 1.466, 1.466, 1.466, 1.466, 1.466, 1.466, 1.466, 1.466, 1.466, 1.466, 1.466, 1.466, 1.468, 1.468, 1.469, 1.47, 1.47, 1.47, 1.469, 1.469, 1.468, 1.466, 1.466, 1.466, 1.466, 1.464, 1.464, 1.464, 1.462, 1.462, 1.462, 1.462, 1.46, 1.46, 1.46, 1.458, 1.458, 1.458, 1.458, 1.458, 1.456, 1.456, 1.456, 1.458, 1.458, 1.458, 1.46, 1.46, 1.464, 1.464, 1.466, 1.466, 1.468, 1.469, 1.468, 1.469, 1.469, 0, 
1.517, 1.517, 1.522, 1.524, 1.528, 1.532, 1.532, 1.533, 1.534, 1.534, 1.534, 1.534, 1.534, 1.534, 1.534, 1.533, 1.533, 1.533, 1.533, 1.532, 1.528, 1.528, 1.523, 1.522, 1.52, 1.518, 1.517, 1.513, 1.513, 1.513, 1.513, 1.513, 1.513, 1.516, 1.517, 1.52, 1.52, 1.524, 1.524, 1.525, 1.526, 1.527, 1.527, 1.528, 1.531, 1.531, 1.531, 1.531, 1.531, 1.531, 1.528, 1.528, 1.527, 1.527, 1.526, 1.526, 1.525, 1.524, 1.524, 1.523, 1.523, 1.522, 1.521, 1.52, 1.52, 1.52, 1.52, 1.519, 1.518, 1.517, 1.517, 1.516, 1.513, 1.512, 1.512, 1.511, 1.511, 1.511, 1.511, 1.511, 1.511, 1.511, 1.511, 1.512, 1.513, 1.516, 1.516, 1.517, 1.518, 1.52, 1.52, 1.522, 1.522, 1.523, 1.522, 1.521, 1.52, 1.52, 1.516, 1.516, 1.516, 1.516, 1.516, 1.516, 1.516, 1.516, 1.516, 1.516, 1.516, 1.513, 1.512, 1.512, 1.512, 1.512, 1.513, 1.513, 1.516, 1.516, 1.517, 1.517, 1.518, 1.518, 1.518, 1.517, 1.517, 1.516, 1.516, 1.512, 1.511, 1.511, 1.509, 1.508, 1.507, 1.507, 1.506, 1.505, 1.505, 1.505, 1.506, 1.507, 1.507, 1.507, 1.507, 1.507, 1.507, 1.506, 1.505, 1.505, 1.504, 1.503, 1.503, 1.502, 1.502, 1.502, 1.502, 1.503, 1.504, 1.505, 1.509, 1.512, 1.512, 1.517, 1.518, 1.519, 1.519, 1.518, 1.517, 1.516, 1.512, 1.511, 1.51, 1.509, 1.508, 1.507, 1.507, 1.506, 1.505, 1.504, 1.504, 1.504, 1.505, 1.506, 1.507, 1.509, 1.51, 1.516, 1.516, 1.519, 1.52, 1.519, 1.519, 1.518, 1.517, 1.512, 1.511, 1.51, 1.509, 1.508, 1.507, 1.506, 1.506, 1.505, 1.505, 1.505, 1.505, 1.505, 1.505, 1.505, 1.505, 1.505, 1.506, 1.507, 1.507, 1.507, 1.507, 1.507, 1.506, 1.505, 1.503, 1.502, 1.501, 1.5, 1.499, 1.499, 1.499, 1.499, 1.5, 1.5, 1.501, 1.501, 1.501, 1.501, 1.5, 1.496, 1.496, 1.495, 1.495, 1.494, 1.494, 1.494, 1.494, 1.493, 1.492, 1.492, 1.491, 1.491, 1.49, 1.49, 1.49, 1.489, 1.489, 1.488, 1.488, 1.488, 1.488, 1.487, 1.486, 1.484, 1.483, 1.482, 1.48, 1.479, 1.478, 1.477, 1.477, 1.477, 1.478, 1.478, 1.48, 1.481, 1.482, 1.484, 1.485, 1.486, 1.488, 1.489, 1.49, 1.491, 1.492, 1.493, 1.494, 1.494, 1.494, 1.494, 1.493, 1.491, 1.49, 1.489, 1.488, 1.488, 1.487, 1.486, 1.485, 1.484, 1.484, 1.483, 1.483, 1.482, 1.482, 1.481, 1.48, 1.479, 1.478, 1.478, 1.478, 1.477, 1.477, 1.477, 1.478, 1.478, 1.478, 1.478, 1.477, 1.476, 1.476, 1.475, 1.474, 1.472, 1.472, 1.471, 1.469, 1.469, 1.468, 1.468, 1.468, 1.469, 1.47, 1.47, 1.47, 1.47, 1.471, 1.472, 1.471, 1.471, 1.47, 1.469, 1.469, 1.468, 1.468, 1.468, 1.468, 1.468, 1.468, 1.47, 1.471, 1.472, 1.473, 1.473, 1.474, 1.473, 1.472, 1.472, 1.471, 1.468, 1.466, 1.466, 1.466, 1.466, 1.466, 1.466, 1.466, 1.466, 1.468, 1.471, 1.472, 1.473, 1.474, 1.475, 1.476, 1.475, 1.474, 1.474, 1.471, 1.47, 1.469, 1.466, 1.466, 1.466, 1.466, 1.466, 1.466, 1.466, 1.466, 1.468, 1.468, 1.468, 1.466, 1.466, 1.466, 1.464, 1.464, 1.462, 1.462, 1.462, 1.462, 1.462, 1.462, 1.464, 1.466, 1.466, 1.466, 1.466, 1.468, 1.468, 1.466, 1.466, 1.466, 1.466, 1.466, 1.466, 1.466, 1.466, 1.466, 1.466, 1.466, 1.466, 1.466, 1.466, 1.466, 1.466, 1.466, 1.466, 1.466, 1.466, 1.466, 1.466, 1.466, 1.466, 1.466, 1.466, 1.466, 1.466, 1.466, 1.466, 1.468, 1.468, 1.469, 1.47, 1.47, 1.47, 1.47, 1.469, 1.468, 1.466, 1.466, 1.466, 1.466, 1.466, 1.466, 1.464, 1.464, 1.464, 1.462, 1.462, 1.462, 1.46, 1.46, 1.458, 1.458, 1.458, 1.456, 1.456, 1.454, 1.454, 1.454, 1.454, 1.456, 1.456, 1.458, 1.46, 1.462, 1.464, 1.466, 1.466, 1.468, 1.469, 1.468, 1.469, 1.469, 0, 
1.513, 1.518, 1.521, 1.523, 1.527, 1.527, 1.532, 1.533, 1.533, 1.533, 1.533, 1.533, 1.533, 1.533, 1.533, 1.533, 1.533, 1.533, 1.532, 1.532, 1.531, 1.528, 1.524, 1.523, 1.519, 1.518, 1.517, 1.513, 1.513, 1.513, 1.513, 1.513, 1.513, 1.516, 1.516, 1.52, 1.52, 1.523, 1.524, 1.525, 1.526, 1.526, 1.527, 1.528, 1.531, 1.531, 1.531, 1.532, 1.532, 1.532, 1.531, 1.531, 1.528, 1.527, 1.527, 1.526, 1.526, 1.525, 1.524, 1.524, 1.523, 1.523, 1.522, 1.521, 1.52, 1.52, 1.52, 1.519, 1.518, 1.517, 1.516, 1.516, 1.513, 1.512, 1.511, 1.511, 1.511, 1.511, 1.511, 1.511, 1.511, 1.511, 1.511, 1.512, 1.512, 1.513, 1.516, 1.516, 1.517, 1.52, 1.521, 1.522, 1.523, 1.523, 1.523, 1.522, 1.521, 1.52, 1.517, 1.516, 1.516, 1.516, 1.516, 1.516, 1.516, 1.516, 1.516, 1.516, 1.513, 1.512, 1.512, 1.511, 1.511, 1.512, 1.512, 1.513, 1.516, 1.516, 1.517, 1.518, 1.518, 1.518, 1.518, 1.517, 1.517, 1.516, 1.516, 1.512, 1.511, 1.51, 1.509, 1.508, 1.507, 1.507, 1.506, 1.505, 1.505, 1.505, 1.506, 1.507, 1.507, 1.507, 1.507, 1.507, 1.507, 1.506, 1.505, 1.505, 1.504, 1.503, 1.503, 1.503, 1.503, 1.503, 1.503, 1.504, 1.505, 1.506, 1.509, 1.513, 1.517, 1.518, 1.519, 1.52, 1.521, 1.52, 1.518, 1.517, 1.517, 1.512, 1.511, 1.51, 1.509, 1.508, 1.507, 1.506, 1.505, 1.504, 1.503, 1.503, 1.504, 1.505, 1.507, 1.508, 1.511, 1.516, 1.516, 1.518, 1.519, 1.519, 1.518, 1.517, 1.516, 1.511, 1.51, 1.509, 1.508, 1.507, 1.506, 1.505, 1.505, 1.505, 1.504, 1.504, 1.504, 1.504, 1.504, 1.505, 1.505, 1.505, 1.506, 1.507, 1.507, 1.507, 1.507, 1.507, 1.506, 1.505, 1.503, 1.502, 1.501, 1.5, 1.499, 1.499, 1.499, 1.499, 1.499, 1.5, 1.5, 1.501, 1.501, 1.5, 1.5, 1.496, 1.496, 1.495, 1.494, 1.494, 1.494, 1.494, 1.494, 1.493, 1.492, 1.492, 1.491, 1.491, 1.49, 1.49, 1.49, 1.489, 1.489, 1.489, 1.488, 1.488, 1.488, 1.487, 1.487, 1.484, 1.483, 1.482, 1.48, 1.479, 1.478, 1.477, 1.477, 1.477, 1.478, 1.479, 1.48, 1.481, 1.482, 1.484, 1.485, 1.486, 1.488, 1.489, 1.49, 1.492, 1.493, 1.494, 1.495, 1.495, 1.495, 1.494, 1.493, 1.492, 1.491, 1.49, 1.489, 1.488, 1.487, 1.486, 1.486, 1.485, 1.484, 1.484, 1.484, 1.483, 1.482, 1.481, 1.48, 1.479, 1.478, 1.478, 1.478, 1.477, 1.477, 1.477, 1.477, 1.478, 1.478, 1.477, 1.477, 1.476, 1.475, 1.474, 1.473, 1.472, 1.471, 1.47, 1.468, 1.468, 1.468, 1.468, 1.468, 1.469, 1.469, 1.47, 1.47, 1.47, 1.471, 1.471, 1.471, 1.47, 1.47, 1.469, 1.468, 1.468, 1.468, 1.468, 1.468, 1.468, 1.468, 1.47, 1.47, 1.471, 1.472, 1.473, 1.473, 1.473, 1.472, 1.471, 1.468, 1.468, 1.466, 1.466, 1.466, 1.466, 1.466, 1.466, 1.466, 1.466, 1.468, 1.471, 1.471, 1.472, 1.474, 1.475, 1.476, 1.475, 1.474, 1.473, 1.472, 1.47, 1.469, 1.466, 1.466, 1.466, 1.466, 1.466, 1.466, 1.466, 1.466, 1.468, 1.468, 1.468, 1.466, 1.466, 1.466, 1.464, 1.464, 1.462, 1.462, 1.462, 1.462, 1.462, 1.462, 1.464, 1.466, 1.466, 1.466, 1.468, 1.468, 1.468, 1.468, 1.466, 1.466, 1.466, 1.466, 1.466, 1.466, 1.466, 1.466, 1.466, 1.466, 1.466, 1.466, 1.466, 1.466, 1.466, 1.466, 1.466, 1.466, 1.466, 1.466, 1.466, 1.466, 1.466, 1.466, 1.466, 1.466, 1.466, 1.466, 1.466, 1.466, 1.468, 1.469, 1.47, 1.47, 1.47, 1.47, 1.469, 1.468, 1.468, 1.466, 1.466, 1.466, 1.466, 1.466, 1.464, 1.464, 1.464, 1.462, 1.462, 1.462, 1.46, 1.46, 1.458, 1.458, 1.456, 1.456, 1.454, 1.454, 1.454, 1.454, 1.454, 1.454, 1.456, 1.456, 1.458, 1.46, 1.464, 1.464, 1.466, 1.468, 1.468, 1.468, 1.468, 1.469, 0, 
1.513, 1.517, 1.52, 1.522, 1.526, 1.527, 1.531, 1.532, 1.533, 1.533, 1.533, 1.533, 1.533, 1.533, 1.533, 1.533, 1.533, 1.533, 1.532, 1.532, 1.531, 1.528, 1.525, 1.524, 1.519, 1.518, 1.517, 1.513, 1.512, 1.512, 1.512, 1.512, 1.513, 1.516, 1.516, 1.52, 1.521, 1.522, 1.524, 1.524, 1.526, 1.526, 1.527, 1.527, 1.531, 1.531, 1.532, 1.532, 1.533, 1.532, 1.532, 1.531, 1.531, 1.528, 1.528, 1.527, 1.526, 1.526, 1.525, 1.524, 1.524, 1.523, 1.522, 1.521, 1.52, 1.52, 1.519, 1.518, 1.517, 1.516, 1.516, 1.513, 1.513, 1.512, 1.511, 1.511, 1.51, 1.51, 1.51, 1.511, 1.511, 1.511, 1.511, 1.511, 1.512, 1.512, 1.513, 1.516, 1.516, 1.52, 1.52, 1.522, 1.523, 1.524, 1.524, 1.523, 1.522, 1.52, 1.518, 1.517, 1.516, 1.516, 1.516, 1.516, 1.516, 1.516, 1.513, 1.513, 1.512, 1.512, 1.511, 1.511, 1.511, 1.511, 1.512, 1.512, 1.516, 1.516, 1.517, 1.518, 1.518, 1.518, 1.518, 1.518, 1.517, 1.516, 1.516, 1.512, 1.511, 1.51, 1.509, 1.508, 1.507, 1.507, 1.506, 1.506, 1.506, 1.506, 1.506, 1.507, 1.507, 1.507, 1.507, 1.507, 1.507, 1.506, 1.506, 1.505, 1.504, 1.504, 1.503, 1.503, 1.503, 1.503, 1.503, 1.504, 1.505, 1.506, 1.51, 1.513, 1.516, 1.519, 1.52, 1.522, 1.522, 1.522, 1.521, 1.52, 1.518, 1.517, 1.512, 1.511, 1.51, 1.508, 1.507, 1.506, 1.505, 1.504, 1.503, 1.503, 1.504, 1.505, 1.506, 1.507, 1.511, 1.512, 1.516, 1.517, 1.518, 1.518, 1.517, 1.517, 1.512, 1.51, 1.509, 1.508, 1.507, 1.506, 1.505, 1.504, 1.504, 1.504, 1.503, 1.503, 1.503, 1.503, 1.504, 1.504, 1.505, 1.505, 1.506, 1.507, 1.507, 1.507, 1.507, 1.507, 1.506, 1.505, 1.503, 1.502, 1.501, 1.5, 1.499, 1.499, 1.499, 1.499, 1.499, 1.499, 1.5, 1.5, 1.501, 1.5, 1.5, 1.496, 1.495, 1.495, 1.494, 1.494, 1.494, 1.494, 1.494, 1.493, 1.492, 1.492, 1.492, 1.491, 1.49, 1.49, 1.489, 1.489, 1.489, 1.489, 1.488, 1.488, 1.488, 1.488, 1.487, 1.484, 1.483, 1.482, 1.48, 1.479, 1.478, 1.477, 1.477, 1.477, 1.478, 1.479, 1.48, 1.481, 1.483, 1.484, 1.486, 1.487, 1.488, 1.49, 1.491, 1.493, 1.494, 1.495, 1.496, 1.496, 1.496, 1.495, 1.494, 1.492, 1.491, 1.49, 1.489, 1.488, 1.488, 1.487, 1.486, 1.486, 1.485, 1.485, 1.484, 1.484, 1.483, 1.482, 1.48, 1.479, 1.479, 1.478, 1.478, 1.477, 1.477, 1.477, 1.477, 1.477, 1.477, 1.477, 1.476, 1.475, 1.474, 1.473, 1.472, 1.471, 1.47, 1.468, 1.468, 1.468, 1.468, 1.468, 1.468, 1.468, 1.469, 1.47, 1.47, 1.47, 1.471, 1.471, 1.471, 1.47, 1.469, 1.468, 1.468, 1.468, 1.468, 1.468, 1.468, 1.468, 1.468, 1.468, 1.47, 1.471, 1.472, 1.472, 1.473, 1.472, 1.472, 1.471, 1.468, 1.468, 1.466, 1.466, 1.466, 1.466, 1.466, 1.466, 1.466, 1.466, 1.468, 1.468, 1.471, 1.472, 1.474, 1.475, 1.475, 1.475, 1.474, 1.473, 1.472, 1.47, 1.469, 1.466, 1.466, 1.466, 1.466, 1.466, 1.466, 1.466, 1.466, 1.468, 1.468, 1.468, 1.466, 1.466, 1.466, 1.466, 1.464, 1.464, 1.462, 1.462, 1.462, 1.462, 1.462, 1.464, 1.466, 1.466, 1.466, 1.468, 1.468, 1.468, 1.468, 1.468, 1.466, 1.466, 1.466, 1.466, 1.466, 1.466, 1.466, 1.466, 1.466, 1.466, 1.466, 1.466, 1.466, 1.466, 1.464, 1.464, 1.466, 1.466, 1.466, 1.466, 1.466, 1.466, 1.466, 1.466, 1.466, 1.466, 1.466, 1.466, 1.466, 1.468, 1.469, 1.469, 1.47, 1.47, 1.469, 1.469, 1.468, 1.468, 1.466, 1.466, 1.466, 1.466, 1.466, 1.466, 1.466, 1.466, 1.464, 1.462, 1.462, 1.46, 1.46, 1.458, 1.458, 1.456, 1.454, 1.454, 1.454, 1.452, 1.452, 1.452, 1.452, 1.454, 1.456, 1.458, 1.46, 1.462, 1.464, 1.466, 1.468, 1.468, 1.468, 1.468, 1.469, 0, 
1.513, 1.517, 1.521, 1.522, 1.526, 1.528, 1.531, 1.531, 1.532, 1.532, 1.532, 1.532, 1.532, 1.532, 1.532, 1.533, 1.533, 1.533, 1.532, 1.531, 1.531, 1.527, 1.526, 1.525, 1.52, 1.517, 1.517, 1.512, 1.511, 1.511, 1.511, 1.511, 1.513, 1.513, 1.516, 1.519, 1.52, 1.522, 1.523, 1.524, 1.525, 1.526, 1.527, 1.527, 1.528, 1.531, 1.532, 1.533, 1.533, 1.533, 1.532, 1.532, 1.531, 1.531, 1.531, 1.528, 1.527, 1.526, 1.526, 1.525, 1.524, 1.523, 1.522, 1.521, 1.52, 1.52, 1.519, 1.518, 1.517, 1.516, 1.516, 1.513, 1.512, 1.512, 1.511, 1.511, 1.51, 1.51, 1.51, 1.511, 1.511, 1.511, 1.511, 1.511, 1.511, 1.512, 1.512, 1.516, 1.516, 1.519, 1.52, 1.523, 1.524, 1.524, 1.525, 1.524, 1.522, 1.52, 1.519, 1.517, 1.516, 1.516, 1.516, 1.516, 1.516, 1.513, 1.513, 1.512, 1.512, 1.511, 1.511, 1.511, 1.511, 1.511, 1.512, 1.512, 1.516, 1.516, 1.517, 1.518, 1.519, 1.519, 1.518, 1.518, 1.517, 1.516, 1.513, 1.512, 1.511, 1.51, 1.509, 1.508, 1.507, 1.507, 1.507, 1.507, 1.507, 1.507, 1.507, 1.507, 1.507, 1.507, 1.507, 1.507, 1.507, 1.507, 1.506, 1.505, 1.505, 1.504, 1.504, 1.504, 1.504, 1.504, 1.504, 1.505, 1.506, 1.507, 1.511, 1.512, 1.516, 1.52, 1.52, 1.523, 1.523, 1.523, 1.522, 1.521, 1.52, 1.517, 1.516, 1.511, 1.51, 1.509, 1.507, 1.505, 1.504, 1.503, 1.503, 1.503, 1.504, 1.505, 1.506, 1.507, 1.511, 1.512, 1.516, 1.516, 1.517, 1.517, 1.517, 1.512, 1.512, 1.509, 1.508, 1.507, 1.506, 1.505, 1.504, 1.504, 1.503, 1.503, 1.503, 1.503, 1.503, 1.503, 1.503, 1.504, 1.505, 1.505, 1.506, 1.507, 1.507, 1.507, 1.507, 1.507, 1.506, 1.505, 1.503, 1.502, 1.501, 1.5, 1.499, 1.499, 1.499, 1.499, 1.499, 1.499, 1.499, 1.5, 1.5, 1.5, 1.499, 1.496, 1.495, 1.494, 1.494, 1.494, 1.494, 1.494, 1.494, 1.493, 1.492, 1.492, 1.492, 1.49, 1.49, 1.489, 1.489, 1.489, 1.488, 1.488, 1.488, 1.488, 1.488, 1.488, 1.487, 1.484, 1.483, 1.482, 1.48, 1.479, 1.478, 1.477, 1.477, 1.478, 1.478, 1.479, 1.48, 1.482, 1.483, 1.485, 1.486, 1.488, 1.489, 1.491, 1.492, 1.494, 1.495, 1.496, 1.496, 1.499, 1.499, 1.495, 1.494, 1.493, 1.492, 1.491, 1.489, 1.489, 1.488, 1.487, 1.487, 1.486, 1.486, 1.486, 1.485, 1.484, 1.483, 1.482, 1.481, 1.48, 1.479, 1.478, 1.478, 1.478, 1.477, 1.477, 1.477, 1.477, 1.477, 1.476, 1.476, 1.475, 1.474, 1.472, 1.471, 1.471, 1.468, 1.468, 1.468, 1.466, 1.466, 1.468, 1.468, 1.468, 1.469, 1.47, 1.47, 1.47, 1.47, 1.47, 1.47, 1.47, 1.469, 1.468, 1.466, 1.466, 1.466, 1.466, 1.466, 1.468, 1.468, 1.468, 1.468, 1.47, 1.471, 1.472, 1.472, 1.472, 1.471, 1.471, 1.468, 1.468, 1.466, 1.466, 1.466, 1.466, 1.466, 1.466, 1.466, 1.466, 1.468, 1.468, 1.471, 1.472, 1.474, 1.474, 1.475, 1.475, 1.474, 1.473, 1.472, 1.47, 1.469, 1.468, 1.466, 1.466, 1.466, 1.466, 1.466, 1.466, 1.466, 1.468, 1.468, 1.468, 1.466, 1.466, 1.466, 1.466, 1.464, 1.464, 1.462, 1.462, 1.462, 1.462, 1.462, 1.464, 1.464, 1.466, 1.466, 1.466, 1.468, 1.468, 1.468, 1.468, 1.468, 1.466, 1.466, 1.466, 1.466, 1.466, 1.466, 1.466, 1.466, 1.466, 1.466, 1.466, 1.464, 1.464, 1.464, 1.464, 1.464, 1.464, 1.466, 1.466, 1.466, 1.466, 1.466, 1.466, 1.466, 1.466, 1.466, 1.466, 1.466, 1.468, 1.469, 1.469, 1.47, 1.47, 1.469, 1.468, 1.468, 1.468, 1.468, 1.468, 1.468, 1.468, 1.468, 1.468, 1.468, 1.466, 1.466, 1.464, 1.462, 1.462, 1.46, 1.458, 1.458, 1.456, 1.454, 1.454, 1.452, 1.452, 1.452, 1.452, 1.452, 1.452, 1.454, 1.456, 1.458, 1.462, 1.464, 1.466, 1.468, 1.468, 1.466, 1.466, 1.468, 0, 
1.513, 1.516, 1.521, 1.521, 1.524, 1.527, 1.531, 1.531, 1.531, 1.531, 1.532, 1.532, 1.532, 1.532, 1.532, 1.532, 1.532, 1.532, 1.532, 1.531, 1.531, 1.527, 1.527, 1.524, 1.52, 1.516, 1.512, 1.512, 1.511, 1.51, 1.51, 1.51, 1.513, 1.513, 1.517, 1.518, 1.52, 1.522, 1.523, 1.524, 1.525, 1.526, 1.526, 1.527, 1.528, 1.531, 1.532, 1.533, 1.533, 1.533, 1.533, 1.532, 1.531, 1.531, 1.531, 1.531, 1.527, 1.526, 1.526, 1.525, 1.524, 1.523, 1.522, 1.521, 1.52, 1.52, 1.519, 1.518, 1.517, 1.516, 1.516, 1.513, 1.513, 1.512, 1.511, 1.511, 1.511, 1.511, 1.511, 1.511, 1.511, 1.511, 1.511, 1.511, 1.511, 1.511, 1.512, 1.512, 1.517, 1.518, 1.519, 1.524, 1.524, 1.525, 1.525, 1.524, 1.523, 1.521, 1.52, 1.518, 1.517, 1.516, 1.516, 1.513, 1.513, 1.513, 1.512, 1.512, 1.511, 1.511, 1.511, 1.511, 1.511, 1.511, 1.511, 1.512, 1.516, 1.517, 1.518, 1.519, 1.519, 1.519, 1.519, 1.518, 1.517, 1.516, 1.513, 1.512, 1.511, 1.51, 1.509, 1.508, 1.507, 1.507, 1.507, 1.507, 1.507, 1.507, 1.507, 1.507, 1.507, 1.507, 1.507, 1.507, 1.507, 1.507, 1.506, 1.505, 1.505, 1.505, 1.505, 1.505, 1.505, 1.505, 1.505, 1.506, 1.507, 1.508, 1.511, 1.512, 1.516, 1.52, 1.521, 1.524, 1.524, 1.524, 1.523, 1.522, 1.521, 1.517, 1.517, 1.512, 1.511, 1.509, 1.507, 1.505, 1.504, 1.503, 1.503, 1.503, 1.503, 1.504, 1.505, 1.506, 1.51, 1.511, 1.512, 1.516, 1.516, 1.516, 1.516, 1.511, 1.511, 1.507, 1.507, 1.506, 1.505, 1.505, 1.504, 1.503, 1.503, 1.503, 1.503, 1.503, 1.503, 1.503, 1.503, 1.504, 1.505, 1.505, 1.506, 1.506, 1.507, 1.507, 1.507, 1.507, 1.506, 1.505, 1.504, 1.502, 1.501, 1.5, 1.499, 1.499, 1.499, 1.499, 1.499, 1.499, 1.499, 1.499, 1.499, 1.499, 1.496, 1.495, 1.494, 1.494, 1.493, 1.493, 1.493, 1.493, 1.493, 1.493, 1.492, 1.492, 1.492, 1.491, 1.49, 1.489, 1.488, 1.488, 1.488, 1.488, 1.488, 1.488, 1.488, 1.488, 1.487, 1.484, 1.483, 1.482, 1.48, 1.48, 1.478, 1.478, 1.478, 1.478, 1.478, 1.48, 1.481, 1.482, 1.484, 1.485, 1.487, 1.488, 1.49, 1.491, 1.493, 1.494, 1.495, 1.496, 1.496, 1.499, 1.499, 1.495, 1.494, 1.493, 1.492, 1.491, 1.49, 1.489, 1.488, 1.488, 1.488, 1.487, 1.486, 1.486, 1.486, 1.485, 1.484, 1.482, 1.481, 1.48, 1.479, 1.478, 1.478, 1.478, 1.478, 1.477, 1.477, 1.477, 1.477, 1.476, 1.475, 1.474, 1.473, 1.472, 1.471, 1.468, 1.468, 1.468, 1.466, 1.466, 1.466, 1.466, 1.466, 1.468, 1.469, 1.47, 1.47, 1.47, 1.47, 1.47, 1.47, 1.47, 1.468, 1.466, 1.466, 1.466, 1.466, 1.466, 1.466, 1.466, 1.468, 1.468, 1.468, 1.47, 1.471, 1.471, 1.472, 1.472, 1.471, 1.47, 1.468, 1.468, 1.466, 1.466, 1.466, 1.466, 1.466, 1.466, 1.466, 1.466, 1.468, 1.468, 1.471, 1.472, 1.474, 1.474, 1.475, 1.475, 1.474, 1.473, 1.472, 1.47, 1.469, 1.468, 1.466, 1.466, 1.466, 1.466, 1.466, 1.466, 1.468, 1.468, 1.468, 1.468, 1.466, 1.466, 1.466, 1.466, 1.464, 1.464, 1.462, 1.462, 1.462, 1.462, 1.462, 1.464, 1.464, 1.466, 1.466, 1.466, 1.468, 1.468, 1.468, 1.468, 1.468, 1.466, 1.466, 1.466, 1.466, 1.466, 1.466, 1.466, 1.466, 1.464, 1.464, 1.464, 1.464, 1.464, 1.464, 1.464, 1.464, 1.464, 1.466, 1.466, 1.466, 1.466, 1.466, 1.466, 1.466, 1.466, 1.466, 1.466, 1.466, 1.468, 1.468, 1.469, 1.47, 1.47, 1.469, 1.468, 1.468, 1.468, 1.468, 1.468, 1.468, 1.468, 1.468, 1.468, 1.468, 1.468, 1.466, 1.466, 1.462, 1.462, 1.46, 1.458, 1.458, 1.456, 1.454, 1.454, 1.452, 1.452, 1.452, 1.452, 1.452, 1.452, 1.454, 1.456, 1.458, 1.46, 1.462, 1.464, 1.466, 1.466, 1.466, 1.466, 1.468, 0, 
1.513, 1.516, 1.521, 1.522, 1.523, 1.527, 1.527, 1.531, 1.531, 1.531, 1.531, 1.531, 1.531, 1.531, 1.531, 1.531, 1.531, 1.531, 1.531, 1.531, 1.531, 1.527, 1.527, 1.522, 1.52, 1.516, 1.512, 1.511, 1.51, 1.509, 1.509, 1.509, 1.513, 1.513, 1.517, 1.518, 1.52, 1.522, 1.523, 1.524, 1.525, 1.526, 1.526, 1.527, 1.528, 1.532, 1.532, 1.533, 1.533, 1.533, 1.533, 1.532, 1.531, 1.531, 1.531, 1.528, 1.527, 1.526, 1.526, 1.525, 1.524, 1.523, 1.522, 1.521, 1.52, 1.52, 1.519, 1.518, 1.517, 1.516, 1.516, 1.513, 1.513, 1.512, 1.511, 1.511, 1.511, 1.511, 1.511, 1.511, 1.511, 1.511, 1.511, 1.511, 1.511, 1.511, 1.512, 1.512, 1.517, 1.518, 1.519, 1.524, 1.525, 1.525, 1.525, 1.525, 1.524, 1.522, 1.521, 1.517, 1.516, 1.516, 1.513, 1.513, 1.512, 1.512, 1.512, 1.511, 1.511, 1.511, 1.511, 1.511, 1.511, 1.511, 1.511, 1.512, 1.516, 1.517, 1.518, 1.519, 1.52, 1.52, 1.519, 1.518, 1.517, 1.516, 1.513, 1.512, 1.511, 1.51, 1.509, 1.509, 1.508, 1.508, 1.507, 1.507, 1.507, 1.507, 1.507, 1.508, 1.508, 1.508, 1.507, 1.507, 1.507, 1.507, 1.506, 1.506, 1.505, 1.505, 1.505, 1.505, 1.505, 1.505, 1.506, 1.506, 1.507, 1.508, 1.511, 1.512, 1.516, 1.521, 1.522, 1.524, 1.525, 1.525, 1.524, 1.523, 1.522, 1.52, 1.517, 1.512, 1.511, 1.51, 1.506, 1.505, 1.504, 1.503, 1.503, 1.503, 1.503, 1.504, 1.505, 1.507, 1.509, 1.511, 1.512, 1.513, 1.516, 1.512, 1.511, 1.51, 1.509, 1.507, 1.506, 1.505, 1.505, 1.504, 1.503, 1.503, 1.503, 1.503, 1.503, 1.503, 1.503, 1.503, 1.503, 1.504, 1.504, 1.505, 1.505, 1.506, 1.507, 1.507, 1.507, 1.507, 1.507, 1.506, 1.504, 1.503, 1.501, 1.5, 1.499, 1.499, 1.499, 1.499, 1.499, 1.499, 1.499, 1.499, 1.499, 1.499, 1.495, 1.494, 1.494, 1.493, 1.492, 1.492, 1.492, 1.492, 1.492, 1.492, 1.492, 1.492, 1.492, 1.491, 1.49, 1.489, 1.488, 1.488, 1.488, 1.488, 1.488, 1.488, 1.488, 1.487, 1.487, 1.484, 1.483, 1.482, 1.48, 1.48, 1.479, 1.478, 1.478, 1.478, 1.479, 1.48, 1.481, 1.482, 1.484, 1.486, 1.487, 1.488, 1.49, 1.492, 1.493, 1.495, 1.496, 1.499, 1.499, 1.499, 1.499, 1.495, 1.495, 1.494, 1.492, 1.492, 1.49, 1.49, 1.489, 1.488, 1.488, 1.487, 1.487, 1.486, 1.486, 1.485, 1.484, 1.483, 1.481, 1.48, 1.48, 1.479, 1.478, 1.478, 1.478, 1.478, 1.478, 1.477, 1.477, 1.476, 1.475, 1.474, 1.472, 1.471, 1.47, 1.468, 1.466, 1.466, 1.466, 1.466, 1.466, 1.466, 1.466, 1.468, 1.468, 1.47, 1.47, 1.47, 1.47, 1.47, 1.47, 1.468, 1.468, 1.466, 1.466, 1.466, 1.466, 1.466, 1.466, 1.466, 1.466, 1.468, 1.468, 1.468, 1.47, 1.471, 1.471, 1.471, 1.471, 1.47, 1.468, 1.468, 1.466, 1.466, 1.466, 1.466, 1.466, 1.466, 1.466, 1.466, 1.468, 1.471, 1.471, 1.472, 1.474, 1.474, 1.475, 1.475, 1.474, 1.472, 1.471, 1.47, 1.469, 1.468, 1.466, 1.466, 1.466, 1.466, 1.466, 1.466, 1.468, 1.468, 1.468, 1.468, 1.468, 1.466, 1.466, 1.466, 1.464, 1.464, 1.462, 1.462, 1.462, 1.462, 1.462, 1.462, 1.464, 1.466, 1.466, 1.466, 1.468, 1.468, 1.468, 1.468, 1.468, 1.466, 1.466, 1.466, 1.466, 1.466, 1.466, 1.466, 1.464, 1.464, 1.464, 1.464, 1.464, 1.464, 1.464, 1.464, 1.464, 1.464, 1.464, 1.464, 1.464, 1.466, 1.466, 1.466, 1.464, 1.464, 1.464, 1.466, 1.466, 1.468, 1.468, 1.468, 1.469, 1.469, 1.468, 1.468, 1.468, 1.468, 1.468, 1.468, 1.468, 1.469, 1.469, 1.469, 1.469, 1.468, 1.468, 1.466, 1.464, 1.462, 1.462, 1.46, 1.458, 1.458, 1.456, 1.454, 1.452, 1.452, 1.452, 1.452, 1.452, 1.452, 1.454, 1.454, 1.458, 1.458, 1.462, 1.462, 1.464, 1.464, 1.464, 1.464, 1.464, 0, 
1.513, 1.516, 1.52, 1.523, 1.524, 1.526, 1.527, 1.531, 1.531, 1.531, 1.531, 1.531, 1.531, 1.531, 1.531, 1.531, 1.531, 1.531, 1.531, 1.531, 1.531, 1.527, 1.527, 1.522, 1.521, 1.516, 1.512, 1.511, 1.51, 1.509, 1.509, 1.509, 1.513, 1.513, 1.517, 1.518, 1.52, 1.522, 1.523, 1.524, 1.525, 1.526, 1.526, 1.527, 1.528, 1.531, 1.532, 1.533, 1.533, 1.533, 1.533, 1.532, 1.532, 1.531, 1.531, 1.527, 1.527, 1.526, 1.525, 1.525, 1.524, 1.523, 1.522, 1.52, 1.52, 1.519, 1.518, 1.517, 1.517, 1.516, 1.516, 1.513, 1.513, 1.512, 1.511, 1.511, 1.511, 1.511, 1.511, 1.511, 1.511, 1.511, 1.511, 1.511, 1.511, 1.511, 1.511, 1.512, 1.517, 1.518, 1.519, 1.524, 1.525, 1.526, 1.526, 1.525, 1.524, 1.521, 1.52, 1.516, 1.516, 1.513, 1.513, 1.512, 1.512, 1.511, 1.511, 1.511, 1.51, 1.51, 1.51, 1.51, 1.51, 1.511, 1.511, 1.512, 1.516, 1.517, 1.518, 1.519, 1.52, 1.52, 1.519, 1.518, 1.517, 1.516, 1.512, 1.512, 1.511, 1.511, 1.509, 1.509, 1.509, 1.509, 1.508, 1.508, 1.508, 1.508, 1.508, 1.508, 1.508, 1.508, 1.508, 1.507, 1.507, 1.507, 1.507, 1.506, 1.505, 1.505, 1.505, 1.505, 1.506, 1.506, 1.507, 1.507, 1.508, 1.509, 1.511, 1.512, 1.516, 1.521, 1.522, 1.524, 1.525, 1.525, 1.524, 1.523, 1.522, 1.521, 1.517, 1.517, 1.511, 1.511, 1.506, 1.505, 1.504, 1.503, 1.503, 1.503, 1.503, 1.504, 1.505, 1.507, 1.508, 1.511, 1.512, 1.512, 1.512, 1.511, 1.51, 1.509, 1.508, 1.507, 1.505, 1.505, 1.504, 1.503, 1.503, 1.503, 1.503, 1.503, 1.503, 1.503, 1.503, 1.503, 1.503, 1.503, 1.504, 1.505, 1.505, 1.506, 1.507, 1.507, 1.508, 1.508, 1.507, 1.506, 1.505, 1.503, 1.502, 1.501, 1.5, 1.499, 1.499, 1.499, 1.499, 1.499, 1.499, 1.499, 1.499, 1.496, 1.495, 1.494, 1.493, 1.492, 1.492, 1.492, 1.492, 1.492, 1.492, 1.492, 1.492, 1.492, 1.492, 1.491, 1.49, 1.489, 1.488, 1.488, 1.488, 1.487, 1.487, 1.487, 1.487, 1.487, 1.486, 1.484, 1.483, 1.482, 1.48, 1.48, 1.479, 1.478, 1.478, 1.478, 1.479, 1.48, 1.481, 1.482, 1.484, 1.486, 1.487, 1.489, 1.49, 1.492, 1.494, 1.495, 1.496, 1.499, 1.499, 1.499, 1.499, 1.496, 1.495, 1.494, 1.493, 1.492, 1.491, 1.49, 1.489, 1.488, 1.488, 1.488, 1.487, 1.486, 1.486, 1.485, 1.484, 1.483, 1.482, 1.48, 1.48, 1.479, 1.478, 1.478, 1.478, 1.478, 1.478, 1.478, 1.477, 1.476, 1.475, 1.474, 1.472, 1.471, 1.47, 1.468, 1.466, 1.466, 1.464, 1.464, 1.464, 1.466, 1.466, 1.468, 1.468, 1.47, 1.47, 1.471, 1.47, 1.47, 1.47, 1.468, 1.466, 1.466, 1.466, 1.466, 1.464, 1.464, 1.464, 1.466, 1.466, 1.468, 1.468, 1.468, 1.47, 1.47, 1.471, 1.471, 1.47, 1.47, 1.468, 1.468, 1.468, 1.466, 1.466, 1.466, 1.466, 1.466, 1.466, 1.468, 1.468, 1.471, 1.472, 1.472, 1.474, 1.474, 1.475, 1.475, 1.474, 1.472, 1.471, 1.47, 1.469, 1.468, 1.466, 1.466, 1.466, 1.466, 1.466, 1.466, 1.468, 1.468, 1.468, 1.468, 1.468, 1.466, 1.466, 1.466, 1.464, 1.464, 1.464, 1.462, 1.462, 1.462, 1.462, 1.462, 1.464, 1.466, 1.466, 1.466, 1.468, 1.468, 1.468, 1.468, 1.468, 1.466, 1.466, 1.466, 1.466, 1.466, 1.466, 1.466, 1.464, 1.464, 1.464, 1.464, 1.464, 1.464, 1.462, 1.462, 1.462, 1.464, 1.464, 1.464, 1.464, 1.464, 1.464, 1.464, 1.464, 1.464, 1.464, 1.466, 1.466, 1.468, 1.468, 1.468, 1.468, 1.468, 1.468, 1.466, 1.466, 1.466, 1.466, 1.468, 1.468, 1.469, 1.47, 1.47, 1.47, 1.47, 1.469, 1.466, 1.466, 1.464, 1.462, 1.46, 1.458, 1.458, 1.456, 1.454, 1.454, 1.452, 1.452, 1.452, 1.452, 1.452, 1.454, 1.454, 1.458, 1.458, 1.46, 1.462, 1.462, 1.464, 1.462, 1.462, 1.464, 0, 
1.512, 1.516, 1.518, 1.522, 1.524, 1.525, 1.526, 1.527, 1.528, 1.528, 1.528, 1.531, 1.531, 1.531, 1.531, 1.531, 1.531, 1.531, 1.531, 1.531, 1.531, 1.527, 1.527, 1.522, 1.521, 1.516, 1.512, 1.511, 1.51, 1.509, 1.509, 1.509, 1.513, 1.513, 1.516, 1.519, 1.52, 1.522, 1.523, 1.524, 1.525, 1.526, 1.526, 1.527, 1.528, 1.531, 1.532, 1.533, 1.533, 1.533, 1.533, 1.532, 1.532, 1.531, 1.528, 1.527, 1.526, 1.526, 1.525, 1.524, 1.523, 1.522, 1.521, 1.52, 1.52, 1.519, 1.518, 1.517, 1.516, 1.516, 1.516, 1.513, 1.513, 1.512, 1.512, 1.511, 1.511, 1.511, 1.511, 1.511, 1.511, 1.511, 1.511, 1.511, 1.511, 1.511, 1.511, 1.512, 1.517, 1.518, 1.519, 1.524, 1.525, 1.526, 1.525, 1.525, 1.524, 1.52, 1.519, 1.516, 1.516, 1.513, 1.512, 1.512, 1.511, 1.511, 1.511, 1.51, 1.51, 1.509, 1.509, 1.509, 1.51, 1.51, 1.511, 1.512, 1.516, 1.517, 1.518, 1.519, 1.519, 1.519, 1.518, 1.517, 1.516, 1.516, 1.512, 1.511, 1.511, 1.511, 1.51, 1.509, 1.509, 1.509, 1.509, 1.509, 1.509, 1.509, 1.509, 1.509, 1.509, 1.509, 1.508, 1.507, 1.507, 1.507, 1.507, 1.506, 1.506, 1.505, 1.505, 1.505, 1.506, 1.507, 1.507, 1.507, 1.508, 1.509, 1.511, 1.512, 1.516, 1.52, 1.522, 1.523, 1.524, 1.525, 1.525, 1.524, 1.522, 1.52, 1.518, 1.517, 1.511, 1.511, 1.507, 1.506, 1.505, 1.504, 1.503, 1.503, 1.503, 1.504, 1.505, 1.506, 1.507, 1.511, 1.511, 1.511, 1.511, 1.511, 1.51, 1.508, 1.507, 1.506, 1.505, 1.504, 1.503, 1.503, 1.503, 1.503, 1.503, 1.502, 1.502, 1.502, 1.502, 1.502, 1.502, 1.503, 1.504, 1.505, 1.505, 1.506, 1.507, 1.507, 1.508, 1.508, 1.508, 1.507, 1.505, 1.504, 1.503, 1.501, 1.5, 1.499, 1.499, 1.499, 1.499, 1.499, 1.499, 1.499, 1.496, 1.495, 1.494, 1.493, 1.492, 1.491, 1.491, 1.491, 1.491, 1.492, 1.492, 1.492, 1.492, 1.492, 1.492, 1.491, 1.49, 1.489, 1.488, 1.488, 1.488, 1.487, 1.486, 1.487, 1.487, 1.487, 1.486, 1.484, 1.482, 1.482, 1.48, 1.479, 1.478, 1.478, 1.478, 1.478, 1.479, 1.48, 1.481, 1.483, 1.484, 1.486, 1.488, 1.489, 1.49, 1.492, 1.494, 1.495, 1.495, 1.496, 1.496, 1.499, 1.499, 1.496, 1.495, 1.494, 1.493, 1.492, 1.491, 1.49, 1.489, 1.488, 1.488, 1.488, 1.487, 1.486, 1.486, 1.485, 1.484, 1.483, 1.482, 1.48, 1.479, 1.479, 1.478, 1.478, 1.478, 1.478, 1.478, 1.478, 1.477, 1.476, 1.475, 1.474, 1.472, 1.471, 1.47, 1.468, 1.466, 1.464, 1.464, 1.464, 1.464, 1.466, 1.466, 1.468, 1.468, 1.47, 1.471, 1.471, 1.471, 1.47, 1.47, 1.468, 1.466, 1.466, 1.466, 1.464, 1.464, 1.464, 1.464, 1.466, 1.466, 1.466, 1.468, 1.468, 1.468, 1.47, 1.47, 1.47, 1.47, 1.47, 1.469, 1.468, 1.468, 1.468, 1.466, 1.466, 1.466, 1.466, 1.468, 1.468, 1.468, 1.471, 1.472, 1.472, 1.474, 1.474, 1.475, 1.474, 1.473, 1.472, 1.471, 1.47, 1.469, 1.468, 1.466, 1.466, 1.466, 1.466, 1.466, 1.468, 1.468, 1.468, 1.468, 1.47, 1.468, 1.468, 1.468, 1.466, 1.466, 1.464, 1.464, 1.462, 1.462, 1.462, 1.462, 1.464, 1.464, 1.464, 1.466, 1.466, 1.466, 1.468, 1.468, 1.468, 1.466, 1.466, 1.466, 1.466, 1.466, 1.466, 1.466, 1.464, 1.464, 1.464, 1.464, 1.464, 1.464, 1.464, 1.462, 1.462, 1.462, 1.462, 1.462, 1.464, 1.464, 1.464, 1.464, 1.464, 1.464, 1.464, 1.464, 1.466, 1.466, 1.468, 1.468, 1.468, 1.468, 1.468, 1.466, 1.466, 1.466, 1.466, 1.466, 1.466, 1.469, 1.469, 1.47, 1.47, 1.47, 1.47, 1.469, 1.469, 1.466, 1.464, 1.462, 1.462, 1.46, 1.458, 1.458, 1.456, 1.454, 1.454, 1.452, 1.452, 1.452, 1.452, 1.454, 1.454, 1.456, 1.458, 1.458, 1.46, 1.462, 1.462, 1.462, 1.462, 1.462, 0, 
1.512, 1.517, 1.518, 1.522, 1.523, 1.524, 1.526, 1.527, 1.528, 1.528, 1.528, 1.528, 1.531, 1.531, 1.531, 1.531, 1.531, 1.531, 1.531, 1.531, 1.531, 1.527, 1.527, 1.521, 1.521, 1.517, 1.513, 1.512, 1.511, 1.51, 1.51, 1.51, 1.513, 1.513, 1.517, 1.52, 1.521, 1.522, 1.524, 1.525, 1.525, 1.526, 1.527, 1.528, 1.528, 1.531, 1.532, 1.532, 1.533, 1.533, 1.533, 1.532, 1.531, 1.531, 1.528, 1.527, 1.526, 1.525, 1.524, 1.523, 1.522, 1.521, 1.52, 1.52, 1.519, 1.518, 1.517, 1.516, 1.516, 1.516, 1.513, 1.513, 1.513, 1.512, 1.512, 1.511, 1.511, 1.511, 1.511, 1.511, 1.511, 1.511, 1.511, 1.511, 1.511, 1.511, 1.511, 1.511, 1.517, 1.518, 1.519, 1.524, 1.525, 1.525, 1.525, 1.524, 1.523, 1.519, 1.518, 1.517, 1.513, 1.512, 1.512, 1.511, 1.511, 1.511, 1.51, 1.51, 1.509, 1.509, 1.509, 1.509, 1.509, 1.51, 1.511, 1.512, 1.516, 1.517, 1.518, 1.518, 1.519, 1.519, 1.518, 1.517, 1.516, 1.513, 1.512, 1.511, 1.511, 1.511, 1.51, 1.51, 1.51, 1.51, 1.51, 1.51, 1.509, 1.509, 1.509, 1.509, 1.509, 1.509, 1.508, 1.507, 1.507, 1.507, 1.507, 1.507, 1.506, 1.505, 1.505, 1.506, 1.506, 1.507, 1.507, 1.507, 1.508, 1.509, 1.511, 1.512, 1.516, 1.519, 1.52, 1.522, 1.524, 1.525, 1.525, 1.523, 1.522, 1.52, 1.518, 1.517, 1.512, 1.511, 1.507, 1.506, 1.505, 1.504, 1.503, 1.503, 1.503, 1.504, 1.505, 1.506, 1.507, 1.51, 1.51, 1.51, 1.51, 1.509, 1.509, 1.507, 1.506, 1.505, 1.504, 1.503, 1.503, 1.503, 1.502, 1.502, 1.502, 1.502, 1.502, 1.501, 1.501, 1.501, 1.502, 1.503, 1.503, 1.505, 1.505, 1.506, 1.507, 1.507, 1.508, 1.509, 1.508, 1.507, 1.506, 1.505, 1.503, 1.501, 1.5, 1.499, 1.499, 1.499, 1.499, 1.499, 1.499, 1.496, 1.496, 1.495, 1.494, 1.492, 1.491, 1.49, 1.49, 1.49, 1.491, 1.492, 1.492, 1.493, 1.493, 1.493, 1.492, 1.492, 1.49, 1.489, 1.488, 1.488, 1.488, 1.487, 1.486, 1.486, 1.487, 1.486, 1.485, 1.484, 1.482, 1.481, 1.48, 1.479, 1.478, 1.478, 1.478, 1.478, 1.479, 1.48, 1.482, 1.483, 1.484, 1.486, 1.488, 1.489, 1.49, 1.492, 1.493, 1.494, 1.495, 1.495, 1.495, 1.495, 1.495, 1.495, 1.494, 1.494, 1.493, 1.492, 1.491, 1.49, 1.489, 1.488, 1.488, 1.488, 1.487, 1.486, 1.486, 1.485, 1.484, 1.482, 1.481, 1.48, 1.479, 1.478, 1.478, 1.478, 1.478, 1.478, 1.478, 1.478, 1.477, 1.476, 1.476, 1.474, 1.472, 1.471, 1.47, 1.468, 1.466, 1.464, 1.464, 1.464, 1.464, 1.466, 1.466, 1.468, 1.468, 1.471, 1.471, 1.472, 1.471, 1.47, 1.47, 1.469, 1.466, 1.466, 1.466, 1.464, 1.464, 1.464, 1.464, 1.464, 1.466, 1.466, 1.468, 1.468, 1.468, 1.47, 1.47, 1.47, 1.47, 1.47, 1.469, 1.469, 1.468, 1.468, 1.468, 1.468, 1.468, 1.468, 1.468, 1.468, 1.47, 1.471, 1.472, 1.472, 1.474, 1.474, 1.474, 1.473, 1.472, 1.472, 1.471, 1.469, 1.468, 1.468, 1.466, 1.466, 1.466, 1.466, 1.468, 1.468, 1.468, 1.468, 1.47, 1.47, 1.47, 1.47, 1.468, 1.466, 1.466, 1.464, 1.464, 1.464, 1.462, 1.462, 1.462, 1.464, 1.464, 1.464, 1.466, 1.466, 1.466, 1.466, 1.468, 1.468, 1.466, 1.466, 1.466, 1.466, 1.466, 1.464, 1.464, 1.464, 1.464, 1.464, 1.464, 1.464, 1.464, 1.464, 1.462, 1.462, 1.462, 1.462, 1.462, 1.462, 1.462, 1.464, 1.464, 1.464, 1.464, 1.464, 1.464, 1.464, 1.466, 1.466, 1.466, 1.466, 1.466, 1.466, 1.466, 1.466, 1.466, 1.466, 1.466, 1.466, 1.468, 1.469, 1.47, 1.47, 1.471, 1.47, 1.47, 1.469, 1.466, 1.466, 1.464, 1.462, 1.462, 1.458, 1.458, 1.456, 1.454, 1.454, 1.452, 1.452, 1.452, 1.454, 1.454, 1.454, 1.456, 1.458, 1.458, 1.46, 1.46, 1.462, 1.46, 1.46, 1.46, 0, 
1.511, 1.517, 1.517, 1.521, 1.522, 1.524, 1.526, 1.526, 1.527, 1.528, 1.528, 1.528, 1.531, 1.531, 1.531, 1.531, 1.531, 1.531, 1.531, 1.531, 1.531, 1.527, 1.526, 1.521, 1.521, 1.517, 1.516, 1.512, 1.512, 1.511, 1.511, 1.512, 1.512, 1.517, 1.517, 1.521, 1.522, 1.523, 1.524, 1.525, 1.526, 1.526, 1.527, 1.528, 1.528, 1.531, 1.531, 1.532, 1.533, 1.533, 1.532, 1.532, 1.528, 1.528, 1.527, 1.526, 1.525, 1.524, 1.523, 1.522, 1.521, 1.521, 1.52, 1.519, 1.519, 1.518, 1.517, 1.516, 1.516, 1.516, 1.513, 1.513, 1.513, 1.513, 1.512, 1.512, 1.512, 1.511, 1.511, 1.511, 1.511, 1.511, 1.511, 1.51, 1.51, 1.511, 1.511, 1.511, 1.517, 1.518, 1.519, 1.523, 1.524, 1.525, 1.525, 1.524, 1.521, 1.52, 1.518, 1.517, 1.513, 1.512, 1.511, 1.511, 1.511, 1.511, 1.51, 1.509, 1.509, 1.509, 1.509, 1.509, 1.509, 1.51, 1.511, 1.512, 1.516, 1.516, 1.517, 1.518, 1.519, 1.519, 1.518, 1.517, 1.516, 1.512, 1.512, 1.511, 1.511, 1.511, 1.511, 1.511, 1.511, 1.511, 1.511, 1.511, 1.51, 1.51, 1.51, 1.509, 1.509, 1.509, 1.508, 1.508, 1.507, 1.507, 1.507, 1.507, 1.506, 1.506, 1.506, 1.506, 1.507, 1.507, 1.507, 1.507, 1.508, 1.509, 1.511, 1.512, 1.517, 1.518, 1.519, 1.52, 1.524, 1.524, 1.524, 1.523, 1.521, 1.52, 1.518, 1.517, 1.512, 1.512, 1.508, 1.507, 1.505, 1.504, 1.503, 1.503, 1.503, 1.504, 1.505, 1.506, 1.507, 1.508, 1.509, 1.509, 1.509, 1.508, 1.507, 1.506, 1.505, 1.504, 1.503, 1.503, 1.502, 1.502, 1.502, 1.501, 1.501, 1.501, 1.501, 1.501, 1.501, 1.501, 1.502, 1.502, 1.503, 1.504, 1.505, 1.506, 1.507, 1.508, 1.509, 1.509, 1.509, 1.508, 1.507, 1.505, 1.503, 1.502, 1.5, 1.499, 1.499, 1.499, 1.499, 1.499, 1.499, 1.496, 1.495, 1.494, 1.493, 1.492, 1.491, 1.49, 1.49, 1.49, 1.49, 1.491, 1.492, 1.493, 1.493, 1.493, 1.492, 1.492, 1.49, 1.49, 1.488, 1.488, 1.488, 1.487, 1.486, 1.486, 1.486, 1.486, 1.485, 1.483, 1.482, 1.48, 1.479, 1.478, 1.477, 1.477, 1.477, 1.478, 1.478, 1.48, 1.482, 1.483, 1.485, 1.486, 1.488, 1.489, 1.49, 1.492, 1.493, 1.494, 1.494, 1.494, 1.494, 1.494, 1.494, 1.494, 1.494, 1.493, 1.492, 1.492, 1.49, 1.49, 1.489, 1.488, 1.488, 1.487, 1.487, 1.486, 1.485, 1.484, 1.483, 1.481, 1.48, 1.479, 1.478, 1.478, 1.478, 1.478, 1.478, 1.478, 1.478, 1.478, 1.478, 1.477, 1.476, 1.474, 1.473, 1.471, 1.47, 1.468, 1.466, 1.464, 1.464, 1.464, 1.464, 1.466, 1.466, 1.468, 1.47, 1.471, 1.472, 1.472, 1.471, 1.47, 1.47, 1.469, 1.466, 1.466, 1.466, 1.464, 1.464, 1.464, 1.464, 1.464, 1.466, 1.466, 1.468, 1.468, 1.468, 1.47, 1.47, 1.47, 1.47, 1.47, 1.47, 1.469, 1.468, 1.468, 1.468, 1.468, 1.468, 1.468, 1.468, 1.47, 1.471, 1.471, 1.472, 1.473, 1.474, 1.474, 1.474, 1.473, 1.472, 1.471, 1.471, 1.468, 1.468, 1.466, 1.466, 1.466, 1.466, 1.466, 1.468, 1.468, 1.469, 1.47, 1.47, 1.47, 1.47, 1.47, 1.468, 1.468, 1.466, 1.464, 1.464, 1.464, 1.462, 1.462, 1.462, 1.464, 1.464, 1.464, 1.466, 1.466, 1.466, 1.466, 1.466, 1.466, 1.466, 1.466, 1.466, 1.466, 1.464, 1.464, 1.464, 1.464, 1.464, 1.464, 1.464, 1.464, 1.464, 1.462, 1.462, 1.462, 1.462, 1.462, 1.462, 1.462, 1.462, 1.462, 1.462, 1.462, 1.464, 1.464, 1.464, 1.464, 1.464, 1.464, 1.466, 1.466, 1.466, 1.466, 1.466, 1.464, 1.464, 1.464, 1.466, 1.466, 1.468, 1.469, 1.47, 1.47, 1.471, 1.47, 1.47, 1.47, 1.466, 1.466, 1.464, 1.462, 1.462, 1.46, 1.458, 1.458, 1.456, 1.454, 1.454, 1.454, 1.454, 1.454, 1.454, 1.454, 1.456, 1.458, 1.458, 1.458, 1.46, 1.46, 1.458, 1.458, 1.46, 0, 
1.511, 1.517, 1.518, 1.52, 1.522, 1.524, 1.525, 1.526, 1.527, 1.527, 1.528, 1.528, 1.531, 1.531, 1.531, 1.531, 1.531, 1.531, 1.531, 1.531, 1.531, 1.526, 1.525, 1.522, 1.521, 1.516, 1.516, 1.513, 1.513, 1.512, 1.512, 1.512, 1.517, 1.518, 1.52, 1.522, 1.524, 1.525, 1.525, 1.526, 1.526, 1.527, 1.528, 1.528, 1.528, 1.531, 1.531, 1.532, 1.532, 1.532, 1.532, 1.528, 1.528, 1.527, 1.526, 1.525, 1.523, 1.522, 1.522, 1.521, 1.52, 1.52, 1.519, 1.519, 1.518, 1.517, 1.516, 1.516, 1.516, 1.516, 1.513, 1.513, 1.513, 1.513, 1.513, 1.512, 1.512, 1.512, 1.512, 1.512, 1.511, 1.511, 1.511, 1.51, 1.51, 1.511, 1.511, 1.511, 1.517, 1.518, 1.52, 1.522, 1.524, 1.525, 1.524, 1.524, 1.52, 1.519, 1.518, 1.517, 1.512, 1.512, 1.511, 1.511, 1.511, 1.51, 1.509, 1.509, 1.509, 1.509, 1.509, 1.509, 1.509, 1.51, 1.511, 1.512, 1.513, 1.516, 1.517, 1.518, 1.518, 1.519, 1.518, 1.517, 1.516, 1.512, 1.512, 1.511, 1.511, 1.511, 1.511, 1.511, 1.511, 1.511, 1.511, 1.511, 1.511, 1.511, 1.51, 1.51, 1.509, 1.509, 1.509, 1.508, 1.507, 1.507, 1.507, 1.507, 1.507, 1.507, 1.507, 1.507, 1.507, 1.507, 1.507, 1.507, 1.508, 1.509, 1.51, 1.511, 1.512, 1.517, 1.518, 1.519, 1.52, 1.521, 1.522, 1.521, 1.52, 1.519, 1.518, 1.517, 1.512, 1.511, 1.509, 1.507, 1.506, 1.505, 1.504, 1.504, 1.504, 1.504, 1.505, 1.506, 1.507, 1.508, 1.508, 1.509, 1.508, 1.507, 1.506, 1.505, 1.504, 1.503, 1.503, 1.502, 1.502, 1.501, 1.501, 1.501, 1.501, 1.501, 1.501, 1.501, 1.501, 1.501, 1.501, 1.502, 1.503, 1.504, 1.505, 1.506, 1.507, 1.508, 1.509, 1.51, 1.509, 1.508, 1.507, 1.506, 1.504, 1.503, 1.501, 1.5, 1.499, 1.499, 1.499, 1.499, 1.499, 1.495, 1.495, 1.494, 1.492, 1.491, 1.49, 1.489, 1.489, 1.489, 1.49, 1.491, 1.492, 1.493, 1.493, 1.493, 1.492, 1.492, 1.49, 1.49, 1.489, 1.488, 1.488, 1.487, 1.486, 1.486, 1.486, 1.486, 1.484, 1.483, 1.481, 1.48, 1.479, 1.478, 1.477, 1.476, 1.476, 1.477, 1.478, 1.479, 1.482, 1.483, 1.486, 1.487, 1.488, 1.489, 1.49, 1.492, 1.493, 1.493, 1.493, 1.493, 1.493, 1.493, 1.493, 1.493, 1.492, 1.492, 1.492, 1.491, 1.49, 1.489, 1.489, 1.488, 1.488, 1.487, 1.486, 1.485, 1.484, 1.483, 1.482, 1.481, 1.479, 1.478, 1.478, 1.478, 1.478, 1.478, 1.478, 1.478, 1.478, 1.478, 1.478, 1.477, 1.476, 1.475, 1.473, 1.472, 1.471, 1.468, 1.466, 1.466, 1.464, 1.464, 1.466, 1.466, 1.466, 1.468, 1.471, 1.471, 1.472, 1.472, 1.472, 1.47, 1.47, 1.469, 1.466, 1.466, 1.466, 1.464, 1.464, 1.464, 1.464, 1.466, 1.466, 1.466, 1.468, 1.468, 1.469, 1.47, 1.47, 1.47, 1.47, 1.47, 1.47, 1.47, 1.47, 1.47, 1.47, 1.47, 1.47, 1.47, 1.471, 1.471, 1.471, 1.472, 1.473, 1.473, 1.474, 1.474, 1.474, 1.472, 1.472, 1.471, 1.47, 1.468, 1.466, 1.466, 1.466, 1.466, 1.466, 1.466, 1.468, 1.468, 1.469, 1.47, 1.47, 1.47, 1.47, 1.47, 1.47, 1.468, 1.468, 1.464, 1.464, 1.464, 1.462, 1.462, 1.462, 1.462, 1.462, 1.464, 1.464, 1.466, 1.466, 1.466, 1.466, 1.466, 1.466, 1.466, 1.466, 1.464, 1.464, 1.464, 1.464, 1.464, 1.464, 1.464, 1.464, 1.464, 1.464, 1.462, 1.462, 1.462, 1.462, 1.462, 1.462, 1.462, 1.462, 1.462, 1.462, 1.462, 1.462, 1.462, 1.462, 1.464, 1.464, 1.464, 1.464, 1.464, 1.464, 1.464, 1.464, 1.462, 1.462, 1.464, 1.464, 1.466, 1.466, 1.469, 1.47, 1.47, 1.471, 1.471, 1.47, 1.469, 1.469, 1.466, 1.466, 1.464, 1.462, 1.46, 1.458, 1.458, 1.456, 1.454, 1.454, 1.454, 1.454, 1.454, 1.454, 1.454, 1.456, 1.458, 1.458, 1.458, 1.46, 1.46, 1.458, 1.458, 1.46, 0, 
1.511, 1.517, 1.518, 1.52, 1.521, 1.523, 1.525, 1.525, 1.526, 1.526, 1.527, 1.528, 1.528, 1.531, 1.531, 1.531, 1.531, 1.531, 1.531, 1.531, 1.527, 1.526, 1.525, 1.522, 1.521, 1.517, 1.516, 1.513, 1.513, 1.513, 1.513, 1.513, 1.517, 1.519, 1.523, 1.524, 1.525, 1.526, 1.526, 1.527, 1.527, 1.528, 1.528, 1.528, 1.528, 1.528, 1.531, 1.531, 1.532, 1.532, 1.528, 1.527, 1.527, 1.526, 1.525, 1.524, 1.521, 1.521, 1.52, 1.52, 1.519, 1.519, 1.518, 1.518, 1.517, 1.517, 1.516, 1.516, 1.516, 1.516, 1.516, 1.513, 1.513, 1.513, 1.516, 1.516, 1.516, 1.513, 1.513, 1.512, 1.511, 1.511, 1.511, 1.511, 1.511, 1.511, 1.511, 1.511, 1.516, 1.517, 1.52, 1.522, 1.523, 1.524, 1.523, 1.523, 1.519, 1.518, 1.517, 1.512, 1.512, 1.511, 1.511, 1.511, 1.51, 1.509, 1.509, 1.509, 1.509, 1.509, 1.509, 1.509, 1.509, 1.51, 1.511, 1.512, 1.513, 1.516, 1.516, 1.517, 1.518, 1.518, 1.517, 1.516, 1.516, 1.512, 1.512, 1.511, 1.511, 1.511, 1.511, 1.511, 1.511, 1.511, 1.512, 1.512, 1.512, 1.511, 1.511, 1.51, 1.509, 1.509, 1.509, 1.508, 1.507, 1.507, 1.507, 1.507, 1.507, 1.507, 1.507, 1.507, 1.507, 1.507, 1.507, 1.508, 1.508, 1.509, 1.51, 1.511, 1.512, 1.516, 1.517, 1.518, 1.519, 1.52, 1.52, 1.52, 1.519, 1.518, 1.517, 1.516, 1.512, 1.511, 1.509, 1.508, 1.507, 1.506, 1.505, 1.505, 1.505, 1.505, 1.506, 1.507, 1.507, 1.507, 1.508, 1.508, 1.507, 1.507, 1.506, 1.505, 1.504, 1.503, 1.502, 1.502, 1.501, 1.501, 1.501, 1.501, 1.501, 1.501, 1.501, 1.501, 1.501, 1.501, 1.501, 1.502, 1.503, 1.504, 1.505, 1.506, 1.507, 1.508, 1.509, 1.51, 1.51, 1.509, 1.508, 1.506, 1.505, 1.503, 1.501, 1.5, 1.499, 1.499, 1.499, 1.499, 1.499, 1.495, 1.494, 1.493, 1.492, 1.49, 1.489, 1.488, 1.488, 1.488, 1.489, 1.49, 1.491, 1.492, 1.493, 1.493, 1.492, 1.492, 1.49, 1.49, 1.489, 1.488, 1.488, 1.487, 1.486, 1.486, 1.486, 1.485, 1.484, 1.482, 1.481, 1.48, 1.478, 1.477, 1.476, 1.476, 1.476, 1.477, 1.478, 1.479, 1.482, 1.483, 1.486, 1.487, 1.488, 1.489, 1.49, 1.491, 1.492, 1.492, 1.492, 1.492, 1.492, 1.492, 1.492, 1.492, 1.492, 1.491, 1.491, 1.49, 1.489, 1.489, 1.488, 1.488, 1.487, 1.486, 1.485, 1.484, 1.483, 1.482, 1.481, 1.48, 1.479, 1.478, 1.477, 1.477, 1.477, 1.478, 1.478, 1.478, 1.478, 1.478, 1.478, 1.477, 1.476, 1.475, 1.474, 1.472, 1.471, 1.468, 1.466, 1.466, 1.466, 1.466, 1.466, 1.466, 1.468, 1.47, 1.471, 1.472, 1.473, 1.473, 1.472, 1.471, 1.47, 1.469, 1.466, 1.466, 1.466, 1.466, 1.466, 1.466, 1.466, 1.466, 1.466, 1.466, 1.468, 1.468, 1.469, 1.47, 1.47, 1.47, 1.47, 1.47, 1.47, 1.47, 1.47, 1.47, 1.47, 1.47, 1.471, 1.471, 1.471, 1.472, 1.472, 1.473, 1.473, 1.474, 1.474, 1.474, 1.474, 1.472, 1.472, 1.471, 1.468, 1.468, 1.466, 1.466, 1.466, 1.466, 1.466, 1.466, 1.468, 1.469, 1.469, 1.47, 1.47, 1.47, 1.47, 1.47, 1.47, 1.468, 1.468, 1.466, 1.464, 1.464, 1.462, 1.462, 1.462, 1.462, 1.462, 1.462, 1.464, 1.464, 1.466, 1.466, 1.466, 1.466, 1.466, 1.466, 1.464, 1.464, 1.464, 1.462, 1.462, 1.462, 1.462, 1.462, 1.464, 1.464, 1.464, 1.462, 1.462, 1.462, 1.462, 1.462, 1.462, 1.46, 1.46, 1.462, 1.462, 1.462, 1.462, 1.462, 1.462, 1.462, 1.462, 1.464, 1.464, 1.464, 1.462, 1.462, 1.462, 1.462, 1.462, 1.462, 1.464, 1.464, 1.466, 1.468, 1.469, 1.47, 1.47, 1.47, 1.47, 1.469, 1.469, 1.466, 1.466, 1.464, 1.462, 1.462, 1.458, 1.458, 1.456, 1.456, 1.454, 1.454, 1.454, 1.454, 1.454, 1.456, 1.456, 1.458, 1.458, 1.458, 1.46, 1.46, 1.458, 1.458, 1.458, 0, 
1.51, 1.513, 1.517, 1.519, 1.52, 1.522, 1.524, 1.524, 1.525, 1.526, 1.526, 1.527, 1.528, 1.531, 1.531, 1.531, 1.531, 1.531, 1.531, 1.531, 1.527, 1.526, 1.524, 1.522, 1.521, 1.517, 1.517, 1.513, 1.513, 1.513, 1.517, 1.517, 1.518, 1.519, 1.525, 1.526, 1.526, 1.527, 1.527, 1.528, 1.528, 1.528, 1.528, 1.528, 1.528, 1.528, 1.528, 1.528, 1.528, 1.528, 1.527, 1.526, 1.524, 1.523, 1.522, 1.52, 1.52, 1.519, 1.519, 1.518, 1.518, 1.518, 1.517, 1.517, 1.517, 1.516, 1.516, 1.516, 1.516, 1.516, 1.516, 1.516, 1.516, 1.516, 1.516, 1.516, 1.516, 1.516, 1.516, 1.512, 1.512, 1.511, 1.511, 1.511, 1.511, 1.511, 1.511, 1.512, 1.516, 1.516, 1.52, 1.521, 1.522, 1.523, 1.522, 1.519, 1.518, 1.517, 1.517, 1.512, 1.511, 1.511, 1.511, 1.51, 1.51, 1.509, 1.509, 1.509, 1.509, 1.509, 1.509, 1.509, 1.509, 1.51, 1.511, 1.512, 1.512, 1.516, 1.516, 1.516, 1.517, 1.517, 1.517, 1.516, 1.516, 1.512, 1.512, 1.511, 1.511, 1.511, 1.511, 1.511, 1.511, 1.512, 1.512, 1.513, 1.513, 1.512, 1.511, 1.51, 1.509, 1.509, 1.509, 1.508, 1.507, 1.507, 1.507, 1.507, 1.507, 1.507, 1.507, 1.507, 1.507, 1.507, 1.507, 1.508, 1.509, 1.509, 1.51, 1.51, 1.511, 1.512, 1.516, 1.517, 1.517, 1.517, 1.518, 1.518, 1.518, 1.517, 1.516, 1.516, 1.512, 1.511, 1.509, 1.508, 1.507, 1.506, 1.506, 1.505, 1.505, 1.506, 1.506, 1.507, 1.507, 1.507, 1.507, 1.507, 1.507, 1.507, 1.505, 1.505, 1.503, 1.503, 1.502, 1.501, 1.501, 1.501, 1.501, 1.501, 1.501, 1.501, 1.501, 1.501, 1.501, 1.501, 1.501, 1.502, 1.503, 1.504, 1.505, 1.506, 1.507, 1.509, 1.51, 1.511, 1.511, 1.51, 1.509, 1.507, 1.505, 1.503, 1.502, 1.501, 1.5, 1.499, 1.499, 1.499, 1.499, 1.495, 1.494, 1.493, 1.491, 1.49, 1.488, 1.488, 1.487, 1.487, 1.488, 1.49, 1.491, 1.492, 1.493, 1.493, 1.492, 1.492, 1.491, 1.49, 1.489, 1.488, 1.488, 1.487, 1.487, 1.486, 1.486, 1.486, 1.484, 1.482, 1.481, 1.48, 1.478, 1.477, 1.476, 1.476, 1.476, 1.476, 1.477, 1.478, 1.482, 1.482, 1.486, 1.487, 1.488, 1.489, 1.49, 1.491, 1.491, 1.491, 1.491, 1.491, 1.491, 1.491, 1.491, 1.491, 1.491, 1.49, 1.49, 1.489, 1.489, 1.488, 1.488, 1.487, 1.486, 1.486, 1.485, 1.484, 1.483, 1.481, 1.48, 1.479, 1.478, 1.477, 1.477, 1.476, 1.477, 1.477, 1.477, 1.478, 1.478, 1.478, 1.478, 1.478, 1.477, 1.476, 1.474, 1.473, 1.471, 1.468, 1.468, 1.466, 1.466, 1.466, 1.466, 1.468, 1.468, 1.471, 1.472, 1.473, 1.473, 1.473, 1.472, 1.471, 1.47, 1.469, 1.466, 1.466, 1.466, 1.466, 1.466, 1.466, 1.466, 1.466, 1.466, 1.468, 1.468, 1.469, 1.47, 1.47, 1.47, 1.47, 1.47, 1.47, 1.47, 1.47, 1.47, 1.47, 1.471, 1.471, 1.471, 1.472, 1.472, 1.472, 1.473, 1.474, 1.474, 1.475, 1.475, 1.475, 1.474, 1.472, 1.471, 1.471, 1.468, 1.466, 1.466, 1.466, 1.466, 1.466, 1.466, 1.466, 1.468, 1.469, 1.47, 1.47, 1.47, 1.47, 1.471, 1.47, 1.47, 1.47, 1.468, 1.466, 1.464, 1.464, 1.462, 1.462, 1.462, 1.462, 1.462, 1.462, 1.462, 1.464, 1.464, 1.466, 1.466, 1.466, 1.466, 1.464, 1.464, 1.462, 1.462, 1.462, 1.462, 1.462, 1.462, 1.462, 1.462, 1.462, 1.462, 1.462, 1.462, 1.462, 1.462, 1.46, 1.46, 1.46, 1.46, 1.46, 1.46, 1.46, 1.46, 1.46, 1.46, 1.46, 1.462, 1.462, 1.462, 1.462, 1.462, 1.462, 1.462, 1.462, 1.462, 1.462, 1.462, 1.464, 1.466, 1.466, 1.469, 1.469, 1.47, 1.47, 1.469, 1.469, 1.468, 1.466, 1.464, 1.464, 1.462, 1.462, 1.46, 1.458, 1.458, 1.456, 1.454, 1.454, 1.454, 1.454, 1.456, 1.456, 1.458, 1.458, 1.458, 1.458, 1.46, 1.46, 1.458, 1.458, 1.458, 0, 
1.51, 1.513, 1.513, 1.518, 1.52, 1.521, 1.522, 1.524, 1.524, 1.525, 1.526, 1.527, 1.527, 1.531, 1.531, 1.531, 1.531, 1.531, 1.531, 1.528, 1.527, 1.526, 1.524, 1.522, 1.52, 1.518, 1.517, 1.517, 1.517, 1.517, 1.518, 1.518, 1.519, 1.525, 1.526, 1.527, 1.527, 1.531, 1.531, 1.531, 1.528, 1.528, 1.528, 1.528, 1.528, 1.528, 1.528, 1.527, 1.527, 1.527, 1.526, 1.525, 1.524, 1.522, 1.521, 1.519, 1.518, 1.518, 1.517, 1.517, 1.517, 1.517, 1.516, 1.516, 1.516, 1.516, 1.516, 1.516, 1.516, 1.516, 1.516, 1.516, 1.516, 1.516, 1.516, 1.516, 1.516, 1.516, 1.516, 1.513, 1.512, 1.511, 1.511, 1.511, 1.511, 1.511, 1.511, 1.512, 1.516, 1.516, 1.519, 1.52, 1.52, 1.52, 1.519, 1.518, 1.517, 1.517, 1.512, 1.512, 1.511, 1.511, 1.511, 1.51, 1.509, 1.509, 1.509, 1.509, 1.509, 1.509, 1.509, 1.509, 1.509, 1.51, 1.511, 1.511, 1.512, 1.513, 1.516, 1.516, 1.516, 1.516, 1.516, 1.516, 1.516, 1.512, 1.512, 1.511, 1.511, 1.511, 1.511, 1.511, 1.512, 1.512, 1.513, 1.513, 1.513, 1.512, 1.511, 1.511, 1.509, 1.509, 1.509, 1.508, 1.507, 1.507, 1.507, 1.507, 1.507, 1.507, 1.507, 1.507, 1.507, 1.507, 1.507, 1.508, 1.509, 1.509, 1.509, 1.51, 1.511, 1.511, 1.512, 1.512, 1.516, 1.517, 1.517, 1.517, 1.517, 1.516, 1.516, 1.512, 1.511, 1.511, 1.509, 1.508, 1.507, 1.507, 1.507, 1.507, 1.507, 1.507, 1.507, 1.507, 1.507, 1.507, 1.507, 1.507, 1.507, 1.506, 1.505, 1.505, 1.503, 1.503, 1.502, 1.501, 1.501, 1.501, 1.501, 1.501, 1.501, 1.501, 1.501, 1.501, 1.501, 1.501, 1.501, 1.502, 1.503, 1.504, 1.505, 1.506, 1.507, 1.509, 1.51, 1.511, 1.511, 1.51, 1.509, 1.507, 1.506, 1.504, 1.503, 1.501, 1.5, 1.499, 1.499, 1.499, 1.499, 1.495, 1.494, 1.492, 1.491, 1.49, 1.487, 1.487, 1.487, 1.487, 1.488, 1.489, 1.49, 1.492, 1.493, 1.493, 1.493, 1.492, 1.491, 1.49, 1.489, 1.489, 1.488, 1.488, 1.488, 1.487, 1.487, 1.486, 1.485, 1.482, 1.481, 1.48, 1.478, 1.477, 1.475, 1.475, 1.476, 1.476, 1.477, 1.478, 1.481, 1.482, 1.485, 1.486, 1.488, 1.489, 1.49, 1.49, 1.49, 1.49, 1.49, 1.49, 1.49, 1.49, 1.49, 1.49, 1.489, 1.489, 1.488, 1.488, 1.488, 1.488, 1.487, 1.486, 1.486, 1.485, 1.484, 1.483, 1.482, 1.481, 1.48, 1.478, 1.477, 1.477, 1.476, 1.476, 1.476, 1.476, 1.477, 1.477, 1.478, 1.478, 1.478, 1.478, 1.477, 1.476, 1.475, 1.473, 1.472, 1.471, 1.468, 1.468, 1.468, 1.468, 1.468, 1.47, 1.47, 1.471, 1.472, 1.473, 1.474, 1.473, 1.472, 1.472, 1.471, 1.468, 1.466, 1.466, 1.466, 1.466, 1.466, 1.466, 1.466, 1.466, 1.468, 1.469, 1.469, 1.47, 1.47, 1.47, 1.47, 1.47, 1.47, 1.47, 1.47, 1.47, 1.47, 1.471, 1.471, 1.472, 1.472, 1.472, 1.472, 1.473, 1.474, 1.474, 1.475, 1.476, 1.476, 1.475, 1.474, 1.472, 1.471, 1.468, 1.466, 1.466, 1.466, 1.466, 1.466, 1.466, 1.466, 1.466, 1.468, 1.469, 1.47, 1.471, 1.471, 1.471, 1.471, 1.471, 1.471, 1.471, 1.468, 1.468, 1.466, 1.464, 1.462, 1.462, 1.462, 1.462, 1.462, 1.462, 1.462, 1.462, 1.462, 1.464, 1.464, 1.464, 1.464, 1.464, 1.462, 1.462, 1.462, 1.462, 1.462, 1.462, 1.462, 1.462, 1.462, 1.462, 1.462, 1.462, 1.462, 1.462, 1.462, 1.46, 1.46, 1.458, 1.458, 1.458, 1.458, 1.458, 1.46, 1.46, 1.46, 1.46, 1.46, 1.46, 1.46, 1.46, 1.46, 1.46, 1.46, 1.46, 1.46, 1.46, 1.462, 1.462, 1.464, 1.466, 1.466, 1.469, 1.47, 1.47, 1.469, 1.468, 1.466, 1.466, 1.464, 1.464, 1.462, 1.462, 1.46, 1.458, 1.458, 1.456, 1.456, 1.454, 1.454, 1.456, 1.456, 1.456, 1.458, 1.458, 1.458, 1.458, 1.46, 1.46, 1.458, 1.458, 1.458, 0, 
1.509, 1.513, 1.513, 1.517, 1.519, 1.52, 1.521, 1.523, 1.524, 1.525, 1.525, 1.526, 1.527, 1.531, 1.531, 1.531, 1.531, 1.531, 1.531, 1.527, 1.526, 1.525, 1.524, 1.522, 1.52, 1.519, 1.518, 1.518, 1.518, 1.518, 1.519, 1.52, 1.521, 1.525, 1.527, 1.528, 1.531, 1.531, 1.531, 1.531, 1.528, 1.528, 1.528, 1.528, 1.527, 1.527, 1.527, 1.526, 1.526, 1.526, 1.525, 1.524, 1.524, 1.52, 1.519, 1.518, 1.517, 1.517, 1.516, 1.516, 1.516, 1.516, 1.516, 1.516, 1.516, 1.516, 1.516, 1.516, 1.516, 1.516, 1.516, 1.516, 1.516, 1.517, 1.517, 1.517, 1.517, 1.516, 1.516, 1.516, 1.512, 1.512, 1.511, 1.511, 1.511, 1.511, 1.512, 1.512, 1.516, 1.517, 1.518, 1.519, 1.519, 1.519, 1.518, 1.517, 1.516, 1.516, 1.512, 1.511, 1.511, 1.511, 1.51, 1.509, 1.509, 1.509, 1.509, 1.509, 1.509, 1.509, 1.509, 1.509, 1.509, 1.51, 1.511, 1.511, 1.512, 1.513, 1.516, 1.516, 1.516, 1.516, 1.516, 1.516, 1.513, 1.512, 1.512, 1.511, 1.511, 1.511, 1.511, 1.512, 1.512, 1.513, 1.516, 1.516, 1.513, 1.512, 1.511, 1.51, 1.509, 1.509, 1.508, 1.507, 1.507, 1.507, 1.507, 1.507, 1.507, 1.507, 1.507, 1.507, 1.507, 1.507, 1.507, 1.508, 1.509, 1.509, 1.509, 1.509, 1.51, 1.511, 1.511, 1.512, 1.512, 1.512, 1.512, 1.512, 1.512, 1.512, 1.512, 1.512, 1.511, 1.511, 1.509, 1.509, 1.508, 1.507, 1.507, 1.507, 1.507, 1.507, 1.507, 1.507, 1.507, 1.507, 1.507, 1.507, 1.507, 1.506, 1.505, 1.505, 1.503, 1.503, 1.502, 1.502, 1.501, 1.501, 1.501, 1.501, 1.501, 1.501, 1.501, 1.501, 1.501, 1.501, 1.501, 1.502, 1.503, 1.505, 1.505, 1.507, 1.508, 1.509, 1.51, 1.511, 1.511, 1.511, 1.51, 1.508, 1.507, 1.505, 1.503, 1.502, 1.501, 1.5, 1.499, 1.499, 1.499, 1.495, 1.494, 1.492, 1.491, 1.49, 1.486, 1.486, 1.486, 1.487, 1.488, 1.489, 1.49, 1.492, 1.493, 1.494, 1.493, 1.493, 1.492, 1.491, 1.49, 1.489, 1.489, 1.488, 1.488, 1.488, 1.488, 1.487, 1.486, 1.483, 1.482, 1.481, 1.478, 1.476, 1.475, 1.475, 1.476, 1.476, 1.477, 1.478, 1.48, 1.481, 1.485, 1.486, 1.488, 1.489, 1.49, 1.49, 1.49, 1.489, 1.489, 1.488, 1.488, 1.488, 1.488, 1.488, 1.488, 1.488, 1.488, 1.487, 1.487, 1.487, 1.486, 1.485, 1.485, 1.484, 1.483, 1.482, 1.481, 1.48, 1.479, 1.478, 1.477, 1.476, 1.476, 1.476, 1.476, 1.476, 1.476, 1.477, 1.478, 1.478, 1.478, 1.478, 1.477, 1.476, 1.475, 1.474, 1.473, 1.472, 1.471, 1.47, 1.47, 1.47, 1.47, 1.471, 1.471, 1.472, 1.473, 1.474, 1.475, 1.474, 1.472, 1.472, 1.471, 1.468, 1.468, 1.466, 1.466, 1.466, 1.466, 1.466, 1.466, 1.468, 1.468, 1.469, 1.47, 1.47, 1.47, 1.47, 1.47, 1.47, 1.47, 1.47, 1.47, 1.47, 1.471, 1.471, 1.472, 1.472, 1.472, 1.472, 1.473, 1.473, 1.474, 1.475, 1.476, 1.476, 1.476, 1.475, 1.474, 1.472, 1.471, 1.468, 1.466, 1.466, 1.466, 1.466, 1.466, 1.466, 1.466, 1.466, 1.468, 1.469, 1.47, 1.471, 1.472, 1.472, 1.472, 1.472, 1.471, 1.471, 1.468, 1.468, 1.466, 1.464, 1.464, 1.462, 1.462, 1.46, 1.46, 1.462, 1.462, 1.462, 1.462, 1.462, 1.464, 1.464, 1.464, 1.462, 1.462, 1.462, 1.462, 1.46, 1.46, 1.46, 1.46, 1.462, 1.462, 1.462, 1.462, 1.462, 1.462, 1.462, 1.462, 1.46, 1.46, 1.458, 1.458, 1.458, 1.458, 1.458, 1.46, 1.46, 1.46, 1.46, 1.46, 1.46, 1.46, 1.46, 1.46, 1.458, 1.458, 1.458, 1.458, 1.458, 1.46, 1.462, 1.462, 1.464, 1.466, 1.468, 1.468, 1.468, 1.468, 1.468, 1.466, 1.464, 1.464, 1.462, 1.462, 1.462, 1.46, 1.458, 1.458, 1.456, 1.456, 1.456, 1.456, 1.456, 1.456, 1.458, 1.458, 1.458, 1.46, 1.46, 1.46, 1.46, 1.458, 1.458, 1.46, 0, 
1.509, 1.512, 1.512, 1.517, 1.518, 1.519, 1.52, 1.522, 1.523, 1.524, 1.525, 1.526, 1.527, 1.528, 1.531, 1.531, 1.531, 1.531, 1.528, 1.527, 1.526, 1.525, 1.524, 1.522, 1.52, 1.519, 1.519, 1.519, 1.519, 1.52, 1.52, 1.522, 1.525, 1.526, 1.527, 1.532, 1.531, 1.531, 1.531, 1.531, 1.528, 1.528, 1.527, 1.527, 1.526, 1.526, 1.526, 1.525, 1.525, 1.524, 1.523, 1.523, 1.522, 1.519, 1.518, 1.517, 1.516, 1.516, 1.516, 1.516, 1.516, 1.516, 1.516, 1.516, 1.516, 1.516, 1.516, 1.516, 1.516, 1.517, 1.517, 1.517, 1.517, 1.517, 1.518, 1.518, 1.518, 1.517, 1.516, 1.516, 1.513, 1.512, 1.511, 1.511, 1.511, 1.511, 1.512, 1.512, 1.516, 1.517, 1.518, 1.518, 1.518, 1.518, 1.517, 1.517, 1.516, 1.512, 1.512, 1.511, 1.511, 1.51, 1.51, 1.509, 1.509, 1.509, 1.509, 1.509, 1.509, 1.509, 1.509, 1.509, 1.509, 1.51, 1.511, 1.511, 1.512, 1.513, 1.513, 1.516, 1.516, 1.516, 1.516, 1.513, 1.513, 1.512, 1.512, 1.511, 1.511, 1.512, 1.512, 1.512, 1.513, 1.516, 1.516, 1.516, 1.513, 1.512, 1.511, 1.51, 1.509, 1.509, 1.508, 1.507, 1.507, 1.507, 1.507, 1.507, 1.507, 1.507, 1.507, 1.507, 1.507, 1.507, 1.507, 1.508, 1.508, 1.509, 1.509, 1.509, 1.509, 1.51, 1.511, 1.511, 1.511, 1.511, 1.511, 1.511, 1.511, 1.511, 1.511, 1.511, 1.511, 1.511, 1.51, 1.509, 1.508, 1.508, 1.508, 1.508, 1.508, 1.508, 1.508, 1.508, 1.508, 1.508, 1.507, 1.507, 1.507, 1.506, 1.505, 1.505, 1.504, 1.503, 1.503, 1.502, 1.501, 1.501, 1.501, 1.501, 1.501, 1.501, 1.501, 1.501, 1.501, 1.501, 1.502, 1.503, 1.504, 1.505, 1.506, 1.507, 1.509, 1.51, 1.511, 1.511, 1.511, 1.511, 1.51, 1.509, 1.507, 1.505, 1.504, 1.503, 1.501, 1.5, 1.5, 1.499, 1.499, 1.496, 1.495, 1.492, 1.491, 1.49, 1.486, 1.486, 1.486, 1.487, 1.488, 1.489, 1.49, 1.492, 1.493, 1.494, 1.494, 1.493, 1.492, 1.492, 1.491, 1.49, 1.489, 1.489, 1.489, 1.488, 1.488, 1.488, 1.487, 1.483, 1.482, 1.481, 1.478, 1.477, 1.476, 1.476, 1.476, 1.476, 1.477, 1.478, 1.48, 1.483, 1.484, 1.486, 1.488, 1.488, 1.489, 1.489, 1.489, 1.488, 1.488, 1.488, 1.487, 1.487, 1.487, 1.486, 1.486, 1.486, 1.486, 1.486, 1.486, 1.485, 1.485, 1.485, 1.484, 1.483, 1.482, 1.481, 1.48, 1.479, 1.478, 1.477, 1.476, 1.476, 1.476, 1.476, 1.476, 1.476, 1.476, 1.477, 1.478, 1.478, 1.478, 1.478, 1.478, 1.477, 1.476, 1.475, 1.474, 1.473, 1.472, 1.471, 1.471, 1.471, 1.471, 1.472, 1.472, 1.473, 1.474, 1.475, 1.475, 1.474, 1.472, 1.472, 1.471, 1.468, 1.468, 1.466, 1.466, 1.466, 1.466, 1.466, 1.468, 1.468, 1.469, 1.47, 1.47, 1.47, 1.47, 1.47, 1.47, 1.47, 1.47, 1.47, 1.47, 1.47, 1.471, 1.472, 1.472, 1.472, 1.472, 1.473, 1.474, 1.474, 1.475, 1.475, 1.476, 1.476, 1.475, 1.474, 1.473, 1.472, 1.471, 1.468, 1.466, 1.466, 1.464, 1.464, 1.466, 1.466, 1.466, 1.466, 1.468, 1.469, 1.47, 1.471, 1.472, 1.472, 1.472, 1.472, 1.472, 1.471, 1.47, 1.469, 1.466, 1.464, 1.464, 1.462, 1.462, 1.46, 1.46, 1.46, 1.46, 1.46, 1.462, 1.462, 1.462, 1.462, 1.462, 1.462, 1.462, 1.462, 1.46, 1.46, 1.46, 1.46, 1.46, 1.46, 1.462, 1.462, 1.462, 1.462, 1.462, 1.462, 1.462, 1.46, 1.46, 1.458, 1.458, 1.458, 1.458, 1.458, 1.458, 1.46, 1.46, 1.46, 1.46, 1.46, 1.46, 1.458, 1.458, 1.458, 1.458, 1.458, 1.458, 1.458, 1.458, 1.46, 1.462, 1.462, 1.464, 1.466, 1.466, 1.468, 1.466, 1.466, 1.466, 1.464, 1.462, 1.462, 1.462, 1.462, 1.46, 1.458, 1.458, 1.458, 1.456, 1.456, 1.456, 1.456, 1.458, 1.458, 1.458, 1.458, 1.46, 1.46, 1.46, 1.46, 1.46, 1.46, 1.46, 0, 
1.51, 1.511, 1.512, 1.517, 1.517, 1.518, 1.52, 1.521, 1.522, 1.523, 1.524, 1.526, 1.527, 1.528, 1.531, 1.531, 1.531, 1.528, 1.528, 1.527, 1.526, 1.524, 1.524, 1.522, 1.521, 1.52, 1.52, 1.52, 1.52, 1.521, 1.522, 1.524, 1.525, 1.526, 1.532, 1.532, 1.532, 1.532, 1.531, 1.531, 1.528, 1.527, 1.526, 1.526, 1.525, 1.525, 1.524, 1.524, 1.524, 1.523, 1.522, 1.521, 1.52, 1.518, 1.517, 1.517, 1.512, 1.512, 1.512, 1.512, 1.513, 1.513, 1.516, 1.516, 1.516, 1.516, 1.516, 1.517, 1.517, 1.518, 1.518, 1.518, 1.518, 1.518, 1.519, 1.518, 1.518, 1.517, 1.516, 1.516, 1.513, 1.512, 1.512, 1.511, 1.511, 1.512, 1.512, 1.516, 1.516, 1.517, 1.517, 1.518, 1.517, 1.517, 1.517, 1.516, 1.512, 1.512, 1.511, 1.511, 1.511, 1.51, 1.509, 1.509, 1.509, 1.509, 1.509, 1.509, 1.509, 1.509, 1.509, 1.509, 1.509, 1.51, 1.511, 1.511, 1.512, 1.513, 1.513, 1.513, 1.516, 1.516, 1.513, 1.513, 1.513, 1.512, 1.512, 1.512, 1.512, 1.512, 1.513, 1.513, 1.516, 1.516, 1.516, 1.516, 1.513, 1.512, 1.511, 1.51, 1.509, 1.508, 1.508, 1.507, 1.507, 1.507, 1.507, 1.507, 1.507, 1.507, 1.507, 1.507, 1.507, 1.507, 1.507, 1.507, 1.508, 1.508, 1.508, 1.508, 1.508, 1.508, 1.507, 1.507, 1.508, 1.509, 1.509, 1.509, 1.509, 1.509, 1.509, 1.51, 1.51, 1.51, 1.51, 1.509, 1.509, 1.509, 1.509, 1.509, 1.509, 1.509, 1.509, 1.509, 1.509, 1.508, 1.507, 1.507, 1.507, 1.506, 1.505, 1.505, 1.504, 1.503, 1.503, 1.502, 1.501, 1.501, 1.501, 1.501, 1.501, 1.501, 1.501, 1.501, 1.501, 1.501, 1.502, 1.503, 1.504, 1.505, 1.506, 1.507, 1.509, 1.51, 1.511, 1.511, 1.512, 1.511, 1.51, 1.509, 1.507, 1.506, 1.504, 1.503, 1.502, 1.501, 1.5, 1.5, 1.499, 1.499, 1.496, 1.492, 1.49, 1.49, 1.486, 1.486, 1.486, 1.487, 1.488, 1.489, 1.49, 1.492, 1.493, 1.494, 1.494, 1.494, 1.493, 1.492, 1.491, 1.491, 1.49, 1.49, 1.49, 1.489, 1.489, 1.488, 1.488, 1.484, 1.483, 1.482, 1.478, 1.478, 1.477, 1.476, 1.476, 1.477, 1.478, 1.479, 1.48, 1.484, 1.485, 1.486, 1.487, 1.488, 1.489, 1.488, 1.488, 1.487, 1.487, 1.486, 1.486, 1.486, 1.485, 1.485, 1.485, 1.485, 1.485, 1.484, 1.484, 1.484, 1.484, 1.484, 1.483, 1.482, 1.482, 1.481, 1.48, 1.479, 1.478, 1.477, 1.476, 1.476, 1.476, 1.476, 1.476, 1.476, 1.476, 1.477, 1.478, 1.478, 1.478, 1.478, 1.478, 1.477, 1.476, 1.475, 1.474, 1.473, 1.473, 1.472, 1.472, 1.472, 1.472, 1.473, 1.473, 1.474, 1.475, 1.475, 1.475, 1.474, 1.473, 1.472, 1.471, 1.468, 1.468, 1.466, 1.466, 1.466, 1.466, 1.468, 1.468, 1.469, 1.469, 1.47, 1.47, 1.47, 1.47, 1.47, 1.47, 1.47, 1.47, 1.47, 1.47, 1.471, 1.471, 1.472, 1.472, 1.472, 1.472, 1.473, 1.474, 1.474, 1.475, 1.476, 1.476, 1.476, 1.475, 1.474, 1.473, 1.472, 1.471, 1.468, 1.466, 1.466, 1.464, 1.464, 1.464, 1.464, 1.466, 1.466, 1.468, 1.469, 1.47, 1.471, 1.472, 1.472, 1.472, 1.473, 1.472, 1.471, 1.47, 1.469, 1.466, 1.464, 1.464, 1.462, 1.462, 1.46, 1.46, 1.458, 1.458, 1.46, 1.46, 1.462, 1.462, 1.462, 1.462, 1.462, 1.462, 1.46, 1.46, 1.46, 1.46, 1.46, 1.46, 1.46, 1.462, 1.462, 1.462, 1.462, 1.462, 1.462, 1.462, 1.46, 1.458, 1.458, 1.458, 1.458, 1.458, 1.458, 1.458, 1.458, 1.458, 1.458, 1.458, 1.458, 1.458, 1.458, 1.458, 1.458, 1.456, 1.456, 1.456, 1.458, 1.458, 1.458, 1.46, 1.462, 1.462, 1.466, 1.466, 1.466, 1.466, 1.466, 1.464, 1.464, 1.462, 1.462, 1.462, 1.462, 1.46, 1.458, 1.458, 1.458, 1.458, 1.458, 1.458, 1.458, 1.458, 1.458, 1.458, 1.46, 1.46, 1.46, 1.46, 1.46, 1.458, 1.458, 1.46, 0, 
1.51, 1.511, 1.512, 1.516, 1.517, 1.518, 1.519, 1.52, 1.521, 1.522, 1.524, 1.526, 1.527, 1.531, 1.531, 1.531, 1.531, 1.528, 1.527, 1.526, 1.525, 1.524, 1.524, 1.522, 1.521, 1.521, 1.521, 1.521, 1.521, 1.523, 1.524, 1.525, 1.526, 1.532, 1.532, 1.533, 1.533, 1.532, 1.531, 1.528, 1.527, 1.526, 1.525, 1.524, 1.524, 1.524, 1.523, 1.523, 1.522, 1.522, 1.521, 1.52, 1.518, 1.517, 1.517, 1.512, 1.512, 1.512, 1.512, 1.512, 1.512, 1.513, 1.516, 1.516, 1.516, 1.516, 1.517, 1.518, 1.518, 1.518, 1.519, 1.519, 1.519, 1.52, 1.52, 1.519, 1.518, 1.518, 1.517, 1.516, 1.513, 1.513, 1.512, 1.512, 1.512, 1.512, 1.513, 1.516, 1.516, 1.517, 1.517, 1.517, 1.517, 1.516, 1.516, 1.512, 1.512, 1.511, 1.511, 1.511, 1.51, 1.51, 1.509, 1.509, 1.509, 1.509, 1.509, 1.509, 1.509, 1.509, 1.509, 1.509, 1.51, 1.51, 1.511, 1.512, 1.512, 1.513, 1.513, 1.513, 1.513, 1.513, 1.513, 1.513, 1.512, 1.512, 1.512, 1.512, 1.512, 1.513, 1.513, 1.513, 1.516, 1.516, 1.516, 1.516, 1.513, 1.512, 1.511, 1.509, 1.509, 1.508, 1.507, 1.507, 1.507, 1.507, 1.507, 1.507, 1.507, 1.507, 1.507, 1.507, 1.507, 1.507, 1.507, 1.507, 1.507, 1.507, 1.507, 1.507, 1.507, 1.507, 1.507, 1.507, 1.507, 1.507, 1.507, 1.507, 1.508, 1.508, 1.508, 1.509, 1.509, 1.509, 1.509, 1.509, 1.509, 1.509, 1.509, 1.509, 1.509, 1.509, 1.509, 1.509, 1.509, 1.508, 1.508, 1.507, 1.507, 1.506, 1.505, 1.505, 1.504, 1.503, 1.503, 1.502, 1.502, 1.501, 1.501, 1.501, 1.501, 1.501, 1.501, 1.501, 1.501, 1.502, 1.503, 1.504, 1.505, 1.505, 1.507, 1.508, 1.509, 1.51, 1.511, 1.511, 1.512, 1.511, 1.51, 1.509, 1.508, 1.506, 1.505, 1.504, 1.503, 1.502, 1.501, 1.5, 1.5, 1.499, 1.496, 1.494, 1.49, 1.49, 1.486, 1.486, 1.486, 1.487, 1.488, 1.489, 1.49, 1.492, 1.494, 1.494, 1.495, 1.495, 1.494, 1.493, 1.492, 1.491, 1.491, 1.49, 1.49, 1.49, 1.49, 1.489, 1.488, 1.486, 1.483, 1.482, 1.479, 1.478, 1.478, 1.477, 1.477, 1.477, 1.478, 1.48, 1.481, 1.483, 1.484, 1.486, 1.487, 1.488, 1.488, 1.488, 1.487, 1.487, 1.486, 1.486, 1.485, 1.485, 1.484, 1.484, 1.484, 1.484, 1.484, 1.483, 1.483, 1.483, 1.482, 1.482, 1.482, 1.481, 1.481, 1.48, 1.479, 1.478, 1.478, 1.477, 1.476, 1.476, 1.476, 1.476, 1.476, 1.476, 1.477, 1.477, 1.478, 1.478, 1.478, 1.478, 1.478, 1.477, 1.476, 1.476, 1.475, 1.474, 1.474, 1.473, 1.473, 1.473, 1.474, 1.474, 1.474, 1.475, 1.476, 1.476, 1.475, 1.474, 1.473, 1.472, 1.471, 1.468, 1.468, 1.468, 1.466, 1.466, 1.468, 1.468, 1.468, 1.469, 1.47, 1.47, 1.47, 1.47, 1.471, 1.471, 1.471, 1.471, 1.471, 1.47, 1.47, 1.471, 1.471, 1.472, 1.472, 1.472, 1.473, 1.473, 1.474, 1.474, 1.475, 1.476, 1.476, 1.476, 1.475, 1.474, 1.473, 1.472, 1.468, 1.466, 1.466, 1.464, 1.464, 1.464, 1.464, 1.464, 1.466, 1.466, 1.468, 1.469, 1.47, 1.471, 1.472, 1.472, 1.472, 1.473, 1.472, 1.471, 1.47, 1.469, 1.468, 1.466, 1.464, 1.462, 1.462, 1.46, 1.458, 1.458, 1.458, 1.46, 1.46, 1.462, 1.462, 1.462, 1.462, 1.462, 1.462, 1.46, 1.46, 1.458, 1.458, 1.458, 1.458, 1.46, 1.46, 1.462, 1.462, 1.462, 1.462, 1.462, 1.462, 1.46, 1.458, 1.458, 1.458, 1.458, 1.458, 1.458, 1.458, 1.458, 1.458, 1.458, 1.458, 1.458, 1.458, 1.458, 1.458, 1.456, 1.456, 1.456, 1.456, 1.456, 1.456, 1.458, 1.458, 1.46, 1.462, 1.462, 1.464, 1.464, 1.464, 1.464, 1.462, 1.462, 1.462, 1.462, 1.462, 1.462, 1.46, 1.458, 1.458, 1.458, 1.458, 1.458, 1.458, 1.458, 1.458, 1.458, 1.458, 1.46, 1.46, 1.46, 1.46, 1.46, 1.458, 1.458, 1.458, 0, 
1.51, 1.511, 1.512, 1.513, 1.516, 1.517, 1.518, 1.519, 1.52, 1.521, 1.524, 1.525, 1.528, 1.528, 1.531, 1.531, 1.528, 1.528, 1.527, 1.526, 1.525, 1.524, 1.524, 1.523, 1.522, 1.522, 1.522, 1.522, 1.524, 1.524, 1.526, 1.527, 1.531, 1.532, 1.533, 1.533, 1.533, 1.532, 1.531, 1.527, 1.526, 1.525, 1.524, 1.524, 1.523, 1.522, 1.522, 1.522, 1.521, 1.521, 1.52, 1.519, 1.518, 1.517, 1.516, 1.512, 1.511, 1.511, 1.511, 1.511, 1.512, 1.513, 1.513, 1.516, 1.516, 1.516, 1.517, 1.518, 1.519, 1.519, 1.52, 1.52, 1.52, 1.52, 1.52, 1.52, 1.519, 1.518, 1.517, 1.516, 1.513, 1.513, 1.513, 1.513, 1.513, 1.513, 1.516, 1.516, 1.517, 1.517, 1.517, 1.517, 1.516, 1.516, 1.513, 1.512, 1.511, 1.511, 1.511, 1.511, 1.51, 1.509, 1.509, 1.509, 1.509, 1.509, 1.509, 1.509, 1.509, 1.509, 1.509, 1.509, 1.51, 1.511, 1.511, 1.512, 1.513, 1.513, 1.513, 1.513, 1.513, 1.512, 1.512, 1.512, 1.512, 1.511, 1.511, 1.512, 1.512, 1.513, 1.513, 1.516, 1.516, 1.516, 1.516, 1.513, 1.512, 1.511, 1.51, 1.509, 1.509, 1.508, 1.507, 1.507, 1.507, 1.507, 1.507, 1.507, 1.507, 1.507, 1.507, 1.507, 1.507, 1.507, 1.507, 1.507, 1.507, 1.507, 1.507, 1.507, 1.507, 1.506, 1.506, 1.506, 1.506, 1.506, 1.506, 1.506, 1.507, 1.507, 1.507, 1.508, 1.508, 1.508, 1.509, 1.509, 1.509, 1.51, 1.51, 1.51, 1.51, 1.51, 1.51, 1.51, 1.509, 1.509, 1.508, 1.507, 1.507, 1.506, 1.505, 1.505, 1.504, 1.503, 1.503, 1.503, 1.502, 1.501, 1.501, 1.501, 1.501, 1.501, 1.501, 1.501, 1.502, 1.502, 1.503, 1.504, 1.505, 1.506, 1.507, 1.508, 1.51, 1.511, 1.511, 1.511, 1.511, 1.511, 1.511, 1.51, 1.508, 1.507, 1.505, 1.505, 1.503, 1.502, 1.501, 1.501, 1.5, 1.499, 1.495, 1.494, 1.491, 1.49, 1.487, 1.487, 1.486, 1.487, 1.488, 1.489, 1.49, 1.492, 1.494, 1.495, 1.495, 1.495, 1.495, 1.494, 1.493, 1.492, 1.492, 1.491, 1.491, 1.49, 1.49, 1.489, 1.488, 1.487, 1.483, 1.482, 1.481, 1.479, 1.478, 1.478, 1.477, 1.477, 1.479, 1.48, 1.482, 1.483, 1.485, 1.486, 1.487, 1.488, 1.488, 1.488, 1.487, 1.486, 1.485, 1.485, 1.484, 1.484, 1.484, 1.484, 1.483, 1.483, 1.482, 1.482, 1.482, 1.482, 1.481, 1.481, 1.481, 1.48, 1.48, 1.479, 1.479, 1.478, 1.478, 1.477, 1.476, 1.476, 1.476, 1.476, 1.476, 1.477, 1.477, 1.478, 1.478, 1.478, 1.478, 1.478, 1.478, 1.478, 1.477, 1.476, 1.476, 1.475, 1.474, 1.474, 1.474, 1.474, 1.474, 1.474, 1.475, 1.475, 1.476, 1.476, 1.475, 1.474, 1.473, 1.472, 1.471, 1.47, 1.469, 1.468, 1.468, 1.468, 1.468, 1.468, 1.469, 1.47, 1.47, 1.47, 1.47, 1.47, 1.471, 1.471, 1.47, 1.47, 1.47, 1.47, 1.47, 1.47, 1.471, 1.472, 1.472, 1.472, 1.472, 1.473, 1.474, 1.474, 1.475, 1.475, 1.476, 1.476, 1.475, 1.474, 1.472, 1.471, 1.468, 1.466, 1.466, 1.464, 1.464, 1.464, 1.464, 1.464, 1.466, 1.466, 1.468, 1.469, 1.47, 1.471, 1.472, 1.472, 1.472, 1.472, 1.472, 1.471, 1.47, 1.47, 1.469, 1.466, 1.464, 1.462, 1.462, 1.46, 1.458, 1.458, 1.458, 1.46, 1.46, 1.462, 1.462, 1.462, 1.462, 1.462, 1.462, 1.46, 1.46, 1.458, 1.458, 1.458, 1.458, 1.46, 1.46, 1.462, 1.462, 1.462, 1.462, 1.462, 1.462, 1.46, 1.458, 1.458, 1.458, 1.458, 1.458, 1.458, 1.458, 1.458, 1.458, 1.458, 1.458, 1.458, 1.458, 1.458, 1.456, 1.456, 1.456, 1.454, 1.454, 1.456, 1.456, 1.458, 1.458, 1.458, 1.46, 1.462, 1.462, 1.462, 1.462, 1.462, 1.462, 1.462, 1.462, 1.462, 1.462, 1.462, 1.46, 1.458, 1.458, 1.458, 1.458, 1.458, 1.458, 1.458, 1.458, 1.458, 1.458, 1.458, 1.458, 1.458, 1.458, 1.458, 1.456, 1.456, 1.458, 0, 
1.511, 1.511, 1.512, 1.513, 1.516, 1.516, 1.517, 1.518, 1.52, 1.52, 1.524, 1.524, 1.528, 1.528, 1.531, 1.531, 1.528, 1.527, 1.526, 1.525, 1.524, 1.524, 1.524, 1.523, 1.523, 1.523, 1.523, 1.524, 1.525, 1.526, 1.527, 1.527, 1.532, 1.532, 1.533, 1.533, 1.533, 1.532, 1.528, 1.527, 1.525, 1.524, 1.522, 1.522, 1.522, 1.521, 1.521, 1.521, 1.52, 1.52, 1.52, 1.519, 1.518, 1.517, 1.513, 1.512, 1.511, 1.511, 1.511, 1.511, 1.512, 1.512, 1.513, 1.516, 1.516, 1.517, 1.518, 1.519, 1.52, 1.52, 1.521, 1.521, 1.521, 1.521, 1.52, 1.52, 1.518, 1.517, 1.516, 1.516, 1.513, 1.513, 1.513, 1.513, 1.513, 1.516, 1.516, 1.516, 1.517, 1.517, 1.517, 1.516, 1.516, 1.516, 1.512, 1.512, 1.511, 1.511, 1.511, 1.51, 1.51, 1.509, 1.509, 1.509, 1.509, 1.509, 1.509, 1.509, 1.509, 1.509, 1.509, 1.51, 1.511, 1.511, 1.512, 1.512, 1.513, 1.513, 1.513, 1.513, 1.512, 1.512, 1.511, 1.511, 1.511, 1.511, 1.511, 1.512, 1.512, 1.513, 1.516, 1.516, 1.516, 1.516, 1.516, 1.513, 1.512, 1.511, 1.51, 1.509, 1.508, 1.507, 1.507, 1.507, 1.507, 1.507, 1.507, 1.507, 1.507, 1.507, 1.507, 1.507, 1.507, 1.507, 1.507, 1.507, 1.507, 1.506, 1.506, 1.506, 1.506, 1.505, 1.505, 1.505, 1.505, 1.505, 1.505, 1.505, 1.505, 1.506, 1.506, 1.507, 1.507, 1.508, 1.509, 1.509, 1.51, 1.51, 1.511, 1.511, 1.511, 1.511, 1.511, 1.51, 1.509, 1.509, 1.508, 1.507, 1.507, 1.507, 1.506, 1.505, 1.504, 1.503, 1.503, 1.503, 1.502, 1.502, 1.502, 1.502, 1.502, 1.502, 1.502, 1.502, 1.502, 1.503, 1.504, 1.505, 1.505, 1.506, 1.507, 1.509, 1.51, 1.511, 1.511, 1.511, 1.511, 1.511, 1.51, 1.509, 1.508, 1.507, 1.506, 1.505, 1.504, 1.503, 1.502, 1.501, 1.5, 1.5, 1.495, 1.494, 1.492, 1.49, 1.488, 1.487, 1.487, 1.487, 1.488, 1.489, 1.491, 1.492, 1.494, 1.495, 1.499, 1.496, 1.495, 1.494, 1.494, 1.493, 1.493, 1.492, 1.492, 1.491, 1.491, 1.49, 1.489, 1.488, 1.484, 1.483, 1.482, 1.48, 1.479, 1.479, 1.478, 1.479, 1.48, 1.481, 1.482, 1.484, 1.485, 1.486, 1.487, 1.488, 1.488, 1.487, 1.486, 1.485, 1.485, 1.484, 1.483, 1.483, 1.483, 1.482, 1.482, 1.482, 1.481, 1.481, 1.48, 1.48, 1.48, 1.48, 1.48, 1.479, 1.479, 1.478, 1.478, 1.478, 1.478, 1.477, 1.477, 1.476, 1.476, 1.476, 1.477, 1.477, 1.478, 1.478, 1.478, 1.478, 1.478, 1.478, 1.478, 1.478, 1.477, 1.477, 1.476, 1.476, 1.476, 1.476, 1.475, 1.475, 1.475, 1.475, 1.476, 1.476, 1.476, 1.476, 1.475, 1.474, 1.473, 1.472, 1.471, 1.47, 1.469, 1.469, 1.468, 1.468, 1.469, 1.469, 1.47, 1.47, 1.47, 1.47, 1.47, 1.47, 1.47, 1.47, 1.47, 1.47, 1.47, 1.47, 1.47, 1.47, 1.471, 1.471, 1.472, 1.472, 1.472, 1.473, 1.474, 1.474, 1.474, 1.475, 1.476, 1.476, 1.475, 1.474, 1.472, 1.471, 1.468, 1.466, 1.466, 1.464, 1.464, 1.464, 1.464, 1.464, 1.466, 1.468, 1.468, 1.469, 1.47, 1.471, 1.472, 1.472, 1.472, 1.472, 1.472, 1.471, 1.47, 1.47, 1.469, 1.466, 1.464, 1.462, 1.462, 1.46, 1.46, 1.458, 1.458, 1.46, 1.46, 1.462, 1.462, 1.462, 1.462, 1.462, 1.462, 1.46, 1.46, 1.46, 1.46, 1.46, 1.46, 1.46, 1.462, 1.462, 1.462, 1.462, 1.462, 1.462, 1.462, 1.46, 1.458, 1.458, 1.458, 1.458, 1.458, 1.458, 1.458, 1.458, 1.458, 1.458, 1.458, 1.458, 1.458, 1.458, 1.456, 1.456, 1.454, 1.454, 1.454, 1.454, 1.454, 1.456, 1.458, 1.458, 1.458, 1.46, 1.462, 1.462, 1.462, 1.462, 1.462, 1.462, 1.462, 1.462, 1.462, 1.462, 1.46, 1.46, 1.46, 1.46, 1.458, 1.458, 1.458, 1.458, 1.458, 1.458, 1.458, 1.458, 1.458, 1.458, 1.458, 1.458, 1.456, 1.456, 1.458, 0, 
1.511, 1.512, 1.513, 1.513, 1.516, 1.516, 1.517, 1.518, 1.519, 1.52, 1.524, 1.524, 1.528, 1.528, 1.531, 1.528, 1.527, 1.527, 1.526, 1.525, 1.524, 1.524, 1.524, 1.524, 1.524, 1.524, 1.524, 1.525, 1.526, 1.527, 1.527, 1.532, 1.532, 1.533, 1.533, 1.533, 1.532, 1.532, 1.527, 1.526, 1.524, 1.524, 1.521, 1.521, 1.52, 1.52, 1.52, 1.52, 1.52, 1.52, 1.519, 1.518, 1.517, 1.516, 1.512, 1.512, 1.511, 1.511, 1.511, 1.511, 1.511, 1.512, 1.513, 1.516, 1.517, 1.517, 1.518, 1.519, 1.52, 1.521, 1.521, 1.522, 1.522, 1.521, 1.52, 1.519, 1.518, 1.517, 1.516, 1.513, 1.513, 1.513, 1.513, 1.513, 1.513, 1.516, 1.516, 1.517, 1.517, 1.517, 1.517, 1.516, 1.516, 1.513, 1.512, 1.511, 1.511, 1.511, 1.51, 1.51, 1.509, 1.509, 1.509, 1.509, 1.509, 1.509, 1.509, 1.509, 1.509, 1.509, 1.51, 1.51, 1.511, 1.511, 1.512, 1.513, 1.513, 1.513, 1.513, 1.513, 1.512, 1.511, 1.511, 1.511, 1.511, 1.511, 1.511, 1.512, 1.512, 1.513, 1.516, 1.516, 1.516, 1.516, 1.516, 1.512, 1.511, 1.51, 1.509, 1.509, 1.508, 1.507, 1.507, 1.507, 1.507, 1.507, 1.507, 1.507, 1.507, 1.507, 1.507, 1.507, 1.507, 1.507, 1.507, 1.507, 1.506, 1.506, 1.505, 1.505, 1.505, 1.505, 1.505, 1.505, 1.505, 1.505, 1.505, 1.505, 1.505, 1.505, 1.506, 1.506, 1.507, 1.507, 1.508, 1.509, 1.51, 1.511, 1.511, 1.511, 1.511, 1.511, 1.511, 1.51, 1.51, 1.509, 1.509, 1.508, 1.507, 1.507, 1.506, 1.505, 1.504, 1.503, 1.503, 1.503, 1.503, 1.503, 1.503, 1.502, 1.502, 1.503, 1.503, 1.503, 1.503, 1.504, 1.504, 1.505, 1.506, 1.507, 1.507, 1.509, 1.509, 1.51, 1.51, 1.51, 1.51, 1.51, 1.51, 1.509, 1.508, 1.507, 1.505, 1.505, 1.504, 1.503, 1.503, 1.502, 1.501, 1.5, 1.495, 1.494, 1.493, 1.49, 1.489, 1.488, 1.488, 1.488, 1.489, 1.49, 1.492, 1.493, 1.495, 1.496, 1.499, 1.499, 1.496, 1.495, 1.494, 1.494, 1.493, 1.493, 1.492, 1.492, 1.491, 1.491, 1.49, 1.489, 1.485, 1.484, 1.483, 1.482, 1.481, 1.48, 1.48, 1.48, 1.481, 1.482, 1.483, 1.484, 1.486, 1.486, 1.487, 1.487, 1.487, 1.486, 1.486, 1.485, 1.484, 1.483, 1.483, 1.482, 1.482, 1.482, 1.481, 1.481, 1.48, 1.479, 1.479, 1.479, 1.478, 1.478, 1.478, 1.478, 1.478, 1.478, 1.478, 1.478, 1.478, 1.478, 1.477, 1.477, 1.477, 1.477, 1.477, 1.478, 1.478, 1.478, 1.478, 1.478, 1.478, 1.478, 1.478, 1.478, 1.478, 1.478, 1.477, 1.477, 1.477, 1.476, 1.476, 1.476, 1.476, 1.476, 1.476, 1.476, 1.476, 1.476, 1.475, 1.474, 1.473, 1.472, 1.471, 1.47, 1.47, 1.47, 1.47, 1.47, 1.47, 1.47, 1.47, 1.47, 1.47, 1.47, 1.47, 1.47, 1.47, 1.47, 1.47, 1.47, 1.47, 1.47, 1.47, 1.47, 1.47, 1.471, 1.471, 1.472, 1.472, 1.473, 1.474, 1.474, 1.474, 1.475, 1.475, 1.475, 1.474, 1.474, 1.472, 1.471, 1.468, 1.466, 1.466, 1.466, 1.464, 1.464, 1.464, 1.466, 1.466, 1.468, 1.468, 1.469, 1.47, 1.47, 1.471, 1.471, 1.471, 1.471, 1.471, 1.471, 1.47, 1.47, 1.469, 1.466, 1.466, 1.462, 1.462, 1.46, 1.46, 1.46, 1.46, 1.46, 1.46, 1.462, 1.462, 1.462, 1.462, 1.462, 1.462, 1.46, 1.46, 1.46, 1.46, 1.46, 1.46, 1.46, 1.462, 1.462, 1.462, 1.464, 1.464, 1.462, 1.462, 1.46, 1.458, 1.458, 1.458, 1.458, 1.458, 1.458, 1.458, 1.458, 1.458, 1.458, 1.458, 1.458, 1.458, 1.458, 1.456, 1.456, 1.454, 1.454, 1.454, 1.454, 1.454, 1.454, 1.456, 1.458, 1.458, 1.458, 1.46, 1.46, 1.46, 1.46, 1.46, 1.46, 1.46, 1.46, 1.462, 1.462, 1.462, 1.46, 1.46, 1.46, 1.46, 1.46, 1.46, 1.46, 1.46, 1.46, 1.46, 1.458, 1.458, 1.458, 1.458, 1.458, 1.456, 1.456, 1.458, 0, 
1.512, 1.512, 1.513, 1.516, 1.516, 1.517, 1.518, 1.518, 1.52, 1.52, 1.524, 1.524, 1.528, 1.528, 1.531, 1.528, 1.527, 1.526, 1.525, 1.524, 1.523, 1.523, 1.523, 1.524, 1.524, 1.524, 1.525, 1.526, 1.527, 1.527, 1.532, 1.532, 1.533, 1.533, 1.533, 1.533, 1.532, 1.528, 1.527, 1.524, 1.523, 1.522, 1.52, 1.52, 1.52, 1.52, 1.52, 1.52, 1.52, 1.519, 1.518, 1.517, 1.517, 1.516, 1.512, 1.511, 1.511, 1.51, 1.51, 1.511, 1.511, 1.512, 1.516, 1.516, 1.517, 1.518, 1.519, 1.52, 1.521, 1.521, 1.522, 1.522, 1.522, 1.521, 1.52, 1.519, 1.518, 1.517, 1.516, 1.513, 1.513, 1.513, 1.513, 1.513, 1.516, 1.516, 1.516, 1.517, 1.518, 1.517, 1.516, 1.516, 1.516, 1.513, 1.512, 1.511, 1.51, 1.51, 1.51, 1.509, 1.509, 1.509, 1.509, 1.509, 1.509, 1.509, 1.509, 1.509, 1.509, 1.51, 1.51, 1.511, 1.511, 1.512, 1.512, 1.513, 1.513, 1.513, 1.513, 1.513, 1.512, 1.511, 1.511, 1.511, 1.511, 1.511, 1.511, 1.512, 1.513, 1.513, 1.516, 1.516, 1.516, 1.516, 1.513, 1.512, 1.511, 1.51, 1.509, 1.509, 1.508, 1.507, 1.507, 1.507, 1.507, 1.507, 1.507, 1.507, 1.507, 1.507, 1.507, 1.507, 1.507, 1.507, 1.507, 1.507, 1.506, 1.505, 1.505, 1.505, 1.505, 1.505, 1.505, 1.505, 1.504, 1.504, 1.504, 1.504, 1.504, 1.504, 1.505, 1.506, 1.507, 1.507, 1.508, 1.509, 1.51, 1.511, 1.511, 1.511, 1.511, 1.511, 1.511, 1.511, 1.51, 1.509, 1.509, 1.508, 1.507, 1.507, 1.506, 1.505, 1.504, 1.503, 1.503, 1.503, 1.503, 1.503, 1.503, 1.503, 1.503, 1.503, 1.503, 1.503, 1.504, 1.505, 1.505, 1.506, 1.506, 1.507, 1.507, 1.508, 1.509, 1.509, 1.509, 1.509, 1.509, 1.509, 1.508, 1.508, 1.507, 1.506, 1.505, 1.505, 1.505, 1.504, 1.503, 1.502, 1.501, 1.5, 1.496, 1.495, 1.494, 1.49, 1.489, 1.488, 1.488, 1.489, 1.489, 1.49, 1.492, 1.494, 1.495, 1.496, 1.499, 1.499, 1.496, 1.496, 1.495, 1.494, 1.494, 1.493, 1.492, 1.492, 1.492, 1.491, 1.49, 1.49, 1.486, 1.485, 1.484, 1.483, 1.482, 1.481, 1.481, 1.481, 1.482, 1.483, 1.484, 1.485, 1.486, 1.487, 1.487, 1.487, 1.486, 1.486, 1.485, 1.484, 1.484, 1.483, 1.482, 1.482, 1.482, 1.481, 1.48, 1.48, 1.479, 1.478, 1.478, 1.478, 1.477, 1.477, 1.477, 1.477, 1.477, 1.477, 1.477, 1.478, 1.478, 1.478, 1.478, 1.478, 1.478, 1.478, 1.478, 1.478, 1.478, 1.478, 1.478, 1.478, 1.478, 1.478, 1.478, 1.478, 1.478, 1.478, 1.478, 1.478, 1.477, 1.477, 1.477, 1.477, 1.476, 1.476, 1.476, 1.476, 1.476, 1.475, 1.474, 1.474, 1.473, 1.472, 1.472, 1.471, 1.47, 1.47, 1.47, 1.47, 1.47, 1.47, 1.47, 1.47, 1.47, 1.47, 1.47, 1.47, 1.47, 1.47, 1.47, 1.47, 1.47, 1.47, 1.47, 1.47, 1.47, 1.47, 1.471, 1.471, 1.472, 1.472, 1.473, 1.473, 1.474, 1.474, 1.475, 1.474, 1.474, 1.473, 1.472, 1.471, 1.47, 1.468, 1.466, 1.466, 1.466, 1.466, 1.466, 1.466, 1.466, 1.468, 1.468, 1.469, 1.47, 1.47, 1.47, 1.47, 1.471, 1.471, 1.47, 1.47, 1.47, 1.47, 1.469, 1.466, 1.466, 1.464, 1.462, 1.462, 1.46, 1.46, 1.46, 1.46, 1.462, 1.462, 1.462, 1.462, 1.462, 1.462, 1.462, 1.46, 1.46, 1.46, 1.46, 1.46, 1.46, 1.46, 1.462, 1.462, 1.462, 1.464, 1.464, 1.464, 1.462, 1.462, 1.46, 1.458, 1.458, 1.458, 1.458, 1.456, 1.456, 1.456, 1.456, 1.456, 1.456, 1.458, 1.458, 1.456, 1.456, 1.454, 1.454, 1.454, 1.454, 1.454, 1.454, 1.454, 1.456, 1.456, 1.458, 1.458, 1.458, 1.458, 1.46, 1.46, 1.46, 1.46, 1.46, 1.46, 1.462, 1.462, 1.462, 1.462, 1.462, 1.462, 1.462, 1.462, 1.46, 1.46, 1.46, 1.46, 1.46, 1.458, 1.458, 1.458, 1.458, 1.458, 1.456, 1.456, 1.458, 0, 
1.517, 1.517, 1.517, 1.517, 1.517, 1.517, 1.518, 1.519, 1.52, 1.521, 1.524, 1.525, 1.528, 1.528, 1.531, 1.527, 1.526, 1.525, 1.524, 1.524, 1.523, 1.522, 1.523, 1.523, 1.524, 1.524, 1.525, 1.526, 1.527, 1.528, 1.533, 1.533, 1.533, 1.533, 1.533, 1.532, 1.532, 1.527, 1.526, 1.523, 1.522, 1.521, 1.519, 1.519, 1.518, 1.518, 1.518, 1.519, 1.519, 1.518, 1.518, 1.517, 1.516, 1.516, 1.512, 1.511, 1.511, 1.51, 1.51, 1.511, 1.511, 1.512, 1.516, 1.517, 1.518, 1.518, 1.519, 1.52, 1.521, 1.522, 1.522, 1.522, 1.522, 1.522, 1.52, 1.519, 1.518, 1.517, 1.516, 1.513, 1.513, 1.513, 1.513, 1.513, 1.516, 1.516, 1.516, 1.517, 1.518, 1.517, 1.516, 1.516, 1.513, 1.512, 1.512, 1.511, 1.51, 1.509, 1.509, 1.509, 1.51, 1.51, 1.51, 1.51, 1.51, 1.51, 1.51, 1.51, 1.51, 1.51, 1.511, 1.511, 1.512, 1.512, 1.513, 1.513, 1.516, 1.516, 1.513, 1.513, 1.512, 1.511, 1.511, 1.511, 1.511, 1.511, 1.511, 1.512, 1.516, 1.516, 1.516, 1.516, 1.516, 1.516, 1.512, 1.512, 1.511, 1.51, 1.509, 1.508, 1.507, 1.507, 1.507, 1.507, 1.507, 1.507, 1.507, 1.507, 1.507, 1.507, 1.507, 1.507, 1.507, 1.507, 1.507, 1.507, 1.506, 1.505, 1.505, 1.505, 1.505, 1.505, 1.505, 1.505, 1.504, 1.503, 1.503, 1.503, 1.503, 1.504, 1.504, 1.505, 1.506, 1.507, 1.508, 1.509, 1.51, 1.511, 1.511, 1.511, 1.511, 1.511, 1.511, 1.511, 1.51, 1.509, 1.509, 1.508, 1.507, 1.507, 1.506, 1.505, 1.504, 1.503, 1.503, 1.503, 1.503, 1.503, 1.503, 1.503, 1.503, 1.503, 1.503, 1.504, 1.505, 1.505, 1.505, 1.506, 1.507, 1.507, 1.507, 1.508, 1.508, 1.508, 1.508, 1.508, 1.508, 1.507, 1.507, 1.506, 1.506, 1.505, 1.505, 1.505, 1.505, 1.504, 1.504, 1.503, 1.501, 1.5, 1.496, 1.495, 1.494, 1.49, 1.49, 1.489, 1.489, 1.489, 1.49, 1.491, 1.492, 1.494, 1.495, 1.499, 1.499, 1.499, 1.496, 1.495, 1.495, 1.494, 1.494, 1.493, 1.492, 1.492, 1.492, 1.491, 1.491, 1.49, 1.487, 1.486, 1.485, 1.484, 1.483, 1.482, 1.482, 1.482, 1.483, 1.484, 1.485, 1.486, 1.486, 1.487, 1.487, 1.486, 1.486, 1.486, 1.485, 1.484, 1.484, 1.483, 1.482, 1.482, 1.481, 1.48, 1.48, 1.479, 1.478, 1.477, 1.477, 1.476, 1.476, 1.476, 1.476, 1.476, 1.476, 1.476, 1.477, 1.477, 1.478, 1.478, 1.478, 1.478, 1.478, 1.478, 1.478, 1.478, 1.478, 1.478, 1.478, 1.478, 1.478, 1.478, 1.478, 1.478, 1.478, 1.478, 1.478, 1.478, 1.478, 1.478, 1.478, 1.477, 1.477, 1.477, 1.476, 1.476, 1.476, 1.475, 1.474, 1.474, 1.472, 1.472, 1.472, 1.471, 1.47, 1.47, 1.47, 1.47, 1.47, 1.47, 1.47, 1.47, 1.47, 1.47, 1.47, 1.47, 1.47, 1.47, 1.47, 1.47, 1.47, 1.47, 1.47, 1.47, 1.47, 1.47, 1.47, 1.471, 1.471, 1.472, 1.472, 1.473, 1.473, 1.474, 1.474, 1.474, 1.474, 1.473, 1.472, 1.471, 1.47, 1.468, 1.466, 1.466, 1.466, 1.466, 1.466, 1.466, 1.468, 1.468, 1.468, 1.469, 1.47, 1.47, 1.47, 1.47, 1.47, 1.47, 1.47, 1.47, 1.47, 1.469, 1.469, 1.466, 1.466, 1.464, 1.462, 1.462, 1.462, 1.462, 1.462, 1.462, 1.462, 1.462, 1.462, 1.462, 1.462, 1.462, 1.462, 1.462, 1.46, 1.46, 1.46, 1.46, 1.46, 1.462, 1.462, 1.462, 1.464, 1.464, 1.464, 1.464, 1.464, 1.462, 1.46, 1.458, 1.458, 1.458, 1.456, 1.456, 1.456, 1.456, 1.456, 1.456, 1.456, 1.456, 1.456, 1.456, 1.454, 1.454, 1.454, 1.454, 1.454, 1.454, 1.454, 1.454, 1.454, 1.456, 1.456, 1.458, 1.458, 1.458, 1.458, 1.458, 1.458, 1.46, 1.46, 1.46, 1.462, 1.462, 1.462, 1.462, 1.462, 1.462, 1.462, 1.462, 1.462, 1.462, 1.462, 1.46, 1.46, 1.46, 1.458, 1.458, 1.458, 1.458, 1.456, 1.456, 1.458, 0, 
1.518, 1.518, 1.518, 1.518, 1.518, 1.518, 1.519, 1.52, 1.521, 1.522, 1.524, 1.526, 1.527, 1.528, 1.531, 1.527, 1.526, 1.525, 1.524, 1.523, 1.522, 1.522, 1.522, 1.523, 1.524, 1.524, 1.526, 1.527, 1.528, 1.532, 1.533, 1.533, 1.533, 1.533, 1.532, 1.532, 1.527, 1.526, 1.524, 1.522, 1.521, 1.52, 1.518, 1.517, 1.517, 1.517, 1.518, 1.518, 1.518, 1.518, 1.518, 1.517, 1.516, 1.513, 1.512, 1.511, 1.511, 1.51, 1.51, 1.511, 1.511, 1.512, 1.516, 1.517, 1.518, 1.518, 1.52, 1.52, 1.522, 1.522, 1.523, 1.523, 1.523, 1.522, 1.52, 1.52, 1.518, 1.517, 1.513, 1.513, 1.513, 1.513, 1.513, 1.513, 1.516, 1.516, 1.516, 1.517, 1.517, 1.517, 1.516, 1.516, 1.513, 1.512, 1.511, 1.51, 1.51, 1.509, 1.509, 1.509, 1.51, 1.511, 1.511, 1.51, 1.51, 1.51, 1.51, 1.511, 1.511, 1.511, 1.511, 1.511, 1.512, 1.513, 1.513, 1.516, 1.516, 1.516, 1.513, 1.513, 1.512, 1.512, 1.511, 1.511, 1.511, 1.511, 1.512, 1.512, 1.516, 1.516, 1.516, 1.516, 1.516, 1.516, 1.512, 1.511, 1.51, 1.509, 1.508, 1.508, 1.507, 1.507, 1.507, 1.507, 1.507, 1.507, 1.507, 1.507, 1.508, 1.508, 1.508, 1.507, 1.507, 1.507, 1.507, 1.506, 1.506, 1.505, 1.505, 1.505, 1.505, 1.505, 1.505, 1.505, 1.504, 1.503, 1.503, 1.503, 1.503, 1.503, 1.504, 1.505, 1.505, 1.507, 1.507, 1.509, 1.51, 1.511, 1.511, 1.511, 1.511, 1.511, 1.511, 1.511, 1.51, 1.509, 1.508, 1.507, 1.507, 1.507, 1.506, 1.505, 1.504, 1.503, 1.503, 1.503, 1.503, 1.503, 1.503, 1.503, 1.503, 1.503, 1.504, 1.504, 1.505, 1.505, 1.506, 1.506, 1.507, 1.507, 1.507, 1.507, 1.507, 1.507, 1.507, 1.507, 1.507, 1.506, 1.506, 1.505, 1.505, 1.505, 1.505, 1.505, 1.505, 1.505, 1.504, 1.503, 1.502, 1.501, 1.5, 1.495, 1.495, 1.491, 1.49, 1.489, 1.489, 1.49, 1.49, 1.491, 1.492, 1.494, 1.495, 1.496, 1.499, 1.496, 1.496, 1.495, 1.494, 1.494, 1.494, 1.493, 1.492, 1.492, 1.492, 1.492, 1.491, 1.49, 1.488, 1.487, 1.486, 1.485, 1.484, 1.484, 1.484, 1.484, 1.484, 1.485, 1.486, 1.486, 1.487, 1.487, 1.487, 1.486, 1.486, 1.486, 1.485, 1.484, 1.484, 1.483, 1.482, 1.482, 1.481, 1.48, 1.479, 1.478, 1.477, 1.476, 1.476, 1.475, 1.475, 1.475, 1.475, 1.476, 1.476, 1.476, 1.476, 1.477, 1.477, 1.477, 1.478, 1.478, 1.478, 1.478, 1.478, 1.478, 1.478, 1.478, 1.478, 1.478, 1.478, 1.478, 1.478, 1.478, 1.478, 1.478, 1.478, 1.478, 1.478, 1.478, 1.478, 1.478, 1.478, 1.477, 1.476, 1.476, 1.476, 1.475, 1.474, 1.473, 1.472, 1.472, 1.472, 1.471, 1.47, 1.47, 1.47, 1.47, 1.47, 1.47, 1.47, 1.47, 1.47, 1.47, 1.47, 1.47, 1.47, 1.47, 1.47, 1.47, 1.47, 1.47, 1.469, 1.469, 1.47, 1.47, 1.47, 1.47, 1.47, 1.471, 1.471, 1.472, 1.472, 1.473, 1.473, 1.474, 1.473, 1.473, 1.472, 1.471, 1.47, 1.468, 1.466, 1.466, 1.466, 1.466, 1.466, 1.468, 1.468, 1.468, 1.468, 1.469, 1.47, 1.47, 1.47, 1.47, 1.47, 1.47, 1.47, 1.47, 1.47, 1.469, 1.469, 1.466, 1.466, 1.466, 1.464, 1.462, 1.462, 1.462, 1.462, 1.462, 1.462, 1.462, 1.464, 1.464, 1.464, 1.462, 1.462, 1.462, 1.46, 1.46, 1.46, 1.46, 1.46, 1.462, 1.462, 1.462, 1.464, 1.464, 1.466, 1.464, 1.464, 1.462, 1.46, 1.46, 1.458, 1.456, 1.456, 1.454, 1.454, 1.454, 1.454, 1.454, 1.454, 1.454, 1.454, 1.454, 1.454, 1.454, 1.454, 1.454, 1.454, 1.454, 1.454, 1.454, 1.454, 1.454, 1.456, 1.458, 1.458, 1.458, 1.458, 1.458, 1.458, 1.46, 1.46, 1.46, 1.462, 1.462, 1.462, 1.462, 1.462, 1.462, 1.462, 1.462, 1.462, 1.462, 1.462, 1.462, 1.46, 1.46, 1.46, 1.46, 1.46, 1.46, 1.458, 1.458, 1.458, 0, 
1.519, 1.519, 1.519, 1.52, 1.52, 1.52, 1.52, 1.521, 1.522, 1.524, 1.525, 1.526, 1.527, 1.531, 1.531, 1.527, 1.526, 1.524, 1.523, 1.522, 1.522, 1.522, 1.522, 1.522, 1.524, 1.524, 1.526, 1.527, 1.531, 1.532, 1.533, 1.533, 1.533, 1.533, 1.532, 1.528, 1.527, 1.525, 1.523, 1.522, 1.52, 1.519, 1.517, 1.517, 1.516, 1.517, 1.517, 1.517, 1.518, 1.518, 1.517, 1.517, 1.516, 1.513, 1.512, 1.511, 1.511, 1.51, 1.51, 1.511, 1.511, 1.512, 1.516, 1.517, 1.518, 1.519, 1.52, 1.521, 1.522, 1.523, 1.524, 1.524, 1.523, 1.522, 1.52, 1.52, 1.518, 1.517, 1.513, 1.513, 1.513, 1.513, 1.513, 1.513, 1.516, 1.516, 1.516, 1.517, 1.517, 1.517, 1.516, 1.513, 1.512, 1.511, 1.511, 1.51, 1.509, 1.509, 1.509, 1.51, 1.51, 1.511, 1.511, 1.511, 1.511, 1.511, 1.511, 1.511, 1.511, 1.511, 1.511, 1.511, 1.512, 1.513, 1.516, 1.516, 1.516, 1.516, 1.516, 1.513, 1.513, 1.512, 1.511, 1.511, 1.511, 1.511, 1.512, 1.513, 1.516, 1.516, 1.516, 1.516, 1.516, 1.516, 1.512, 1.511, 1.51, 1.509, 1.508, 1.507, 1.507, 1.507, 1.507, 1.507, 1.507, 1.507, 1.508, 1.508, 1.508, 1.509, 1.508, 1.508, 1.507, 1.507, 1.507, 1.507, 1.506, 1.505, 1.505, 1.505, 1.505, 1.505, 1.505, 1.505, 1.504, 1.503, 1.503, 1.503, 1.503, 1.503, 1.503, 1.504, 1.505, 1.506, 1.507, 1.508, 1.509, 1.51, 1.511, 1.512, 1.512, 1.511, 1.511, 1.511, 1.51, 1.509, 1.508, 1.507, 1.507, 1.507, 1.506, 1.505, 1.504, 1.503, 1.503, 1.503, 1.503, 1.503, 1.503, 1.503, 1.503, 1.504, 1.505, 1.505, 1.505, 1.506, 1.506, 1.507, 1.507, 1.507, 1.507, 1.507, 1.506, 1.506, 1.506, 1.505, 1.505, 1.505, 1.505, 1.504, 1.504, 1.505, 1.505, 1.505, 1.505, 1.505, 1.505, 1.504, 1.503, 1.501, 1.5, 1.495, 1.494, 1.492, 1.49, 1.489, 1.489, 1.49, 1.49, 1.491, 1.492, 1.494, 1.495, 1.496, 1.496, 1.496, 1.495, 1.494, 1.494, 1.493, 1.493, 1.493, 1.492, 1.492, 1.492, 1.492, 1.491, 1.49, 1.489, 1.488, 1.487, 1.486, 1.486, 1.485, 1.485, 1.485, 1.486, 1.486, 1.487, 1.487, 1.488, 1.488, 1.488, 1.487, 1.486, 1.486, 1.485, 1.484, 1.484, 1.483, 1.482, 1.482, 1.48, 1.48, 1.478, 1.477, 1.476, 1.475, 1.475, 1.474, 1.474, 1.474, 1.475, 1.475, 1.476, 1.476, 1.476, 1.476, 1.476, 1.477, 1.477, 1.478, 1.478, 1.478, 1.478, 1.478, 1.478, 1.478, 1.478, 1.478, 1.478, 1.478, 1.478, 1.478, 1.478, 1.478, 1.478, 1.478, 1.478, 1.478, 1.478, 1.478, 1.478, 1.477, 1.476, 1.476, 1.475, 1.475, 1.474, 1.473, 1.472, 1.472, 1.472, 1.471, 1.47, 1.47, 1.47, 1.47, 1.47, 1.47, 1.47, 1.47, 1.47, 1.47, 1.47, 1.47, 1.47, 1.47, 1.47, 1.47, 1.469, 1.469, 1.468, 1.468, 1.468, 1.468, 1.468, 1.468, 1.47, 1.47, 1.47, 1.471, 1.471, 1.472, 1.472, 1.473, 1.473, 1.472, 1.472, 1.471, 1.47, 1.47, 1.468, 1.468, 1.466, 1.466, 1.468, 1.468, 1.468, 1.468, 1.469, 1.469, 1.469, 1.469, 1.468, 1.468, 1.468, 1.468, 1.468, 1.469, 1.469, 1.469, 1.468, 1.468, 1.466, 1.466, 1.464, 1.462, 1.462, 1.462, 1.462, 1.462, 1.462, 1.464, 1.464, 1.464, 1.464, 1.462, 1.462, 1.462, 1.46, 1.46, 1.46, 1.46, 1.462, 1.462, 1.462, 1.464, 1.464, 1.466, 1.466, 1.464, 1.464, 1.462, 1.46, 1.46, 1.458, 1.456, 1.454, 1.454, 1.454, 1.454, 1.454, 1.454, 1.454, 1.454, 1.454, 1.454, 1.454, 1.454, 1.454, 1.454, 1.454, 1.454, 1.454, 1.454, 1.454, 1.454, 1.456, 1.456, 1.458, 1.458, 1.458, 1.458, 1.458, 1.46, 1.46, 1.46, 1.462, 1.462, 1.462, 1.462, 1.464, 1.464, 1.464, 1.464, 1.462, 1.462, 1.462, 1.462, 1.462, 1.46, 1.46, 1.46, 1.46, 1.46, 1.46, 1.46, 1.46, 0, 
1.52, 1.52, 1.52, 1.52, 1.52, 1.521, 1.521, 1.522, 1.523, 1.524, 1.526, 1.527, 1.528, 1.531, 1.527, 1.526, 1.525, 1.523, 1.522, 1.521, 1.521, 1.521, 1.521, 1.522, 1.523, 1.524, 1.526, 1.527, 1.531, 1.532, 1.532, 1.533, 1.532, 1.532, 1.532, 1.527, 1.526, 1.525, 1.521, 1.52, 1.519, 1.518, 1.517, 1.516, 1.516, 1.516, 1.516, 1.517, 1.517, 1.518, 1.517, 1.517, 1.516, 1.513, 1.512, 1.511, 1.511, 1.511, 1.511, 1.511, 1.512, 1.512, 1.517, 1.518, 1.519, 1.52, 1.52, 1.521, 1.522, 1.523, 1.524, 1.524, 1.523, 1.522, 1.521, 1.52, 1.517, 1.517, 1.513, 1.513, 1.513, 1.513, 1.513, 1.513, 1.516, 1.516, 1.516, 1.517, 1.517, 1.516, 1.516, 1.512, 1.512, 1.511, 1.51, 1.509, 1.509, 1.509, 1.509, 1.51, 1.511, 1.511, 1.511, 1.511, 1.511, 1.511, 1.511, 1.511, 1.511, 1.511, 1.511, 1.512, 1.512, 1.513, 1.516, 1.516, 1.516, 1.516, 1.516, 1.516, 1.513, 1.512, 1.512, 1.511, 1.511, 1.512, 1.512, 1.516, 1.516, 1.516, 1.516, 1.516, 1.516, 1.512, 1.512, 1.511, 1.509, 1.508, 1.507, 1.507, 1.506, 1.506, 1.506, 1.507, 1.507, 1.507, 1.508, 1.509, 1.509, 1.509, 1.509, 1.508, 1.508, 1.507, 1.507, 1.507, 1.506, 1.505, 1.505, 1.505, 1.505, 1.505, 1.505, 1.505, 1.504, 1.504, 1.503, 1.503, 1.503, 1.503, 1.503, 1.503, 1.504, 1.505, 1.506, 1.507, 1.509, 1.51, 1.511, 1.511, 1.512, 1.511, 1.511, 1.511, 1.51, 1.509, 1.508, 1.507, 1.507, 1.506, 1.505, 1.505, 1.504, 1.503, 1.503, 1.503, 1.503, 1.503, 1.503, 1.503, 1.504, 1.505, 1.505, 1.506, 1.506, 1.506, 1.507, 1.507, 1.507, 1.507, 1.506, 1.506, 1.505, 1.505, 1.505, 1.504, 1.504, 1.504, 1.503, 1.503, 1.503, 1.504, 1.504, 1.504, 1.505, 1.505, 1.505, 1.504, 1.503, 1.501, 1.5, 1.495, 1.494, 1.492, 1.491, 1.49, 1.49, 1.49, 1.49, 1.491, 1.492, 1.494, 1.495, 1.495, 1.495, 1.495, 1.494, 1.494, 1.493, 1.493, 1.492, 1.492, 1.492, 1.492, 1.492, 1.492, 1.492, 1.491, 1.49, 1.489, 1.488, 1.488, 1.487, 1.487, 1.486, 1.487, 1.487, 1.488, 1.488, 1.488, 1.488, 1.488, 1.488, 1.488, 1.487, 1.486, 1.485, 1.484, 1.484, 1.483, 1.482, 1.482, 1.48, 1.479, 1.478, 1.476, 1.476, 1.475, 1.474, 1.474, 1.474, 1.474, 1.474, 1.475, 1.476, 1.476, 1.476, 1.476, 1.476, 1.476, 1.476, 1.477, 1.478, 1.478, 1.478, 1.478, 1.478, 1.478, 1.478, 1.478, 1.478, 1.478, 1.478, 1.478, 1.478, 1.478, 1.478, 1.478, 1.478, 1.478, 1.478, 1.478, 1.477, 1.477, 1.476, 1.475, 1.475, 1.474, 1.473, 1.473, 1.472, 1.472, 1.472, 1.471, 1.471, 1.47, 1.47, 1.47, 1.47, 1.47, 1.47, 1.47, 1.47, 1.47, 1.47, 1.47, 1.47, 1.47, 1.47, 1.469, 1.469, 1.468, 1.468, 1.466, 1.466, 1.466, 1.466, 1.468, 1.468, 1.468, 1.47, 1.47, 1.47, 1.471, 1.472, 1.472, 1.472, 1.472, 1.472, 1.471, 1.471, 1.47, 1.468, 1.468, 1.468, 1.468, 1.468, 1.468, 1.47, 1.47, 1.47, 1.469, 1.469, 1.468, 1.468, 1.468, 1.468, 1.468, 1.468, 1.468, 1.468, 1.468, 1.468, 1.468, 1.466, 1.466, 1.466, 1.464, 1.464, 1.464, 1.464, 1.464, 1.464, 1.466, 1.466, 1.466, 1.464, 1.462, 1.462, 1.462, 1.462, 1.462, 1.462, 1.462, 1.462, 1.462, 1.462, 1.464, 1.466, 1.466, 1.466, 1.466, 1.464, 1.464, 1.462, 1.46, 1.458, 1.456, 1.454, 1.454, 1.454, 1.452, 1.452, 1.452, 1.452, 1.452, 1.452, 1.452, 1.452, 1.452, 1.452, 1.452, 1.452, 1.452, 1.454, 1.454, 1.454, 1.454, 1.456, 1.456, 1.458, 1.458, 1.458, 1.458, 1.458, 1.46, 1.46, 1.462, 1.462, 1.462, 1.464, 1.464, 1.464, 1.464, 1.466, 1.464, 1.464, 1.464, 1.462, 1.462, 1.462, 1.46, 1.46, 1.46, 1.46, 1.46, 1.46, 1.46, 1.46, 0, 
1.522, 1.522, 1.522, 1.522, 1.522, 1.522, 1.522, 1.523, 1.524, 1.525, 1.526, 1.527, 1.531, 1.528, 1.527, 1.526, 1.524, 1.522, 1.521, 1.52, 1.52, 1.52, 1.52, 1.521, 1.523, 1.524, 1.526, 1.527, 1.528, 1.531, 1.532, 1.532, 1.532, 1.532, 1.528, 1.527, 1.524, 1.524, 1.52, 1.519, 1.518, 1.517, 1.516, 1.516, 1.516, 1.516, 1.516, 1.516, 1.517, 1.518, 1.517, 1.516, 1.516, 1.513, 1.513, 1.512, 1.511, 1.511, 1.511, 1.512, 1.512, 1.516, 1.517, 1.518, 1.519, 1.52, 1.521, 1.522, 1.523, 1.524, 1.524, 1.523, 1.523, 1.522, 1.52, 1.52, 1.516, 1.516, 1.513, 1.513, 1.513, 1.513, 1.513, 1.513, 1.516, 1.516, 1.516, 1.516, 1.516, 1.516, 1.513, 1.512, 1.511, 1.51, 1.51, 1.509, 1.509, 1.509, 1.51, 1.51, 1.511, 1.511, 1.511, 1.511, 1.511, 1.511, 1.511, 1.511, 1.511, 1.511, 1.511, 1.512, 1.512, 1.516, 1.516, 1.516, 1.516, 1.516, 1.516, 1.516, 1.513, 1.513, 1.512, 1.512, 1.512, 1.512, 1.513, 1.516, 1.516, 1.516, 1.516, 1.516, 1.516, 1.512, 1.511, 1.511, 1.509, 1.508, 1.507, 1.506, 1.505, 1.505, 1.506, 1.507, 1.507, 1.507, 1.508, 1.509, 1.509, 1.509, 1.509, 1.509, 1.508, 1.508, 1.507, 1.507, 1.506, 1.505, 1.505, 1.505, 1.505, 1.505, 1.505, 1.505, 1.505, 1.504, 1.503, 1.503, 1.503, 1.503, 1.503, 1.503, 1.504, 1.505, 1.506, 1.507, 1.509, 1.51, 1.511, 1.511, 1.512, 1.511, 1.511, 1.511, 1.51, 1.509, 1.508, 1.507, 1.507, 1.506, 1.505, 1.504, 1.503, 1.503, 1.503, 1.503, 1.503, 1.503, 1.503, 1.504, 1.505, 1.505, 1.506, 1.506, 1.507, 1.507, 1.507, 1.507, 1.506, 1.506, 1.505, 1.505, 1.505, 1.504, 1.504, 1.503, 1.503, 1.502, 1.502, 1.502, 1.502, 1.502, 1.503, 1.504, 1.504, 1.505, 1.505, 1.504, 1.503, 1.502, 1.5, 1.495, 1.494, 1.492, 1.491, 1.49, 1.49, 1.49, 1.491, 1.492, 1.492, 1.493, 1.494, 1.494, 1.494, 1.494, 1.493, 1.493, 1.492, 1.492, 1.492, 1.492, 1.492, 1.492, 1.492, 1.492, 1.492, 1.491, 1.49, 1.49, 1.49, 1.489, 1.489, 1.488, 1.488, 1.488, 1.489, 1.49, 1.49, 1.49, 1.489, 1.489, 1.488, 1.488, 1.487, 1.486, 1.485, 1.484, 1.484, 1.483, 1.482, 1.481, 1.48, 1.479, 1.477, 1.476, 1.475, 1.474, 1.474, 1.473, 1.473, 1.474, 1.474, 1.475, 1.476, 1.476, 1.476, 1.476, 1.476, 1.476, 1.476, 1.476, 1.477, 1.478, 1.478, 1.478, 1.478, 1.478, 1.478, 1.478, 1.478, 1.478, 1.478, 1.478, 1.478, 1.478, 1.478, 1.478, 1.478, 1.478, 1.478, 1.478, 1.477, 1.476, 1.475, 1.475, 1.474, 1.474, 1.473, 1.472, 1.472, 1.472, 1.472, 1.471, 1.471, 1.47, 1.47, 1.47, 1.47, 1.47, 1.47, 1.47, 1.469, 1.47, 1.47, 1.47, 1.47, 1.47, 1.469, 1.469, 1.468, 1.466, 1.466, 1.466, 1.466, 1.466, 1.466, 1.466, 1.466, 1.468, 1.468, 1.47, 1.47, 1.47, 1.471, 1.471, 1.472, 1.472, 1.472, 1.472, 1.471, 1.471, 1.471, 1.47, 1.47, 1.47, 1.47, 1.47, 1.47, 1.47, 1.47, 1.469, 1.469, 1.468, 1.468, 1.466, 1.466, 1.466, 1.466, 1.468, 1.468, 1.468, 1.468, 1.468, 1.468, 1.466, 1.466, 1.464, 1.464, 1.464, 1.464, 1.464, 1.466, 1.466, 1.466, 1.466, 1.464, 1.464, 1.462, 1.462, 1.462, 1.462, 1.462, 1.462, 1.462, 1.462, 1.462, 1.464, 1.466, 1.466, 1.466, 1.466, 1.464, 1.464, 1.462, 1.46, 1.458, 1.456, 1.454, 1.454, 1.452, 1.452, 1.45, 1.45, 1.45, 1.45, 1.45, 1.45, 1.45, 1.45, 1.45, 1.45, 1.452, 1.452, 1.452, 1.454, 1.454, 1.454, 1.454, 1.456, 1.458, 1.458, 1.458, 1.458, 1.458, 1.46, 1.46, 1.462, 1.462, 1.462, 1.464, 1.466, 1.466, 1.466, 1.466, 1.466, 1.464, 1.464, 1.464, 1.464, 1.462, 1.462, 1.462, 1.462, 1.462, 1.46, 1.46, 1.46, 1.46, 0, 
1.522, 1.522, 1.522, 1.522, 1.522, 1.523, 1.523, 1.524, 1.525, 1.526, 1.527, 1.527, 1.528, 1.528, 1.528, 1.525, 1.524, 1.521, 1.521, 1.52, 1.52, 1.52, 1.52, 1.521, 1.522, 1.524, 1.526, 1.527, 1.528, 1.531, 1.531, 1.531, 1.531, 1.528, 1.527, 1.526, 1.523, 1.522, 1.519, 1.518, 1.517, 1.516, 1.516, 1.516, 1.516, 1.516, 1.516, 1.516, 1.517, 1.517, 1.517, 1.516, 1.516, 1.516, 1.513, 1.512, 1.512, 1.512, 1.512, 1.512, 1.513, 1.517, 1.518, 1.519, 1.52, 1.52, 1.521, 1.522, 1.523, 1.524, 1.524, 1.523, 1.522, 1.521, 1.52, 1.519, 1.516, 1.516, 1.513, 1.513, 1.513, 1.513, 1.513, 1.516, 1.516, 1.516, 1.516, 1.516, 1.516, 1.516, 1.513, 1.512, 1.511, 1.51, 1.509, 1.509, 1.509, 1.509, 1.51, 1.511, 1.511, 1.511, 1.511, 1.511, 1.511, 1.511, 1.511, 1.511, 1.511, 1.511, 1.511, 1.512, 1.512, 1.516, 1.516, 1.516, 1.516, 1.516, 1.516, 1.516, 1.513, 1.513, 1.513, 1.512, 1.512, 1.513, 1.513, 1.516, 1.516, 1.516, 1.516, 1.516, 1.516, 1.512, 1.511, 1.51, 1.509, 1.508, 1.507, 1.506, 1.505, 1.505, 1.506, 1.507, 1.507, 1.507, 1.508, 1.509, 1.509, 1.509, 1.509, 1.509, 1.509, 1.508, 1.507, 1.507, 1.506, 1.506, 1.506, 1.505, 1.505, 1.505, 1.505, 1.505, 1.505, 1.504, 1.504, 1.503, 1.503, 1.503, 1.503, 1.503, 1.503, 1.504, 1.505, 1.507, 1.508, 1.509, 1.51, 1.511, 1.511, 1.511, 1.511, 1.51, 1.509, 1.509, 1.508, 1.507, 1.507, 1.506, 1.505, 1.504, 1.503, 1.503, 1.503, 1.503, 1.503, 1.503, 1.504, 1.504, 1.505, 1.506, 1.506, 1.507, 1.507, 1.507, 1.507, 1.506, 1.506, 1.505, 1.505, 1.505, 1.504, 1.503, 1.503, 1.502, 1.501, 1.501, 1.501, 1.501, 1.501, 1.501, 1.502, 1.503, 1.504, 1.504, 1.505, 1.505, 1.504, 1.502, 1.501, 1.495, 1.494, 1.493, 1.492, 1.49, 1.49, 1.49, 1.49, 1.491, 1.492, 1.493, 1.493, 1.493, 1.493, 1.493, 1.492, 1.492, 1.492, 1.492, 1.492, 1.492, 1.492, 1.492, 1.492, 1.492, 1.492, 1.492, 1.491, 1.491, 1.49, 1.49, 1.49, 1.49, 1.49, 1.49, 1.491, 1.491, 1.491, 1.491, 1.49, 1.49, 1.489, 1.488, 1.488, 1.487, 1.486, 1.485, 1.484, 1.483, 1.482, 1.481, 1.48, 1.478, 1.477, 1.475, 1.474, 1.474, 1.473, 1.473, 1.473, 1.474, 1.474, 1.475, 1.476, 1.476, 1.476, 1.476, 1.476, 1.476, 1.476, 1.476, 1.477, 1.477, 1.478, 1.478, 1.478, 1.478, 1.478, 1.478, 1.478, 1.478, 1.478, 1.478, 1.478, 1.478, 1.478, 1.478, 1.478, 1.478, 1.477, 1.477, 1.476, 1.475, 1.475, 1.474, 1.474, 1.473, 1.472, 1.472, 1.472, 1.472, 1.472, 1.471, 1.47, 1.47, 1.47, 1.47, 1.47, 1.47, 1.469, 1.469, 1.468, 1.469, 1.469, 1.469, 1.469, 1.469, 1.469, 1.468, 1.466, 1.466, 1.466, 1.466, 1.466, 1.466, 1.466, 1.466, 1.466, 1.466, 1.466, 1.468, 1.468, 1.47, 1.47, 1.471, 1.471, 1.472, 1.472, 1.472, 1.472, 1.472, 1.471, 1.471, 1.471, 1.471, 1.471, 1.471, 1.471, 1.47, 1.47, 1.47, 1.469, 1.468, 1.468, 1.466, 1.466, 1.466, 1.466, 1.466, 1.468, 1.468, 1.468, 1.468, 1.468, 1.468, 1.466, 1.466, 1.466, 1.466, 1.466, 1.466, 1.466, 1.466, 1.466, 1.466, 1.466, 1.464, 1.462, 1.462, 1.462, 1.462, 1.462, 1.462, 1.462, 1.462, 1.462, 1.464, 1.466, 1.466, 1.466, 1.466, 1.464, 1.464, 1.462, 1.46, 1.458, 1.458, 1.454, 1.454, 1.452, 1.45, 1.45, 1.45, 1.45, 1.45, 1.45, 1.45, 1.45, 1.45, 1.45, 1.45, 1.45, 1.45, 1.452, 1.452, 1.454, 1.454, 1.454, 1.456, 1.458, 1.458, 1.458, 1.458, 1.458, 1.46, 1.46, 1.462, 1.462, 1.464, 1.466, 1.466, 1.466, 1.466, 1.466, 1.466, 1.466, 1.464, 1.464, 1.464, 1.464, 1.462, 1.462, 1.462, 1.462, 1.462, 1.462, 1.462, 1.462, 0, 
1.523, 1.523, 1.523, 1.523, 1.523, 1.524, 1.524, 1.524, 1.525, 1.526, 1.527, 1.528, 1.528, 1.528, 1.528, 1.524, 1.524, 1.52, 1.52, 1.52, 1.52, 1.52, 1.52, 1.521, 1.522, 1.524, 1.526, 1.527, 1.528, 1.531, 1.531, 1.531, 1.528, 1.527, 1.526, 1.525, 1.521, 1.52, 1.519, 1.517, 1.516, 1.516, 1.513, 1.513, 1.516, 1.516, 1.516, 1.516, 1.516, 1.516, 1.516, 1.516, 1.516, 1.516, 1.513, 1.513, 1.512, 1.512, 1.512, 1.516, 1.516, 1.517, 1.518, 1.519, 1.52, 1.521, 1.521, 1.522, 1.523, 1.524, 1.523, 1.523, 1.522, 1.521, 1.52, 1.518, 1.517, 1.516, 1.513, 1.513, 1.513, 1.513, 1.513, 1.516, 1.516, 1.517, 1.517, 1.516, 1.516, 1.516, 1.512, 1.512, 1.511, 1.51, 1.509, 1.509, 1.509, 1.51, 1.511, 1.511, 1.511, 1.511, 1.511, 1.511, 1.511, 1.511, 1.511, 1.511, 1.511, 1.511, 1.511, 1.512, 1.513, 1.516, 1.516, 1.516, 1.516, 1.516, 1.516, 1.516, 1.516, 1.513, 1.513, 1.513, 1.513, 1.513, 1.513, 1.516, 1.516, 1.516, 1.516, 1.516, 1.516, 1.512, 1.511, 1.51, 1.509, 1.508, 1.507, 1.506, 1.505, 1.505, 1.506, 1.507, 1.507, 1.508, 1.508, 1.509, 1.509, 1.509, 1.509, 1.509, 1.509, 1.509, 1.508, 1.507, 1.507, 1.507, 1.506, 1.506, 1.506, 1.506, 1.505, 1.505, 1.505, 1.505, 1.504, 1.503, 1.503, 1.502, 1.502, 1.502, 1.503, 1.504, 1.505, 1.506, 1.507, 1.509, 1.51, 1.511, 1.511, 1.511, 1.511, 1.51, 1.509, 1.509, 1.508, 1.507, 1.506, 1.506, 1.504, 1.504, 1.503, 1.503, 1.503, 1.503, 1.503, 1.503, 1.504, 1.505, 1.506, 1.507, 1.507, 1.507, 1.507, 1.507, 1.506, 1.506, 1.505, 1.505, 1.504, 1.504, 1.503, 1.502, 1.502, 1.501, 1.5, 1.5, 1.5, 1.5, 1.5, 1.5, 1.501, 1.502, 1.503, 1.504, 1.504, 1.504, 1.503, 1.502, 1.501, 1.5, 1.494, 1.493, 1.492, 1.491, 1.49, 1.49, 1.49, 1.491, 1.492, 1.492, 1.492, 1.492, 1.492, 1.492, 1.492, 1.491, 1.491, 1.491, 1.491, 1.491, 1.491, 1.491, 1.491, 1.491, 1.492, 1.492, 1.492, 1.492, 1.492, 1.492, 1.492, 1.492, 1.492, 1.492, 1.492, 1.492, 1.492, 1.492, 1.491, 1.49, 1.49, 1.489, 1.488, 1.487, 1.486, 1.485, 1.484, 1.484, 1.482, 1.481, 1.48, 1.478, 1.476, 1.475, 1.474, 1.473, 1.473, 1.472, 1.473, 1.474, 1.475, 1.475, 1.476, 1.476, 1.476, 1.476, 1.476, 1.476, 1.475, 1.475, 1.476, 1.477, 1.477, 1.478, 1.478, 1.478, 1.478, 1.478, 1.478, 1.478, 1.478, 1.478, 1.478, 1.478, 1.478, 1.478, 1.478, 1.477, 1.477, 1.476, 1.476, 1.475, 1.474, 1.473, 1.473, 1.472, 1.472, 1.472, 1.472, 1.471, 1.471, 1.471, 1.47, 1.47, 1.47, 1.47, 1.47, 1.47, 1.469, 1.468, 1.468, 1.468, 1.468, 1.468, 1.469, 1.468, 1.468, 1.468, 1.466, 1.466, 1.466, 1.466, 1.464, 1.464, 1.464, 1.464, 1.466, 1.466, 1.466, 1.466, 1.466, 1.468, 1.47, 1.47, 1.471, 1.471, 1.472, 1.472, 1.472, 1.472, 1.472, 1.472, 1.472, 1.472, 1.472, 1.472, 1.471, 1.471, 1.47, 1.47, 1.469, 1.468, 1.466, 1.466, 1.466, 1.466, 1.466, 1.466, 1.466, 1.468, 1.468, 1.468, 1.468, 1.468, 1.468, 1.466, 1.466, 1.466, 1.466, 1.466, 1.466, 1.466, 1.466, 1.466, 1.466, 1.464, 1.462, 1.462, 1.462, 1.462, 1.462, 1.462, 1.462, 1.462, 1.462, 1.464, 1.466, 1.466, 1.466, 1.466, 1.466, 1.464, 1.462, 1.462, 1.458, 1.458, 1.454, 1.454, 1.45, 1.45, 1.448, 1.448, 1.448, 1.448, 1.448, 1.448, 1.448, 1.448, 1.45, 1.45, 1.45, 1.45, 1.45, 1.452, 1.454, 1.454, 1.454, 1.456, 1.458, 1.458, 1.458, 1.458, 1.46, 1.46, 1.462, 1.462, 1.464, 1.464, 1.466, 1.468, 1.468, 1.468, 1.468, 1.468, 1.466, 1.466, 1.464, 1.464, 1.464, 1.464, 1.464, 1.462, 1.462, 1.462, 1.462, 1.462, 1.462, 0, 
1.524, 1.524, 1.524, 1.524, 1.524, 1.524, 1.524, 1.524, 1.526, 1.526, 1.527, 1.528, 1.528, 1.527, 1.527, 1.524, 1.524, 1.52, 1.52, 1.52, 1.52, 1.52, 1.52, 1.521, 1.522, 1.524, 1.526, 1.527, 1.528, 1.528, 1.531, 1.528, 1.527, 1.526, 1.525, 1.524, 1.52, 1.519, 1.518, 1.517, 1.516, 1.516, 1.513, 1.513, 1.513, 1.516, 1.516, 1.516, 1.516, 1.516, 1.516, 1.516, 1.516, 1.516, 1.516, 1.516, 1.516, 1.516, 1.516, 1.516, 1.517, 1.518, 1.519, 1.52, 1.521, 1.521, 1.522, 1.523, 1.523, 1.524, 1.523, 1.522, 1.522, 1.52, 1.52, 1.518, 1.517, 1.516, 1.516, 1.516, 1.513, 1.513, 1.516, 1.516, 1.517, 1.517, 1.517, 1.517, 1.516, 1.516, 1.513, 1.512, 1.511, 1.51, 1.509, 1.509, 1.51, 1.51, 1.511, 1.511, 1.511, 1.512, 1.512, 1.512, 1.511, 1.511, 1.511, 1.511, 1.511, 1.511, 1.512, 1.512, 1.513, 1.516, 1.516, 1.516, 1.517, 1.517, 1.516, 1.516, 1.516, 1.516, 1.513, 1.513, 1.513, 1.513, 1.513, 1.516, 1.516, 1.516, 1.516, 1.516, 1.516, 1.512, 1.511, 1.51, 1.509, 1.508, 1.507, 1.506, 1.506, 1.506, 1.506, 1.507, 1.507, 1.508, 1.509, 1.509, 1.509, 1.509, 1.509, 1.509, 1.509, 1.509, 1.509, 1.508, 1.508, 1.507, 1.507, 1.507, 1.507, 1.506, 1.506, 1.505, 1.505, 1.505, 1.504, 1.503, 1.503, 1.502, 1.501, 1.501, 1.502, 1.503, 1.504, 1.506, 1.507, 1.508, 1.51, 1.511, 1.511, 1.511, 1.511, 1.51, 1.509, 1.509, 1.507, 1.507, 1.506, 1.505, 1.504, 1.503, 1.503, 1.503, 1.503, 1.503, 1.503, 1.504, 1.504, 1.505, 1.506, 1.507, 1.507, 1.507, 1.507, 1.507, 1.506, 1.505, 1.505, 1.505, 1.504, 1.503, 1.502, 1.502, 1.501, 1.5, 1.499, 1.499, 1.499, 1.499, 1.499, 1.499, 1.5, 1.501, 1.502, 1.503, 1.504, 1.504, 1.503, 1.502, 1.501, 1.5, 1.495, 1.494, 1.492, 1.491, 1.49, 1.49, 1.49, 1.49, 1.491, 1.491, 1.491, 1.491, 1.491, 1.491, 1.49, 1.49, 1.49, 1.49, 1.49, 1.49, 1.49, 1.49, 1.49, 1.491, 1.492, 1.492, 1.492, 1.492, 1.492, 1.492, 1.492, 1.493, 1.493, 1.493, 1.493, 1.493, 1.493, 1.492, 1.492, 1.491, 1.49, 1.49, 1.489, 1.488, 1.487, 1.486, 1.485, 1.484, 1.482, 1.481, 1.48, 1.478, 1.476, 1.474, 1.473, 1.473, 1.472, 1.472, 1.473, 1.474, 1.475, 1.476, 1.476, 1.476, 1.476, 1.476, 1.476, 1.475, 1.475, 1.475, 1.475, 1.476, 1.477, 1.477, 1.478, 1.478, 1.479, 1.479, 1.478, 1.478, 1.478, 1.478, 1.478, 1.478, 1.478, 1.478, 1.477, 1.477, 1.476, 1.475, 1.475, 1.474, 1.473, 1.473, 1.472, 1.472, 1.471, 1.471, 1.471, 1.471, 1.47, 1.47, 1.47, 1.47, 1.47, 1.47, 1.47, 1.47, 1.469, 1.468, 1.468, 1.468, 1.468, 1.468, 1.468, 1.468, 1.468, 1.468, 1.466, 1.466, 1.466, 1.464, 1.464, 1.464, 1.464, 1.464, 1.464, 1.464, 1.466, 1.466, 1.466, 1.466, 1.468, 1.47, 1.47, 1.471, 1.471, 1.472, 1.472, 1.472, 1.472, 1.472, 1.472, 1.472, 1.472, 1.472, 1.472, 1.471, 1.47, 1.47, 1.468, 1.468, 1.466, 1.466, 1.466, 1.466, 1.466, 1.466, 1.466, 1.468, 1.468, 1.468, 1.468, 1.468, 1.468, 1.466, 1.466, 1.466, 1.466, 1.466, 1.466, 1.466, 1.466, 1.466, 1.466, 1.464, 1.464, 1.462, 1.462, 1.462, 1.462, 1.462, 1.462, 1.462, 1.462, 1.464, 1.464, 1.466, 1.466, 1.466, 1.466, 1.464, 1.462, 1.462, 1.458, 1.458, 1.454, 1.452, 1.45, 1.45, 1.448, 1.446, 1.446, 1.446, 1.446, 1.448, 1.448, 1.448, 1.448, 1.45, 1.45, 1.45, 1.45, 1.452, 1.452, 1.454, 1.454, 1.456, 1.458, 1.458, 1.458, 1.46, 1.46, 1.46, 1.462, 1.464, 1.464, 1.466, 1.468, 1.468, 1.468, 1.47, 1.47, 1.468, 1.466, 1.466, 1.464, 1.464, 1.464, 1.462, 1.462, 1.462, 1.462, 1.462, 1.462, 1.462, 1.462, 0, 
1.524, 1.524, 1.524, 1.524, 1.524, 1.524, 1.524, 1.525, 1.526, 1.526, 1.527, 1.527, 1.527, 1.526, 1.526, 1.524, 1.523, 1.52, 1.52, 1.52, 1.52, 1.52, 1.52, 1.52, 1.523, 1.524, 1.526, 1.527, 1.528, 1.528, 1.528, 1.528, 1.527, 1.524, 1.524, 1.522, 1.52, 1.519, 1.517, 1.516, 1.513, 1.513, 1.513, 1.513, 1.513, 1.516, 1.516, 1.516, 1.516, 1.517, 1.517, 1.517, 1.517, 1.516, 1.516, 1.516, 1.516, 1.517, 1.517, 1.517, 1.518, 1.519, 1.52, 1.521, 1.521, 1.522, 1.522, 1.523, 1.524, 1.523, 1.523, 1.522, 1.521, 1.52, 1.52, 1.518, 1.517, 1.516, 1.516, 1.516, 1.516, 1.516, 1.516, 1.517, 1.517, 1.518, 1.518, 1.517, 1.516, 1.516, 1.513, 1.512, 1.511, 1.51, 1.51, 1.51, 1.51, 1.511, 1.511, 1.511, 1.512, 1.512, 1.513, 1.512, 1.512, 1.512, 1.511, 1.511, 1.511, 1.511, 1.512, 1.512, 1.513, 1.516, 1.516, 1.517, 1.517, 1.517, 1.517, 1.516, 1.516, 1.516, 1.513, 1.513, 1.513, 1.513, 1.513, 1.516, 1.516, 1.516, 1.516, 1.516, 1.516, 1.512, 1.511, 1.511, 1.509, 1.508, 1.507, 1.507, 1.507, 1.507, 1.507, 1.507, 1.507, 1.508, 1.509, 1.509, 1.509, 1.509, 1.509, 1.509, 1.509, 1.509, 1.509, 1.509, 1.508, 1.508, 1.508, 1.507, 1.507, 1.507, 1.507, 1.506, 1.505, 1.505, 1.505, 1.504, 1.503, 1.502, 1.501, 1.501, 1.502, 1.503, 1.504, 1.505, 1.506, 1.508, 1.509, 1.51, 1.511, 1.511, 1.511, 1.51, 1.509, 1.509, 1.507, 1.507, 1.506, 1.505, 1.504, 1.503, 1.503, 1.503, 1.503, 1.503, 1.503, 1.504, 1.505, 1.506, 1.507, 1.507, 1.507, 1.507, 1.507, 1.506, 1.505, 1.505, 1.505, 1.504, 1.503, 1.503, 1.502, 1.501, 1.501, 1.5, 1.499, 1.499, 1.499, 1.499, 1.499, 1.499, 1.5, 1.501, 1.502, 1.503, 1.503, 1.504, 1.503, 1.502, 1.501, 1.5, 1.495, 1.494, 1.492, 1.491, 1.49, 1.49, 1.49, 1.49, 1.49, 1.49, 1.49, 1.49, 1.49, 1.49, 1.49, 1.49, 1.49, 1.49, 1.49, 1.49, 1.49, 1.49, 1.49, 1.491, 1.492, 1.492, 1.492, 1.492, 1.493, 1.493, 1.494, 1.494, 1.494, 1.494, 1.494, 1.494, 1.494, 1.493, 1.493, 1.492, 1.491, 1.49, 1.49, 1.489, 1.488, 1.486, 1.485, 1.484, 1.483, 1.482, 1.48, 1.478, 1.476, 1.474, 1.473, 1.473, 1.473, 1.473, 1.473, 1.474, 1.475, 1.476, 1.477, 1.477, 1.476, 1.476, 1.475, 1.475, 1.474, 1.474, 1.475, 1.475, 1.476, 1.477, 1.478, 1.478, 1.479, 1.479, 1.479, 1.478, 1.478, 1.478, 1.478, 1.478, 1.478, 1.478, 1.477, 1.476, 1.476, 1.475, 1.474, 1.473, 1.473, 1.472, 1.472, 1.471, 1.471, 1.47, 1.47, 1.47, 1.47, 1.47, 1.47, 1.47, 1.47, 1.47, 1.47, 1.47, 1.469, 1.468, 1.468, 1.468, 1.468, 1.468, 1.468, 1.468, 1.468, 1.466, 1.466, 1.466, 1.464, 1.462, 1.462, 1.462, 1.462, 1.462, 1.462, 1.464, 1.464, 1.466, 1.466, 1.466, 1.466, 1.468, 1.468, 1.47, 1.471, 1.471, 1.472, 1.472, 1.472, 1.472, 1.473, 1.473, 1.473, 1.472, 1.472, 1.472, 1.471, 1.47, 1.468, 1.468, 1.466, 1.466, 1.466, 1.466, 1.466, 1.466, 1.466, 1.468, 1.468, 1.468, 1.468, 1.468, 1.468, 1.468, 1.468, 1.468, 1.466, 1.466, 1.466, 1.466, 1.466, 1.466, 1.466, 1.464, 1.464, 1.462, 1.462, 1.462, 1.462, 1.462, 1.462, 1.462, 1.462, 1.464, 1.464, 1.464, 1.466, 1.466, 1.466, 1.464, 1.464, 1.462, 1.458, 1.458, 1.454, 1.452, 1.45, 1.448, 1.446, 1.446, 1.446, 1.446, 1.446, 1.446, 1.446, 1.446, 1.448, 1.448, 1.45, 1.45, 1.45, 1.452, 1.452, 1.454, 1.454, 1.456, 1.458, 1.458, 1.458, 1.46, 1.46, 1.462, 1.464, 1.464, 1.466, 1.468, 1.468, 1.47, 1.47, 1.47, 1.47, 1.468, 1.466, 1.466, 1.466, 1.464, 1.464, 1.462, 1.462, 1.462, 1.462, 1.462, 1.462, 1.462, 1.462, 0, 
1.524, 1.524, 1.524, 1.524, 1.524, 1.524, 1.524, 1.524, 1.525, 1.526, 1.526, 1.527, 1.526, 1.526, 1.525, 1.524, 1.522, 1.521, 1.52, 1.52, 1.52, 1.52, 1.52, 1.52, 1.524, 1.525, 1.526, 1.527, 1.528, 1.528, 1.528, 1.527, 1.526, 1.524, 1.524, 1.52, 1.519, 1.518, 1.517, 1.516, 1.513, 1.513, 1.513, 1.513, 1.513, 1.516, 1.516, 1.516, 1.516, 1.517, 1.518, 1.518, 1.518, 1.517, 1.517, 1.517, 1.517, 1.518, 1.518, 1.518, 1.519, 1.52, 1.521, 1.521, 1.522, 1.522, 1.523, 1.523, 1.524, 1.523, 1.522, 1.522, 1.521, 1.52, 1.52, 1.518, 1.518, 1.517, 1.517, 1.516, 1.516, 1.516, 1.517, 1.518, 1.518, 1.518, 1.518, 1.517, 1.516, 1.516, 1.513, 1.512, 1.511, 1.511, 1.511, 1.511, 1.511, 1.511, 1.511, 1.511, 1.512, 1.513, 1.513, 1.513, 1.513, 1.513, 1.512, 1.512, 1.512, 1.512, 1.512, 1.513, 1.513, 1.516, 1.516, 1.517, 1.517, 1.518, 1.517, 1.517, 1.516, 1.516, 1.516, 1.513, 1.513, 1.513, 1.513, 1.516, 1.516, 1.516, 1.516, 1.516, 1.516, 1.516, 1.511, 1.511, 1.509, 1.508, 1.508, 1.507, 1.507, 1.507, 1.507, 1.507, 1.508, 1.508, 1.509, 1.509, 1.509, 1.509, 1.51, 1.51, 1.509, 1.509, 1.509, 1.509, 1.509, 1.509, 1.508, 1.508, 1.508, 1.508, 1.507, 1.507, 1.506, 1.505, 1.505, 1.504, 1.503, 1.502, 1.502, 1.501, 1.502, 1.503, 1.504, 1.505, 1.506, 1.507, 1.508, 1.509, 1.51, 1.51, 1.51, 1.51, 1.509, 1.508, 1.507, 1.507, 1.505, 1.505, 1.504, 1.503, 1.503, 1.503, 1.503, 1.503, 1.503, 1.504, 1.505, 1.506, 1.507, 1.507, 1.507, 1.507, 1.506, 1.506, 1.505, 1.505, 1.505, 1.504, 1.503, 1.503, 1.502, 1.501, 1.501, 1.5, 1.499, 1.499, 1.496, 1.496, 1.496, 1.499, 1.499, 1.5, 1.501, 1.502, 1.503, 1.503, 1.503, 1.502, 1.501, 1.5, 1.495, 1.494, 1.493, 1.491, 1.49, 1.49, 1.49, 1.49, 1.49, 1.49, 1.49, 1.49, 1.489, 1.489, 1.489, 1.489, 1.489, 1.489, 1.489, 1.489, 1.489, 1.49, 1.49, 1.491, 1.492, 1.492, 1.492, 1.493, 1.493, 1.494, 1.494, 1.495, 1.495, 1.495, 1.495, 1.495, 1.495, 1.494, 1.494, 1.493, 1.492, 1.491, 1.49, 1.489, 1.488, 1.487, 1.486, 1.484, 1.483, 1.482, 1.48, 1.478, 1.476, 1.474, 1.473, 1.473, 1.473, 1.474, 1.474, 1.475, 1.476, 1.477, 1.477, 1.477, 1.476, 1.476, 1.475, 1.474, 1.474, 1.474, 1.474, 1.474, 1.475, 1.476, 1.477, 1.478, 1.479, 1.479, 1.479, 1.478, 1.478, 1.478, 1.478, 1.478, 1.478, 1.478, 1.477, 1.476, 1.476, 1.474, 1.474, 1.473, 1.472, 1.471, 1.471, 1.471, 1.47, 1.47, 1.47, 1.47, 1.47, 1.47, 1.471, 1.471, 1.471, 1.47, 1.47, 1.47, 1.469, 1.468, 1.468, 1.468, 1.468, 1.468, 1.468, 1.468, 1.468, 1.466, 1.466, 1.464, 1.464, 1.462, 1.462, 1.462, 1.462, 1.462, 1.462, 1.462, 1.462, 1.464, 1.466, 1.466, 1.466, 1.468, 1.468, 1.468, 1.47, 1.471, 1.472, 1.472, 1.472, 1.473, 1.473, 1.474, 1.473, 1.473, 1.472, 1.472, 1.471, 1.471, 1.468, 1.468, 1.466, 1.466, 1.466, 1.466, 1.466, 1.466, 1.466, 1.468, 1.468, 1.468, 1.469, 1.468, 1.468, 1.468, 1.468, 1.468, 1.468, 1.468, 1.466, 1.466, 1.466, 1.466, 1.466, 1.466, 1.464, 1.462, 1.462, 1.462, 1.462, 1.462, 1.462, 1.462, 1.462, 1.464, 1.464, 1.464, 1.466, 1.466, 1.466, 1.464, 1.464, 1.462, 1.458, 1.458, 1.454, 1.452, 1.45, 1.448, 1.446, 1.446, 1.446, 1.446, 1.446, 1.446, 1.446, 1.446, 1.446, 1.448, 1.45, 1.45, 1.45, 1.452, 1.452, 1.454, 1.454, 1.456, 1.458, 1.458, 1.458, 1.46, 1.462, 1.462, 1.464, 1.466, 1.468, 1.468, 1.47, 1.471, 1.471, 1.471, 1.471, 1.47, 1.468, 1.466, 1.466, 1.464, 1.464, 1.462, 1.462, 1.462, 1.462, 1.462, 1.462, 1.462, 1.464, 0, 
1.524, 1.524, 1.524, 1.524, 1.524, 1.524, 1.524, 1.524, 1.525, 1.526, 1.526, 1.526, 1.526, 1.525, 1.524, 1.523, 1.522, 1.521, 1.52, 1.52, 1.52, 1.52, 1.52, 1.521, 1.524, 1.525, 1.526, 1.527, 1.528, 1.528, 1.527, 1.526, 1.525, 1.523, 1.522, 1.52, 1.519, 1.518, 1.517, 1.516, 1.513, 1.513, 1.513, 1.513, 1.513, 1.516, 1.516, 1.516, 1.516, 1.517, 1.518, 1.519, 1.519, 1.518, 1.518, 1.518, 1.519, 1.519, 1.52, 1.52, 1.52, 1.521, 1.522, 1.522, 1.523, 1.523, 1.523, 1.524, 1.524, 1.523, 1.522, 1.522, 1.521, 1.52, 1.52, 1.519, 1.518, 1.518, 1.517, 1.517, 1.517, 1.517, 1.518, 1.518, 1.519, 1.519, 1.518, 1.518, 1.517, 1.516, 1.513, 1.512, 1.511, 1.511, 1.511, 1.511, 1.511, 1.511, 1.511, 1.511, 1.512, 1.513, 1.513, 1.513, 1.513, 1.513, 1.513, 1.513, 1.512, 1.512, 1.512, 1.513, 1.516, 1.516, 1.516, 1.517, 1.518, 1.518, 1.518, 1.517, 1.516, 1.516, 1.516, 1.513, 1.513, 1.513, 1.513, 1.516, 1.516, 1.516, 1.516, 1.516, 1.516, 1.513, 1.512, 1.511, 1.51, 1.509, 1.508, 1.507, 1.507, 1.507, 1.507, 1.507, 1.508, 1.509, 1.509, 1.509, 1.509, 1.51, 1.51, 1.51, 1.51, 1.509, 1.509, 1.509, 1.509, 1.509, 1.509, 1.509, 1.509, 1.509, 1.508, 1.507, 1.507, 1.506, 1.505, 1.504, 1.503, 1.503, 1.502, 1.502, 1.502, 1.503, 1.503, 1.505, 1.505, 1.506, 1.507, 1.508, 1.509, 1.509, 1.509, 1.509, 1.509, 1.508, 1.507, 1.507, 1.505, 1.505, 1.504, 1.503, 1.503, 1.503, 1.503, 1.503, 1.503, 1.504, 1.505, 1.506, 1.507, 1.507, 1.507, 1.506, 1.506, 1.505, 1.505, 1.505, 1.504, 1.504, 1.503, 1.503, 1.502, 1.501, 1.501, 1.5, 1.499, 1.499, 1.496, 1.496, 1.496, 1.499, 1.499, 1.5, 1.5, 1.501, 1.502, 1.502, 1.502, 1.501, 1.501, 1.5, 1.495, 1.494, 1.493, 1.492, 1.491, 1.49, 1.489, 1.489, 1.489, 1.489, 1.489, 1.489, 1.488, 1.488, 1.488, 1.488, 1.488, 1.488, 1.488, 1.488, 1.489, 1.49, 1.49, 1.491, 1.492, 1.492, 1.492, 1.493, 1.494, 1.495, 1.495, 1.496, 1.496, 1.496, 1.496, 1.496, 1.499, 1.495, 1.495, 1.494, 1.493, 1.492, 1.491, 1.49, 1.489, 1.488, 1.486, 1.485, 1.484, 1.482, 1.48, 1.478, 1.476, 1.475, 1.474, 1.474, 1.474, 1.474, 1.475, 1.476, 1.477, 1.477, 1.478, 1.478, 1.477, 1.476, 1.475, 1.474, 1.473, 1.473, 1.473, 1.474, 1.475, 1.476, 1.477, 1.478, 1.478, 1.479, 1.479, 1.479, 1.479, 1.478, 1.478, 1.478, 1.478, 1.477, 1.476, 1.476, 1.475, 1.474, 1.474, 1.472, 1.472, 1.471, 1.47, 1.47, 1.47, 1.47, 1.47, 1.47, 1.47, 1.47, 1.471, 1.472, 1.471, 1.471, 1.47, 1.47, 1.47, 1.468, 1.468, 1.468, 1.468, 1.468, 1.468, 1.468, 1.466, 1.466, 1.466, 1.464, 1.462, 1.462, 1.462, 1.462, 1.462, 1.462, 1.462, 1.462, 1.462, 1.464, 1.464, 1.464, 1.466, 1.466, 1.468, 1.468, 1.47, 1.471, 1.472, 1.472, 1.473, 1.473, 1.474, 1.474, 1.474, 1.473, 1.472, 1.472, 1.471, 1.471, 1.468, 1.468, 1.466, 1.466, 1.466, 1.466, 1.466, 1.466, 1.466, 1.468, 1.468, 1.468, 1.469, 1.469, 1.469, 1.468, 1.468, 1.468, 1.468, 1.468, 1.468, 1.468, 1.466, 1.466, 1.466, 1.466, 1.464, 1.464, 1.464, 1.464, 1.462, 1.462, 1.462, 1.462, 1.462, 1.462, 1.464, 1.464, 1.464, 1.464, 1.464, 1.464, 1.464, 1.462, 1.46, 1.458, 1.454, 1.452, 1.45, 1.448, 1.446, 1.446, 1.444, 1.444, 1.446, 1.446, 1.446, 1.446, 1.446, 1.448, 1.45, 1.45, 1.45, 1.452, 1.452, 1.454, 1.454, 1.456, 1.458, 1.458, 1.458, 1.46, 1.462, 1.462, 1.464, 1.466, 1.468, 1.468, 1.471, 1.471, 1.472, 1.472, 1.472, 1.471, 1.468, 1.466, 1.466, 1.464, 1.464, 1.464, 1.464, 1.462, 1.462, 1.462, 1.462, 1.462, 1.464, 0, 
1.524, 1.524, 1.524, 1.524, 1.524, 1.524, 1.524, 1.524, 1.525, 1.525, 1.525, 1.525, 1.525, 1.524, 1.524, 1.522, 1.521, 1.52, 1.52, 1.52, 1.52, 1.52, 1.521, 1.522, 1.524, 1.524, 1.526, 1.527, 1.528, 1.528, 1.527, 1.526, 1.524, 1.522, 1.521, 1.52, 1.518, 1.517, 1.516, 1.513, 1.513, 1.513, 1.513, 1.513, 1.513, 1.513, 1.516, 1.516, 1.516, 1.517, 1.518, 1.519, 1.519, 1.519, 1.519, 1.52, 1.52, 1.52, 1.52, 1.52, 1.521, 1.522, 1.522, 1.523, 1.523, 1.524, 1.524, 1.524, 1.523, 1.523, 1.522, 1.521, 1.52, 1.52, 1.52, 1.519, 1.518, 1.518, 1.518, 1.518, 1.518, 1.518, 1.519, 1.519, 1.52, 1.519, 1.518, 1.518, 1.517, 1.516, 1.513, 1.512, 1.512, 1.511, 1.511, 1.511, 1.511, 1.511, 1.511, 1.511, 1.512, 1.512, 1.513, 1.513, 1.513, 1.513, 1.513, 1.513, 1.512, 1.512, 1.512, 1.513, 1.513, 1.516, 1.517, 1.517, 1.518, 1.519, 1.518, 1.518, 1.517, 1.516, 1.516, 1.513, 1.513, 1.513, 1.513, 1.516, 1.516, 1.516, 1.516, 1.516, 1.516, 1.513, 1.512, 1.511, 1.51, 1.509, 1.508, 1.508, 1.507, 1.507, 1.507, 1.508, 1.508, 1.509, 1.509, 1.509, 1.51, 1.51, 1.511, 1.511, 1.51, 1.51, 1.509, 1.509, 1.509, 1.509, 1.509, 1.509, 1.509, 1.509, 1.509, 1.508, 1.507, 1.506, 1.505, 1.505, 1.504, 1.503, 1.503, 1.503, 1.503, 1.503, 1.503, 1.504, 1.505, 1.505, 1.506, 1.507, 1.508, 1.508, 1.509, 1.509, 1.509, 1.508, 1.507, 1.506, 1.505, 1.505, 1.504, 1.503, 1.503, 1.503, 1.503, 1.503, 1.503, 1.504, 1.505, 1.506, 1.506, 1.506, 1.506, 1.506, 1.505, 1.505, 1.505, 1.505, 1.504, 1.503, 1.503, 1.503, 1.502, 1.501, 1.501, 1.5, 1.499, 1.499, 1.496, 1.496, 1.496, 1.499, 1.499, 1.499, 1.5, 1.501, 1.501, 1.502, 1.502, 1.501, 1.5, 1.5, 1.496, 1.495, 1.493, 1.492, 1.491, 1.49, 1.489, 1.488, 1.488, 1.488, 1.488, 1.488, 1.488, 1.488, 1.488, 1.488, 1.488, 1.488, 1.488, 1.488, 1.489, 1.49, 1.49, 1.49, 1.492, 1.492, 1.492, 1.494, 1.494, 1.495, 1.496, 1.496, 1.499, 1.499, 1.5, 1.5, 1.5, 1.499, 1.496, 1.495, 1.494, 1.493, 1.492, 1.491, 1.49, 1.488, 1.487, 1.485, 1.484, 1.483, 1.479, 1.478, 1.476, 1.475, 1.474, 1.474, 1.474, 1.475, 1.476, 1.477, 1.478, 1.478, 1.478, 1.478, 1.477, 1.476, 1.475, 1.474, 1.473, 1.472, 1.472, 1.473, 1.474, 1.475, 1.476, 1.477, 1.478, 1.479, 1.479, 1.479, 1.479, 1.479, 1.478, 1.478, 1.478, 1.477, 1.476, 1.476, 1.475, 1.474, 1.473, 1.472, 1.471, 1.47, 1.47, 1.468, 1.468, 1.468, 1.468, 1.468, 1.47, 1.47, 1.471, 1.472, 1.472, 1.471, 1.47, 1.47, 1.47, 1.469, 1.468, 1.468, 1.468, 1.468, 1.468, 1.466, 1.466, 1.466, 1.466, 1.464, 1.462, 1.462, 1.462, 1.462, 1.462, 1.462, 1.462, 1.462, 1.462, 1.462, 1.464, 1.464, 1.466, 1.466, 1.468, 1.468, 1.468, 1.471, 1.472, 1.472, 1.473, 1.474, 1.474, 1.474, 1.474, 1.473, 1.472, 1.472, 1.472, 1.471, 1.47, 1.468, 1.466, 1.466, 1.466, 1.466, 1.466, 1.466, 1.466, 1.468, 1.468, 1.468, 1.469, 1.47, 1.469, 1.469, 1.468, 1.468, 1.468, 1.468, 1.468, 1.468, 1.468, 1.466, 1.466, 1.466, 1.466, 1.464, 1.464, 1.464, 1.464, 1.462, 1.462, 1.462, 1.462, 1.462, 1.462, 1.462, 1.464, 1.464, 1.464, 1.464, 1.464, 1.462, 1.46, 1.458, 1.454, 1.452, 1.45, 1.448, 1.446, 1.446, 1.444, 1.444, 1.444, 1.446, 1.446, 1.446, 1.446, 1.448, 1.45, 1.45, 1.45, 1.452, 1.454, 1.454, 1.456, 1.456, 1.458, 1.458, 1.46, 1.46, 1.462, 1.464, 1.464, 1.466, 1.468, 1.471, 1.471, 1.472, 1.473, 1.473, 1.473, 1.472, 1.471, 1.468, 1.466, 1.466, 1.464, 1.464, 1.464, 1.464, 1.464, 1.464, 1.464, 1.464, 1.464, 0, 
1.523, 1.523, 1.524, 1.524, 1.524, 1.524, 1.524, 1.524, 1.524, 1.524, 1.524, 1.524, 1.524, 1.524, 1.523, 1.522, 1.521, 1.52, 1.52, 1.52, 1.52, 1.52, 1.521, 1.522, 1.524, 1.524, 1.526, 1.527, 1.528, 1.527, 1.526, 1.525, 1.524, 1.521, 1.52, 1.519, 1.518, 1.517, 1.516, 1.513, 1.513, 1.513, 1.513, 1.513, 1.513, 1.513, 1.516, 1.516, 1.516, 1.517, 1.518, 1.519, 1.519, 1.52, 1.52, 1.52, 1.52, 1.521, 1.521, 1.522, 1.522, 1.523, 1.523, 1.524, 1.524, 1.524, 1.524, 1.524, 1.523, 1.522, 1.522, 1.521, 1.52, 1.52, 1.52, 1.52, 1.519, 1.519, 1.518, 1.518, 1.518, 1.519, 1.519, 1.52, 1.52, 1.519, 1.518, 1.518, 1.517, 1.516, 1.513, 1.512, 1.512, 1.511, 1.511, 1.511, 1.511, 1.511, 1.511, 1.511, 1.511, 1.512, 1.513, 1.513, 1.513, 1.513, 1.513, 1.512, 1.512, 1.511, 1.512, 1.512, 1.513, 1.516, 1.517, 1.517, 1.518, 1.519, 1.518, 1.518, 1.517, 1.516, 1.516, 1.513, 1.513, 1.513, 1.513, 1.516, 1.516, 1.516, 1.516, 1.516, 1.516, 1.513, 1.512, 1.511, 1.51, 1.509, 1.509, 1.508, 1.508, 1.508, 1.508, 1.508, 1.509, 1.509, 1.509, 1.509, 1.51, 1.511, 1.511, 1.511, 1.511, 1.51, 1.51, 1.509, 1.509, 1.509, 1.509, 1.509, 1.509, 1.509, 1.509, 1.509, 1.508, 1.507, 1.506, 1.505, 1.504, 1.503, 1.503, 1.503, 1.503, 1.503, 1.503, 1.504, 1.505, 1.505, 1.506, 1.506, 1.507, 1.508, 1.508, 1.509, 1.508, 1.508, 1.507, 1.506, 1.505, 1.505, 1.503, 1.503, 1.502, 1.502, 1.502, 1.503, 1.503, 1.503, 1.504, 1.505, 1.506, 1.506, 1.505, 1.505, 1.505, 1.505, 1.505, 1.504, 1.504, 1.503, 1.503, 1.503, 1.502, 1.502, 1.501, 1.5, 1.5, 1.499, 1.499, 1.499, 1.499, 1.499, 1.499, 1.499, 1.5, 1.501, 1.501, 1.501, 1.501, 1.501, 1.5, 1.499, 1.496, 1.495, 1.494, 1.492, 1.491, 1.49, 1.489, 1.488, 1.488, 1.488, 1.488, 1.488, 1.488, 1.488, 1.488, 1.488, 1.488, 1.488, 1.488, 1.488, 1.489, 1.49, 1.49, 1.491, 1.492, 1.492, 1.493, 1.494, 1.494, 1.495, 1.496, 1.499, 1.5, 1.5, 1.5, 1.501, 1.501, 1.5, 1.5, 1.496, 1.495, 1.494, 1.493, 1.492, 1.491, 1.49, 1.488, 1.486, 1.485, 1.483, 1.48, 1.477, 1.476, 1.475, 1.475, 1.474, 1.475, 1.476, 1.477, 1.478, 1.479, 1.479, 1.48, 1.479, 1.478, 1.477, 1.475, 1.474, 1.473, 1.472, 1.472, 1.473, 1.474, 1.475, 1.476, 1.476, 1.477, 1.478, 1.478, 1.479, 1.479, 1.479, 1.478, 1.478, 1.478, 1.477, 1.476, 1.476, 1.475, 1.474, 1.472, 1.471, 1.47, 1.47, 1.468, 1.468, 1.466, 1.466, 1.468, 1.468, 1.47, 1.47, 1.471, 1.472, 1.472, 1.471, 1.471, 1.47, 1.47, 1.469, 1.468, 1.468, 1.468, 1.468, 1.468, 1.466, 1.466, 1.466, 1.466, 1.464, 1.462, 1.462, 1.462, 1.462, 1.462, 1.462, 1.462, 1.462, 1.462, 1.462, 1.462, 1.464, 1.464, 1.466, 1.466, 1.468, 1.468, 1.471, 1.472, 1.473, 1.473, 1.474, 1.474, 1.474, 1.474, 1.473, 1.472, 1.472, 1.472, 1.471, 1.47, 1.468, 1.468, 1.466, 1.466, 1.466, 1.466, 1.466, 1.466, 1.468, 1.468, 1.468, 1.469, 1.47, 1.47, 1.469, 1.468, 1.468, 1.468, 1.468, 1.468, 1.468, 1.468, 1.466, 1.466, 1.466, 1.466, 1.464, 1.464, 1.464, 1.464, 1.462, 1.462, 1.462, 1.462, 1.462, 1.462, 1.462, 1.462, 1.464, 1.464, 1.464, 1.462, 1.462, 1.46, 1.458, 1.454, 1.452, 1.45, 1.448, 1.446, 1.444, 1.444, 1.444, 1.444, 1.444, 1.446, 1.446, 1.446, 1.448, 1.45, 1.45, 1.452, 1.452, 1.454, 1.454, 1.456, 1.458, 1.458, 1.458, 1.46, 1.46, 1.462, 1.464, 1.464, 1.468, 1.468, 1.471, 1.472, 1.473, 1.474, 1.474, 1.473, 1.472, 1.471, 1.47, 1.466, 1.466, 1.464, 1.464, 1.464, 1.464, 1.464, 1.464, 1.464, 1.464, 1.464, 0, 
1.522, 1.523, 1.523, 1.523, 1.524, 1.524, 1.524, 1.524, 1.524, 1.524, 1.524, 1.524, 1.524, 1.523, 1.522, 1.521, 1.52, 1.52, 1.52, 1.52, 1.52, 1.52, 1.521, 1.522, 1.524, 1.525, 1.526, 1.527, 1.527, 1.526, 1.526, 1.524, 1.524, 1.52, 1.52, 1.519, 1.518, 1.517, 1.513, 1.513, 1.513, 1.513, 1.513, 1.513, 1.513, 1.513, 1.513, 1.516, 1.516, 1.517, 1.518, 1.518, 1.519, 1.52, 1.52, 1.52, 1.521, 1.522, 1.522, 1.523, 1.523, 1.523, 1.524, 1.524, 1.524, 1.524, 1.524, 1.524, 1.523, 1.522, 1.522, 1.521, 1.52, 1.52, 1.52, 1.52, 1.52, 1.52, 1.519, 1.519, 1.519, 1.52, 1.52, 1.52, 1.52, 1.52, 1.519, 1.518, 1.517, 1.516, 1.513, 1.512, 1.512, 1.511, 1.511, 1.511, 1.511, 1.511, 1.511, 1.511, 1.511, 1.512, 1.512, 1.513, 1.513, 1.513, 1.512, 1.512, 1.511, 1.511, 1.512, 1.512, 1.513, 1.516, 1.516, 1.517, 1.518, 1.519, 1.519, 1.518, 1.517, 1.516, 1.516, 1.516, 1.513, 1.513, 1.513, 1.516, 1.516, 1.516, 1.516, 1.516, 1.516, 1.513, 1.512, 1.511, 1.511, 1.509, 1.509, 1.509, 1.509, 1.509, 1.509, 1.509, 1.509, 1.509, 1.509, 1.509, 1.51, 1.511, 1.511, 1.511, 1.511, 1.511, 1.511, 1.51, 1.51, 1.509, 1.509, 1.509, 1.509, 1.509, 1.509, 1.509, 1.508, 1.507, 1.506, 1.505, 1.505, 1.504, 1.503, 1.503, 1.503, 1.503, 1.503, 1.504, 1.504, 1.505, 1.505, 1.506, 1.507, 1.507, 1.508, 1.508, 1.508, 1.507, 1.507, 1.506, 1.505, 1.505, 1.503, 1.503, 1.502, 1.502, 1.502, 1.503, 1.503, 1.503, 1.504, 1.504, 1.505, 1.505, 1.505, 1.505, 1.505, 1.505, 1.505, 1.504, 1.503, 1.503, 1.503, 1.503, 1.503, 1.502, 1.502, 1.501, 1.5, 1.5, 1.499, 1.499, 1.499, 1.499, 1.499, 1.499, 1.5, 1.501, 1.501, 1.501, 1.501, 1.501, 1.5, 1.499, 1.496, 1.495, 1.494, 1.492, 1.491, 1.49, 1.489, 1.488, 1.488, 1.488, 1.487, 1.487, 1.487, 1.488, 1.488, 1.488, 1.488, 1.488, 1.488, 1.489, 1.489, 1.49, 1.49, 1.491, 1.492, 1.492, 1.493, 1.494, 1.494, 1.495, 1.496, 1.499, 1.5, 1.501, 1.501, 1.501, 1.502, 1.501, 1.5, 1.5, 1.499, 1.495, 1.494, 1.493, 1.492, 1.49, 1.489, 1.487, 1.486, 1.484, 1.481, 1.478, 1.477, 1.476, 1.475, 1.475, 1.476, 1.477, 1.478, 1.479, 1.48, 1.48, 1.481, 1.48, 1.479, 1.477, 1.476, 1.474, 1.473, 1.472, 1.472, 1.472, 1.473, 1.474, 1.475, 1.476, 1.477, 1.478, 1.478, 1.478, 1.478, 1.478, 1.478, 1.478, 1.478, 1.477, 1.476, 1.476, 1.474, 1.473, 1.472, 1.471, 1.47, 1.468, 1.466, 1.466, 1.466, 1.466, 1.466, 1.468, 1.469, 1.47, 1.471, 1.472, 1.472, 1.472, 1.471, 1.47, 1.47, 1.47, 1.469, 1.468, 1.468, 1.468, 1.468, 1.466, 1.466, 1.466, 1.466, 1.464, 1.462, 1.462, 1.462, 1.462, 1.462, 1.462, 1.462, 1.462, 1.462, 1.462, 1.462, 1.464, 1.464, 1.466, 1.466, 1.468, 1.468, 1.471, 1.472, 1.473, 1.474, 1.474, 1.474, 1.474, 1.474, 1.473, 1.472, 1.472, 1.472, 1.471, 1.471, 1.468, 1.468, 1.466, 1.466, 1.466, 1.466, 1.466, 1.468, 1.468, 1.468, 1.468, 1.469, 1.469, 1.469, 1.469, 1.468, 1.468, 1.468, 1.468, 1.468, 1.468, 1.466, 1.466, 1.466, 1.466, 1.466, 1.466, 1.464, 1.464, 1.464, 1.462, 1.462, 1.462, 1.462, 1.462, 1.462, 1.462, 1.462, 1.462, 1.462, 1.464, 1.462, 1.462, 1.458, 1.456, 1.454, 1.452, 1.45, 1.446, 1.446, 1.444, 1.444, 1.444, 1.444, 1.444, 1.446, 1.446, 1.446, 1.448, 1.45, 1.45, 1.452, 1.454, 1.454, 1.454, 1.456, 1.458, 1.458, 1.458, 1.46, 1.462, 1.462, 1.464, 1.464, 1.468, 1.468, 1.471, 1.472, 1.473, 1.474, 1.474, 1.473, 1.472, 1.471, 1.47, 1.468, 1.466, 1.466, 1.464, 1.464, 1.464, 1.464, 1.464, 1.464, 1.464, 1.466, 0, 
1.522, 1.522, 1.522, 1.523, 1.523, 1.523, 1.523, 1.523, 1.523, 1.523, 1.523, 1.523, 1.523, 1.523, 1.522, 1.521, 1.52, 1.52, 1.52, 1.52, 1.52, 1.52, 1.521, 1.522, 1.524, 1.525, 1.526, 1.527, 1.527, 1.526, 1.525, 1.524, 1.523, 1.52, 1.519, 1.518, 1.517, 1.517, 1.513, 1.513, 1.513, 1.513, 1.513, 1.513, 1.513, 1.513, 1.513, 1.516, 1.516, 1.517, 1.518, 1.518, 1.519, 1.52, 1.52, 1.521, 1.522, 1.523, 1.523, 1.524, 1.524, 1.524, 1.524, 1.524, 1.524, 1.524, 1.524, 1.524, 1.523, 1.522, 1.522, 1.521, 1.52, 1.52, 1.52, 1.52, 1.52, 1.52, 1.52, 1.52, 1.52, 1.52, 1.52, 1.52, 1.52, 1.52, 1.519, 1.518, 1.517, 1.516, 1.516, 1.512, 1.512, 1.511, 1.511, 1.511, 1.511, 1.511, 1.511, 1.511, 1.511, 1.511, 1.512, 1.512, 1.512, 1.512, 1.512, 1.511, 1.511, 1.511, 1.511, 1.512, 1.513, 1.516, 1.516, 1.517, 1.518, 1.519, 1.519, 1.518, 1.518, 1.517, 1.516, 1.516, 1.516, 1.516, 1.516, 1.516, 1.516, 1.516, 1.516, 1.516, 1.516, 1.513, 1.512, 1.511, 1.511, 1.51, 1.509, 1.509, 1.509, 1.509, 1.509, 1.509, 1.509, 1.509, 1.509, 1.51, 1.51, 1.511, 1.511, 1.512, 1.512, 1.511, 1.511, 1.511, 1.51, 1.51, 1.509, 1.509, 1.509, 1.509, 1.509, 1.509, 1.508, 1.507, 1.507, 1.506, 1.505, 1.504, 1.504, 1.503, 1.503, 1.503, 1.503, 1.503, 1.504, 1.505, 1.505, 1.505, 1.506, 1.507, 1.507, 1.508, 1.508, 1.507, 1.507, 1.506, 1.505, 1.504, 1.503, 1.503, 1.502, 1.501, 1.502, 1.503, 1.503, 1.503, 1.503, 1.504, 1.504, 1.505, 1.505, 1.505, 1.505, 1.504, 1.504, 1.504, 1.503, 1.503, 1.503, 1.503, 1.503, 1.503, 1.502, 1.502, 1.501, 1.5, 1.5, 1.5, 1.499, 1.499, 1.499, 1.5, 1.5, 1.501, 1.501, 1.501, 1.501, 1.501, 1.5, 1.499, 1.496, 1.495, 1.494, 1.492, 1.491, 1.49, 1.489, 1.488, 1.488, 1.487, 1.487, 1.486, 1.487, 1.488, 1.488, 1.488, 1.488, 1.488, 1.488, 1.489, 1.49, 1.49, 1.49, 1.491, 1.492, 1.492, 1.492, 1.494, 1.494, 1.495, 1.496, 1.5, 1.501, 1.501, 1.502, 1.502, 1.502, 1.502, 1.501, 1.501, 1.5, 1.496, 1.495, 1.494, 1.493, 1.492, 1.49, 1.488, 1.487, 1.484, 1.482, 1.478, 1.477, 1.477, 1.476, 1.476, 1.477, 1.478, 1.479, 1.48, 1.481, 1.482, 1.482, 1.481, 1.48, 1.477, 1.476, 1.474, 1.473, 1.472, 1.472, 1.472, 1.473, 1.474, 1.475, 1.476, 1.476, 1.477, 1.478, 1.478, 1.478, 1.478, 1.478, 1.478, 1.478, 1.477, 1.476, 1.475, 1.474, 1.473, 1.472, 1.471, 1.468, 1.468, 1.466, 1.466, 1.466, 1.466, 1.466, 1.466, 1.469, 1.47, 1.471, 1.472, 1.472, 1.472, 1.472, 1.471, 1.47, 1.47, 1.469, 1.469, 1.468, 1.468, 1.468, 1.466, 1.466, 1.466, 1.466, 1.464, 1.462, 1.462, 1.462, 1.462, 1.462, 1.462, 1.462, 1.462, 1.462, 1.462, 1.462, 1.464, 1.464, 1.466, 1.466, 1.468, 1.468, 1.471, 1.472, 1.473, 1.474, 1.474, 1.474, 1.474, 1.473, 1.473, 1.472, 1.472, 1.472, 1.471, 1.47, 1.47, 1.469, 1.468, 1.466, 1.466, 1.466, 1.466, 1.468, 1.468, 1.468, 1.468, 1.468, 1.469, 1.469, 1.468, 1.468, 1.468, 1.468, 1.468, 1.468, 1.466, 1.466, 1.466, 1.466, 1.466, 1.466, 1.466, 1.466, 1.464, 1.464, 1.462, 1.462, 1.462, 1.462, 1.462, 1.462, 1.462, 1.462, 1.462, 1.462, 1.462, 1.462, 1.46, 1.458, 1.456, 1.454, 1.45, 1.45, 1.446, 1.446, 1.444, 1.444, 1.444, 1.444, 1.444, 1.446, 1.446, 1.446, 1.448, 1.45, 1.45, 1.452, 1.454, 1.454, 1.456, 1.456, 1.458, 1.458, 1.46, 1.46, 1.462, 1.464, 1.464, 1.466, 1.468, 1.468, 1.471, 1.472, 1.473, 1.474, 1.474, 1.474, 1.473, 1.472, 1.471, 1.468, 1.468, 1.466, 1.466, 1.466, 1.466, 1.466, 1.466, 1.468, 1.468, 1.468, 0, 
1.522, 1.522, 1.522, 1.522, 1.522, 1.522, 1.522, 1.522, 1.522, 1.522, 1.522, 1.522, 1.522, 1.522, 1.522, 1.521, 1.52, 1.52, 1.52, 1.52, 1.52, 1.521, 1.522, 1.523, 1.524, 1.525, 1.526, 1.527, 1.526, 1.525, 1.524, 1.523, 1.522, 1.52, 1.519, 1.518, 1.517, 1.516, 1.513, 1.513, 1.513, 1.513, 1.513, 1.513, 1.513, 1.513, 1.513, 1.516, 1.516, 1.517, 1.518, 1.519, 1.52, 1.52, 1.521, 1.522, 1.523, 1.524, 1.524, 1.524, 1.524, 1.524, 1.524, 1.524, 1.524, 1.524, 1.524, 1.524, 1.523, 1.522, 1.521, 1.52, 1.52, 1.52, 1.52, 1.52, 1.52, 1.52, 1.52, 1.52, 1.52, 1.52, 1.52, 1.52, 1.52, 1.52, 1.519, 1.518, 1.518, 1.517, 1.516, 1.512, 1.512, 1.511, 1.511, 1.511, 1.511, 1.511, 1.511, 1.511, 1.511, 1.511, 1.511, 1.511, 1.511, 1.511, 1.511, 1.511, 1.511, 1.511, 1.511, 1.512, 1.512, 1.516, 1.516, 1.517, 1.518, 1.518, 1.519, 1.518, 1.517, 1.517, 1.516, 1.516, 1.516, 1.516, 1.516, 1.516, 1.516, 1.516, 1.516, 1.516, 1.516, 1.513, 1.512, 1.511, 1.51, 1.509, 1.509, 1.509, 1.509, 1.509, 1.509, 1.509, 1.509, 1.509, 1.509, 1.509, 1.51, 1.511, 1.511, 1.512, 1.512, 1.511, 1.511, 1.511, 1.511, 1.51, 1.509, 1.509, 1.51, 1.51, 1.509, 1.509, 1.509, 1.508, 1.507, 1.506, 1.505, 1.505, 1.504, 1.503, 1.503, 1.503, 1.503, 1.503, 1.504, 1.505, 1.505, 1.505, 1.506, 1.507, 1.507, 1.507, 1.507, 1.507, 1.507, 1.506, 1.505, 1.504, 1.503, 1.503, 1.502, 1.501, 1.502, 1.502, 1.503, 1.503, 1.503, 1.503, 1.504, 1.504, 1.504, 1.504, 1.504, 1.504, 1.503, 1.503, 1.503, 1.503, 1.503, 1.503, 1.503, 1.503, 1.503, 1.502, 1.502, 1.501, 1.501, 1.5, 1.5, 1.5, 1.5, 1.5, 1.501, 1.501, 1.501, 1.501, 1.501, 1.501, 1.5, 1.499, 1.496, 1.495, 1.494, 1.492, 1.491, 1.49, 1.489, 1.488, 1.487, 1.487, 1.486, 1.486, 1.487, 1.488, 1.488, 1.488, 1.488, 1.488, 1.489, 1.489, 1.49, 1.49, 1.49, 1.491, 1.492, 1.492, 1.492, 1.493, 1.494, 1.495, 1.499, 1.5, 1.501, 1.502, 1.502, 1.503, 1.503, 1.503, 1.502, 1.501, 1.5, 1.5, 1.496, 1.495, 1.494, 1.492, 1.491, 1.489, 1.488, 1.485, 1.482, 1.479, 1.478, 1.478, 1.477, 1.477, 1.478, 1.479, 1.48, 1.481, 1.483, 1.483, 1.483, 1.482, 1.481, 1.477, 1.476, 1.474, 1.473, 1.472, 1.472, 1.472, 1.473, 1.474, 1.474, 1.476, 1.476, 1.477, 1.477, 1.477, 1.477, 1.477, 1.477, 1.477, 1.477, 1.477, 1.476, 1.475, 1.474, 1.472, 1.471, 1.471, 1.468, 1.466, 1.466, 1.466, 1.466, 1.466, 1.466, 1.466, 1.469, 1.47, 1.471, 1.472, 1.472, 1.472, 1.472, 1.471, 1.471, 1.47, 1.47, 1.47, 1.469, 1.469, 1.468, 1.466, 1.466, 1.466, 1.466, 1.464, 1.464, 1.462, 1.462, 1.462, 1.462, 1.462, 1.462, 1.462, 1.462, 1.462, 1.462, 1.464, 1.464, 1.466, 1.466, 1.468, 1.468, 1.471, 1.472, 1.473, 1.474, 1.474, 1.473, 1.473, 1.473, 1.472, 1.472, 1.472, 1.472, 1.472, 1.471, 1.47, 1.469, 1.468, 1.468, 1.468, 1.468, 1.468, 1.468, 1.468, 1.468, 1.468, 1.468, 1.469, 1.468, 1.468, 1.468, 1.468, 1.468, 1.468, 1.468, 1.466, 1.466, 1.466, 1.466, 1.466, 1.466, 1.466, 1.466, 1.466, 1.464, 1.462, 1.462, 1.462, 1.462, 1.462, 1.46, 1.46, 1.462, 1.462, 1.462, 1.462, 1.462, 1.46, 1.458, 1.456, 1.454, 1.45, 1.45, 1.446, 1.446, 1.444, 1.444, 1.444, 1.444, 1.444, 1.446, 1.446, 1.446, 1.448, 1.45, 1.45, 1.452, 1.454, 1.454, 1.456, 1.458, 1.458, 1.46, 1.46, 1.46, 1.462, 1.464, 1.464, 1.466, 1.468, 1.468, 1.471, 1.472, 1.473, 1.474, 1.474, 1.474, 1.473, 1.472, 1.471, 1.47, 1.469, 1.468, 1.468, 1.468, 1.468, 1.468, 1.468, 1.468, 1.468, 1.47, 0, 
1.522, 1.522, 1.522, 1.522, 1.522, 1.522, 1.522, 1.522, 1.522, 1.522, 1.522, 1.522, 1.522, 1.522, 1.522, 1.521, 1.521, 1.52, 1.52, 1.52, 1.52, 1.521, 1.522, 1.523, 1.524, 1.525, 1.525, 1.526, 1.525, 1.525, 1.524, 1.522, 1.521, 1.52, 1.519, 1.518, 1.517, 1.516, 1.513, 1.513, 1.513, 1.513, 1.513, 1.513, 1.513, 1.513, 1.513, 1.513, 1.516, 1.517, 1.518, 1.519, 1.52, 1.52, 1.521, 1.522, 1.523, 1.524, 1.524, 1.524, 1.524, 1.524, 1.524, 1.524, 1.524, 1.524, 1.524, 1.523, 1.522, 1.522, 1.521, 1.52, 1.52, 1.52, 1.52, 1.52, 1.52, 1.52, 1.52, 1.52, 1.521, 1.521, 1.521, 1.521, 1.521, 1.52, 1.52, 1.519, 1.518, 1.517, 1.516, 1.512, 1.512, 1.511, 1.511, 1.511, 1.51, 1.51, 1.51, 1.51, 1.511, 1.511, 1.511, 1.511, 1.511, 1.511, 1.511, 1.511, 1.511, 1.511, 1.511, 1.512, 1.512, 1.513, 1.516, 1.516, 1.517, 1.518, 1.518, 1.518, 1.517, 1.516, 1.516, 1.516, 1.516, 1.516, 1.516, 1.516, 1.516, 1.516, 1.516, 1.516, 1.513, 1.512, 1.512, 1.511, 1.51, 1.509, 1.509, 1.509, 1.509, 1.509, 1.509, 1.509, 1.509, 1.509, 1.509, 1.509, 1.51, 1.511, 1.511, 1.512, 1.512, 1.511, 1.511, 1.511, 1.51, 1.51, 1.509, 1.509, 1.509, 1.509, 1.509, 1.509, 1.509, 1.508, 1.507, 1.507, 1.506, 1.505, 1.504, 1.504, 1.503, 1.503, 1.503, 1.503, 1.504, 1.505, 1.505, 1.505, 1.506, 1.507, 1.507, 1.507, 1.507, 1.507, 1.506, 1.505, 1.505, 1.504, 1.503, 1.503, 1.502, 1.501, 1.502, 1.502, 1.503, 1.503, 1.503, 1.503, 1.503, 1.503, 1.503, 1.503, 1.503, 1.503, 1.503, 1.503, 1.503, 1.503, 1.503, 1.503, 1.503, 1.503, 1.503, 1.503, 1.503, 1.502, 1.502, 1.501, 1.501, 1.501, 1.501, 1.501, 1.501, 1.501, 1.501, 1.501, 1.501, 1.501, 1.5, 1.499, 1.496, 1.495, 1.494, 1.492, 1.491, 1.49, 1.488, 1.488, 1.487, 1.486, 1.486, 1.486, 1.487, 1.488, 1.488, 1.488, 1.489, 1.489, 1.489, 1.49, 1.49, 1.491, 1.491, 1.491, 1.492, 1.492, 1.492, 1.493, 1.494, 1.495, 1.5, 1.5, 1.501, 1.502, 1.503, 1.504, 1.504, 1.503, 1.503, 1.502, 1.501, 1.5, 1.499, 1.496, 1.495, 1.494, 1.492, 1.489, 1.489, 1.486, 1.483, 1.48, 1.479, 1.479, 1.478, 1.479, 1.479, 1.48, 1.481, 1.483, 1.484, 1.484, 1.483, 1.482, 1.481, 1.477, 1.476, 1.475, 1.473, 1.473, 1.472, 1.473, 1.473, 1.474, 1.474, 1.475, 1.476, 1.476, 1.476, 1.476, 1.476, 1.476, 1.476, 1.477, 1.477, 1.477, 1.476, 1.475, 1.474, 1.472, 1.471, 1.468, 1.466, 1.466, 1.466, 1.464, 1.464, 1.466, 1.466, 1.466, 1.469, 1.469, 1.472, 1.472, 1.472, 1.472, 1.473, 1.472, 1.471, 1.47, 1.47, 1.47, 1.47, 1.469, 1.468, 1.468, 1.466, 1.466, 1.466, 1.464, 1.464, 1.462, 1.462, 1.462, 1.462, 1.462, 1.462, 1.462, 1.462, 1.462, 1.462, 1.464, 1.464, 1.466, 1.466, 1.468, 1.47, 1.471, 1.472, 1.473, 1.473, 1.473, 1.473, 1.472, 1.472, 1.472, 1.472, 1.472, 1.472, 1.471, 1.471, 1.47, 1.469, 1.468, 1.468, 1.468, 1.468, 1.468, 1.468, 1.468, 1.468, 1.468, 1.468, 1.468, 1.468, 1.468, 1.468, 1.468, 1.468, 1.468, 1.466, 1.466, 1.466, 1.466, 1.466, 1.466, 1.466, 1.466, 1.466, 1.466, 1.464, 1.462, 1.462, 1.462, 1.46, 1.46, 1.46, 1.46, 1.46, 1.46, 1.46, 1.462, 1.46, 1.46, 1.458, 1.456, 1.454, 1.452, 1.45, 1.448, 1.446, 1.446, 1.444, 1.444, 1.446, 1.446, 1.446, 1.446, 1.446, 1.448, 1.45, 1.45, 1.452, 1.454, 1.454, 1.456, 1.458, 1.458, 1.46, 1.46, 1.462, 1.464, 1.464, 1.466, 1.468, 1.468, 1.471, 1.471, 1.472, 1.473, 1.474, 1.474, 1.474, 1.473, 1.472, 1.471, 1.47, 1.469, 1.468, 1.468, 1.468, 1.468, 1.468, 1.469, 1.469, 1.47, 1.471, 0, 
1.522, 1.522, 1.522, 1.522, 1.521, 1.521, 1.521, 1.521, 1.521, 1.521, 1.522, 1.522, 1.522, 1.522, 1.522, 1.522, 1.521, 1.521, 1.52, 1.52, 1.521, 1.521, 1.522, 1.523, 1.524, 1.524, 1.525, 1.525, 1.525, 1.524, 1.523, 1.522, 1.521, 1.52, 1.519, 1.518, 1.517, 1.517, 1.513, 1.513, 1.513, 1.513, 1.513, 1.513, 1.513, 1.513, 1.513, 1.513, 1.516, 1.517, 1.518, 1.519, 1.52, 1.521, 1.522, 1.523, 1.524, 1.524, 1.524, 1.525, 1.525, 1.525, 1.524, 1.524, 1.524, 1.524, 1.523, 1.523, 1.522, 1.521, 1.52, 1.52, 1.52, 1.52, 1.52, 1.52, 1.52, 1.52, 1.52, 1.521, 1.521, 1.522, 1.522, 1.522, 1.522, 1.521, 1.52, 1.519, 1.518, 1.517, 1.516, 1.512, 1.511, 1.511, 1.511, 1.51, 1.51, 1.509, 1.509, 1.509, 1.51, 1.51, 1.511, 1.511, 1.511, 1.511, 1.511, 1.511, 1.511, 1.511, 1.511, 1.511, 1.512, 1.513, 1.516, 1.516, 1.517, 1.517, 1.518, 1.518, 1.517, 1.516, 1.516, 1.516, 1.516, 1.513, 1.513, 1.513, 1.513, 1.513, 1.516, 1.513, 1.513, 1.512, 1.511, 1.511, 1.51, 1.509, 1.509, 1.509, 1.509, 1.509, 1.509, 1.509, 1.509, 1.509, 1.509, 1.509, 1.51, 1.511, 1.511, 1.511, 1.512, 1.511, 1.511, 1.511, 1.51, 1.509, 1.509, 1.509, 1.509, 1.509, 1.509, 1.509, 1.509, 1.509, 1.508, 1.507, 1.506, 1.505, 1.505, 1.505, 1.504, 1.503, 1.503, 1.503, 1.504, 1.505, 1.505, 1.505, 1.506, 1.506, 1.507, 1.507, 1.507, 1.507, 1.506, 1.505, 1.505, 1.504, 1.503, 1.503, 1.502, 1.501, 1.501, 1.502, 1.503, 1.503, 1.503, 1.503, 1.503, 1.503, 1.503, 1.503, 1.503, 1.503, 1.503, 1.503, 1.503, 1.503, 1.503, 1.503, 1.503, 1.503, 1.503, 1.503, 1.503, 1.503, 1.503, 1.502, 1.502, 1.501, 1.501, 1.501, 1.501, 1.501, 1.501, 1.501, 1.501, 1.501, 1.5, 1.5, 1.496, 1.495, 1.494, 1.492, 1.491, 1.49, 1.488, 1.488, 1.487, 1.486, 1.486, 1.487, 1.487, 1.488, 1.488, 1.489, 1.489, 1.49, 1.49, 1.491, 1.491, 1.491, 1.492, 1.492, 1.492, 1.492, 1.492, 1.493, 1.494, 1.495, 1.5, 1.501, 1.502, 1.503, 1.504, 1.505, 1.505, 1.504, 1.503, 1.502, 1.501, 1.5, 1.5, 1.499, 1.495, 1.494, 1.493, 1.489, 1.488, 1.487, 1.484, 1.481, 1.48, 1.48, 1.48, 1.48, 1.48, 1.481, 1.482, 1.484, 1.485, 1.485, 1.484, 1.483, 1.482, 1.478, 1.477, 1.475, 1.474, 1.473, 1.473, 1.473, 1.474, 1.474, 1.475, 1.475, 1.476, 1.476, 1.476, 1.476, 1.476, 1.476, 1.476, 1.476, 1.476, 1.476, 1.476, 1.475, 1.473, 1.472, 1.471, 1.468, 1.466, 1.464, 1.464, 1.464, 1.464, 1.464, 1.464, 1.466, 1.468, 1.469, 1.472, 1.472, 1.472, 1.472, 1.473, 1.472, 1.471, 1.471, 1.47, 1.47, 1.47, 1.47, 1.469, 1.468, 1.468, 1.466, 1.466, 1.466, 1.464, 1.462, 1.462, 1.462, 1.462, 1.462, 1.462, 1.462, 1.462, 1.462, 1.462, 1.464, 1.464, 1.466, 1.466, 1.468, 1.47, 1.471, 1.472, 1.472, 1.472, 1.472, 1.472, 1.472, 1.472, 1.472, 1.472, 1.472, 1.471, 1.471, 1.47, 1.47, 1.469, 1.468, 1.468, 1.468, 1.468, 1.468, 1.468, 1.468, 1.468, 1.468, 1.468, 1.468, 1.468, 1.468, 1.468, 1.468, 1.468, 1.466, 1.466, 1.466, 1.466, 1.466, 1.466, 1.466, 1.466, 1.466, 1.466, 1.466, 1.466, 1.464, 1.462, 1.462, 1.46, 1.46, 1.46, 1.46, 1.46, 1.46, 1.46, 1.462, 1.46, 1.46, 1.458, 1.456, 1.454, 1.452, 1.45, 1.448, 1.448, 1.446, 1.446, 1.446, 1.446, 1.446, 1.446, 1.448, 1.448, 1.45, 1.45, 1.452, 1.454, 1.454, 1.454, 1.456, 1.458, 1.46, 1.46, 1.46, 1.462, 1.464, 1.464, 1.466, 1.468, 1.468, 1.471, 1.472, 1.472, 1.474, 1.474, 1.474, 1.474, 1.474, 1.473, 1.472, 1.47, 1.469, 1.469, 1.468, 1.468, 1.468, 1.469, 1.47, 1.47, 1.47, 1.471, 0, 
1.522, 1.522, 1.522, 1.522, 1.521, 1.52, 1.52, 1.52, 1.52, 1.521, 1.521, 1.522, 1.522, 1.522, 1.522, 1.522, 1.522, 1.521, 1.521, 1.521, 1.521, 1.522, 1.522, 1.523, 1.524, 1.524, 1.524, 1.524, 1.524, 1.524, 1.523, 1.522, 1.521, 1.52, 1.519, 1.518, 1.518, 1.517, 1.513, 1.513, 1.513, 1.513, 1.513, 1.512, 1.512, 1.512, 1.513, 1.513, 1.513, 1.517, 1.518, 1.519, 1.52, 1.521, 1.522, 1.523, 1.524, 1.524, 1.525, 1.525, 1.526, 1.525, 1.524, 1.524, 1.524, 1.524, 1.523, 1.522, 1.521, 1.521, 1.52, 1.52, 1.52, 1.52, 1.52, 1.52, 1.52, 1.52, 1.52, 1.521, 1.522, 1.522, 1.523, 1.523, 1.522, 1.521, 1.52, 1.519, 1.518, 1.517, 1.516, 1.512, 1.511, 1.511, 1.511, 1.51, 1.509, 1.509, 1.509, 1.509, 1.509, 1.51, 1.511, 1.511, 1.511, 1.511, 1.511, 1.511, 1.511, 1.511, 1.511, 1.511, 1.512, 1.512, 1.516, 1.516, 1.516, 1.517, 1.517, 1.517, 1.517, 1.516, 1.516, 1.516, 1.516, 1.513, 1.513, 1.513, 1.513, 1.513, 1.513, 1.512, 1.512, 1.512, 1.511, 1.51, 1.509, 1.509, 1.509, 1.509, 1.509, 1.509, 1.509, 1.509, 1.509, 1.509, 1.509, 1.509, 1.51, 1.511, 1.511, 1.511, 1.511, 1.511, 1.511, 1.51, 1.509, 1.509, 1.509, 1.509, 1.509, 1.509, 1.509, 1.509, 1.509, 1.509, 1.509, 1.508, 1.507, 1.506, 1.505, 1.505, 1.505, 1.504, 1.503, 1.503, 1.504, 1.505, 1.505, 1.505, 1.506, 1.506, 1.507, 1.507, 1.507, 1.507, 1.506, 1.505, 1.505, 1.504, 1.503, 1.502, 1.501, 1.501, 1.501, 1.502, 1.502, 1.503, 1.503, 1.503, 1.503, 1.503, 1.503, 1.503, 1.503, 1.503, 1.503, 1.503, 1.503, 1.503, 1.503, 1.504, 1.504, 1.504, 1.504, 1.504, 1.504, 1.503, 1.503, 1.503, 1.503, 1.502, 1.502, 1.502, 1.501, 1.501, 1.501, 1.501, 1.501, 1.501, 1.5, 1.5, 1.499, 1.495, 1.494, 1.492, 1.491, 1.49, 1.488, 1.488, 1.487, 1.487, 1.487, 1.487, 1.488, 1.488, 1.489, 1.49, 1.49, 1.491, 1.491, 1.492, 1.492, 1.492, 1.492, 1.492, 1.492, 1.492, 1.492, 1.493, 1.494, 1.495, 1.5, 1.501, 1.502, 1.504, 1.505, 1.506, 1.505, 1.505, 1.504, 1.503, 1.501, 1.501, 1.5, 1.499, 1.499, 1.495, 1.494, 1.49, 1.489, 1.488, 1.484, 1.483, 1.482, 1.481, 1.481, 1.481, 1.482, 1.482, 1.483, 1.485, 1.485, 1.485, 1.484, 1.483, 1.482, 1.479, 1.478, 1.476, 1.475, 1.474, 1.474, 1.474, 1.474, 1.474, 1.475, 1.476, 1.476, 1.476, 1.476, 1.475, 1.475, 1.475, 1.475, 1.476, 1.476, 1.476, 1.475, 1.474, 1.473, 1.471, 1.47, 1.468, 1.464, 1.464, 1.462, 1.462, 1.462, 1.462, 1.464, 1.466, 1.466, 1.468, 1.471, 1.472, 1.472, 1.472, 1.472, 1.472, 1.471, 1.471, 1.47, 1.47, 1.47, 1.47, 1.469, 1.468, 1.468, 1.466, 1.466, 1.466, 1.466, 1.464, 1.462, 1.462, 1.462, 1.462, 1.462, 1.462, 1.462, 1.462, 1.464, 1.466, 1.466, 1.466, 1.468, 1.47, 1.47, 1.471, 1.472, 1.472, 1.472, 1.472, 1.472, 1.472, 1.472, 1.472, 1.472, 1.471, 1.471, 1.47, 1.47, 1.469, 1.469, 1.468, 1.468, 1.468, 1.468, 1.468, 1.468, 1.468, 1.468, 1.468, 1.468, 1.468, 1.468, 1.468, 1.468, 1.468, 1.466, 1.466, 1.466, 1.466, 1.466, 1.466, 1.466, 1.468, 1.468, 1.466, 1.466, 1.466, 1.466, 1.464, 1.462, 1.462, 1.46, 1.46, 1.46, 1.46, 1.46, 1.46, 1.46, 1.462, 1.46, 1.46, 1.458, 1.456, 1.454, 1.454, 1.452, 1.45, 1.45, 1.448, 1.448, 1.448, 1.448, 1.448, 1.448, 1.45, 1.45, 1.45, 1.452, 1.452, 1.454, 1.454, 1.456, 1.458, 1.458, 1.46, 1.46, 1.46, 1.462, 1.464, 1.464, 1.466, 1.468, 1.468, 1.471, 1.472, 1.473, 1.474, 1.474, 1.474, 1.474, 1.474, 1.473, 1.472, 1.47, 1.47, 1.469, 1.468, 1.468, 1.468, 1.469, 1.469, 1.469, 1.47, 1.471, 0, 
1.522, 1.522, 1.522, 1.522, 1.521, 1.52, 1.52, 1.52, 1.52, 1.52, 1.521, 1.522, 1.522, 1.522, 1.522, 1.522, 1.522, 1.522, 1.522, 1.522, 1.522, 1.522, 1.523, 1.524, 1.524, 1.524, 1.524, 1.524, 1.524, 1.524, 1.523, 1.522, 1.521, 1.52, 1.519, 1.519, 1.518, 1.517, 1.516, 1.513, 1.513, 1.513, 1.513, 1.512, 1.512, 1.512, 1.513, 1.513, 1.513, 1.516, 1.517, 1.518, 1.52, 1.521, 1.522, 1.523, 1.524, 1.525, 1.525, 1.526, 1.526, 1.525, 1.524, 1.524, 1.524, 1.523, 1.522, 1.521, 1.521, 1.52, 1.52, 1.52, 1.52, 1.52, 1.52, 1.52, 1.52, 1.52, 1.52, 1.521, 1.522, 1.522, 1.523, 1.523, 1.523, 1.522, 1.521, 1.52, 1.519, 1.518, 1.517, 1.512, 1.511, 1.511, 1.511, 1.509, 1.509, 1.508, 1.508, 1.508, 1.509, 1.509, 1.51, 1.511, 1.511, 1.511, 1.511, 1.511, 1.511, 1.511, 1.511, 1.511, 1.512, 1.512, 1.513, 1.516, 1.516, 1.516, 1.517, 1.517, 1.516, 1.516, 1.516, 1.516, 1.516, 1.513, 1.513, 1.513, 1.513, 1.512, 1.512, 1.512, 1.511, 1.511, 1.51, 1.51, 1.509, 1.509, 1.509, 1.509, 1.509, 1.509, 1.509, 1.509, 1.509, 1.509, 1.509, 1.509, 1.51, 1.51, 1.511, 1.511, 1.511, 1.511, 1.51, 1.51, 1.509, 1.509, 1.509, 1.509, 1.509, 1.509, 1.509, 1.509, 1.509, 1.509, 1.509, 1.508, 1.507, 1.506, 1.506, 1.505, 1.505, 1.504, 1.504, 1.504, 1.504, 1.505, 1.505, 1.505, 1.506, 1.507, 1.507, 1.507, 1.507, 1.507, 1.506, 1.505, 1.505, 1.504, 1.503, 1.502, 1.501, 1.501, 1.501, 1.501, 1.502, 1.503, 1.503, 1.503, 1.503, 1.503, 1.503, 1.503, 1.503, 1.503, 1.503, 1.503, 1.503, 1.503, 1.503, 1.504, 1.505, 1.505, 1.505, 1.505, 1.504, 1.504, 1.504, 1.504, 1.503, 1.503, 1.503, 1.502, 1.502, 1.501, 1.501, 1.501, 1.501, 1.501, 1.5, 1.5, 1.499, 1.495, 1.494, 1.492, 1.491, 1.49, 1.489, 1.488, 1.488, 1.488, 1.488, 1.488, 1.489, 1.489, 1.49, 1.491, 1.492, 1.492, 1.493, 1.493, 1.493, 1.492, 1.492, 1.492, 1.492, 1.492, 1.492, 1.493, 1.494, 1.495, 1.5, 1.501, 1.503, 1.504, 1.505, 1.506, 1.506, 1.505, 1.504, 1.503, 1.501, 1.501, 1.5, 1.499, 1.496, 1.495, 1.494, 1.491, 1.49, 1.489, 1.485, 1.484, 1.482, 1.482, 1.482, 1.482, 1.482, 1.483, 1.484, 1.485, 1.486, 1.485, 1.484, 1.483, 1.482, 1.48, 1.479, 1.477, 1.476, 1.476, 1.475, 1.475, 1.475, 1.475, 1.475, 1.476, 1.475, 1.475, 1.475, 1.474, 1.474, 1.474, 1.474, 1.474, 1.475, 1.475, 1.474, 1.474, 1.472, 1.471, 1.468, 1.466, 1.464, 1.462, 1.462, 1.462, 1.462, 1.462, 1.462, 1.464, 1.466, 1.468, 1.471, 1.472, 1.472, 1.472, 1.472, 1.472, 1.472, 1.471, 1.47, 1.47, 1.47, 1.47, 1.47, 1.469, 1.468, 1.468, 1.466, 1.466, 1.466, 1.466, 1.464, 1.464, 1.462, 1.462, 1.462, 1.462, 1.462, 1.464, 1.464, 1.466, 1.466, 1.466, 1.468, 1.47, 1.47, 1.471, 1.472, 1.472, 1.472, 1.472, 1.472, 1.472, 1.472, 1.472, 1.471, 1.471, 1.47, 1.47, 1.47, 1.469, 1.468, 1.468, 1.468, 1.468, 1.468, 1.468, 1.468, 1.468, 1.468, 1.468, 1.468, 1.468, 1.468, 1.468, 1.466, 1.466, 1.466, 1.466, 1.466, 1.466, 1.466, 1.466, 1.466, 1.466, 1.466, 1.466, 1.466, 1.466, 1.466, 1.464, 1.462, 1.462, 1.46, 1.46, 1.46, 1.46, 1.46, 1.46, 1.46, 1.462, 1.46, 1.46, 1.458, 1.458, 1.456, 1.454, 1.452, 1.45, 1.45, 1.45, 1.45, 1.45, 1.45, 1.45, 1.45, 1.45, 1.45, 1.45, 1.452, 1.454, 1.454, 1.454, 1.456, 1.458, 1.458, 1.46, 1.46, 1.46, 1.462, 1.464, 1.466, 1.468, 1.469, 1.47, 1.471, 1.472, 1.473, 1.474, 1.474, 1.474, 1.474, 1.473, 1.472, 1.471, 1.47, 1.47, 1.469, 1.468, 1.468, 1.468, 1.468, 1.468, 1.468, 1.468, 1.47, 0, 
1.522, 1.522, 1.522, 1.522, 1.521, 1.521, 1.52, 1.52, 1.52, 1.521, 1.521, 1.522, 1.522, 1.522, 1.523, 1.523, 1.523, 1.522, 1.522, 1.522, 1.522, 1.523, 1.523, 1.524, 1.524, 1.524, 1.524, 1.524, 1.524, 1.524, 1.524, 1.523, 1.522, 1.521, 1.52, 1.519, 1.519, 1.518, 1.517, 1.516, 1.513, 1.513, 1.513, 1.512, 1.512, 1.512, 1.513, 1.513, 1.513, 1.516, 1.517, 1.518, 1.52, 1.521, 1.522, 1.523, 1.524, 1.525, 1.526, 1.526, 1.526, 1.525, 1.524, 1.524, 1.523, 1.523, 1.522, 1.521, 1.52, 1.52, 1.52, 1.52, 1.52, 1.52, 1.52, 1.52, 1.52, 1.52, 1.52, 1.521, 1.522, 1.522, 1.523, 1.524, 1.523, 1.522, 1.521, 1.52, 1.519, 1.518, 1.517, 1.516, 1.511, 1.511, 1.51, 1.509, 1.508, 1.508, 1.507, 1.508, 1.508, 1.509, 1.51, 1.511, 1.511, 1.511, 1.511, 1.511, 1.511, 1.511, 1.511, 1.511, 1.511, 1.512, 1.513, 1.516, 1.516, 1.516, 1.516, 1.516, 1.516, 1.516, 1.516, 1.516, 1.513, 1.513, 1.512, 1.512, 1.512, 1.512, 1.511, 1.511, 1.511, 1.511, 1.51, 1.509, 1.509, 1.509, 1.509, 1.509, 1.509, 1.509, 1.508, 1.508, 1.508, 1.509, 1.509, 1.509, 1.51, 1.511, 1.511, 1.511, 1.511, 1.511, 1.51, 1.509, 1.509, 1.509, 1.508, 1.508, 1.509, 1.509, 1.509, 1.509, 1.509, 1.51, 1.509, 1.509, 1.508, 1.507, 1.506, 1.505, 1.505, 1.505, 1.505, 1.505, 1.505, 1.505, 1.505, 1.505, 1.506, 1.507, 1.507, 1.507, 1.507, 1.507, 1.506, 1.505, 1.505, 1.504, 1.503, 1.502, 1.501, 1.501, 1.501, 1.501, 1.502, 1.502, 1.503, 1.503, 1.503, 1.503, 1.503, 1.503, 1.503, 1.503, 1.503, 1.503, 1.503, 1.503, 1.503, 1.504, 1.505, 1.505, 1.505, 1.505, 1.505, 1.505, 1.505, 1.504, 1.504, 1.503, 1.503, 1.503, 1.502, 1.502, 1.501, 1.501, 1.501, 1.501, 1.5, 1.5, 1.499, 1.495, 1.494, 1.492, 1.49, 1.489, 1.488, 1.488, 1.488, 1.488, 1.488, 1.489, 1.49, 1.49, 1.491, 1.492, 1.493, 1.494, 1.494, 1.494, 1.494, 1.493, 1.492, 1.492, 1.492, 1.492, 1.492, 1.493, 1.494, 1.495, 1.5, 1.501, 1.503, 1.504, 1.505, 1.506, 1.505, 1.504, 1.503, 1.502, 1.501, 1.501, 1.5, 1.499, 1.496, 1.495, 1.494, 1.492, 1.491, 1.49, 1.485, 1.484, 1.483, 1.482, 1.482, 1.482, 1.483, 1.483, 1.484, 1.485, 1.486, 1.485, 1.485, 1.484, 1.482, 1.481, 1.479, 1.478, 1.477, 1.477, 1.476, 1.476, 1.476, 1.476, 1.476, 1.475, 1.475, 1.474, 1.474, 1.474, 1.474, 1.474, 1.474, 1.474, 1.474, 1.474, 1.474, 1.473, 1.472, 1.471, 1.468, 1.466, 1.464, 1.462, 1.462, 1.462, 1.462, 1.462, 1.462, 1.464, 1.466, 1.468, 1.471, 1.471, 1.472, 1.472, 1.472, 1.472, 1.472, 1.471, 1.47, 1.47, 1.47, 1.47, 1.47, 1.469, 1.469, 1.468, 1.468, 1.468, 1.466, 1.466, 1.466, 1.464, 1.464, 1.464, 1.464, 1.464, 1.464, 1.464, 1.466, 1.466, 1.466, 1.466, 1.469, 1.47, 1.47, 1.471, 1.472, 1.472, 1.472, 1.472, 1.472, 1.472, 1.471, 1.471, 1.47, 1.47, 1.47, 1.47, 1.469, 1.468, 1.468, 1.468, 1.468, 1.468, 1.468, 1.466, 1.466, 1.466, 1.466, 1.466, 1.468, 1.468, 1.466, 1.466, 1.466, 1.466, 1.466, 1.466, 1.466, 1.466, 1.466, 1.466, 1.466, 1.466, 1.466, 1.466, 1.466, 1.466, 1.466, 1.464, 1.462, 1.462, 1.462, 1.46, 1.46, 1.46, 1.46, 1.46, 1.46, 1.462, 1.46, 1.46, 1.458, 1.458, 1.456, 1.454, 1.454, 1.452, 1.45, 1.45, 1.45, 1.45, 1.45, 1.45, 1.45, 1.45, 1.452, 1.452, 1.454, 1.454, 1.454, 1.454, 1.456, 1.458, 1.458, 1.46, 1.46, 1.46, 1.464, 1.464, 1.466, 1.468, 1.469, 1.47, 1.471, 1.472, 1.473, 1.474, 1.474, 1.474, 1.474, 1.473, 1.472, 1.471, 1.47, 1.469, 1.469, 1.468, 1.468, 1.468, 1.468, 1.468, 1.468, 1.468, 1.47, 0, 
1.523, 1.523, 1.523, 1.522, 1.522, 1.521, 1.521, 1.521, 1.521, 1.521, 1.522, 1.522, 1.523, 1.523, 1.524, 1.524, 1.524, 1.524, 1.523, 1.523, 1.523, 1.523, 1.523, 1.524, 1.524, 1.524, 1.524, 1.524, 1.524, 1.524, 1.524, 1.523, 1.522, 1.521, 1.52, 1.52, 1.519, 1.519, 1.518, 1.517, 1.516, 1.513, 1.513, 1.513, 1.512, 1.512, 1.513, 1.513, 1.513, 1.516, 1.517, 1.518, 1.52, 1.521, 1.522, 1.523, 1.524, 1.525, 1.526, 1.526, 1.526, 1.525, 1.524, 1.523, 1.523, 1.522, 1.521, 1.52, 1.52, 1.519, 1.519, 1.519, 1.519, 1.519, 1.519, 1.519, 1.52, 1.52, 1.52, 1.521, 1.522, 1.522, 1.523, 1.524, 1.524, 1.523, 1.522, 1.52, 1.519, 1.518, 1.517, 1.516, 1.511, 1.511, 1.51, 1.509, 1.508, 1.507, 1.507, 1.507, 1.508, 1.509, 1.51, 1.51, 1.511, 1.511, 1.511, 1.511, 1.511, 1.511, 1.511, 1.511, 1.511, 1.512, 1.512, 1.516, 1.516, 1.516, 1.516, 1.516, 1.516, 1.516, 1.516, 1.513, 1.513, 1.512, 1.512, 1.511, 1.511, 1.511, 1.511, 1.511, 1.51, 1.51, 1.509, 1.509, 1.509, 1.509, 1.509, 1.509, 1.509, 1.508, 1.508, 1.507, 1.508, 1.508, 1.509, 1.509, 1.51, 1.511, 1.511, 1.511, 1.511, 1.51, 1.509, 1.509, 1.508, 1.508, 1.507, 1.507, 1.508, 1.508, 1.509, 1.509, 1.509, 1.51, 1.51, 1.509, 1.508, 1.507, 1.507, 1.506, 1.505, 1.505, 1.505, 1.505, 1.505, 1.505, 1.505, 1.505, 1.506, 1.507, 1.507, 1.507, 1.507, 1.506, 1.505, 1.505, 1.504, 1.503, 1.503, 1.502, 1.501, 1.501, 1.501, 1.501, 1.502, 1.502, 1.503, 1.503, 1.503, 1.503, 1.503, 1.503, 1.503, 1.503, 1.503, 1.503, 1.503, 1.503, 1.504, 1.504, 1.505, 1.505, 1.505, 1.505, 1.505, 1.505, 1.505, 1.505, 1.505, 1.504, 1.503, 1.503, 1.503, 1.502, 1.502, 1.501, 1.501, 1.501, 1.5, 1.5, 1.496, 1.495, 1.494, 1.492, 1.49, 1.489, 1.488, 1.488, 1.488, 1.488, 1.488, 1.489, 1.49, 1.492, 1.493, 1.494, 1.494, 1.495, 1.495, 1.495, 1.494, 1.493, 1.493, 1.492, 1.492, 1.492, 1.493, 1.493, 1.494, 1.495, 1.5, 1.501, 1.503, 1.504, 1.505, 1.505, 1.505, 1.504, 1.503, 1.502, 1.501, 1.5, 1.499, 1.499, 1.496, 1.495, 1.494, 1.492, 1.491, 1.49, 1.486, 1.485, 1.484, 1.483, 1.483, 1.483, 1.483, 1.484, 1.484, 1.485, 1.485, 1.485, 1.484, 1.483, 1.482, 1.481, 1.48, 1.479, 1.478, 1.478, 1.477, 1.477, 1.476, 1.476, 1.476, 1.475, 1.474, 1.474, 1.474, 1.473, 1.473, 1.473, 1.473, 1.473, 1.473, 1.474, 1.473, 1.473, 1.472, 1.471, 1.468, 1.466, 1.464, 1.462, 1.46, 1.46, 1.46, 1.462, 1.462, 1.464, 1.466, 1.468, 1.471, 1.471, 1.472, 1.472, 1.472, 1.472, 1.472, 1.471, 1.47, 1.47, 1.47, 1.47, 1.47, 1.47, 1.469, 1.469, 1.468, 1.468, 1.468, 1.466, 1.466, 1.466, 1.464, 1.464, 1.464, 1.464, 1.464, 1.466, 1.466, 1.466, 1.468, 1.469, 1.469, 1.47, 1.471, 1.471, 1.472, 1.472, 1.472, 1.472, 1.472, 1.471, 1.471, 1.47, 1.47, 1.47, 1.47, 1.47, 1.468, 1.468, 1.468, 1.468, 1.468, 1.466, 1.466, 1.466, 1.466, 1.466, 1.466, 1.466, 1.466, 1.466, 1.466, 1.466, 1.466, 1.466, 1.466, 1.466, 1.466, 1.466, 1.466, 1.466, 1.466, 1.466, 1.468, 1.468, 1.468, 1.466, 1.466, 1.466, 1.464, 1.462, 1.462, 1.462, 1.462, 1.462, 1.46, 1.46, 1.462, 1.462, 1.462, 1.46, 1.458, 1.458, 1.456, 1.454, 1.454, 1.454, 1.452, 1.452, 1.452, 1.452, 1.452, 1.452, 1.452, 1.454, 1.454, 1.454, 1.454, 1.454, 1.456, 1.456, 1.456, 1.458, 1.458, 1.46, 1.46, 1.46, 1.462, 1.464, 1.466, 1.468, 1.469, 1.47, 1.471, 1.472, 1.473, 1.474, 1.474, 1.474, 1.473, 1.472, 1.471, 1.47, 1.47, 1.469, 1.468, 1.468, 1.468, 1.468, 1.468, 1.468, 1.468, 1.468, 1.47, 0, 
1.524, 1.524, 1.524, 1.523, 1.523, 1.522, 1.522, 1.522, 1.522, 1.522, 1.523, 1.523, 1.524, 1.524, 1.524, 1.524, 1.524, 1.524, 1.524, 1.524, 1.523, 1.523, 1.523, 1.523, 1.524, 1.524, 1.524, 1.524, 1.524, 1.524, 1.524, 1.524, 1.523, 1.522, 1.521, 1.521, 1.52, 1.52, 1.519, 1.518, 1.517, 1.516, 1.513, 1.513, 1.513, 1.513, 1.513, 1.513, 1.513, 1.517, 1.518, 1.519, 1.52, 1.521, 1.522, 1.524, 1.524, 1.525, 1.526, 1.526, 1.525, 1.525, 1.524, 1.523, 1.522, 1.521, 1.52, 1.519, 1.519, 1.518, 1.518, 1.518, 1.518, 1.518, 1.518, 1.518, 1.519, 1.519, 1.52, 1.52, 1.521, 1.522, 1.523, 1.524, 1.524, 1.523, 1.522, 1.52, 1.519, 1.518, 1.517, 1.516, 1.511, 1.511, 1.51, 1.509, 1.508, 1.507, 1.507, 1.507, 1.508, 1.508, 1.509, 1.51, 1.511, 1.511, 1.511, 1.511, 1.511, 1.511, 1.511, 1.511, 1.511, 1.511, 1.512, 1.512, 1.513, 1.516, 1.516, 1.516, 1.516, 1.516, 1.516, 1.513, 1.512, 1.512, 1.511, 1.511, 1.511, 1.51, 1.51, 1.51, 1.51, 1.509, 1.509, 1.509, 1.509, 1.509, 1.509, 1.509, 1.509, 1.508, 1.507, 1.507, 1.507, 1.508, 1.509, 1.509, 1.51, 1.511, 1.511, 1.511, 1.51, 1.51, 1.509, 1.508, 1.508, 1.507, 1.507, 1.507, 1.507, 1.508, 1.508, 1.509, 1.509, 1.51, 1.51, 1.51, 1.509, 1.508, 1.507, 1.507, 1.506, 1.505, 1.505, 1.505, 1.505, 1.505, 1.505, 1.506, 1.506, 1.507, 1.507, 1.507, 1.507, 1.506, 1.505, 1.505, 1.504, 1.503, 1.502, 1.501, 1.501, 1.501, 1.501, 1.501, 1.501, 1.502, 1.503, 1.503, 1.503, 1.503, 1.503, 1.503, 1.503, 1.503, 1.503, 1.503, 1.503, 1.503, 1.503, 1.504, 1.505, 1.505, 1.505, 1.505, 1.506, 1.506, 1.506, 1.506, 1.505, 1.504, 1.504, 1.503, 1.503, 1.503, 1.502, 1.501, 1.501, 1.501, 1.5, 1.499, 1.495, 1.494, 1.493, 1.492, 1.49, 1.489, 1.488, 1.488, 1.488, 1.488, 1.489, 1.49, 1.491, 1.492, 1.494, 1.495, 1.495, 1.499, 1.499, 1.496, 1.495, 1.494, 1.493, 1.493, 1.493, 1.493, 1.493, 1.494, 1.494, 1.499, 1.5, 1.501, 1.503, 1.504, 1.505, 1.505, 1.504, 1.503, 1.502, 1.501, 1.5, 1.5, 1.499, 1.499, 1.495, 1.495, 1.494, 1.492, 1.492, 1.491, 1.487, 1.486, 1.484, 1.484, 1.484, 1.484, 1.484, 1.484, 1.484, 1.484, 1.484, 1.484, 1.484, 1.483, 1.482, 1.481, 1.481, 1.48, 1.479, 1.478, 1.478, 1.478, 1.477, 1.476, 1.476, 1.475, 1.474, 1.474, 1.473, 1.473, 1.472, 1.472, 1.472, 1.472, 1.473, 1.473, 1.473, 1.472, 1.472, 1.471, 1.468, 1.466, 1.464, 1.462, 1.46, 1.46, 1.46, 1.462, 1.462, 1.464, 1.466, 1.468, 1.47, 1.471, 1.472, 1.472, 1.472, 1.472, 1.472, 1.471, 1.471, 1.47, 1.47, 1.47, 1.47, 1.47, 1.47, 1.469, 1.469, 1.468, 1.468, 1.468, 1.466, 1.466, 1.466, 1.464, 1.464, 1.464, 1.466, 1.466, 1.466, 1.466, 1.468, 1.469, 1.47, 1.47, 1.471, 1.472, 1.472, 1.472, 1.472, 1.472, 1.471, 1.471, 1.47, 1.47, 1.47, 1.468, 1.468, 1.468, 1.468, 1.468, 1.468, 1.468, 1.466, 1.466, 1.466, 1.466, 1.466, 1.466, 1.466, 1.466, 1.466, 1.466, 1.466, 1.466, 1.466, 1.466, 1.466, 1.466, 1.466, 1.466, 1.466, 1.466, 1.466, 1.466, 1.466, 1.468, 1.468, 1.468, 1.466, 1.466, 1.464, 1.464, 1.462, 1.462, 1.462, 1.462, 1.462, 1.462, 1.462, 1.462, 1.462, 1.46, 1.458, 1.458, 1.458, 1.456, 1.454, 1.454, 1.454, 1.454, 1.454, 1.454, 1.454, 1.454, 1.454, 1.454, 1.454, 1.454, 1.456, 1.456, 1.456, 1.456, 1.458, 1.458, 1.458, 1.46, 1.46, 1.46, 1.462, 1.464, 1.466, 1.468, 1.469, 1.47, 1.471, 1.472, 1.473, 1.474, 1.474, 1.474, 1.473, 1.472, 1.471, 1.47, 1.469, 1.469, 1.468, 1.468, 1.468, 1.468, 1.468, 1.468, 1.468, 1.468, 1.468, 0, 
1.524, 1.524, 1.524, 1.524, 1.524, 1.523, 1.523, 1.523, 1.523, 1.524, 1.524, 1.524, 1.525, 1.525, 1.525, 1.525, 1.525, 1.525, 1.524, 1.524, 1.523, 1.523, 1.522, 1.523, 1.523, 1.523, 1.524, 1.524, 1.524, 1.524, 1.524, 1.524, 1.523, 1.523, 1.522, 1.522, 1.522, 1.521, 1.52, 1.519, 1.518, 1.517, 1.516, 1.513, 1.513, 1.513, 1.513, 1.513, 1.513, 1.517, 1.517, 1.519, 1.52, 1.521, 1.522, 1.523, 1.524, 1.525, 1.526, 1.526, 1.525, 1.524, 1.523, 1.522, 1.521, 1.52, 1.519, 1.518, 1.518, 1.517, 1.517, 1.517, 1.517, 1.517, 1.517, 1.517, 1.518, 1.518, 1.519, 1.52, 1.52, 1.521, 1.522, 1.523, 1.523, 1.523, 1.522, 1.52, 1.52, 1.518, 1.517, 1.516, 1.511, 1.511, 1.51, 1.509, 1.508, 1.507, 1.507, 1.507, 1.507, 1.508, 1.509, 1.509, 1.51, 1.51, 1.51, 1.51, 1.51, 1.51, 1.51, 1.51, 1.51, 1.511, 1.511, 1.511, 1.512, 1.512, 1.512, 1.516, 1.516, 1.513, 1.512, 1.512, 1.512, 1.511, 1.51, 1.51, 1.51, 1.51, 1.509, 1.509, 1.509, 1.509, 1.509, 1.509, 1.509, 1.509, 1.509, 1.509, 1.509, 1.508, 1.507, 1.507, 1.507, 1.508, 1.509, 1.509, 1.51, 1.511, 1.511, 1.511, 1.51, 1.509, 1.508, 1.508, 1.507, 1.506, 1.506, 1.506, 1.506, 1.507, 1.508, 1.509, 1.509, 1.51, 1.511, 1.51, 1.509, 1.509, 1.508, 1.507, 1.506, 1.506, 1.505, 1.505, 1.505, 1.505, 1.505, 1.506, 1.507, 1.507, 1.507, 1.507, 1.506, 1.505, 1.505, 1.505, 1.504, 1.503, 1.502, 1.501, 1.501, 1.501, 1.501, 1.501, 1.501, 1.502, 1.503, 1.503, 1.503, 1.503, 1.503, 1.503, 1.503, 1.503, 1.503, 1.503, 1.503, 1.503, 1.503, 1.504, 1.505, 1.505, 1.505, 1.506, 1.506, 1.507, 1.507, 1.506, 1.505, 1.505, 1.504, 1.503, 1.503, 1.503, 1.502, 1.501, 1.501, 1.5, 1.5, 1.499, 1.495, 1.494, 1.493, 1.492, 1.49, 1.489, 1.488, 1.488, 1.488, 1.488, 1.489, 1.49, 1.492, 1.493, 1.494, 1.499, 1.5, 1.5, 1.5, 1.5, 1.495, 1.495, 1.494, 1.494, 1.494, 1.494, 1.494, 1.494, 1.495, 1.5, 1.501, 1.502, 1.503, 1.504, 1.505, 1.505, 1.504, 1.503, 1.502, 1.501, 1.5, 1.499, 1.499, 1.495, 1.495, 1.494, 1.493, 1.492, 1.491, 1.491, 1.487, 1.486, 1.485, 1.484, 1.484, 1.484, 1.484, 1.484, 1.484, 1.484, 1.484, 1.484, 1.483, 1.482, 1.482, 1.482, 1.481, 1.48, 1.48, 1.479, 1.479, 1.478, 1.477, 1.476, 1.476, 1.475, 1.474, 1.474, 1.473, 1.472, 1.472, 1.472, 1.472, 1.472, 1.472, 1.472, 1.473, 1.472, 1.472, 1.471, 1.468, 1.466, 1.464, 1.462, 1.462, 1.46, 1.46, 1.462, 1.462, 1.464, 1.466, 1.468, 1.47, 1.471, 1.472, 1.472, 1.472, 1.472, 1.472, 1.471, 1.471, 1.47, 1.47, 1.47, 1.47, 1.47, 1.47, 1.47, 1.469, 1.468, 1.468, 1.468, 1.468, 1.466, 1.466, 1.466, 1.466, 1.466, 1.466, 1.466, 1.466, 1.469, 1.469, 1.47, 1.47, 1.471, 1.471, 1.472, 1.472, 1.472, 1.472, 1.471, 1.471, 1.47, 1.47, 1.47, 1.468, 1.468, 1.468, 1.468, 1.466, 1.466, 1.466, 1.466, 1.466, 1.466, 1.466, 1.464, 1.464, 1.464, 1.464, 1.466, 1.466, 1.466, 1.466, 1.466, 1.466, 1.466, 1.466, 1.466, 1.464, 1.464, 1.464, 1.466, 1.466, 1.466, 1.466, 1.466, 1.466, 1.466, 1.466, 1.466, 1.466, 1.464, 1.462, 1.462, 1.462, 1.462, 1.462, 1.462, 1.462, 1.462, 1.462, 1.462, 1.46, 1.458, 1.458, 1.458, 1.456, 1.456, 1.456, 1.454, 1.454, 1.456, 1.456, 1.456, 1.456, 1.456, 1.456, 1.456, 1.456, 1.458, 1.458, 1.458, 1.458, 1.458, 1.458, 1.46, 1.46, 1.462, 1.464, 1.464, 1.466, 1.468, 1.469, 1.47, 1.471, 1.472, 1.473, 1.473, 1.473, 1.473, 1.472, 1.471, 1.47, 1.47, 1.469, 1.468, 1.466, 1.466, 1.466, 1.466, 1.468, 1.468, 1.468, 1.468, 1.468, 0, 
1.524, 1.524, 1.524, 1.524, 1.524, 1.524, 1.524, 1.524, 1.524, 1.524, 1.525, 1.525, 1.526, 1.526, 1.526, 1.526, 1.526, 1.525, 1.524, 1.524, 1.523, 1.522, 1.522, 1.522, 1.522, 1.523, 1.524, 1.524, 1.524, 1.524, 1.524, 1.524, 1.524, 1.524, 1.524, 1.523, 1.523, 1.522, 1.521, 1.52, 1.519, 1.518, 1.517, 1.513, 1.513, 1.513, 1.513, 1.513, 1.513, 1.516, 1.517, 1.518, 1.52, 1.521, 1.522, 1.523, 1.524, 1.525, 1.526, 1.525, 1.525, 1.524, 1.522, 1.521, 1.52, 1.52, 1.518, 1.517, 1.517, 1.516, 1.516, 1.516, 1.517, 1.516, 1.516, 1.516, 1.517, 1.517, 1.518, 1.519, 1.519, 1.52, 1.521, 1.522, 1.523, 1.523, 1.522, 1.52, 1.52, 1.518, 1.517, 1.512, 1.511, 1.511, 1.509, 1.508, 1.507, 1.507, 1.507, 1.507, 1.507, 1.508, 1.508, 1.509, 1.509, 1.509, 1.509, 1.509, 1.509, 1.509, 1.509, 1.509, 1.509, 1.51, 1.51, 1.511, 1.511, 1.511, 1.512, 1.512, 1.512, 1.512, 1.512, 1.511, 1.511, 1.51, 1.51, 1.509, 1.509, 1.509, 1.509, 1.509, 1.509, 1.509, 1.509, 1.509, 1.509, 1.509, 1.509, 1.509, 1.509, 1.508, 1.507, 1.507, 1.507, 1.508, 1.509, 1.509, 1.51, 1.511, 1.511, 1.511, 1.51, 1.509, 1.508, 1.507, 1.506, 1.505, 1.505, 1.505, 1.506, 1.507, 1.507, 1.509, 1.509, 1.51, 1.511, 1.511, 1.51, 1.509, 1.508, 1.508, 1.507, 1.506, 1.506, 1.506, 1.506, 1.506, 1.506, 1.506, 1.507, 1.507, 1.507, 1.507, 1.506, 1.505, 1.505, 1.504, 1.503, 1.503, 1.502, 1.501, 1.501, 1.501, 1.501, 1.501, 1.501, 1.502, 1.503, 1.503, 1.503, 1.503, 1.503, 1.503, 1.503, 1.503, 1.503, 1.503, 1.503, 1.503, 1.503, 1.504, 1.505, 1.505, 1.505, 1.506, 1.507, 1.507, 1.507, 1.506, 1.505, 1.505, 1.504, 1.503, 1.503, 1.503, 1.502, 1.501, 1.501, 1.5, 1.499, 1.499, 1.495, 1.494, 1.493, 1.491, 1.49, 1.489, 1.488, 1.488, 1.488, 1.489, 1.49, 1.491, 1.492, 1.494, 1.499, 1.5, 1.501, 1.501, 1.501, 1.501, 1.496, 1.495, 1.495, 1.494, 1.494, 1.494, 1.494, 1.495, 1.495, 1.5, 1.501, 1.502, 1.503, 1.504, 1.505, 1.505, 1.504, 1.503, 1.501, 1.5, 1.496, 1.495, 1.495, 1.495, 1.494, 1.494, 1.493, 1.492, 1.491, 1.49, 1.487, 1.486, 1.484, 1.484, 1.484, 1.483, 1.483, 1.483, 1.483, 1.483, 1.483, 1.483, 1.483, 1.482, 1.482, 1.481, 1.481, 1.48, 1.48, 1.48, 1.479, 1.478, 1.478, 1.476, 1.476, 1.474, 1.474, 1.473, 1.473, 1.472, 1.472, 1.472, 1.472, 1.472, 1.472, 1.472, 1.473, 1.472, 1.472, 1.471, 1.468, 1.466, 1.464, 1.462, 1.462, 1.462, 1.462, 1.462, 1.462, 1.464, 1.466, 1.468, 1.468, 1.471, 1.471, 1.472, 1.472, 1.472, 1.472, 1.472, 1.471, 1.47, 1.47, 1.47, 1.47, 1.47, 1.47, 1.47, 1.47, 1.469, 1.468, 1.468, 1.468, 1.468, 1.466, 1.466, 1.466, 1.466, 1.466, 1.468, 1.468, 1.469, 1.47, 1.47, 1.47, 1.471, 1.472, 1.472, 1.472, 1.472, 1.472, 1.471, 1.47, 1.47, 1.47, 1.468, 1.468, 1.468, 1.466, 1.466, 1.466, 1.466, 1.466, 1.466, 1.466, 1.464, 1.464, 1.464, 1.464, 1.464, 1.464, 1.464, 1.466, 1.466, 1.466, 1.466, 1.466, 1.466, 1.464, 1.464, 1.464, 1.464, 1.464, 1.464, 1.466, 1.466, 1.466, 1.466, 1.466, 1.466, 1.466, 1.466, 1.466, 1.464, 1.464, 1.462, 1.462, 1.462, 1.462, 1.462, 1.462, 1.462, 1.462, 1.462, 1.462, 1.46, 1.458, 1.458, 1.458, 1.458, 1.458, 1.458, 1.458, 1.458, 1.458, 1.458, 1.458, 1.458, 1.458, 1.458, 1.458, 1.458, 1.458, 1.458, 1.458, 1.46, 1.46, 1.46, 1.46, 1.462, 1.464, 1.464, 1.466, 1.468, 1.469, 1.47, 1.471, 1.472, 1.472, 1.473, 1.472, 1.472, 1.471, 1.47, 1.47, 1.468, 1.468, 1.466, 1.466, 1.466, 1.466, 1.466, 1.466, 1.468, 1.468, 1.468, 1.468, 0, 
1.525, 1.525, 1.525, 1.525, 1.525, 1.525, 1.525, 1.525, 1.525, 1.525, 1.526, 1.526, 1.527, 1.527, 1.527, 1.527, 1.526, 1.526, 1.525, 1.524, 1.523, 1.522, 1.522, 1.522, 1.522, 1.523, 1.524, 1.524, 1.524, 1.524, 1.525, 1.525, 1.524, 1.524, 1.524, 1.524, 1.524, 1.524, 1.523, 1.522, 1.52, 1.519, 1.518, 1.517, 1.513, 1.513, 1.513, 1.513, 1.516, 1.516, 1.517, 1.518, 1.52, 1.521, 1.522, 1.523, 1.524, 1.525, 1.526, 1.525, 1.524, 1.523, 1.522, 1.521, 1.52, 1.52, 1.517, 1.516, 1.516, 1.516, 1.516, 1.516, 1.516, 1.516, 1.516, 1.516, 1.516, 1.516, 1.517, 1.518, 1.519, 1.52, 1.521, 1.521, 1.522, 1.522, 1.521, 1.52, 1.519, 1.518, 1.517, 1.512, 1.511, 1.511, 1.509, 1.508, 1.507, 1.507, 1.507, 1.507, 1.507, 1.507, 1.508, 1.509, 1.509, 1.509, 1.509, 1.509, 1.509, 1.509, 1.509, 1.509, 1.509, 1.509, 1.509, 1.51, 1.51, 1.511, 1.511, 1.511, 1.511, 1.511, 1.511, 1.511, 1.511, 1.51, 1.509, 1.509, 1.509, 1.509, 1.509, 1.509, 1.509, 1.509, 1.509, 1.509, 1.509, 1.509, 1.509, 1.509, 1.509, 1.508, 1.507, 1.507, 1.507, 1.508, 1.509, 1.509, 1.51, 1.511, 1.511, 1.51, 1.509, 1.509, 1.507, 1.506, 1.506, 1.505, 1.505, 1.505, 1.505, 1.506, 1.507, 1.509, 1.509, 1.51, 1.511, 1.511, 1.51, 1.509, 1.509, 1.508, 1.507, 1.507, 1.507, 1.507, 1.506, 1.507, 1.507, 1.507, 1.507, 1.507, 1.507, 1.506, 1.506, 1.505, 1.505, 1.504, 1.503, 1.502, 1.501, 1.501, 1.501, 1.501, 1.501, 1.501, 1.501, 1.502, 1.503, 1.503, 1.503, 1.503, 1.503, 1.503, 1.503, 1.503, 1.503, 1.503, 1.503, 1.503, 1.503, 1.504, 1.504, 1.505, 1.505, 1.506, 1.506, 1.506, 1.507, 1.506, 1.505, 1.505, 1.505, 1.504, 1.503, 1.503, 1.503, 1.501, 1.501, 1.5, 1.499, 1.496, 1.495, 1.494, 1.492, 1.491, 1.49, 1.489, 1.488, 1.488, 1.488, 1.489, 1.49, 1.492, 1.493, 1.495, 1.5, 1.501, 1.502, 1.503, 1.503, 1.502, 1.5, 1.496, 1.495, 1.495, 1.495, 1.495, 1.495, 1.495, 1.496, 1.5, 1.501, 1.502, 1.503, 1.504, 1.505, 1.504, 1.503, 1.502, 1.501, 1.5, 1.495, 1.495, 1.494, 1.494, 1.493, 1.492, 1.492, 1.491, 1.49, 1.49, 1.486, 1.485, 1.484, 1.483, 1.483, 1.483, 1.482, 1.482, 1.482, 1.482, 1.482, 1.482, 1.482, 1.482, 1.481, 1.481, 1.48, 1.48, 1.48, 1.48, 1.479, 1.478, 1.477, 1.476, 1.476, 1.474, 1.474, 1.473, 1.472, 1.472, 1.472, 1.472, 1.472, 1.472, 1.472, 1.472, 1.473, 1.472, 1.472, 1.471, 1.468, 1.466, 1.464, 1.464, 1.462, 1.462, 1.462, 1.462, 1.462, 1.464, 1.466, 1.468, 1.468, 1.47, 1.471, 1.472, 1.472, 1.472, 1.472, 1.472, 1.471, 1.47, 1.47, 1.47, 1.47, 1.47, 1.47, 1.47, 1.47, 1.469, 1.468, 1.468, 1.468, 1.468, 1.468, 1.468, 1.468, 1.468, 1.468, 1.468, 1.468, 1.469, 1.47, 1.47, 1.47, 1.471, 1.472, 1.472, 1.472, 1.472, 1.471, 1.47, 1.47, 1.47, 1.468, 1.468, 1.468, 1.466, 1.466, 1.466, 1.466, 1.466, 1.466, 1.464, 1.464, 1.464, 1.464, 1.464, 1.464, 1.464, 1.464, 1.464, 1.464, 1.464, 1.464, 1.464, 1.464, 1.464, 1.464, 1.464, 1.464, 1.464, 1.464, 1.464, 1.464, 1.464, 1.466, 1.466, 1.466, 1.466, 1.466, 1.466, 1.466, 1.466, 1.464, 1.464, 1.464, 1.464, 1.464, 1.464, 1.464, 1.464, 1.464, 1.462, 1.462, 1.462, 1.46, 1.46, 1.458, 1.458, 1.458, 1.458, 1.458, 1.458, 1.458, 1.458, 1.458, 1.458, 1.458, 1.458, 1.46, 1.46, 1.46, 1.46, 1.46, 1.46, 1.46, 1.46, 1.46, 1.462, 1.464, 1.464, 1.466, 1.468, 1.469, 1.47, 1.471, 1.472, 1.472, 1.472, 1.471, 1.471, 1.47, 1.47, 1.468, 1.468, 1.466, 1.466, 1.466, 1.466, 1.466, 1.466, 1.466, 1.466, 1.466, 1.466, 1.468, 0, 
1.526, 1.526, 1.526, 1.526, 1.526, 1.526, 1.526, 1.526, 1.526, 1.526, 1.527, 1.527, 1.527, 1.528, 1.528, 1.528, 1.527, 1.526, 1.525, 1.524, 1.523, 1.522, 1.522, 1.522, 1.522, 1.523, 1.523, 1.524, 1.524, 1.525, 1.525, 1.526, 1.526, 1.526, 1.526, 1.526, 1.526, 1.525, 1.524, 1.523, 1.522, 1.52, 1.519, 1.518, 1.517, 1.517, 1.517, 1.517, 1.517, 1.517, 1.518, 1.518, 1.52, 1.521, 1.522, 1.524, 1.524, 1.525, 1.526, 1.525, 1.524, 1.523, 1.522, 1.52, 1.519, 1.519, 1.516, 1.516, 1.516, 1.516, 1.516, 1.516, 1.513, 1.513, 1.513, 1.513, 1.513, 1.513, 1.516, 1.517, 1.518, 1.519, 1.52, 1.521, 1.521, 1.521, 1.521, 1.52, 1.519, 1.518, 1.517, 1.512, 1.511, 1.511, 1.51, 1.509, 1.508, 1.507, 1.507, 1.507, 1.507, 1.507, 1.508, 1.508, 1.509, 1.509, 1.509, 1.508, 1.508, 1.507, 1.507, 1.507, 1.507, 1.508, 1.508, 1.509, 1.509, 1.51, 1.511, 1.511, 1.511, 1.511, 1.511, 1.511, 1.51, 1.509, 1.509, 1.509, 1.509, 1.509, 1.509, 1.509, 1.509, 1.509, 1.509, 1.509, 1.509, 1.509, 1.509, 1.509, 1.509, 1.508, 1.508, 1.507, 1.507, 1.508, 1.509, 1.509, 1.51, 1.511, 1.511, 1.51, 1.509, 1.509, 1.507, 1.506, 1.505, 1.505, 1.505, 1.505, 1.505, 1.506, 1.507, 1.509, 1.509, 1.51, 1.511, 1.511, 1.511, 1.51, 1.509, 1.509, 1.508, 1.507, 1.507, 1.507, 1.507, 1.507, 1.507, 1.507, 1.507, 1.507, 1.507, 1.506, 1.505, 1.505, 1.504, 1.503, 1.502, 1.502, 1.501, 1.501, 1.501, 1.501, 1.501, 1.501, 1.502, 1.502, 1.503, 1.503, 1.503, 1.503, 1.503, 1.503, 1.503, 1.503, 1.503, 1.503, 1.503, 1.503, 1.503, 1.503, 1.504, 1.505, 1.505, 1.505, 1.505, 1.506, 1.506, 1.506, 1.505, 1.505, 1.505, 1.504, 1.504, 1.503, 1.503, 1.502, 1.501, 1.5, 1.5, 1.496, 1.495, 1.494, 1.492, 1.491, 1.49, 1.489, 1.488, 1.488, 1.489, 1.49, 1.491, 1.492, 1.494, 1.495, 1.5, 1.503, 1.504, 1.504, 1.504, 1.503, 1.501, 1.5, 1.496, 1.495, 1.495, 1.495, 1.496, 1.496, 1.499, 1.5, 1.501, 1.503, 1.503, 1.504, 1.505, 1.504, 1.503, 1.501, 1.5, 1.495, 1.494, 1.494, 1.493, 1.492, 1.492, 1.491, 1.491, 1.49, 1.489, 1.489, 1.485, 1.485, 1.484, 1.483, 1.482, 1.482, 1.482, 1.482, 1.482, 1.482, 1.482, 1.482, 1.481, 1.481, 1.481, 1.48, 1.48, 1.48, 1.48, 1.48, 1.479, 1.478, 1.477, 1.476, 1.475, 1.474, 1.474, 1.473, 1.472, 1.472, 1.472, 1.472, 1.472, 1.472, 1.472, 1.472, 1.473, 1.472, 1.472, 1.471, 1.468, 1.466, 1.464, 1.464, 1.462, 1.462, 1.462, 1.462, 1.464, 1.464, 1.466, 1.468, 1.468, 1.47, 1.471, 1.472, 1.472, 1.472, 1.472, 1.472, 1.471, 1.471, 1.47, 1.47, 1.47, 1.47, 1.47, 1.47, 1.47, 1.469, 1.468, 1.468, 1.468, 1.468, 1.468, 1.468, 1.468, 1.468, 1.468, 1.468, 1.469, 1.47, 1.47, 1.47, 1.47, 1.471, 1.471, 1.471, 1.471, 1.471, 1.471, 1.47, 1.47, 1.468, 1.468, 1.468, 1.466, 1.466, 1.466, 1.466, 1.466, 1.464, 1.464, 1.464, 1.464, 1.464, 1.464, 1.464, 1.464, 1.464, 1.464, 1.462, 1.462, 1.464, 1.464, 1.464, 1.464, 1.464, 1.464, 1.464, 1.464, 1.464, 1.464, 1.464, 1.464, 1.464, 1.464, 1.464, 1.466, 1.466, 1.466, 1.466, 1.466, 1.466, 1.466, 1.466, 1.466, 1.466, 1.466, 1.466, 1.466, 1.466, 1.464, 1.464, 1.462, 1.462, 1.462, 1.46, 1.46, 1.46, 1.458, 1.458, 1.458, 1.46, 1.46, 1.46, 1.46, 1.46, 1.46, 1.46, 1.46, 1.46, 1.46, 1.46, 1.46, 1.46, 1.46, 1.46, 1.46, 1.462, 1.464, 1.464, 1.466, 1.468, 1.469, 1.47, 1.471, 1.472, 1.471, 1.471, 1.47, 1.47, 1.468, 1.468, 1.466, 1.466, 1.466, 1.466, 1.466, 1.466, 1.466, 1.466, 1.466, 1.466, 1.466, 1.466, 1.468, 0, 
1.526, 1.526, 1.526, 1.526, 1.526, 1.526, 1.526, 1.526, 1.527, 1.527, 1.527, 1.528, 1.531, 1.531, 1.531, 1.528, 1.528, 1.527, 1.526, 1.524, 1.524, 1.523, 1.522, 1.522, 1.522, 1.522, 1.523, 1.524, 1.524, 1.525, 1.526, 1.526, 1.526, 1.526, 1.527, 1.527, 1.527, 1.526, 1.526, 1.524, 1.523, 1.522, 1.52, 1.519, 1.518, 1.518, 1.518, 1.518, 1.518, 1.518, 1.518, 1.519, 1.52, 1.521, 1.522, 1.524, 1.524, 1.525, 1.526, 1.525, 1.524, 1.522, 1.521, 1.52, 1.518, 1.518, 1.517, 1.516, 1.516, 1.516, 1.513, 1.513, 1.513, 1.513, 1.513, 1.513, 1.513, 1.513, 1.516, 1.517, 1.518, 1.519, 1.52, 1.52, 1.521, 1.521, 1.52, 1.52, 1.519, 1.518, 1.517, 1.516, 1.511, 1.511, 1.51, 1.509, 1.508, 1.508, 1.507, 1.507, 1.507, 1.508, 1.508, 1.508, 1.508, 1.508, 1.508, 1.507, 1.507, 1.507, 1.507, 1.507, 1.507, 1.507, 1.507, 1.508, 1.509, 1.509, 1.51, 1.511, 1.511, 1.511, 1.511, 1.51, 1.51, 1.509, 1.509, 1.509, 1.508, 1.508, 1.508, 1.508, 1.508, 1.509, 1.509, 1.509, 1.509, 1.509, 1.509, 1.509, 1.509, 1.509, 1.508, 1.508, 1.508, 1.508, 1.509, 1.509, 1.51, 1.511, 1.511, 1.51, 1.509, 1.508, 1.507, 1.506, 1.505, 1.505, 1.505, 1.505, 1.505, 1.506, 1.507, 1.508, 1.509, 1.51, 1.511, 1.511, 1.511, 1.51, 1.509, 1.509, 1.508, 1.508, 1.507, 1.507, 1.507, 1.507, 1.507, 1.507, 1.507, 1.507, 1.506, 1.506, 1.505, 1.505, 1.504, 1.503, 1.502, 1.501, 1.501, 1.501, 1.501, 1.501, 1.501, 1.501, 1.502, 1.503, 1.503, 1.503, 1.503, 1.503, 1.503, 1.503, 1.503, 1.503, 1.503, 1.503, 1.503, 1.503, 1.503, 1.503, 1.504, 1.505, 1.505, 1.505, 1.505, 1.505, 1.505, 1.505, 1.505, 1.505, 1.505, 1.505, 1.504, 1.504, 1.503, 1.502, 1.501, 1.501, 1.5, 1.496, 1.495, 1.494, 1.492, 1.491, 1.49, 1.489, 1.488, 1.488, 1.489, 1.49, 1.492, 1.493, 1.495, 1.5, 1.501, 1.503, 1.504, 1.505, 1.504, 1.503, 1.502, 1.501, 1.5, 1.499, 1.496, 1.496, 1.496, 1.496, 1.5, 1.5, 1.501, 1.503, 1.503, 1.504, 1.505, 1.504, 1.502, 1.501, 1.5, 1.495, 1.494, 1.493, 1.492, 1.491, 1.491, 1.49, 1.49, 1.489, 1.488, 1.488, 1.485, 1.484, 1.483, 1.482, 1.482, 1.482, 1.482, 1.481, 1.481, 1.481, 1.481, 1.481, 1.481, 1.48, 1.48, 1.48, 1.48, 1.48, 1.48, 1.479, 1.478, 1.478, 1.477, 1.476, 1.475, 1.474, 1.474, 1.473, 1.472, 1.472, 1.472, 1.472, 1.472, 1.473, 1.473, 1.473, 1.473, 1.473, 1.472, 1.471, 1.47, 1.466, 1.466, 1.464, 1.464, 1.464, 1.464, 1.464, 1.464, 1.464, 1.466, 1.468, 1.468, 1.47, 1.471, 1.472, 1.472, 1.472, 1.472, 1.472, 1.472, 1.471, 1.47, 1.47, 1.47, 1.47, 1.47, 1.47, 1.47, 1.469, 1.468, 1.468, 1.468, 1.468, 1.468, 1.468, 1.468, 1.468, 1.468, 1.468, 1.469, 1.47, 1.47, 1.47, 1.47, 1.47, 1.47, 1.47, 1.47, 1.47, 1.47, 1.47, 1.47, 1.468, 1.468, 1.466, 1.466, 1.466, 1.466, 1.466, 1.464, 1.464, 1.464, 1.464, 1.464, 1.464, 1.464, 1.464, 1.464, 1.462, 1.462, 1.462, 1.462, 1.462, 1.462, 1.464, 1.464, 1.464, 1.464, 1.464, 1.464, 1.464, 1.464, 1.464, 1.464, 1.464, 1.464, 1.464, 1.464, 1.464, 1.464, 1.466, 1.466, 1.466, 1.466, 1.466, 1.466, 1.466, 1.466, 1.466, 1.466, 1.466, 1.466, 1.464, 1.464, 1.462, 1.462, 1.462, 1.46, 1.46, 1.46, 1.46, 1.46, 1.46, 1.46, 1.46, 1.46, 1.46, 1.462, 1.462, 1.462, 1.462, 1.462, 1.462, 1.462, 1.46, 1.46, 1.46, 1.46, 1.462, 1.464, 1.464, 1.466, 1.468, 1.469, 1.47, 1.471, 1.471, 1.471, 1.47, 1.47, 1.468, 1.468, 1.466, 1.466, 1.466, 1.466, 1.464, 1.464, 1.464, 1.464, 1.464, 1.466, 1.466, 1.466, 1.466, 1.468, 0, 
1.526, 1.526, 1.526, 1.526, 1.527, 1.527, 1.527, 1.527, 1.528, 1.528, 1.531, 1.531, 1.531, 1.531, 1.531, 1.531, 1.528, 1.527, 1.526, 1.524, 1.524, 1.522, 1.522, 1.522, 1.522, 1.522, 1.523, 1.524, 1.525, 1.526, 1.527, 1.527, 1.527, 1.527, 1.528, 1.528, 1.528, 1.527, 1.527, 1.526, 1.525, 1.523, 1.522, 1.521, 1.52, 1.519, 1.519, 1.519, 1.518, 1.519, 1.519, 1.52, 1.521, 1.522, 1.523, 1.524, 1.524, 1.525, 1.525, 1.524, 1.523, 1.522, 1.521, 1.52, 1.517, 1.517, 1.516, 1.516, 1.516, 1.513, 1.513, 1.513, 1.513, 1.512, 1.513, 1.513, 1.513, 1.513, 1.513, 1.517, 1.518, 1.518, 1.52, 1.52, 1.52, 1.52, 1.52, 1.52, 1.519, 1.518, 1.517, 1.516, 1.512, 1.511, 1.511, 1.51, 1.509, 1.509, 1.508, 1.508, 1.508, 1.508, 1.508, 1.508, 1.508, 1.507, 1.507, 1.507, 1.506, 1.506, 1.506, 1.506, 1.506, 1.506, 1.507, 1.507, 1.508, 1.509, 1.509, 1.51, 1.51, 1.51, 1.51, 1.51, 1.509, 1.509, 1.509, 1.509, 1.508, 1.507, 1.507, 1.507, 1.508, 1.508, 1.509, 1.509, 1.509, 1.509, 1.509, 1.509, 1.509, 1.509, 1.509, 1.509, 1.509, 1.509, 1.509, 1.51, 1.51, 1.511, 1.511, 1.51, 1.509, 1.508, 1.507, 1.506, 1.505, 1.505, 1.505, 1.505, 1.505, 1.506, 1.507, 1.508, 1.509, 1.51, 1.511, 1.511, 1.511, 1.51, 1.51, 1.509, 1.509, 1.508, 1.508, 1.507, 1.507, 1.507, 1.507, 1.507, 1.507, 1.507, 1.506, 1.505, 1.505, 1.504, 1.503, 1.503, 1.502, 1.501, 1.501, 1.501, 1.501, 1.501, 1.501, 1.502, 1.503, 1.503, 1.504, 1.504, 1.504, 1.504, 1.504, 1.504, 1.503, 1.503, 1.503, 1.503, 1.503, 1.503, 1.503, 1.503, 1.503, 1.504, 1.505, 1.505, 1.505, 1.505, 1.505, 1.505, 1.505, 1.505, 1.505, 1.505, 1.505, 1.504, 1.503, 1.503, 1.501, 1.501, 1.5, 1.496, 1.495, 1.493, 1.492, 1.49, 1.49, 1.489, 1.488, 1.488, 1.489, 1.49, 1.492, 1.494, 1.495, 1.5, 1.503, 1.504, 1.505, 1.506, 1.505, 1.504, 1.503, 1.502, 1.501, 1.5, 1.499, 1.499, 1.499, 1.499, 1.5, 1.501, 1.502, 1.503, 1.503, 1.504, 1.504, 1.503, 1.502, 1.5, 1.495, 1.494, 1.493, 1.492, 1.491, 1.49, 1.49, 1.489, 1.488, 1.488, 1.487, 1.486, 1.485, 1.483, 1.482, 1.481, 1.481, 1.481, 1.481, 1.48, 1.48, 1.48, 1.48, 1.48, 1.48, 1.48, 1.48, 1.48, 1.48, 1.48, 1.48, 1.479, 1.478, 1.478, 1.477, 1.476, 1.475, 1.474, 1.474, 1.473, 1.472, 1.472, 1.473, 1.473, 1.473, 1.474, 1.474, 1.474, 1.474, 1.473, 1.473, 1.472, 1.471, 1.468, 1.466, 1.466, 1.464, 1.464, 1.464, 1.464, 1.464, 1.466, 1.466, 1.468, 1.469, 1.47, 1.47, 1.471, 1.472, 1.472, 1.472, 1.472, 1.472, 1.471, 1.47, 1.47, 1.47, 1.47, 1.47, 1.47, 1.47, 1.469, 1.468, 1.468, 1.468, 1.468, 1.468, 1.468, 1.468, 1.468, 1.468, 1.469, 1.469, 1.47, 1.47, 1.47, 1.47, 1.47, 1.47, 1.47, 1.47, 1.47, 1.47, 1.47, 1.468, 1.468, 1.466, 1.466, 1.466, 1.466, 1.464, 1.464, 1.462, 1.462, 1.462, 1.462, 1.462, 1.464, 1.464, 1.464, 1.462, 1.462, 1.462, 1.462, 1.462, 1.462, 1.462, 1.462, 1.462, 1.462, 1.462, 1.462, 1.462, 1.462, 1.462, 1.462, 1.462, 1.462, 1.462, 1.462, 1.462, 1.462, 1.464, 1.464, 1.464, 1.464, 1.464, 1.466, 1.466, 1.466, 1.466, 1.466, 1.466, 1.466, 1.466, 1.464, 1.464, 1.462, 1.462, 1.462, 1.46, 1.46, 1.46, 1.46, 1.46, 1.46, 1.46, 1.462, 1.462, 1.462, 1.462, 1.462, 1.462, 1.462, 1.462, 1.462, 1.462, 1.462, 1.46, 1.46, 1.46, 1.462, 1.464, 1.464, 1.466, 1.468, 1.468, 1.469, 1.47, 1.47, 1.47, 1.47, 1.468, 1.466, 1.466, 1.466, 1.464, 1.464, 1.464, 1.464, 1.464, 1.464, 1.464, 1.464, 1.464, 1.466, 1.466, 1.466, 1.466, 0, 
1.526, 1.526, 1.526, 1.526, 1.527, 1.527, 1.528, 1.528, 1.528, 1.531, 1.531, 1.531, 1.532, 1.532, 1.532, 1.531, 1.531, 1.527, 1.526, 1.524, 1.523, 1.522, 1.522, 1.522, 1.522, 1.522, 1.523, 1.524, 1.525, 1.526, 1.527, 1.528, 1.528, 1.528, 1.528, 1.528, 1.528, 1.528, 1.528, 1.527, 1.526, 1.525, 1.523, 1.522, 1.522, 1.521, 1.52, 1.52, 1.52, 1.52, 1.52, 1.521, 1.522, 1.523, 1.524, 1.524, 1.525, 1.525, 1.525, 1.524, 1.523, 1.522, 1.52, 1.52, 1.517, 1.516, 1.516, 1.516, 1.513, 1.513, 1.512, 1.512, 1.512, 1.512, 1.512, 1.512, 1.512, 1.513, 1.513, 1.517, 1.518, 1.518, 1.519, 1.52, 1.52, 1.52, 1.52, 1.519, 1.518, 1.518, 1.517, 1.516, 1.512, 1.512, 1.511, 1.511, 1.51, 1.509, 1.509, 1.509, 1.509, 1.509, 1.508, 1.508, 1.507, 1.507, 1.507, 1.506, 1.505, 1.505, 1.505, 1.505, 1.505, 1.505, 1.506, 1.507, 1.508, 1.509, 1.509, 1.509, 1.509, 1.509, 1.509, 1.509, 1.509, 1.509, 1.509, 1.508, 1.508, 1.507, 1.507, 1.507, 1.507, 1.508, 1.509, 1.509, 1.509, 1.509, 1.509, 1.509, 1.509, 1.509, 1.509, 1.509, 1.509, 1.509, 1.509, 1.51, 1.511, 1.511, 1.511, 1.51, 1.509, 1.508, 1.507, 1.506, 1.505, 1.505, 1.505, 1.505, 1.505, 1.506, 1.507, 1.508, 1.509, 1.51, 1.511, 1.511, 1.511, 1.511, 1.51, 1.51, 1.509, 1.509, 1.508, 1.508, 1.507, 1.507, 1.507, 1.507, 1.507, 1.506, 1.506, 1.505, 1.505, 1.504, 1.503, 1.503, 1.502, 1.501, 1.501, 1.501, 1.501, 1.502, 1.502, 1.503, 1.503, 1.504, 1.505, 1.505, 1.505, 1.505, 1.505, 1.504, 1.504, 1.503, 1.503, 1.503, 1.503, 1.503, 1.503, 1.503, 1.503, 1.504, 1.504, 1.505, 1.505, 1.505, 1.505, 1.505, 1.505, 1.505, 1.505, 1.505, 1.505, 1.504, 1.503, 1.503, 1.501, 1.501, 1.5, 1.495, 1.494, 1.493, 1.491, 1.49, 1.489, 1.488, 1.488, 1.488, 1.489, 1.49, 1.492, 1.494, 1.495, 1.5, 1.503, 1.504, 1.505, 1.506, 1.506, 1.505, 1.504, 1.503, 1.502, 1.501, 1.5, 1.5, 1.5, 1.5, 1.501, 1.501, 1.502, 1.503, 1.504, 1.504, 1.504, 1.503, 1.501, 1.5, 1.495, 1.494, 1.492, 1.491, 1.49, 1.489, 1.489, 1.488, 1.487, 1.487, 1.486, 1.485, 1.484, 1.483, 1.482, 1.481, 1.48, 1.48, 1.48, 1.48, 1.48, 1.48, 1.48, 1.48, 1.48, 1.48, 1.48, 1.48, 1.48, 1.48, 1.48, 1.479, 1.478, 1.478, 1.476, 1.476, 1.475, 1.474, 1.474, 1.473, 1.473, 1.473, 1.473, 1.474, 1.474, 1.474, 1.474, 1.474, 1.474, 1.474, 1.473, 1.472, 1.472, 1.471, 1.468, 1.466, 1.466, 1.466, 1.464, 1.464, 1.466, 1.466, 1.466, 1.468, 1.469, 1.47, 1.47, 1.471, 1.472, 1.472, 1.472, 1.472, 1.472, 1.471, 1.47, 1.47, 1.47, 1.47, 1.47, 1.47, 1.469, 1.469, 1.468, 1.468, 1.468, 1.468, 1.468, 1.468, 1.468, 1.468, 1.468, 1.469, 1.47, 1.47, 1.47, 1.47, 1.47, 1.47, 1.47, 1.47, 1.47, 1.47, 1.47, 1.47, 1.468, 1.468, 1.466, 1.466, 1.466, 1.464, 1.464, 1.462, 1.462, 1.462, 1.462, 1.462, 1.462, 1.462, 1.464, 1.462, 1.462, 1.462, 1.462, 1.462, 1.462, 1.462, 1.462, 1.46, 1.46, 1.46, 1.46, 1.462, 1.462, 1.462, 1.462, 1.462, 1.462, 1.462, 1.462, 1.462, 1.462, 1.462, 1.462, 1.462, 1.462, 1.464, 1.464, 1.464, 1.466, 1.466, 1.466, 1.466, 1.466, 1.466, 1.466, 1.466, 1.464, 1.464, 1.462, 1.462, 1.462, 1.462, 1.462, 1.462, 1.462, 1.462, 1.462, 1.462, 1.462, 1.462, 1.462, 1.462, 1.464, 1.464, 1.462, 1.462, 1.462, 1.462, 1.46, 1.46, 1.46, 1.46, 1.462, 1.464, 1.464, 1.466, 1.468, 1.469, 1.47, 1.47, 1.47, 1.468, 1.466, 1.466, 1.466, 1.464, 1.464, 1.462, 1.462, 1.462, 1.462, 1.462, 1.462, 1.464, 1.464, 1.464, 1.464, 1.464, 1.466, 0, 
1.525, 1.525, 1.525, 1.526, 1.526, 1.527, 1.528, 1.528, 1.528, 1.531, 1.531, 1.531, 1.532, 1.532, 1.532, 1.531, 1.531, 1.527, 1.526, 1.524, 1.523, 1.522, 1.521, 1.521, 1.522, 1.522, 1.523, 1.524, 1.525, 1.526, 1.527, 1.528, 1.528, 1.528, 1.528, 1.528, 1.528, 1.528, 1.528, 1.528, 1.527, 1.526, 1.525, 1.524, 1.523, 1.522, 1.522, 1.521, 1.521, 1.521, 1.521, 1.522, 1.523, 1.523, 1.524, 1.524, 1.525, 1.525, 1.524, 1.524, 1.522, 1.521, 1.52, 1.519, 1.516, 1.516, 1.516, 1.516, 1.513, 1.513, 1.512, 1.511, 1.511, 1.511, 1.511, 1.511, 1.512, 1.513, 1.513, 1.517, 1.518, 1.518, 1.519, 1.52, 1.52, 1.52, 1.52, 1.519, 1.518, 1.518, 1.517, 1.516, 1.513, 1.512, 1.512, 1.511, 1.511, 1.51, 1.51, 1.509, 1.509, 1.509, 1.508, 1.508, 1.507, 1.507, 1.506, 1.506, 1.505, 1.505, 1.505, 1.505, 1.505, 1.505, 1.506, 1.507, 1.507, 1.508, 1.509, 1.509, 1.509, 1.509, 1.509, 1.509, 1.509, 1.509, 1.509, 1.508, 1.507, 1.507, 1.507, 1.507, 1.507, 1.508, 1.509, 1.509, 1.509, 1.509, 1.509, 1.509, 1.509, 1.509, 1.509, 1.509, 1.509, 1.51, 1.51, 1.51, 1.511, 1.511, 1.511, 1.51, 1.509, 1.508, 1.506, 1.505, 1.505, 1.505, 1.505, 1.505, 1.505, 1.506, 1.507, 1.508, 1.509, 1.51, 1.511, 1.511, 1.511, 1.511, 1.511, 1.51, 1.509, 1.509, 1.509, 1.508, 1.507, 1.507, 1.507, 1.507, 1.507, 1.506, 1.505, 1.505, 1.504, 1.504, 1.503, 1.503, 1.502, 1.501, 1.501, 1.502, 1.502, 1.502, 1.503, 1.503, 1.504, 1.505, 1.505, 1.506, 1.506, 1.506, 1.506, 1.505, 1.505, 1.504, 1.503, 1.503, 1.503, 1.503, 1.503, 1.503, 1.503, 1.503, 1.504, 1.504, 1.505, 1.505, 1.505, 1.505, 1.505, 1.505, 1.505, 1.505, 1.505, 1.504, 1.503, 1.503, 1.501, 1.5, 1.5, 1.495, 1.494, 1.492, 1.491, 1.49, 1.489, 1.488, 1.488, 1.488, 1.489, 1.49, 1.492, 1.493, 1.5, 1.5, 1.504, 1.505, 1.506, 1.507, 1.507, 1.506, 1.505, 1.504, 1.503, 1.502, 1.501, 1.501, 1.501, 1.501, 1.501, 1.502, 1.503, 1.503, 1.504, 1.504, 1.504, 1.502, 1.501, 1.5, 1.495, 1.493, 1.492, 1.49, 1.489, 1.488, 1.488, 1.487, 1.486, 1.486, 1.485, 1.484, 1.483, 1.482, 1.481, 1.48, 1.48, 1.48, 1.48, 1.48, 1.48, 1.48, 1.48, 1.48, 1.48, 1.48, 1.48, 1.48, 1.48, 1.48, 1.48, 1.479, 1.478, 1.478, 1.476, 1.476, 1.475, 1.474, 1.474, 1.474, 1.474, 1.474, 1.474, 1.475, 1.475, 1.475, 1.476, 1.476, 1.475, 1.475, 1.474, 1.473, 1.472, 1.471, 1.468, 1.468, 1.466, 1.466, 1.466, 1.466, 1.466, 1.466, 1.468, 1.468, 1.469, 1.47, 1.47, 1.471, 1.472, 1.472, 1.472, 1.472, 1.472, 1.471, 1.47, 1.47, 1.47, 1.47, 1.47, 1.47, 1.469, 1.468, 1.468, 1.468, 1.468, 1.468, 1.468, 1.468, 1.468, 1.468, 1.468, 1.469, 1.47, 1.47, 1.47, 1.47, 1.47, 1.47, 1.47, 1.47, 1.47, 1.47, 1.47, 1.468, 1.468, 1.468, 1.466, 1.466, 1.464, 1.464, 1.462, 1.462, 1.462, 1.462, 1.462, 1.462, 1.462, 1.462, 1.462, 1.462, 1.462, 1.462, 1.462, 1.462, 1.462, 1.46, 1.46, 1.46, 1.46, 1.46, 1.46, 1.46, 1.46, 1.46, 1.46, 1.46, 1.46, 1.46, 1.46, 1.46, 1.46, 1.462, 1.462, 1.462, 1.462, 1.462, 1.464, 1.464, 1.466, 1.466, 1.466, 1.466, 1.466, 1.466, 1.466, 1.466, 1.466, 1.464, 1.462, 1.462, 1.462, 1.462, 1.462, 1.462, 1.462, 1.462, 1.462, 1.462, 1.462, 1.464, 1.464, 1.464, 1.464, 1.464, 1.464, 1.464, 1.462, 1.462, 1.46, 1.46, 1.46, 1.46, 1.46, 1.462, 1.464, 1.464, 1.468, 1.468, 1.468, 1.468, 1.468, 1.468, 1.466, 1.466, 1.464, 1.464, 1.462, 1.462, 1.462, 1.462, 1.462, 1.462, 1.462, 1.464, 1.464, 1.464, 1.464, 1.464, 1.466, 0, 
1.524, 1.524, 1.525, 1.525, 1.526, 1.526, 1.527, 1.528, 1.528, 1.531, 1.531, 1.531, 1.532, 1.533, 1.532, 1.532, 1.528, 1.527, 1.526, 1.524, 1.523, 1.522, 1.521, 1.521, 1.522, 1.522, 1.523, 1.524, 1.525, 1.526, 1.527, 1.528, 1.528, 1.528, 1.528, 1.531, 1.531, 1.531, 1.531, 1.528, 1.528, 1.527, 1.526, 1.525, 1.524, 1.524, 1.523, 1.523, 1.522, 1.522, 1.522, 1.523, 1.524, 1.524, 1.524, 1.525, 1.525, 1.524, 1.524, 1.523, 1.522, 1.52, 1.519, 1.518, 1.517, 1.516, 1.516, 1.516, 1.513, 1.513, 1.512, 1.511, 1.511, 1.511, 1.511, 1.511, 1.512, 1.513, 1.513, 1.517, 1.518, 1.519, 1.52, 1.52, 1.52, 1.52, 1.52, 1.52, 1.519, 1.518, 1.517, 1.516, 1.516, 1.513, 1.512, 1.512, 1.511, 1.511, 1.511, 1.51, 1.51, 1.509, 1.509, 1.507, 1.507, 1.506, 1.506, 1.505, 1.505, 1.505, 1.505, 1.505, 1.505, 1.505, 1.506, 1.507, 1.507, 1.508, 1.509, 1.509, 1.509, 1.509, 1.509, 1.509, 1.509, 1.509, 1.509, 1.508, 1.507, 1.507, 1.507, 1.507, 1.507, 1.508, 1.509, 1.509, 1.509, 1.509, 1.51, 1.51, 1.51, 1.51, 1.51, 1.51, 1.51, 1.51, 1.511, 1.511, 1.511, 1.511, 1.511, 1.51, 1.509, 1.508, 1.506, 1.505, 1.505, 1.505, 1.505, 1.505, 1.505, 1.506, 1.507, 1.508, 1.509, 1.51, 1.511, 1.511, 1.511, 1.511, 1.511, 1.51, 1.509, 1.509, 1.509, 1.508, 1.507, 1.507, 1.507, 1.507, 1.506, 1.506, 1.505, 1.505, 1.504, 1.503, 1.503, 1.503, 1.502, 1.502, 1.502, 1.502, 1.503, 1.503, 1.504, 1.504, 1.505, 1.506, 1.506, 1.507, 1.507, 1.507, 1.506, 1.506, 1.505, 1.505, 1.504, 1.503, 1.503, 1.503, 1.503, 1.503, 1.503, 1.503, 1.503, 1.503, 1.504, 1.504, 1.505, 1.505, 1.505, 1.505, 1.505, 1.505, 1.505, 1.504, 1.503, 1.503, 1.501, 1.5, 1.499, 1.495, 1.494, 1.492, 1.491, 1.49, 1.489, 1.488, 1.488, 1.489, 1.49, 1.491, 1.492, 1.494, 1.5, 1.5, 1.504, 1.505, 1.507, 1.508, 1.508, 1.507, 1.506, 1.505, 1.504, 1.503, 1.503, 1.502, 1.502, 1.502, 1.502, 1.503, 1.503, 1.503, 1.504, 1.504, 1.503, 1.502, 1.5, 1.495, 1.494, 1.493, 1.491, 1.489, 1.488, 1.488, 1.487, 1.486, 1.486, 1.485, 1.484, 1.483, 1.482, 1.481, 1.48, 1.479, 1.479, 1.479, 1.479, 1.479, 1.479, 1.48, 1.48, 1.48, 1.48, 1.48, 1.48, 1.48, 1.48, 1.48, 1.48, 1.48, 1.478, 1.478, 1.476, 1.476, 1.475, 1.474, 1.474, 1.474, 1.474, 1.474, 1.475, 1.475, 1.476, 1.476, 1.476, 1.476, 1.476, 1.476, 1.475, 1.474, 1.473, 1.472, 1.471, 1.468, 1.468, 1.466, 1.466, 1.466, 1.466, 1.468, 1.468, 1.468, 1.469, 1.47, 1.47, 1.471, 1.472, 1.472, 1.472, 1.472, 1.472, 1.471, 1.47, 1.47, 1.47, 1.47, 1.47, 1.469, 1.469, 1.468, 1.468, 1.468, 1.468, 1.468, 1.468, 1.468, 1.468, 1.468, 1.468, 1.469, 1.47, 1.47, 1.47, 1.47, 1.47, 1.47, 1.47, 1.47, 1.47, 1.47, 1.47, 1.468, 1.468, 1.466, 1.466, 1.466, 1.464, 1.462, 1.462, 1.462, 1.462, 1.462, 1.462, 1.462, 1.462, 1.462, 1.462, 1.462, 1.462, 1.462, 1.462, 1.462, 1.462, 1.46, 1.46, 1.458, 1.458, 1.458, 1.458, 1.458, 1.458, 1.458, 1.458, 1.458, 1.458, 1.458, 1.458, 1.458, 1.458, 1.46, 1.46, 1.46, 1.462, 1.462, 1.462, 1.464, 1.464, 1.466, 1.466, 1.466, 1.468, 1.468, 1.466, 1.466, 1.466, 1.464, 1.462, 1.462, 1.462, 1.462, 1.462, 1.462, 1.462, 1.462, 1.462, 1.462, 1.464, 1.464, 1.464, 1.466, 1.466, 1.466, 1.464, 1.464, 1.462, 1.462, 1.46, 1.46, 1.46, 1.46, 1.46, 1.46, 1.464, 1.464, 1.466, 1.468, 1.468, 1.468, 1.468, 1.466, 1.466, 1.466, 1.464, 1.462, 1.462, 1.462, 1.462, 1.462, 1.462, 1.462, 1.462, 1.462, 1.464, 1.464, 1.464, 1.464, 1.464, 0, 
1.524, 1.524, 1.524, 1.525, 1.526, 1.526, 1.527, 1.528, 1.528, 1.531, 1.531, 1.532, 1.532, 1.533, 1.532, 1.532, 1.528, 1.527, 1.526, 1.524, 1.523, 1.522, 1.521, 1.521, 1.522, 1.522, 1.523, 1.524, 1.526, 1.527, 1.528, 1.528, 1.531, 1.531, 1.531, 1.531, 1.531, 1.531, 1.531, 1.531, 1.531, 1.528, 1.527, 1.526, 1.525, 1.525, 1.524, 1.524, 1.523, 1.523, 1.524, 1.524, 1.524, 1.524, 1.525, 1.525, 1.525, 1.524, 1.523, 1.522, 1.521, 1.52, 1.519, 1.518, 1.517, 1.516, 1.516, 1.516, 1.513, 1.513, 1.512, 1.512, 1.511, 1.511, 1.511, 1.511, 1.512, 1.513, 1.513, 1.518, 1.518, 1.519, 1.52, 1.52, 1.52, 1.52, 1.52, 1.52, 1.519, 1.519, 1.518, 1.517, 1.517, 1.516, 1.516, 1.512, 1.512, 1.512, 1.511, 1.511, 1.51, 1.509, 1.509, 1.507, 1.507, 1.506, 1.505, 1.505, 1.505, 1.505, 1.505, 1.505, 1.505, 1.505, 1.506, 1.507, 1.507, 1.508, 1.509, 1.509, 1.509, 1.509, 1.509, 1.509, 1.509, 1.509, 1.509, 1.508, 1.507, 1.507, 1.507, 1.507, 1.508, 1.508, 1.509, 1.509, 1.509, 1.51, 1.51, 1.511, 1.511, 1.511, 1.511, 1.511, 1.511, 1.511, 1.511, 1.511, 1.511, 1.511, 1.511, 1.51, 1.509, 1.508, 1.507, 1.506, 1.505, 1.505, 1.505, 1.505, 1.505, 1.506, 1.507, 1.508, 1.509, 1.51, 1.511, 1.511, 1.511, 1.511, 1.511, 1.51, 1.509, 1.509, 1.509, 1.508, 1.507, 1.507, 1.507, 1.507, 1.506, 1.505, 1.505, 1.505, 1.504, 1.503, 1.503, 1.503, 1.503, 1.503, 1.503, 1.503, 1.503, 1.504, 1.504, 1.505, 1.505, 1.506, 1.507, 1.507, 1.507, 1.507, 1.507, 1.507, 1.506, 1.505, 1.504, 1.503, 1.503, 1.503, 1.503, 1.503, 1.503, 1.503, 1.503, 1.503, 1.503, 1.503, 1.504, 1.504, 1.505, 1.505, 1.505, 1.505, 1.505, 1.504, 1.503, 1.503, 1.501, 1.5, 1.499, 1.495, 1.494, 1.492, 1.491, 1.49, 1.49, 1.489, 1.489, 1.49, 1.49, 1.492, 1.493, 1.495, 1.499, 1.501, 1.505, 1.506, 1.507, 1.508, 1.508, 1.508, 1.507, 1.506, 1.505, 1.504, 1.504, 1.503, 1.503, 1.503, 1.503, 1.503, 1.503, 1.504, 1.504, 1.504, 1.503, 1.501, 1.5, 1.495, 1.494, 1.492, 1.49, 1.489, 1.487, 1.487, 1.486, 1.486, 1.485, 1.484, 1.483, 1.482, 1.481, 1.48, 1.479, 1.478, 1.478, 1.478, 1.478, 1.478, 1.479, 1.479, 1.48, 1.48, 1.48, 1.48, 1.48, 1.481, 1.481, 1.481, 1.48, 1.48, 1.479, 1.478, 1.476, 1.476, 1.475, 1.474, 1.474, 1.474, 1.474, 1.475, 1.476, 1.476, 1.477, 1.477, 1.478, 1.477, 1.477, 1.477, 1.476, 1.475, 1.474, 1.473, 1.472, 1.471, 1.468, 1.468, 1.468, 1.468, 1.468, 1.468, 1.468, 1.468, 1.469, 1.47, 1.47, 1.471, 1.472, 1.472, 1.472, 1.472, 1.472, 1.471, 1.47, 1.47, 1.47, 1.47, 1.469, 1.469, 1.468, 1.468, 1.468, 1.468, 1.468, 1.468, 1.468, 1.468, 1.468, 1.468, 1.468, 1.469, 1.47, 1.47, 1.47, 1.47, 1.47, 1.47, 1.47, 1.47, 1.47, 1.47, 1.47, 1.468, 1.468, 1.466, 1.466, 1.466, 1.464, 1.462, 1.462, 1.462, 1.462, 1.462, 1.462, 1.462, 1.462, 1.462, 1.462, 1.462, 1.462, 1.462, 1.462, 1.462, 1.46, 1.458, 1.458, 1.458, 1.458, 1.458, 1.458, 1.458, 1.458, 1.458, 1.458, 1.458, 1.458, 1.458, 1.458, 1.458, 1.458, 1.458, 1.458, 1.458, 1.46, 1.462, 1.462, 1.462, 1.464, 1.466, 1.466, 1.466, 1.468, 1.468, 1.466, 1.466, 1.466, 1.464, 1.462, 1.462, 1.462, 1.462, 1.462, 1.462, 1.462, 1.462, 1.462, 1.462, 1.464, 1.464, 1.466, 1.466, 1.466, 1.466, 1.466, 1.464, 1.462, 1.462, 1.46, 1.46, 1.458, 1.458, 1.46, 1.46, 1.462, 1.464, 1.464, 1.466, 1.468, 1.468, 1.468, 1.466, 1.466, 1.464, 1.464, 1.462, 1.462, 1.462, 1.462, 1.462, 1.462, 1.462, 1.462, 1.462, 1.464, 1.464, 1.464, 1.464, 1.464, 0, 
1.523, 1.524, 1.524, 1.525, 1.526, 1.526, 1.527, 1.528, 1.528, 1.531, 1.531, 1.532, 1.532, 1.533, 1.532, 1.532, 1.528, 1.528, 1.525, 1.524, 1.523, 1.522, 1.521, 1.521, 1.522, 1.523, 1.524, 1.524, 1.526, 1.527, 1.528, 1.528, 1.531, 1.531, 1.531, 1.531, 1.531, 1.531, 1.531, 1.531, 1.531, 1.528, 1.528, 1.527, 1.526, 1.526, 1.525, 1.524, 1.524, 1.524, 1.524, 1.524, 1.525, 1.525, 1.525, 1.525, 1.524, 1.524, 1.522, 1.521, 1.52, 1.52, 1.518, 1.518, 1.517, 1.516, 1.516, 1.516, 1.516, 1.513, 1.513, 1.512, 1.512, 1.512, 1.512, 1.512, 1.512, 1.513, 1.517, 1.518, 1.519, 1.519, 1.52, 1.52, 1.52, 1.52, 1.52, 1.52, 1.52, 1.519, 1.519, 1.518, 1.518, 1.517, 1.517, 1.516, 1.516, 1.512, 1.512, 1.511, 1.511, 1.51, 1.509, 1.507, 1.507, 1.506, 1.505, 1.505, 1.505, 1.505, 1.505, 1.505, 1.505, 1.505, 1.506, 1.507, 1.507, 1.508, 1.509, 1.509, 1.509, 1.51, 1.51, 1.509, 1.509, 1.509, 1.509, 1.508, 1.508, 1.507, 1.507, 1.507, 1.508, 1.509, 1.509, 1.509, 1.509, 1.51, 1.511, 1.511, 1.511, 1.511, 1.511, 1.511, 1.511, 1.511, 1.511, 1.511, 1.511, 1.511, 1.511, 1.51, 1.509, 1.508, 1.507, 1.506, 1.505, 1.505, 1.505, 1.505, 1.505, 1.506, 1.507, 1.508, 1.509, 1.51, 1.51, 1.511, 1.511, 1.51, 1.51, 1.51, 1.509, 1.509, 1.509, 1.508, 1.507, 1.507, 1.507, 1.506, 1.506, 1.505, 1.505, 1.504, 1.503, 1.503, 1.503, 1.503, 1.503, 1.503, 1.503, 1.503, 1.503, 1.504, 1.505, 1.505, 1.506, 1.507, 1.507, 1.507, 1.507, 1.507, 1.507, 1.507, 1.506, 1.505, 1.505, 1.504, 1.503, 1.503, 1.503, 1.503, 1.503, 1.503, 1.503, 1.503, 1.503, 1.503, 1.503, 1.504, 1.504, 1.504, 1.505, 1.505, 1.505, 1.505, 1.504, 1.503, 1.502, 1.501, 1.5, 1.495, 1.494, 1.493, 1.492, 1.49, 1.49, 1.49, 1.49, 1.49, 1.491, 1.492, 1.494, 1.495, 1.5, 1.503, 1.505, 1.507, 1.508, 1.509, 1.509, 1.508, 1.508, 1.507, 1.506, 1.505, 1.505, 1.505, 1.504, 1.504, 1.504, 1.503, 1.503, 1.504, 1.504, 1.503, 1.502, 1.501, 1.5, 1.495, 1.494, 1.492, 1.49, 1.488, 1.487, 1.486, 1.486, 1.486, 1.485, 1.484, 1.483, 1.482, 1.48, 1.479, 1.479, 1.478, 1.478, 1.478, 1.478, 1.478, 1.478, 1.479, 1.48, 1.48, 1.48, 1.48, 1.481, 1.481, 1.482, 1.481, 1.481, 1.48, 1.479, 1.478, 1.477, 1.476, 1.475, 1.474, 1.474, 1.474, 1.475, 1.476, 1.476, 1.477, 1.478, 1.478, 1.478, 1.478, 1.478, 1.478, 1.477, 1.476, 1.475, 1.474, 1.472, 1.471, 1.47, 1.469, 1.468, 1.468, 1.468, 1.468, 1.468, 1.468, 1.469, 1.47, 1.47, 1.471, 1.472, 1.472, 1.472, 1.472, 1.472, 1.471, 1.47, 1.47, 1.47, 1.47, 1.469, 1.468, 1.468, 1.468, 1.468, 1.468, 1.466, 1.466, 1.466, 1.466, 1.466, 1.468, 1.468, 1.469, 1.469, 1.47, 1.47, 1.47, 1.47, 1.47, 1.47, 1.47, 1.47, 1.47, 1.47, 1.468, 1.468, 1.466, 1.466, 1.466, 1.464, 1.462, 1.462, 1.462, 1.462, 1.462, 1.462, 1.462, 1.462, 1.462, 1.462, 1.462, 1.462, 1.462, 1.462, 1.46, 1.458, 1.458, 1.458, 1.456, 1.456, 1.456, 1.456, 1.456, 1.456, 1.458, 1.458, 1.458, 1.458, 1.458, 1.458, 1.458, 1.458, 1.458, 1.458, 1.458, 1.46, 1.46, 1.462, 1.462, 1.464, 1.466, 1.466, 1.466, 1.468, 1.468, 1.466, 1.466, 1.466, 1.464, 1.462, 1.462, 1.46, 1.46, 1.46, 1.46, 1.46, 1.462, 1.462, 1.462, 1.464, 1.466, 1.466, 1.466, 1.466, 1.466, 1.466, 1.464, 1.462, 1.462, 1.46, 1.458, 1.458, 1.458, 1.458, 1.46, 1.46, 1.462, 1.464, 1.466, 1.466, 1.468, 1.466, 1.466, 1.466, 1.464, 1.462, 1.462, 1.462, 1.462, 1.46, 1.46, 1.46, 1.462, 1.462, 1.462, 1.464, 1.464, 1.464, 1.464, 1.464, 0, 
1.523, 1.523, 1.524, 1.524, 1.525, 1.526, 1.527, 1.528, 1.528, 1.531, 1.531, 1.532, 1.533, 1.533, 1.532, 1.532, 1.528, 1.528, 1.524, 1.524, 1.523, 1.522, 1.522, 1.522, 1.522, 1.523, 1.524, 1.524, 1.527, 1.528, 1.528, 1.531, 1.531, 1.531, 1.531, 1.531, 1.531, 1.531, 1.531, 1.531, 1.531, 1.531, 1.528, 1.528, 1.527, 1.526, 1.526, 1.525, 1.525, 1.525, 1.525, 1.525, 1.525, 1.526, 1.526, 1.525, 1.524, 1.523, 1.522, 1.521, 1.52, 1.519, 1.518, 1.518, 1.517, 1.517, 1.516, 1.516, 1.516, 1.513, 1.513, 1.513, 1.513, 1.513, 1.513, 1.513, 1.513, 1.513, 1.518, 1.518, 1.519, 1.52, 1.52, 1.52, 1.52, 1.52, 1.52, 1.52, 1.52, 1.52, 1.52, 1.519, 1.519, 1.518, 1.518, 1.517, 1.517, 1.516, 1.512, 1.512, 1.511, 1.51, 1.509, 1.507, 1.506, 1.505, 1.505, 1.504, 1.504, 1.504, 1.504, 1.505, 1.505, 1.505, 1.506, 1.507, 1.508, 1.509, 1.509, 1.509, 1.51, 1.51, 1.51, 1.51, 1.509, 1.509, 1.509, 1.509, 1.508, 1.508, 1.508, 1.508, 1.508, 1.509, 1.509, 1.509, 1.509, 1.51, 1.511, 1.511, 1.511, 1.511, 1.511, 1.511, 1.511, 1.511, 1.511, 1.512, 1.512, 1.511, 1.511, 1.51, 1.509, 1.508, 1.507, 1.506, 1.505, 1.505, 1.505, 1.505, 1.505, 1.506, 1.507, 1.508, 1.509, 1.509, 1.51, 1.51, 1.51, 1.51, 1.509, 1.509, 1.509, 1.509, 1.508, 1.508, 1.507, 1.507, 1.507, 1.506, 1.505, 1.504, 1.504, 1.503, 1.503, 1.503, 1.503, 1.503, 1.503, 1.503, 1.503, 1.503, 1.504, 1.505, 1.505, 1.506, 1.506, 1.507, 1.507, 1.507, 1.507, 1.507, 1.507, 1.507, 1.506, 1.505, 1.505, 1.504, 1.503, 1.503, 1.503, 1.503, 1.503, 1.503, 1.503, 1.503, 1.503, 1.503, 1.503, 1.503, 1.503, 1.504, 1.505, 1.505, 1.505, 1.505, 1.504, 1.503, 1.502, 1.501, 1.5, 1.495, 1.494, 1.493, 1.492, 1.491, 1.49, 1.49, 1.49, 1.491, 1.492, 1.493, 1.495, 1.5, 1.5, 1.504, 1.505, 1.507, 1.508, 1.509, 1.509, 1.509, 1.508, 1.508, 1.507, 1.506, 1.506, 1.505, 1.505, 1.505, 1.504, 1.504, 1.504, 1.504, 1.504, 1.503, 1.502, 1.501, 1.5, 1.495, 1.494, 1.492, 1.49, 1.488, 1.487, 1.486, 1.486, 1.485, 1.484, 1.484, 1.482, 1.481, 1.48, 1.479, 1.478, 1.478, 1.478, 1.478, 1.478, 1.478, 1.478, 1.479, 1.48, 1.48, 1.48, 1.481, 1.481, 1.482, 1.482, 1.482, 1.481, 1.48, 1.479, 1.478, 1.477, 1.476, 1.475, 1.474, 1.474, 1.475, 1.475, 1.476, 1.477, 1.478, 1.479, 1.479, 1.479, 1.479, 1.479, 1.479, 1.478, 1.477, 1.476, 1.475, 1.473, 1.472, 1.471, 1.47, 1.469, 1.468, 1.468, 1.468, 1.468, 1.468, 1.468, 1.47, 1.47, 1.471, 1.472, 1.472, 1.472, 1.472, 1.472, 1.471, 1.47, 1.47, 1.47, 1.47, 1.469, 1.468, 1.468, 1.468, 1.466, 1.466, 1.466, 1.466, 1.466, 1.466, 1.466, 1.466, 1.468, 1.468, 1.469, 1.47, 1.47, 1.47, 1.47, 1.47, 1.47, 1.47, 1.47, 1.47, 1.47, 1.468, 1.468, 1.466, 1.466, 1.466, 1.464, 1.462, 1.462, 1.462, 1.462, 1.462, 1.462, 1.462, 1.462, 1.462, 1.462, 1.462, 1.462, 1.462, 1.462, 1.46, 1.458, 1.458, 1.456, 1.454, 1.454, 1.454, 1.454, 1.454, 1.456, 1.456, 1.456, 1.456, 1.458, 1.456, 1.456, 1.456, 1.456, 1.458, 1.458, 1.458, 1.458, 1.46, 1.462, 1.462, 1.464, 1.466, 1.466, 1.466, 1.468, 1.468, 1.466, 1.466, 1.464, 1.462, 1.462, 1.46, 1.46, 1.458, 1.458, 1.46, 1.46, 1.46, 1.462, 1.462, 1.464, 1.466, 1.466, 1.466, 1.466, 1.466, 1.466, 1.464, 1.462, 1.462, 1.46, 1.458, 1.458, 1.458, 1.458, 1.458, 1.46, 1.46, 1.464, 1.464, 1.464, 1.466, 1.466, 1.466, 1.464, 1.464, 1.462, 1.462, 1.462, 1.46, 1.46, 1.46, 1.46, 1.462, 1.462, 1.462, 1.464, 1.464, 1.464, 1.464, 1.464, 0, 
1.522, 1.523, 1.524, 1.524, 1.525, 1.526, 1.527, 1.528, 1.531, 1.531, 1.531, 1.532, 1.532, 1.532, 1.532, 1.531, 1.528, 1.528, 1.524, 1.524, 1.523, 1.522, 1.522, 1.522, 1.522, 1.523, 1.524, 1.524, 1.528, 1.528, 1.531, 1.531, 1.531, 1.531, 1.531, 1.531, 1.531, 1.531, 1.531, 1.531, 1.531, 1.531, 1.528, 1.528, 1.528, 1.527, 1.526, 1.526, 1.526, 1.525, 1.525, 1.526, 1.526, 1.526, 1.525, 1.524, 1.524, 1.522, 1.521, 1.52, 1.52, 1.519, 1.518, 1.518, 1.518, 1.517, 1.517, 1.516, 1.516, 1.516, 1.513, 1.513, 1.513, 1.513, 1.513, 1.513, 1.513, 1.517, 1.518, 1.519, 1.519, 1.52, 1.52, 1.52, 1.52, 1.52, 1.52, 1.52, 1.52, 1.52, 1.52, 1.52, 1.52, 1.52, 1.519, 1.518, 1.518, 1.517, 1.516, 1.512, 1.511, 1.51, 1.509, 1.507, 1.506, 1.505, 1.505, 1.504, 1.504, 1.503, 1.504, 1.505, 1.505, 1.506, 1.506, 1.507, 1.508, 1.509, 1.509, 1.51, 1.51, 1.511, 1.511, 1.51, 1.509, 1.509, 1.509, 1.509, 1.509, 1.509, 1.509, 1.509, 1.509, 1.509, 1.509, 1.509, 1.509, 1.51, 1.511, 1.511, 1.511, 1.511, 1.511, 1.511, 1.511, 1.511, 1.512, 1.512, 1.512, 1.512, 1.511, 1.51, 1.509, 1.508, 1.507, 1.506, 1.505, 1.505, 1.505, 1.505, 1.505, 1.506, 1.507, 1.508, 1.508, 1.509, 1.509, 1.509, 1.509, 1.509, 1.509, 1.508, 1.508, 1.508, 1.507, 1.507, 1.507, 1.507, 1.506, 1.506, 1.505, 1.504, 1.503, 1.503, 1.503, 1.503, 1.503, 1.503, 1.503, 1.503, 1.503, 1.504, 1.504, 1.505, 1.505, 1.506, 1.507, 1.508, 1.508, 1.508, 1.508, 1.507, 1.507, 1.507, 1.506, 1.505, 1.505, 1.504, 1.503, 1.503, 1.503, 1.503, 1.503, 1.503, 1.503, 1.503, 1.503, 1.503, 1.503, 1.503, 1.503, 1.504, 1.504, 1.505, 1.505, 1.505, 1.505, 1.504, 1.503, 1.501, 1.5, 1.495, 1.494, 1.493, 1.492, 1.491, 1.49, 1.49, 1.491, 1.492, 1.493, 1.494, 1.495, 1.5, 1.502, 1.503, 1.505, 1.506, 1.507, 1.508, 1.509, 1.509, 1.509, 1.508, 1.507, 1.507, 1.507, 1.506, 1.506, 1.505, 1.505, 1.505, 1.505, 1.505, 1.504, 1.503, 1.502, 1.501, 1.5, 1.495, 1.494, 1.492, 1.49, 1.488, 1.487, 1.487, 1.486, 1.485, 1.484, 1.484, 1.482, 1.481, 1.48, 1.479, 1.478, 1.478, 1.478, 1.478, 1.478, 1.478, 1.478, 1.479, 1.48, 1.48, 1.481, 1.482, 1.482, 1.482, 1.482, 1.482, 1.482, 1.481, 1.48, 1.479, 1.477, 1.476, 1.476, 1.475, 1.475, 1.475, 1.476, 1.477, 1.478, 1.479, 1.479, 1.48, 1.48, 1.48, 1.48, 1.479, 1.478, 1.478, 1.476, 1.475, 1.474, 1.473, 1.471, 1.47, 1.469, 1.468, 1.468, 1.468, 1.468, 1.468, 1.468, 1.47, 1.471, 1.472, 1.472, 1.472, 1.473, 1.472, 1.472, 1.472, 1.471, 1.47, 1.47, 1.47, 1.469, 1.468, 1.468, 1.466, 1.466, 1.466, 1.464, 1.464, 1.464, 1.466, 1.466, 1.466, 1.466, 1.468, 1.469, 1.47, 1.47, 1.47, 1.47, 1.47, 1.47, 1.47, 1.47, 1.47, 1.47, 1.468, 1.468, 1.466, 1.466, 1.466, 1.464, 1.462, 1.462, 1.462, 1.462, 1.462, 1.462, 1.462, 1.462, 1.462, 1.462, 1.462, 1.462, 1.462, 1.462, 1.458, 1.458, 1.456, 1.454, 1.454, 1.454, 1.454, 1.454, 1.454, 1.454, 1.456, 1.456, 1.456, 1.456, 1.456, 1.456, 1.456, 1.456, 1.456, 1.456, 1.458, 1.458, 1.458, 1.46, 1.462, 1.462, 1.464, 1.466, 1.466, 1.466, 1.466, 1.466, 1.466, 1.464, 1.462, 1.462, 1.46, 1.458, 1.458, 1.458, 1.458, 1.46, 1.46, 1.462, 1.462, 1.464, 1.466, 1.466, 1.466, 1.466, 1.466, 1.466, 1.466, 1.462, 1.462, 1.46, 1.458, 1.458, 1.458, 1.458, 1.458, 1.46, 1.46, 1.462, 1.464, 1.464, 1.464, 1.466, 1.464, 1.464, 1.464, 1.462, 1.462, 1.462, 1.46, 1.46, 1.46, 1.46, 1.462, 1.462, 1.462, 1.464, 1.464, 1.464, 1.464, 1.466, 0, 
1.522, 1.523, 1.524, 1.524, 1.525, 1.526, 1.527, 1.528, 1.531, 1.531, 1.531, 1.532, 1.532, 1.532, 1.532, 1.528, 1.528, 1.528, 1.524, 1.524, 1.523, 1.522, 1.522, 1.522, 1.523, 1.524, 1.524, 1.525, 1.528, 1.528, 1.531, 1.531, 1.531, 1.531, 1.531, 1.531, 1.531, 1.531, 1.531, 1.531, 1.531, 1.528, 1.528, 1.528, 1.528, 1.527, 1.527, 1.526, 1.526, 1.525, 1.525, 1.525, 1.525, 1.525, 1.525, 1.524, 1.523, 1.522, 1.521, 1.52, 1.519, 1.518, 1.518, 1.518, 1.518, 1.518, 1.518, 1.517, 1.516, 1.516, 1.516, 1.513, 1.513, 1.513, 1.513, 1.513, 1.517, 1.517, 1.518, 1.519, 1.52, 1.52, 1.52, 1.52, 1.52, 1.52, 1.52, 1.52, 1.52, 1.52, 1.521, 1.521, 1.522, 1.521, 1.521, 1.52, 1.519, 1.518, 1.517, 1.512, 1.511, 1.51, 1.509, 1.507, 1.506, 1.505, 1.505, 1.504, 1.504, 1.504, 1.504, 1.505, 1.506, 1.506, 1.507, 1.508, 1.509, 1.509, 1.51, 1.51, 1.511, 1.511, 1.511, 1.511, 1.51, 1.509, 1.509, 1.509, 1.509, 1.509, 1.509, 1.509, 1.509, 1.509, 1.509, 1.509, 1.509, 1.51, 1.511, 1.511, 1.511, 1.511, 1.511, 1.512, 1.512, 1.512, 1.512, 1.513, 1.512, 1.512, 1.511, 1.51, 1.509, 1.508, 1.507, 1.506, 1.505, 1.505, 1.505, 1.505, 1.505, 1.506, 1.507, 1.507, 1.508, 1.508, 1.509, 1.509, 1.509, 1.508, 1.508, 1.508, 1.507, 1.507, 1.507, 1.507, 1.507, 1.506, 1.506, 1.505, 1.504, 1.504, 1.503, 1.503, 1.503, 1.503, 1.503, 1.503, 1.503, 1.503, 1.503, 1.504, 1.505, 1.505, 1.506, 1.507, 1.507, 1.508, 1.509, 1.509, 1.508, 1.507, 1.507, 1.507, 1.506, 1.505, 1.505, 1.504, 1.503, 1.503, 1.503, 1.503, 1.503, 1.503, 1.503, 1.503, 1.503, 1.503, 1.503, 1.503, 1.503, 1.504, 1.504, 1.505, 1.505, 1.505, 1.505, 1.504, 1.503, 1.501, 1.5, 1.495, 1.494, 1.493, 1.492, 1.491, 1.49, 1.49, 1.491, 1.492, 1.493, 1.494, 1.5, 1.501, 1.502, 1.504, 1.505, 1.506, 1.507, 1.508, 1.508, 1.509, 1.509, 1.508, 1.508, 1.507, 1.507, 1.507, 1.507, 1.506, 1.506, 1.505, 1.505, 1.505, 1.504, 1.503, 1.502, 1.501, 1.5, 1.495, 1.494, 1.492, 1.49, 1.489, 1.488, 1.487, 1.486, 1.486, 1.484, 1.484, 1.482, 1.481, 1.48, 1.479, 1.478, 1.478, 1.478, 1.478, 1.478, 1.478, 1.478, 1.479, 1.48, 1.481, 1.481, 1.482, 1.483, 1.483, 1.483, 1.483, 1.482, 1.482, 1.48, 1.479, 1.478, 1.477, 1.476, 1.476, 1.476, 1.476, 1.476, 1.477, 1.478, 1.479, 1.48, 1.481, 1.481, 1.481, 1.481, 1.48, 1.479, 1.478, 1.477, 1.476, 1.474, 1.473, 1.472, 1.471, 1.47, 1.468, 1.468, 1.468, 1.468, 1.468, 1.468, 1.47, 1.471, 1.472, 1.472, 1.473, 1.473, 1.473, 1.472, 1.472, 1.471, 1.47, 1.47, 1.47, 1.469, 1.468, 1.466, 1.466, 1.464, 1.464, 1.464, 1.464, 1.464, 1.464, 1.466, 1.466, 1.466, 1.468, 1.469, 1.47, 1.47, 1.47, 1.47, 1.47, 1.47, 1.47, 1.47, 1.47, 1.47, 1.468, 1.468, 1.466, 1.466, 1.466, 1.464, 1.462, 1.462, 1.462, 1.462, 1.462, 1.462, 1.462, 1.462, 1.462, 1.464, 1.464, 1.462, 1.462, 1.46, 1.458, 1.458, 1.454, 1.454, 1.454, 1.452, 1.452, 1.452, 1.454, 1.454, 1.454, 1.454, 1.456, 1.456, 1.456, 1.456, 1.456, 1.456, 1.456, 1.456, 1.458, 1.458, 1.458, 1.46, 1.462, 1.462, 1.462, 1.464, 1.466, 1.466, 1.466, 1.466, 1.466, 1.464, 1.462, 1.462, 1.46, 1.458, 1.458, 1.458, 1.458, 1.458, 1.46, 1.46, 1.462, 1.462, 1.464, 1.466, 1.466, 1.466, 1.468, 1.466, 1.466, 1.464, 1.462, 1.46, 1.458, 1.458, 1.458, 1.458, 1.458, 1.46, 1.46, 1.462, 1.462, 1.464, 1.464, 1.464, 1.464, 1.464, 1.464, 1.462, 1.462, 1.462, 1.46, 1.46, 1.46, 1.46, 1.462, 1.462, 1.462, 1.464, 1.464, 1.464, 1.464, 1.466, 0, 
1.522, 1.523, 1.524, 1.524, 1.525, 1.526, 1.527, 1.528, 1.531, 1.531, 1.531, 1.531, 1.532, 1.532, 1.531, 1.528, 1.528, 1.527, 1.524, 1.524, 1.523, 1.522, 1.522, 1.522, 1.523, 1.524, 1.524, 1.527, 1.528, 1.528, 1.531, 1.531, 1.531, 1.531, 1.531, 1.531, 1.528, 1.528, 1.528, 1.528, 1.528, 1.528, 1.528, 1.528, 1.527, 1.527, 1.526, 1.526, 1.526, 1.525, 1.525, 1.525, 1.524, 1.524, 1.524, 1.523, 1.522, 1.521, 1.52, 1.519, 1.519, 1.518, 1.518, 1.518, 1.518, 1.518, 1.518, 1.518, 1.517, 1.516, 1.516, 1.516, 1.513, 1.513, 1.513, 1.513, 1.517, 1.518, 1.519, 1.519, 1.52, 1.52, 1.52, 1.52, 1.52, 1.52, 1.52, 1.52, 1.52, 1.521, 1.522, 1.522, 1.523, 1.523, 1.522, 1.521, 1.52, 1.519, 1.516, 1.516, 1.511, 1.51, 1.509, 1.507, 1.506, 1.505, 1.505, 1.505, 1.505, 1.505, 1.505, 1.506, 1.506, 1.507, 1.508, 1.509, 1.509, 1.51, 1.511, 1.511, 1.511, 1.511, 1.511, 1.511, 1.51, 1.509, 1.509, 1.509, 1.509, 1.509, 1.509, 1.509, 1.509, 1.509, 1.509, 1.509, 1.509, 1.51, 1.511, 1.511, 1.511, 1.511, 1.512, 1.512, 1.512, 1.513, 1.513, 1.513, 1.512, 1.511, 1.511, 1.51, 1.509, 1.508, 1.507, 1.506, 1.505, 1.505, 1.505, 1.505, 1.505, 1.505, 1.506, 1.507, 1.507, 1.507, 1.508, 1.508, 1.508, 1.507, 1.507, 1.507, 1.507, 1.507, 1.507, 1.507, 1.506, 1.505, 1.505, 1.504, 1.504, 1.503, 1.503, 1.503, 1.503, 1.503, 1.503, 1.503, 1.503, 1.503, 1.504, 1.504, 1.505, 1.505, 1.506, 1.507, 1.508, 1.508, 1.509, 1.509, 1.508, 1.507, 1.507, 1.507, 1.506, 1.505, 1.505, 1.504, 1.504, 1.503, 1.503, 1.503, 1.503, 1.503, 1.503, 1.503, 1.503, 1.503, 1.503, 1.503, 1.503, 1.503, 1.504, 1.505, 1.505, 1.505, 1.505, 1.504, 1.503, 1.501, 1.5, 1.495, 1.495, 1.494, 1.492, 1.491, 1.491, 1.491, 1.492, 1.493, 1.494, 1.495, 1.5, 1.501, 1.502, 1.504, 1.505, 1.506, 1.507, 1.507, 1.508, 1.508, 1.509, 1.509, 1.508, 1.508, 1.508, 1.507, 1.507, 1.507, 1.506, 1.505, 1.505, 1.505, 1.504, 1.503, 1.502, 1.501, 1.5, 1.495, 1.494, 1.492, 1.491, 1.489, 1.488, 1.488, 1.486, 1.486, 1.485, 1.484, 1.482, 1.481, 1.48, 1.479, 1.478, 1.478, 1.478, 1.478, 1.478, 1.478, 1.479, 1.479, 1.48, 1.481, 1.482, 1.483, 1.484, 1.484, 1.484, 1.484, 1.483, 1.482, 1.481, 1.48, 1.478, 1.478, 1.477, 1.476, 1.476, 1.476, 1.477, 1.478, 1.479, 1.48, 1.481, 1.482, 1.482, 1.482, 1.481, 1.48, 1.479, 1.478, 1.477, 1.476, 1.475, 1.474, 1.472, 1.471, 1.47, 1.468, 1.468, 1.468, 1.468, 1.468, 1.468, 1.47, 1.471, 1.472, 1.472, 1.473, 1.474, 1.473, 1.473, 1.472, 1.472, 1.471, 1.47, 1.47, 1.469, 1.466, 1.466, 1.464, 1.464, 1.464, 1.464, 1.464, 1.464, 1.464, 1.464, 1.466, 1.466, 1.466, 1.469, 1.47, 1.47, 1.47, 1.47, 1.47, 1.47, 1.47, 1.47, 1.47, 1.47, 1.47, 1.468, 1.468, 1.466, 1.466, 1.464, 1.462, 1.462, 1.462, 1.462, 1.462, 1.462, 1.462, 1.462, 1.464, 1.464, 1.464, 1.462, 1.462, 1.46, 1.458, 1.456, 1.454, 1.454, 1.452, 1.452, 1.452, 1.452, 1.454, 1.454, 1.454, 1.454, 1.456, 1.456, 1.456, 1.456, 1.456, 1.456, 1.456, 1.456, 1.458, 1.458, 1.458, 1.458, 1.46, 1.462, 1.462, 1.464, 1.466, 1.466, 1.466, 1.466, 1.466, 1.464, 1.462, 1.46, 1.46, 1.458, 1.458, 1.458, 1.458, 1.458, 1.46, 1.46, 1.462, 1.462, 1.464, 1.466, 1.466, 1.466, 1.466, 1.466, 1.466, 1.464, 1.462, 1.462, 1.46, 1.458, 1.458, 1.458, 1.458, 1.458, 1.46, 1.462, 1.462, 1.462, 1.464, 1.464, 1.464, 1.464, 1.464, 1.462, 1.462, 1.462, 1.46, 1.46, 1.46, 1.46, 1.462, 1.462, 1.462, 1.464, 1.464, 1.464, 1.464, 1.466, 0, 
1.522, 1.523, 1.524, 1.524, 1.525, 1.526, 1.527, 1.528, 1.531, 1.531, 1.531, 1.531, 1.531, 1.531, 1.531, 1.528, 1.527, 1.526, 1.525, 1.524, 1.523, 1.522, 1.522, 1.523, 1.524, 1.524, 1.524, 1.528, 1.528, 1.531, 1.532, 1.532, 1.532, 1.531, 1.531, 1.528, 1.528, 1.528, 1.528, 1.528, 1.528, 1.528, 1.528, 1.528, 1.527, 1.526, 1.526, 1.526, 1.525, 1.525, 1.524, 1.524, 1.524, 1.524, 1.523, 1.522, 1.522, 1.52, 1.52, 1.519, 1.518, 1.518, 1.518, 1.518, 1.518, 1.518, 1.518, 1.518, 1.518, 1.517, 1.517, 1.516, 1.516, 1.516, 1.516, 1.516, 1.517, 1.518, 1.519, 1.52, 1.52, 1.52, 1.52, 1.52, 1.52, 1.52, 1.52, 1.52, 1.521, 1.522, 1.522, 1.523, 1.524, 1.524, 1.523, 1.522, 1.52, 1.52, 1.516, 1.516, 1.511, 1.51, 1.509, 1.507, 1.506, 1.505, 1.505, 1.505, 1.505, 1.505, 1.505, 1.506, 1.507, 1.507, 1.508, 1.509, 1.51, 1.511, 1.511, 1.511, 1.511, 1.511, 1.511, 1.511, 1.511, 1.51, 1.509, 1.509, 1.509, 1.509, 1.509, 1.509, 1.509, 1.509, 1.509, 1.509, 1.509, 1.509, 1.51, 1.511, 1.511, 1.511, 1.512, 1.513, 1.513, 1.513, 1.513, 1.513, 1.512, 1.511, 1.511, 1.51, 1.509, 1.509, 1.507, 1.507, 1.506, 1.505, 1.505, 1.505, 1.505, 1.505, 1.506, 1.507, 1.507, 1.507, 1.507, 1.507, 1.507, 1.507, 1.507, 1.507, 1.507, 1.507, 1.507, 1.506, 1.505, 1.505, 1.505, 1.504, 1.503, 1.503, 1.503, 1.503, 1.503, 1.503, 1.503, 1.503, 1.503, 1.503, 1.504, 1.505, 1.505, 1.506, 1.507, 1.508, 1.508, 1.509, 1.509, 1.509, 1.508, 1.507, 1.507, 1.507, 1.506, 1.505, 1.505, 1.505, 1.504, 1.503, 1.503, 1.503, 1.503, 1.503, 1.503, 1.503, 1.503, 1.503, 1.503, 1.503, 1.503, 1.503, 1.504, 1.504, 1.505, 1.505, 1.505, 1.504, 1.503, 1.502, 1.5, 1.5, 1.495, 1.494, 1.493, 1.492, 1.492, 1.492, 1.492, 1.493, 1.494, 1.495, 1.5, 1.501, 1.503, 1.503, 1.505, 1.506, 1.506, 1.507, 1.507, 1.508, 1.508, 1.509, 1.509, 1.509, 1.508, 1.508, 1.508, 1.507, 1.506, 1.505, 1.505, 1.505, 1.505, 1.504, 1.503, 1.501, 1.5, 1.495, 1.494, 1.493, 1.491, 1.49, 1.489, 1.488, 1.487, 1.486, 1.485, 1.484, 1.483, 1.482, 1.48, 1.479, 1.478, 1.478, 1.478, 1.478, 1.478, 1.478, 1.479, 1.48, 1.481, 1.482, 1.483, 1.484, 1.484, 1.485, 1.485, 1.485, 1.484, 1.483, 1.482, 1.48, 1.479, 1.478, 1.477, 1.477, 1.477, 1.477, 1.478, 1.478, 1.479, 1.48, 1.481, 1.482, 1.482, 1.482, 1.481, 1.48, 1.479, 1.478, 1.477, 1.476, 1.475, 1.474, 1.472, 1.471, 1.47, 1.468, 1.468, 1.468, 1.468, 1.468, 1.47, 1.471, 1.471, 1.472, 1.473, 1.474, 1.474, 1.474, 1.473, 1.473, 1.472, 1.471, 1.47, 1.47, 1.469, 1.466, 1.466, 1.464, 1.462, 1.462, 1.462, 1.462, 1.462, 1.464, 1.464, 1.466, 1.466, 1.466, 1.469, 1.47, 1.47, 1.47, 1.47, 1.471, 1.471, 1.471, 1.471, 1.471, 1.47, 1.47, 1.47, 1.468, 1.466, 1.466, 1.464, 1.462, 1.462, 1.462, 1.462, 1.462, 1.462, 1.462, 1.462, 1.464, 1.464, 1.464, 1.462, 1.462, 1.46, 1.458, 1.456, 1.454, 1.454, 1.452, 1.452, 1.452, 1.452, 1.452, 1.454, 1.454, 1.454, 1.456, 1.456, 1.458, 1.456, 1.456, 1.456, 1.456, 1.456, 1.458, 1.458, 1.458, 1.458, 1.46, 1.462, 1.462, 1.462, 1.464, 1.466, 1.466, 1.466, 1.464, 1.462, 1.462, 1.46, 1.458, 1.458, 1.458, 1.458, 1.458, 1.458, 1.458, 1.46, 1.462, 1.462, 1.464, 1.466, 1.466, 1.466, 1.466, 1.466, 1.466, 1.464, 1.462, 1.462, 1.46, 1.458, 1.458, 1.458, 1.458, 1.458, 1.46, 1.462, 1.462, 1.462, 1.464, 1.464, 1.464, 1.464, 1.464, 1.464, 1.462, 1.462, 1.462, 1.46, 1.46, 1.46, 1.46, 1.462, 1.462, 1.464, 1.464, 1.464, 1.464, 1.466, 0, 
1.522, 1.523, 1.524, 1.524, 1.525, 1.526, 1.527, 1.528, 1.528, 1.531, 1.531, 1.531, 1.531, 1.531, 1.531, 1.528, 1.527, 1.526, 1.525, 1.524, 1.523, 1.523, 1.523, 1.523, 1.524, 1.524, 1.525, 1.528, 1.528, 1.532, 1.532, 1.532, 1.532, 1.531, 1.531, 1.528, 1.528, 1.528, 1.528, 1.528, 1.528, 1.528, 1.528, 1.527, 1.527, 1.526, 1.526, 1.526, 1.525, 1.524, 1.524, 1.524, 1.524, 1.524, 1.523, 1.522, 1.521, 1.52, 1.52, 1.519, 1.518, 1.518, 1.518, 1.519, 1.519, 1.519, 1.519, 1.519, 1.519, 1.518, 1.518, 1.517, 1.517, 1.517, 1.517, 1.517, 1.518, 1.519, 1.52, 1.52, 1.521, 1.521, 1.521, 1.521, 1.521, 1.521, 1.521, 1.521, 1.522, 1.522, 1.523, 1.524, 1.524, 1.524, 1.523, 1.522, 1.521, 1.52, 1.516, 1.512, 1.511, 1.51, 1.509, 1.507, 1.506, 1.505, 1.505, 1.505, 1.505, 1.506, 1.506, 1.507, 1.507, 1.508, 1.509, 1.51, 1.511, 1.512, 1.512, 1.512, 1.512, 1.512, 1.512, 1.511, 1.511, 1.51, 1.509, 1.509, 1.509, 1.509, 1.509, 1.509, 1.509, 1.509, 1.509, 1.509, 1.509, 1.509, 1.51, 1.511, 1.511, 1.511, 1.512, 1.513, 1.513, 1.513, 1.513, 1.513, 1.512, 1.511, 1.511, 1.51, 1.509, 1.509, 1.508, 1.507, 1.506, 1.506, 1.505, 1.505, 1.505, 1.505, 1.506, 1.507, 1.507, 1.507, 1.507, 1.507, 1.507, 1.507, 1.507, 1.507, 1.507, 1.507, 1.506, 1.506, 1.505, 1.505, 1.504, 1.503, 1.503, 1.503, 1.503, 1.503, 1.503, 1.503, 1.503, 1.503, 1.503, 1.504, 1.505, 1.505, 1.506, 1.506, 1.507, 1.508, 1.509, 1.509, 1.509, 1.509, 1.508, 1.507, 1.507, 1.507, 1.506, 1.506, 1.505, 1.505, 1.504, 1.504, 1.503, 1.503, 1.503, 1.503, 1.503, 1.503, 1.503, 1.503, 1.503, 1.503, 1.503, 1.503, 1.503, 1.504, 1.505, 1.505, 1.505, 1.504, 1.503, 1.502, 1.501, 1.5, 1.495, 1.495, 1.494, 1.493, 1.493, 1.493, 1.493, 1.494, 1.495, 1.499, 1.5, 1.501, 1.503, 1.503, 1.505, 1.506, 1.506, 1.507, 1.507, 1.507, 1.508, 1.508, 1.509, 1.509, 1.509, 1.509, 1.508, 1.507, 1.507, 1.506, 1.505, 1.505, 1.505, 1.504, 1.503, 1.501, 1.5, 1.496, 1.495, 1.494, 1.492, 1.49, 1.489, 1.489, 1.488, 1.487, 1.486, 1.484, 1.483, 1.482, 1.481, 1.48, 1.479, 1.478, 1.478, 1.478, 1.478, 1.479, 1.479, 1.48, 1.481, 1.482, 1.483, 1.484, 1.485, 1.486, 1.486, 1.485, 1.484, 1.483, 1.482, 1.481, 1.479, 1.478, 1.478, 1.478, 1.478, 1.478, 1.478, 1.479, 1.48, 1.481, 1.482, 1.482, 1.482, 1.482, 1.481, 1.48, 1.479, 1.478, 1.477, 1.476, 1.474, 1.474, 1.472, 1.471, 1.47, 1.47, 1.468, 1.468, 1.468, 1.47, 1.47, 1.471, 1.472, 1.473, 1.473, 1.474, 1.474, 1.474, 1.474, 1.473, 1.472, 1.472, 1.47, 1.47, 1.469, 1.466, 1.464, 1.464, 1.462, 1.462, 1.462, 1.462, 1.462, 1.462, 1.464, 1.464, 1.466, 1.466, 1.469, 1.47, 1.47, 1.471, 1.471, 1.471, 1.472, 1.472, 1.472, 1.471, 1.471, 1.47, 1.47, 1.468, 1.466, 1.466, 1.464, 1.464, 1.462, 1.462, 1.462, 1.462, 1.462, 1.462, 1.464, 1.464, 1.464, 1.464, 1.462, 1.462, 1.46, 1.458, 1.456, 1.454, 1.452, 1.452, 1.452, 1.452, 1.452, 1.452, 1.454, 1.454, 1.454, 1.456, 1.456, 1.458, 1.458, 1.458, 1.458, 1.458, 1.458, 1.458, 1.458, 1.458, 1.458, 1.46, 1.46, 1.462, 1.462, 1.464, 1.464, 1.466, 1.464, 1.464, 1.462, 1.462, 1.46, 1.458, 1.458, 1.458, 1.458, 1.458, 1.458, 1.458, 1.46, 1.462, 1.462, 1.462, 1.464, 1.466, 1.466, 1.466, 1.466, 1.466, 1.464, 1.462, 1.462, 1.46, 1.46, 1.458, 1.458, 1.458, 1.458, 1.46, 1.462, 1.462, 1.462, 1.464, 1.464, 1.464, 1.464, 1.464, 1.464, 1.462, 1.462, 1.46, 1.46, 1.46, 1.46, 1.46, 1.462, 1.462, 1.462, 1.464, 1.464, 1.464, 1.466, 0, 
1.523, 1.524, 1.524, 1.525, 1.526, 1.526, 1.527, 1.528, 1.528, 1.528, 1.531, 1.531, 1.531, 1.531, 1.531, 1.528, 1.527, 1.526, 1.525, 1.524, 1.523, 1.523, 1.523, 1.523, 1.524, 1.525, 1.526, 1.527, 1.528, 1.532, 1.532, 1.532, 1.532, 1.531, 1.528, 1.528, 1.528, 1.528, 1.528, 1.528, 1.527, 1.527, 1.527, 1.527, 1.526, 1.526, 1.526, 1.525, 1.525, 1.524, 1.524, 1.524, 1.524, 1.523, 1.522, 1.521, 1.52, 1.52, 1.52, 1.519, 1.518, 1.519, 1.519, 1.519, 1.52, 1.52, 1.52, 1.52, 1.52, 1.519, 1.519, 1.518, 1.518, 1.518, 1.518, 1.518, 1.518, 1.519, 1.52, 1.521, 1.521, 1.522, 1.522, 1.522, 1.522, 1.522, 1.522, 1.522, 1.523, 1.523, 1.524, 1.525, 1.525, 1.525, 1.524, 1.523, 1.522, 1.52, 1.517, 1.512, 1.511, 1.51, 1.509, 1.507, 1.506, 1.506, 1.506, 1.506, 1.506, 1.506, 1.507, 1.507, 1.508, 1.509, 1.51, 1.511, 1.512, 1.512, 1.513, 1.513, 1.513, 1.513, 1.512, 1.511, 1.511, 1.51, 1.509, 1.509, 1.509, 1.509, 1.509, 1.509, 1.509, 1.509, 1.509, 1.509, 1.509, 1.509, 1.509, 1.51, 1.511, 1.511, 1.512, 1.513, 1.513, 1.513, 1.513, 1.512, 1.512, 1.511, 1.511, 1.51, 1.509, 1.509, 1.508, 1.507, 1.507, 1.506, 1.506, 1.505, 1.505, 1.505, 1.506, 1.507, 1.507, 1.507, 1.507, 1.507, 1.507, 1.507, 1.507, 1.507, 1.506, 1.506, 1.505, 1.505, 1.505, 1.504, 1.504, 1.503, 1.503, 1.503, 1.503, 1.503, 1.503, 1.503, 1.503, 1.503, 1.504, 1.504, 1.505, 1.505, 1.506, 1.507, 1.508, 1.509, 1.509, 1.509, 1.509, 1.509, 1.508, 1.507, 1.507, 1.507, 1.506, 1.506, 1.505, 1.505, 1.505, 1.504, 1.504, 1.503, 1.503, 1.503, 1.503, 1.503, 1.503, 1.503, 1.503, 1.503, 1.503, 1.503, 1.503, 1.504, 1.504, 1.505, 1.505, 1.505, 1.504, 1.503, 1.502, 1.501, 1.5, 1.495, 1.494, 1.494, 1.494, 1.494, 1.494, 1.495, 1.495, 1.5, 1.5, 1.501, 1.503, 1.504, 1.505, 1.505, 1.505, 1.506, 1.506, 1.507, 1.507, 1.508, 1.508, 1.509, 1.509, 1.509, 1.508, 1.507, 1.507, 1.506, 1.505, 1.505, 1.505, 1.504, 1.503, 1.501, 1.5, 1.499, 1.495, 1.494, 1.493, 1.491, 1.49, 1.489, 1.488, 1.487, 1.486, 1.485, 1.484, 1.482, 1.481, 1.48, 1.479, 1.478, 1.478, 1.478, 1.479, 1.479, 1.48, 1.481, 1.482, 1.482, 1.484, 1.484, 1.485, 1.486, 1.486, 1.486, 1.485, 1.484, 1.482, 1.481, 1.48, 1.479, 1.478, 1.478, 1.478, 1.479, 1.479, 1.48, 1.481, 1.482, 1.482, 1.483, 1.482, 1.482, 1.481, 1.48, 1.478, 1.478, 1.476, 1.476, 1.474, 1.474, 1.472, 1.471, 1.47, 1.47, 1.47, 1.47, 1.47, 1.471, 1.471, 1.472, 1.472, 1.473, 1.474, 1.475, 1.475, 1.475, 1.474, 1.474, 1.473, 1.472, 1.47, 1.47, 1.469, 1.466, 1.464, 1.462, 1.462, 1.462, 1.462, 1.462, 1.462, 1.462, 1.462, 1.464, 1.466, 1.466, 1.469, 1.47, 1.47, 1.471, 1.472, 1.472, 1.472, 1.472, 1.472, 1.472, 1.471, 1.471, 1.47, 1.468, 1.466, 1.466, 1.466, 1.464, 1.462, 1.462, 1.462, 1.462, 1.462, 1.464, 1.464, 1.464, 1.464, 1.464, 1.462, 1.462, 1.46, 1.458, 1.456, 1.454, 1.452, 1.452, 1.452, 1.452, 1.452, 1.452, 1.454, 1.454, 1.456, 1.456, 1.458, 1.458, 1.458, 1.458, 1.458, 1.458, 1.458, 1.458, 1.458, 1.458, 1.458, 1.46, 1.46, 1.462, 1.462, 1.462, 1.464, 1.464, 1.464, 1.464, 1.462, 1.462, 1.46, 1.458, 1.458, 1.458, 1.458, 1.458, 1.458, 1.458, 1.46, 1.462, 1.462, 1.462, 1.464, 1.464, 1.466, 1.466, 1.466, 1.466, 1.464, 1.462, 1.462, 1.462, 1.46, 1.46, 1.46, 1.46, 1.46, 1.46, 1.462, 1.462, 1.462, 1.464, 1.464, 1.464, 1.464, 1.464, 1.464, 1.462, 1.462, 1.46, 1.46, 1.46, 1.46, 1.46, 1.46, 1.462, 1.462, 1.464, 1.464, 1.464, 1.466, 0, 
1.524, 1.524, 1.525, 1.525, 1.526, 1.526, 1.527, 1.528, 1.528, 1.528, 1.531, 1.531, 1.531, 1.531, 1.531, 1.528, 1.527, 1.526, 1.525, 1.524, 1.523, 1.523, 1.523, 1.523, 1.524, 1.525, 1.526, 1.527, 1.528, 1.532, 1.532, 1.532, 1.532, 1.531, 1.528, 1.528, 1.528, 1.527, 1.527, 1.527, 1.526, 1.526, 1.526, 1.526, 1.526, 1.525, 1.525, 1.525, 1.524, 1.524, 1.524, 1.524, 1.523, 1.523, 1.522, 1.521, 1.52, 1.52, 1.52, 1.519, 1.519, 1.519, 1.52, 1.52, 1.52, 1.521, 1.521, 1.521, 1.52, 1.52, 1.52, 1.519, 1.519, 1.518, 1.518, 1.518, 1.519, 1.52, 1.52, 1.521, 1.522, 1.522, 1.522, 1.522, 1.522, 1.522, 1.522, 1.523, 1.523, 1.524, 1.525, 1.525, 1.525, 1.525, 1.524, 1.524, 1.521, 1.52, 1.516, 1.512, 1.511, 1.51, 1.509, 1.508, 1.507, 1.507, 1.507, 1.507, 1.507, 1.507, 1.507, 1.508, 1.509, 1.51, 1.511, 1.512, 1.512, 1.513, 1.513, 1.513, 1.513, 1.513, 1.512, 1.511, 1.511, 1.51, 1.509, 1.509, 1.509, 1.509, 1.509, 1.509, 1.509, 1.509, 1.509, 1.509, 1.509, 1.509, 1.509, 1.51, 1.51, 1.511, 1.512, 1.513, 1.513, 1.513, 1.513, 1.512, 1.511, 1.511, 1.511, 1.51, 1.509, 1.509, 1.508, 1.507, 1.507, 1.507, 1.506, 1.506, 1.505, 1.505, 1.506, 1.507, 1.507, 1.507, 1.507, 1.507, 1.507, 1.507, 1.507, 1.506, 1.506, 1.505, 1.505, 1.505, 1.504, 1.504, 1.503, 1.503, 1.503, 1.503, 1.503, 1.503, 1.503, 1.503, 1.503, 1.503, 1.504, 1.505, 1.505, 1.506, 1.507, 1.508, 1.509, 1.509, 1.509, 1.509, 1.509, 1.509, 1.508, 1.507, 1.507, 1.507, 1.506, 1.506, 1.505, 1.505, 1.505, 1.505, 1.505, 1.504, 1.504, 1.503, 1.503, 1.503, 1.503, 1.503, 1.503, 1.503, 1.503, 1.503, 1.503, 1.503, 1.504, 1.505, 1.505, 1.505, 1.504, 1.503, 1.502, 1.501, 1.5, 1.496, 1.495, 1.495, 1.494, 1.494, 1.495, 1.495, 1.499, 1.5, 1.501, 1.502, 1.503, 1.504, 1.504, 1.505, 1.505, 1.505, 1.506, 1.506, 1.507, 1.507, 1.508, 1.508, 1.509, 1.509, 1.508, 1.507, 1.507, 1.506, 1.505, 1.505, 1.505, 1.504, 1.503, 1.502, 1.501, 1.5, 1.496, 1.495, 1.493, 1.492, 1.491, 1.49, 1.489, 1.488, 1.487, 1.486, 1.484, 1.483, 1.482, 1.481, 1.48, 1.479, 1.479, 1.479, 1.479, 1.48, 1.48, 1.481, 1.482, 1.483, 1.484, 1.485, 1.486, 1.486, 1.486, 1.486, 1.485, 1.484, 1.483, 1.482, 1.481, 1.48, 1.479, 1.479, 1.479, 1.48, 1.48, 1.481, 1.482, 1.482, 1.483, 1.483, 1.482, 1.482, 1.481, 1.48, 1.478, 1.477, 1.476, 1.476, 1.474, 1.474, 1.472, 1.472, 1.471, 1.471, 1.471, 1.471, 1.471, 1.471, 1.472, 1.472, 1.473, 1.474, 1.475, 1.475, 1.476, 1.476, 1.475, 1.474, 1.473, 1.472, 1.47, 1.469, 1.469, 1.466, 1.464, 1.462, 1.462, 1.462, 1.462, 1.462, 1.462, 1.462, 1.462, 1.464, 1.466, 1.466, 1.469, 1.47, 1.47, 1.471, 1.472, 1.472, 1.472, 1.472, 1.472, 1.472, 1.472, 1.471, 1.47, 1.47, 1.468, 1.466, 1.466, 1.464, 1.464, 1.464, 1.462, 1.462, 1.462, 1.464, 1.464, 1.464, 1.464, 1.464, 1.462, 1.462, 1.46, 1.458, 1.456, 1.454, 1.454, 1.452, 1.452, 1.452, 1.452, 1.454, 1.454, 1.456, 1.458, 1.458, 1.458, 1.458, 1.458, 1.458, 1.458, 1.458, 1.458, 1.458, 1.458, 1.458, 1.458, 1.46, 1.46, 1.462, 1.462, 1.462, 1.464, 1.464, 1.464, 1.464, 1.462, 1.462, 1.46, 1.458, 1.458, 1.458, 1.458, 1.458, 1.458, 1.458, 1.46, 1.46, 1.462, 1.462, 1.464, 1.464, 1.466, 1.466, 1.466, 1.466, 1.464, 1.462, 1.462, 1.462, 1.462, 1.46, 1.46, 1.46, 1.46, 1.46, 1.462, 1.462, 1.462, 1.462, 1.464, 1.464, 1.464, 1.464, 1.464, 1.462, 1.462, 1.46, 1.46, 1.46, 1.46, 1.46, 1.46, 1.462, 1.462, 1.462, 1.464, 1.464, 1.466, 0, 
1.525, 1.525, 1.526, 1.526, 1.526, 1.527, 1.528, 1.528, 1.528, 1.528, 1.528, 1.531, 1.531, 1.531, 1.531, 1.527, 1.527, 1.526, 1.525, 1.524, 1.523, 1.522, 1.522, 1.523, 1.524, 1.525, 1.526, 1.527, 1.528, 1.532, 1.532, 1.532, 1.532, 1.528, 1.528, 1.528, 1.527, 1.526, 1.526, 1.526, 1.525, 1.525, 1.525, 1.525, 1.525, 1.525, 1.524, 1.524, 1.524, 1.524, 1.524, 1.524, 1.523, 1.522, 1.521, 1.52, 1.52, 1.52, 1.52, 1.52, 1.52, 1.52, 1.52, 1.521, 1.521, 1.522, 1.522, 1.522, 1.522, 1.521, 1.52, 1.52, 1.52, 1.519, 1.519, 1.519, 1.519, 1.52, 1.521, 1.522, 1.523, 1.523, 1.523, 1.523, 1.524, 1.524, 1.524, 1.524, 1.524, 1.525, 1.525, 1.526, 1.526, 1.525, 1.524, 1.524, 1.52, 1.519, 1.516, 1.512, 1.511, 1.51, 1.509, 1.508, 1.507, 1.507, 1.507, 1.507, 1.507, 1.508, 1.508, 1.509, 1.51, 1.511, 1.511, 1.512, 1.513, 1.516, 1.516, 1.513, 1.513, 1.512, 1.512, 1.511, 1.511, 1.51, 1.509, 1.509, 1.509, 1.509, 1.509, 1.509, 1.509, 1.509, 1.509, 1.509, 1.509, 1.509, 1.509, 1.509, 1.51, 1.511, 1.511, 1.512, 1.513, 1.513, 1.512, 1.512, 1.511, 1.511, 1.511, 1.51, 1.51, 1.509, 1.509, 1.508, 1.507, 1.507, 1.507, 1.506, 1.506, 1.506, 1.506, 1.507, 1.507, 1.507, 1.507, 1.507, 1.507, 1.507, 1.506, 1.506, 1.505, 1.505, 1.505, 1.505, 1.504, 1.503, 1.503, 1.503, 1.503, 1.503, 1.503, 1.503, 1.503, 1.503, 1.503, 1.504, 1.504, 1.505, 1.505, 1.506, 1.507, 1.508, 1.509, 1.51, 1.51, 1.509, 1.509, 1.509, 1.508, 1.507, 1.507, 1.507, 1.507, 1.506, 1.505, 1.506, 1.506, 1.505, 1.505, 1.505, 1.504, 1.504, 1.504, 1.503, 1.503, 1.503, 1.503, 1.503, 1.503, 1.503, 1.503, 1.503, 1.504, 1.504, 1.505, 1.505, 1.505, 1.504, 1.503, 1.502, 1.501, 1.5, 1.496, 1.495, 1.495, 1.495, 1.496, 1.496, 1.499, 1.5, 1.501, 1.502, 1.503, 1.503, 1.504, 1.505, 1.505, 1.505, 1.505, 1.506, 1.507, 1.507, 1.507, 1.508, 1.508, 1.508, 1.508, 1.507, 1.507, 1.506, 1.505, 1.505, 1.505, 1.505, 1.504, 1.502, 1.501, 1.501, 1.5, 1.495, 1.494, 1.493, 1.492, 1.491, 1.49, 1.489, 1.488, 1.486, 1.485, 1.484, 1.483, 1.482, 1.481, 1.48, 1.48, 1.48, 1.48, 1.48, 1.481, 1.481, 1.482, 1.483, 1.484, 1.485, 1.486, 1.487, 1.487, 1.487, 1.486, 1.485, 1.484, 1.483, 1.482, 1.481, 1.48, 1.48, 1.48, 1.481, 1.481, 1.482, 1.483, 1.483, 1.483, 1.483, 1.483, 1.482, 1.481, 1.48, 1.478, 1.477, 1.476, 1.475, 1.474, 1.474, 1.473, 1.472, 1.472, 1.472, 1.472, 1.472, 1.472, 1.472, 1.473, 1.473, 1.474, 1.475, 1.475, 1.476, 1.476, 1.476, 1.475, 1.474, 1.473, 1.472, 1.471, 1.468, 1.468, 1.466, 1.464, 1.462, 1.462, 1.462, 1.46, 1.46, 1.462, 1.462, 1.462, 1.464, 1.466, 1.466, 1.469, 1.47, 1.471, 1.472, 1.472, 1.472, 1.472, 1.473, 1.473, 1.473, 1.472, 1.471, 1.471, 1.47, 1.468, 1.466, 1.466, 1.464, 1.464, 1.464, 1.462, 1.462, 1.462, 1.464, 1.464, 1.464, 1.464, 1.464, 1.462, 1.462, 1.46, 1.458, 1.456, 1.454, 1.454, 1.454, 1.454, 1.454, 1.454, 1.454, 1.456, 1.458, 1.458, 1.458, 1.46, 1.46, 1.46, 1.46, 1.46, 1.458, 1.458, 1.458, 1.458, 1.458, 1.458, 1.46, 1.46, 1.462, 1.462, 1.462, 1.464, 1.464, 1.464, 1.464, 1.462, 1.462, 1.46, 1.46, 1.458, 1.458, 1.458, 1.458, 1.458, 1.458, 1.46, 1.46, 1.462, 1.462, 1.462, 1.464, 1.464, 1.466, 1.466, 1.466, 1.464, 1.464, 1.462, 1.462, 1.462, 1.462, 1.46, 1.46, 1.46, 1.46, 1.46, 1.462, 1.462, 1.462, 1.464, 1.464, 1.464, 1.464, 1.464, 1.462, 1.462, 1.46, 1.46, 1.46, 1.46, 1.46, 1.46, 1.46, 1.462, 1.462, 1.462, 1.464, 1.464, 0, 
1.526, 1.526, 1.526, 1.526, 1.527, 1.527, 1.528, 1.528, 1.528, 1.528, 1.528, 1.528, 1.531, 1.531, 1.531, 1.527, 1.526, 1.526, 1.525, 1.524, 1.523, 1.522, 1.522, 1.522, 1.523, 1.524, 1.526, 1.527, 1.528, 1.531, 1.532, 1.532, 1.531, 1.528, 1.528, 1.527, 1.526, 1.526, 1.525, 1.525, 1.524, 1.524, 1.524, 1.524, 1.524, 1.524, 1.524, 1.524, 1.524, 1.524, 1.524, 1.523, 1.522, 1.521, 1.521, 1.52, 1.52, 1.52, 1.52, 1.52, 1.52, 1.52, 1.521, 1.522, 1.522, 1.523, 1.523, 1.523, 1.523, 1.522, 1.521, 1.52, 1.52, 1.52, 1.52, 1.52, 1.52, 1.521, 1.522, 1.523, 1.523, 1.524, 1.524, 1.524, 1.524, 1.524, 1.524, 1.524, 1.525, 1.525, 1.526, 1.526, 1.525, 1.524, 1.523, 1.522, 1.519, 1.518, 1.517, 1.512, 1.511, 1.51, 1.509, 1.508, 1.508, 1.508, 1.508, 1.508, 1.508, 1.509, 1.509, 1.51, 1.511, 1.512, 1.512, 1.516, 1.516, 1.516, 1.516, 1.516, 1.513, 1.512, 1.511, 1.511, 1.511, 1.51, 1.509, 1.509, 1.509, 1.509, 1.509, 1.509, 1.509, 1.509, 1.509, 1.509, 1.509, 1.509, 1.509, 1.509, 1.509, 1.51, 1.511, 1.512, 1.512, 1.512, 1.512, 1.511, 1.511, 1.511, 1.511, 1.511, 1.51, 1.509, 1.509, 1.508, 1.508, 1.507, 1.507, 1.507, 1.507, 1.507, 1.507, 1.507, 1.507, 1.507, 1.507, 1.507, 1.507, 1.506, 1.506, 1.505, 1.505, 1.505, 1.505, 1.505, 1.504, 1.503, 1.503, 1.503, 1.503, 1.503, 1.503, 1.503, 1.504, 1.504, 1.504, 1.504, 1.505, 1.505, 1.506, 1.507, 1.508, 1.509, 1.51, 1.51, 1.51, 1.51, 1.509, 1.509, 1.508, 1.507, 1.507, 1.507, 1.507, 1.506, 1.506, 1.506, 1.506, 1.506, 1.506, 1.506, 1.505, 1.505, 1.505, 1.504, 1.503, 1.503, 1.503, 1.503, 1.503, 1.503, 1.503, 1.503, 1.503, 1.504, 1.504, 1.505, 1.505, 1.504, 1.503, 1.502, 1.501, 1.501, 1.5, 1.499, 1.496, 1.496, 1.496, 1.499, 1.5, 1.5, 1.501, 1.502, 1.503, 1.503, 1.504, 1.505, 1.505, 1.505, 1.505, 1.506, 1.506, 1.507, 1.507, 1.507, 1.507, 1.507, 1.507, 1.507, 1.506, 1.505, 1.505, 1.505, 1.505, 1.505, 1.504, 1.503, 1.502, 1.501, 1.5, 1.495, 1.495, 1.494, 1.493, 1.492, 1.491, 1.49, 1.488, 1.487, 1.486, 1.484, 1.483, 1.482, 1.481, 1.481, 1.48, 1.48, 1.48, 1.481, 1.481, 1.482, 1.483, 1.484, 1.485, 1.486, 1.487, 1.487, 1.488, 1.488, 1.487, 1.486, 1.485, 1.484, 1.483, 1.482, 1.481, 1.481, 1.481, 1.482, 1.482, 1.483, 1.484, 1.484, 1.484, 1.484, 1.483, 1.482, 1.481, 1.48, 1.478, 1.477, 1.476, 1.475, 1.474, 1.474, 1.473, 1.472, 1.472, 1.472, 1.472, 1.472, 1.472, 1.473, 1.474, 1.474, 1.475, 1.475, 1.476, 1.476, 1.476, 1.476, 1.475, 1.474, 1.473, 1.472, 1.471, 1.468, 1.468, 1.466, 1.464, 1.462, 1.462, 1.462, 1.46, 1.46, 1.462, 1.462, 1.462, 1.464, 1.466, 1.466, 1.469, 1.47, 1.471, 1.472, 1.472, 1.473, 1.473, 1.473, 1.474, 1.474, 1.473, 1.472, 1.471, 1.47, 1.468, 1.466, 1.466, 1.466, 1.464, 1.464, 1.464, 1.464, 1.462, 1.462, 1.464, 1.464, 1.464, 1.464, 1.462, 1.462, 1.46, 1.458, 1.458, 1.456, 1.454, 1.454, 1.454, 1.454, 1.454, 1.456, 1.458, 1.458, 1.458, 1.46, 1.46, 1.462, 1.462, 1.46, 1.46, 1.46, 1.458, 1.458, 1.458, 1.458, 1.46, 1.46, 1.46, 1.462, 1.462, 1.462, 1.462, 1.464, 1.464, 1.464, 1.462, 1.462, 1.462, 1.46, 1.46, 1.46, 1.46, 1.46, 1.46, 1.46, 1.46, 1.46, 1.462, 1.462, 1.462, 1.464, 1.464, 1.464, 1.466, 1.464, 1.464, 1.464, 1.462, 1.462, 1.462, 1.462, 1.46, 1.46, 1.46, 1.46, 1.46, 1.462, 1.462, 1.462, 1.464, 1.464, 1.466, 1.466, 1.464, 1.462, 1.462, 1.462, 1.46, 1.458, 1.458, 1.458, 1.458, 1.46, 1.46, 1.462, 1.46, 1.46, 1.462, 0, 
1.527, 1.527, 1.527, 1.527, 1.528, 1.528, 1.528, 1.528, 1.528, 1.528, 1.528, 1.528, 1.531, 1.531, 1.531, 1.527, 1.526, 1.526, 1.524, 1.523, 1.522, 1.521, 1.521, 1.522, 1.523, 1.524, 1.526, 1.527, 1.528, 1.531, 1.532, 1.532, 1.531, 1.528, 1.528, 1.527, 1.526, 1.525, 1.524, 1.524, 1.524, 1.524, 1.524, 1.524, 1.524, 1.524, 1.524, 1.524, 1.524, 1.524, 1.523, 1.523, 1.522, 1.521, 1.52, 1.52, 1.52, 1.52, 1.52, 1.52, 1.52, 1.521, 1.522, 1.522, 1.523, 1.524, 1.524, 1.524, 1.524, 1.523, 1.522, 1.521, 1.52, 1.52, 1.52, 1.52, 1.52, 1.521, 1.522, 1.523, 1.524, 1.524, 1.524, 1.525, 1.525, 1.525, 1.525, 1.525, 1.526, 1.526, 1.526, 1.526, 1.525, 1.524, 1.522, 1.52, 1.519, 1.517, 1.513, 1.512, 1.511, 1.51, 1.509, 1.509, 1.509, 1.509, 1.509, 1.509, 1.509, 1.51, 1.511, 1.511, 1.512, 1.512, 1.516, 1.516, 1.516, 1.516, 1.516, 1.516, 1.512, 1.512, 1.511, 1.511, 1.511, 1.51, 1.509, 1.509, 1.509, 1.509, 1.509, 1.509, 1.509, 1.509, 1.509, 1.509, 1.509, 1.509, 1.509, 1.509, 1.509, 1.51, 1.511, 1.511, 1.511, 1.511, 1.511, 1.511, 1.511, 1.511, 1.511, 1.511, 1.51, 1.509, 1.509, 1.509, 1.508, 1.508, 1.507, 1.507, 1.507, 1.507, 1.507, 1.507, 1.507, 1.507, 1.507, 1.507, 1.507, 1.506, 1.505, 1.505, 1.505, 1.505, 1.505, 1.505, 1.504, 1.504, 1.504, 1.504, 1.504, 1.504, 1.504, 1.504, 1.504, 1.505, 1.505, 1.505, 1.505, 1.506, 1.506, 1.507, 1.508, 1.509, 1.51, 1.511, 1.511, 1.51, 1.509, 1.509, 1.508, 1.507, 1.507, 1.507, 1.507, 1.506, 1.506, 1.507, 1.507, 1.507, 1.507, 1.507, 1.506, 1.506, 1.505, 1.505, 1.504, 1.503, 1.503, 1.503, 1.503, 1.503, 1.503, 1.503, 1.503, 1.503, 1.504, 1.505, 1.505, 1.504, 1.504, 1.503, 1.502, 1.501, 1.501, 1.5, 1.499, 1.499, 1.499, 1.5, 1.5, 1.501, 1.501, 1.502, 1.503, 1.503, 1.504, 1.505, 1.505, 1.505, 1.505, 1.505, 1.506, 1.507, 1.507, 1.507, 1.507, 1.507, 1.507, 1.506, 1.506, 1.505, 1.505, 1.505, 1.505, 1.505, 1.504, 1.504, 1.503, 1.501, 1.5, 1.499, 1.495, 1.494, 1.494, 1.493, 1.492, 1.49, 1.489, 1.488, 1.486, 1.485, 1.484, 1.483, 1.482, 1.482, 1.482, 1.482, 1.482, 1.482, 1.482, 1.483, 1.484, 1.485, 1.486, 1.487, 1.488, 1.488, 1.488, 1.489, 1.488, 1.487, 1.486, 1.485, 1.484, 1.483, 1.482, 1.482, 1.482, 1.482, 1.483, 1.484, 1.484, 1.485, 1.485, 1.484, 1.483, 1.482, 1.481, 1.48, 1.478, 1.477, 1.476, 1.475, 1.474, 1.474, 1.473, 1.473, 1.473, 1.473, 1.473, 1.473, 1.474, 1.474, 1.475, 1.475, 1.476, 1.476, 1.476, 1.477, 1.476, 1.476, 1.475, 1.474, 1.474, 1.472, 1.471, 1.468, 1.468, 1.466, 1.464, 1.462, 1.462, 1.462, 1.462, 1.462, 1.462, 1.462, 1.462, 1.464, 1.466, 1.466, 1.469, 1.47, 1.471, 1.472, 1.473, 1.473, 1.474, 1.474, 1.474, 1.474, 1.473, 1.472, 1.471, 1.47, 1.47, 1.468, 1.466, 1.466, 1.464, 1.464, 1.464, 1.464, 1.462, 1.462, 1.464, 1.464, 1.464, 1.464, 1.462, 1.462, 1.462, 1.46, 1.458, 1.458, 1.456, 1.456, 1.456, 1.456, 1.456, 1.456, 1.458, 1.458, 1.46, 1.46, 1.462, 1.462, 1.462, 1.462, 1.462, 1.46, 1.46, 1.46, 1.46, 1.46, 1.46, 1.46, 1.46, 1.462, 1.462, 1.462, 1.462, 1.464, 1.464, 1.464, 1.462, 1.462, 1.462, 1.46, 1.46, 1.46, 1.46, 1.46, 1.46, 1.46, 1.46, 1.46, 1.462, 1.462, 1.462, 1.462, 1.464, 1.464, 1.466, 1.464, 1.464, 1.464, 1.462, 1.462, 1.462, 1.462, 1.462, 1.46, 1.46, 1.46, 1.46, 1.462, 1.462, 1.462, 1.464, 1.464, 1.466, 1.466, 1.464, 1.464, 1.462, 1.462, 1.46, 1.458, 1.458, 1.458, 1.458, 1.458, 1.458, 1.46, 1.46, 1.46, 1.462, 0, 
1.527, 1.528, 1.528, 1.528, 1.528, 1.528, 1.528, 1.528, 1.528, 1.528, 1.528, 1.528, 1.528, 1.531, 1.527, 1.527, 1.526, 1.525, 1.524, 1.523, 1.522, 1.521, 1.521, 1.522, 1.523, 1.524, 1.526, 1.527, 1.528, 1.531, 1.532, 1.531, 1.531, 1.528, 1.527, 1.527, 1.526, 1.525, 1.524, 1.524, 1.523, 1.523, 1.523, 1.523, 1.523, 1.524, 1.524, 1.524, 1.524, 1.524, 1.523, 1.522, 1.521, 1.52, 1.52, 1.519, 1.519, 1.519, 1.519, 1.52, 1.52, 1.521, 1.522, 1.523, 1.524, 1.524, 1.524, 1.524, 1.524, 1.523, 1.523, 1.522, 1.521, 1.521, 1.521, 1.521, 1.521, 1.522, 1.523, 1.524, 1.525, 1.525, 1.525, 1.526, 1.526, 1.526, 1.526, 1.526, 1.526, 1.526, 1.526, 1.525, 1.524, 1.522, 1.521, 1.52, 1.518, 1.517, 1.512, 1.511, 1.51, 1.509, 1.509, 1.509, 1.509, 1.51, 1.51, 1.51, 1.511, 1.511, 1.511, 1.512, 1.516, 1.516, 1.516, 1.516, 1.516, 1.516, 1.516, 1.512, 1.512, 1.511, 1.511, 1.511, 1.511, 1.51, 1.51, 1.51, 1.51, 1.51, 1.51, 1.509, 1.509, 1.509, 1.509, 1.509, 1.509, 1.509, 1.509, 1.509, 1.509, 1.509, 1.51, 1.511, 1.511, 1.511, 1.511, 1.511, 1.511, 1.511, 1.511, 1.511, 1.51, 1.51, 1.509, 1.509, 1.509, 1.509, 1.508, 1.508, 1.507, 1.507, 1.507, 1.507, 1.507, 1.507, 1.507, 1.507, 1.507, 1.506, 1.505, 1.505, 1.505, 1.505, 1.505, 1.505, 1.505, 1.505, 1.505, 1.505, 1.505, 1.505, 1.505, 1.505, 1.505, 1.505, 1.505, 1.505, 1.505, 1.506, 1.507, 1.507, 1.509, 1.509, 1.51, 1.511, 1.511, 1.51, 1.509, 1.509, 1.509, 1.508, 1.507, 1.507, 1.507, 1.506, 1.506, 1.507, 1.507, 1.507, 1.507, 1.507, 1.507, 1.507, 1.506, 1.505, 1.504, 1.504, 1.503, 1.503, 1.503, 1.503, 1.503, 1.503, 1.503, 1.503, 1.504, 1.504, 1.505, 1.505, 1.504, 1.503, 1.503, 1.502, 1.501, 1.501, 1.5, 1.5, 1.5, 1.5, 1.501, 1.501, 1.502, 1.503, 1.503, 1.504, 1.504, 1.505, 1.505, 1.505, 1.505, 1.505, 1.506, 1.506, 1.506, 1.506, 1.506, 1.506, 1.506, 1.506, 1.505, 1.505, 1.505, 1.505, 1.505, 1.505, 1.505, 1.504, 1.503, 1.502, 1.501, 1.5, 1.496, 1.495, 1.495, 1.494, 1.493, 1.491, 1.49, 1.488, 1.487, 1.486, 1.484, 1.484, 1.483, 1.482, 1.482, 1.482, 1.482, 1.483, 1.483, 1.484, 1.485, 1.485, 1.486, 1.487, 1.488, 1.489, 1.489, 1.489, 1.488, 1.487, 1.486, 1.485, 1.484, 1.484, 1.484, 1.484, 1.484, 1.484, 1.484, 1.485, 1.485, 1.486, 1.485, 1.484, 1.484, 1.482, 1.481, 1.48, 1.478, 1.477, 1.476, 1.475, 1.474, 1.474, 1.474, 1.474, 1.474, 1.474, 1.474, 1.474, 1.475, 1.475, 1.476, 1.476, 1.476, 1.477, 1.477, 1.476, 1.476, 1.476, 1.475, 1.474, 1.474, 1.473, 1.472, 1.471, 1.468, 1.466, 1.466, 1.464, 1.462, 1.462, 1.462, 1.462, 1.462, 1.462, 1.462, 1.464, 1.466, 1.466, 1.469, 1.47, 1.472, 1.473, 1.474, 1.474, 1.474, 1.474, 1.474, 1.474, 1.473, 1.472, 1.472, 1.471, 1.47, 1.468, 1.466, 1.466, 1.466, 1.464, 1.464, 1.464, 1.462, 1.462, 1.464, 1.464, 1.464, 1.464, 1.464, 1.462, 1.462, 1.46, 1.46, 1.458, 1.458, 1.458, 1.458, 1.458, 1.458, 1.458, 1.458, 1.46, 1.462, 1.462, 1.462, 1.462, 1.462, 1.462, 1.462, 1.462, 1.46, 1.46, 1.46, 1.46, 1.46, 1.46, 1.462, 1.462, 1.462, 1.462, 1.464, 1.464, 1.464, 1.464, 1.464, 1.462, 1.462, 1.462, 1.462, 1.46, 1.46, 1.46, 1.46, 1.46, 1.46, 1.46, 1.46, 1.462, 1.462, 1.462, 1.462, 1.464, 1.464, 1.466, 1.464, 1.464, 1.464, 1.462, 1.462, 1.462, 1.462, 1.462, 1.46, 1.46, 1.46, 1.46, 1.462, 1.462, 1.462, 1.464, 1.464, 1.466, 1.464, 1.462, 1.462, 1.46, 1.458, 1.458, 1.458, 1.456, 1.456, 1.458, 1.458, 1.458, 1.458, 1.458, 1.46, 0, 
1.531, 1.531, 1.528, 1.528, 1.528, 1.528, 1.528, 1.528, 1.528, 1.528, 1.528, 1.528, 1.528, 1.527, 1.527, 1.526, 1.525, 1.524, 1.523, 1.522, 1.521, 1.52, 1.521, 1.521, 1.523, 1.524, 1.526, 1.527, 1.528, 1.531, 1.531, 1.531, 1.531, 1.528, 1.527, 1.526, 1.525, 1.524, 1.524, 1.523, 1.523, 1.522, 1.522, 1.522, 1.523, 1.523, 1.524, 1.524, 1.524, 1.524, 1.523, 1.521, 1.52, 1.52, 1.519, 1.518, 1.518, 1.518, 1.519, 1.52, 1.521, 1.522, 1.523, 1.524, 1.525, 1.526, 1.526, 1.525, 1.525, 1.524, 1.523, 1.522, 1.522, 1.521, 1.521, 1.521, 1.522, 1.522, 1.523, 1.524, 1.525, 1.526, 1.526, 1.526, 1.526, 1.526, 1.526, 1.526, 1.526, 1.526, 1.525, 1.524, 1.523, 1.521, 1.52, 1.518, 1.517, 1.512, 1.512, 1.511, 1.51, 1.509, 1.509, 1.509, 1.51, 1.51, 1.511, 1.511, 1.512, 1.512, 1.512, 1.516, 1.516, 1.516, 1.516, 1.516, 1.516, 1.516, 1.516, 1.512, 1.511, 1.511, 1.511, 1.511, 1.511, 1.511, 1.511, 1.511, 1.511, 1.511, 1.51, 1.51, 1.51, 1.509, 1.509, 1.509, 1.509, 1.509, 1.509, 1.509, 1.509, 1.509, 1.51, 1.51, 1.511, 1.511, 1.511, 1.511, 1.511, 1.511, 1.511, 1.511, 1.511, 1.51, 1.51, 1.51, 1.509, 1.509, 1.509, 1.508, 1.508, 1.508, 1.507, 1.507, 1.507, 1.507, 1.507, 1.507, 1.506, 1.506, 1.505, 1.505, 1.505, 1.505, 1.505, 1.505, 1.505, 1.505, 1.505, 1.505, 1.506, 1.506, 1.506, 1.506, 1.506, 1.506, 1.506, 1.506, 1.506, 1.506, 1.507, 1.507, 1.509, 1.509, 1.51, 1.511, 1.511, 1.51, 1.509, 1.509, 1.509, 1.508, 1.507, 1.507, 1.507, 1.507, 1.507, 1.507, 1.507, 1.507, 1.508, 1.508, 1.507, 1.507, 1.507, 1.506, 1.505, 1.504, 1.503, 1.503, 1.502, 1.502, 1.502, 1.502, 1.502, 1.503, 1.503, 1.504, 1.505, 1.505, 1.505, 1.504, 1.504, 1.503, 1.502, 1.501, 1.501, 1.501, 1.501, 1.501, 1.501, 1.501, 1.502, 1.503, 1.504, 1.504, 1.505, 1.505, 1.505, 1.505, 1.505, 1.505, 1.505, 1.505, 1.505, 1.505, 1.505, 1.505, 1.505, 1.505, 1.505, 1.505, 1.505, 1.505, 1.505, 1.505, 1.505, 1.504, 1.503, 1.502, 1.501, 1.5, 1.5, 1.499, 1.495, 1.495, 1.494, 1.492, 1.491, 1.489, 1.488, 1.486, 1.485, 1.484, 1.484, 1.483, 1.483, 1.483, 1.483, 1.484, 1.484, 1.485, 1.485, 1.486, 1.487, 1.488, 1.489, 1.489, 1.49, 1.489, 1.488, 1.488, 1.487, 1.486, 1.485, 1.485, 1.484, 1.484, 1.484, 1.485, 1.485, 1.485, 1.486, 1.486, 1.486, 1.485, 1.484, 1.483, 1.481, 1.48, 1.478, 1.477, 1.476, 1.475, 1.475, 1.475, 1.474, 1.474, 1.475, 1.475, 1.475, 1.476, 1.476, 1.476, 1.477, 1.477, 1.477, 1.477, 1.476, 1.476, 1.476, 1.475, 1.475, 1.474, 1.474, 1.473, 1.472, 1.471, 1.468, 1.466, 1.466, 1.464, 1.462, 1.462, 1.462, 1.462, 1.462, 1.462, 1.462, 1.464, 1.466, 1.466, 1.469, 1.47, 1.472, 1.473, 1.474, 1.474, 1.474, 1.474, 1.474, 1.474, 1.474, 1.473, 1.472, 1.471, 1.47, 1.469, 1.466, 1.466, 1.466, 1.466, 1.464, 1.464, 1.464, 1.464, 1.464, 1.464, 1.464, 1.464, 1.464, 1.462, 1.462, 1.462, 1.46, 1.46, 1.458, 1.458, 1.458, 1.458, 1.458, 1.46, 1.46, 1.462, 1.462, 1.462, 1.462, 1.464, 1.464, 1.462, 1.462, 1.462, 1.462, 1.462, 1.46, 1.46, 1.46, 1.462, 1.462, 1.462, 1.462, 1.462, 1.464, 1.464, 1.464, 1.464, 1.464, 1.464, 1.462, 1.462, 1.462, 1.462, 1.462, 1.46, 1.46, 1.46, 1.46, 1.46, 1.46, 1.46, 1.462, 1.462, 1.462, 1.464, 1.464, 1.466, 1.466, 1.464, 1.464, 1.464, 1.462, 1.462, 1.462, 1.46, 1.46, 1.46, 1.46, 1.46, 1.46, 1.462, 1.462, 1.462, 1.464, 1.464, 1.464, 1.462, 1.462, 1.46, 1.458, 1.458, 1.456, 1.456, 1.456, 1.456, 1.456, 1.456, 1.456, 1.456, 1.458, 0, 
1.531, 1.531, 1.531, 1.528, 1.528, 1.528, 1.528, 1.528, 1.528, 1.528, 1.528, 1.527, 1.527, 1.527, 1.526, 1.526, 1.525, 1.524, 1.523, 1.522, 1.521, 1.52, 1.52, 1.521, 1.522, 1.524, 1.526, 1.527, 1.528, 1.531, 1.531, 1.531, 1.528, 1.528, 1.527, 1.526, 1.525, 1.524, 1.524, 1.523, 1.522, 1.522, 1.522, 1.522, 1.522, 1.523, 1.523, 1.524, 1.524, 1.523, 1.522, 1.521, 1.52, 1.519, 1.519, 1.518, 1.518, 1.518, 1.519, 1.52, 1.522, 1.523, 1.524, 1.525, 1.526, 1.527, 1.527, 1.526, 1.525, 1.524, 1.523, 1.522, 1.522, 1.521, 1.521, 1.521, 1.522, 1.522, 1.524, 1.524, 1.525, 1.526, 1.526, 1.526, 1.526, 1.526, 1.526, 1.526, 1.526, 1.525, 1.524, 1.523, 1.522, 1.52, 1.519, 1.517, 1.513, 1.512, 1.511, 1.51, 1.509, 1.509, 1.509, 1.51, 1.51, 1.511, 1.511, 1.512, 1.512, 1.516, 1.516, 1.516, 1.516, 1.516, 1.516, 1.516, 1.516, 1.516, 1.512, 1.512, 1.511, 1.511, 1.511, 1.511, 1.511, 1.511, 1.511, 1.511, 1.511, 1.511, 1.511, 1.511, 1.51, 1.51, 1.509, 1.509, 1.509, 1.509, 1.509, 1.509, 1.509, 1.509, 1.509, 1.51, 1.511, 1.511, 1.511, 1.511, 1.511, 1.511, 1.511, 1.511, 1.511, 1.511, 1.511, 1.51, 1.51, 1.51, 1.51, 1.509, 1.509, 1.509, 1.508, 1.508, 1.507, 1.507, 1.507, 1.507, 1.506, 1.506, 1.505, 1.505, 1.505, 1.505, 1.505, 1.505, 1.505, 1.505, 1.506, 1.506, 1.507, 1.507, 1.507, 1.507, 1.507, 1.507, 1.507, 1.507, 1.507, 1.507, 1.507, 1.508, 1.509, 1.509, 1.51, 1.511, 1.511, 1.51, 1.51, 1.509, 1.509, 1.508, 1.507, 1.507, 1.507, 1.507, 1.507, 1.507, 1.508, 1.508, 1.509, 1.509, 1.509, 1.508, 1.507, 1.507, 1.505, 1.504, 1.503, 1.503, 1.502, 1.501, 1.501, 1.501, 1.502, 1.503, 1.503, 1.504, 1.505, 1.505, 1.505, 1.505, 1.504, 1.504, 1.503, 1.502, 1.501, 1.501, 1.501, 1.501, 1.501, 1.501, 1.502, 1.503, 1.504, 1.505, 1.505, 1.505, 1.505, 1.505, 1.505, 1.505, 1.505, 1.505, 1.505, 1.505, 1.505, 1.505, 1.505, 1.505, 1.505, 1.505, 1.505, 1.505, 1.505, 1.505, 1.505, 1.505, 1.504, 1.503, 1.502, 1.501, 1.5, 1.5, 1.499, 1.495, 1.494, 1.493, 1.492, 1.49, 1.489, 1.487, 1.486, 1.485, 1.485, 1.484, 1.484, 1.484, 1.484, 1.484, 1.485, 1.485, 1.486, 1.487, 1.488, 1.488, 1.489, 1.49, 1.49, 1.49, 1.489, 1.488, 1.487, 1.487, 1.486, 1.486, 1.486, 1.486, 1.486, 1.486, 1.486, 1.486, 1.486, 1.486, 1.486, 1.485, 1.484, 1.483, 1.482, 1.48, 1.479, 1.477, 1.476, 1.476, 1.476, 1.476, 1.476, 1.476, 1.476, 1.476, 1.476, 1.477, 1.477, 1.478, 1.478, 1.478, 1.477, 1.477, 1.476, 1.476, 1.475, 1.475, 1.474, 1.474, 1.474, 1.473, 1.472, 1.471, 1.47, 1.468, 1.466, 1.466, 1.464, 1.462, 1.462, 1.462, 1.462, 1.462, 1.464, 1.464, 1.466, 1.466, 1.469, 1.47, 1.471, 1.472, 1.473, 1.474, 1.474, 1.474, 1.474, 1.474, 1.474, 1.473, 1.472, 1.471, 1.47, 1.469, 1.469, 1.466, 1.466, 1.466, 1.464, 1.464, 1.464, 1.464, 1.464, 1.464, 1.464, 1.464, 1.464, 1.464, 1.462, 1.462, 1.462, 1.46, 1.46, 1.46, 1.46, 1.46, 1.46, 1.462, 1.462, 1.462, 1.464, 1.464, 1.464, 1.464, 1.464, 1.464, 1.464, 1.462, 1.462, 1.462, 1.462, 1.462, 1.462, 1.462, 1.462, 1.462, 1.462, 1.462, 1.462, 1.464, 1.464, 1.464, 1.464, 1.464, 1.462, 1.462, 1.462, 1.462, 1.462, 1.462, 1.46, 1.46, 1.46, 1.46, 1.46, 1.46, 1.46, 1.462, 1.462, 1.464, 1.464, 1.466, 1.466, 1.466, 1.464, 1.464, 1.462, 1.462, 1.462, 1.46, 1.46, 1.458, 1.458, 1.458, 1.46, 1.46, 1.462, 1.462, 1.462, 1.464, 1.464, 1.462, 1.462, 1.46, 1.458, 1.458, 1.456, 1.454, 1.454, 1.454, 1.454, 1.454, 1.454, 1.454, 1.456, 0, 
1.532, 1.532, 1.531, 1.531, 1.528, 1.528, 1.528, 1.528, 1.528, 1.527, 1.527, 1.526, 1.526, 1.526, 1.526, 1.525, 1.524, 1.523, 1.522, 1.521, 1.521, 1.52, 1.52, 1.521, 1.522, 1.524, 1.526, 1.527, 1.528, 1.531, 1.531, 1.531, 1.528, 1.528, 1.527, 1.526, 1.525, 1.524, 1.523, 1.522, 1.522, 1.521, 1.521, 1.521, 1.522, 1.522, 1.523, 1.524, 1.524, 1.523, 1.522, 1.521, 1.52, 1.519, 1.518, 1.517, 1.517, 1.518, 1.518, 1.52, 1.522, 1.523, 1.524, 1.527, 1.527, 1.527, 1.527, 1.526, 1.525, 1.524, 1.523, 1.522, 1.521, 1.521, 1.521, 1.521, 1.521, 1.522, 1.524, 1.524, 1.526, 1.526, 1.527, 1.527, 1.527, 1.526, 1.526, 1.526, 1.525, 1.524, 1.523, 1.522, 1.52, 1.519, 1.518, 1.517, 1.512, 1.512, 1.511, 1.51, 1.509, 1.509, 1.51, 1.51, 1.511, 1.511, 1.512, 1.516, 1.516, 1.516, 1.516, 1.516, 1.517, 1.517, 1.516, 1.516, 1.516, 1.516, 1.512, 1.511, 1.511, 1.511, 1.511, 1.511, 1.511, 1.511, 1.511, 1.511, 1.511, 1.511, 1.511, 1.511, 1.511, 1.511, 1.51, 1.51, 1.509, 1.509, 1.509, 1.509, 1.509, 1.509, 1.509, 1.51, 1.511, 1.511, 1.511, 1.511, 1.511, 1.511, 1.511, 1.511, 1.511, 1.511, 1.511, 1.511, 1.511, 1.511, 1.51, 1.51, 1.509, 1.509, 1.509, 1.508, 1.508, 1.508, 1.507, 1.507, 1.507, 1.506, 1.505, 1.505, 1.505, 1.505, 1.505, 1.505, 1.505, 1.505, 1.506, 1.507, 1.507, 1.507, 1.507, 1.507, 1.507, 1.507, 1.507, 1.507, 1.507, 1.507, 1.507, 1.508, 1.509, 1.509, 1.51, 1.511, 1.511, 1.511, 1.51, 1.509, 1.509, 1.508, 1.508, 1.508, 1.508, 1.508, 1.508, 1.508, 1.509, 1.509, 1.51, 1.51, 1.51, 1.509, 1.509, 1.507, 1.506, 1.505, 1.504, 1.503, 1.502, 1.501, 1.501, 1.501, 1.502, 1.503, 1.503, 1.504, 1.505, 1.505, 1.505, 1.505, 1.505, 1.504, 1.504, 1.503, 1.502, 1.502, 1.501, 1.501, 1.501, 1.502, 1.503, 1.503, 1.504, 1.505, 1.505, 1.505, 1.505, 1.505, 1.505, 1.505, 1.505, 1.505, 1.505, 1.505, 1.505, 1.505, 1.505, 1.505, 1.505, 1.505, 1.505, 1.505, 1.505, 1.505, 1.505, 1.505, 1.504, 1.503, 1.502, 1.502, 1.501, 1.5, 1.5, 1.499, 1.495, 1.494, 1.493, 1.491, 1.49, 1.489, 1.487, 1.486, 1.486, 1.486, 1.486, 1.486, 1.486, 1.486, 1.486, 1.486, 1.486, 1.487, 1.488, 1.488, 1.489, 1.49, 1.49, 1.49, 1.489, 1.489, 1.488, 1.487, 1.487, 1.486, 1.486, 1.486, 1.487, 1.487, 1.487, 1.488, 1.488, 1.487, 1.487, 1.486, 1.485, 1.484, 1.482, 1.481, 1.479, 1.478, 1.477, 1.477, 1.476, 1.476, 1.476, 1.476, 1.477, 1.478, 1.478, 1.478, 1.478, 1.479, 1.479, 1.478, 1.477, 1.476, 1.476, 1.475, 1.474, 1.474, 1.474, 1.474, 1.473, 1.473, 1.472, 1.471, 1.471, 1.468, 1.468, 1.466, 1.466, 1.464, 1.464, 1.462, 1.462, 1.462, 1.464, 1.466, 1.466, 1.466, 1.469, 1.47, 1.471, 1.472, 1.473, 1.474, 1.474, 1.474, 1.474, 1.474, 1.474, 1.473, 1.472, 1.472, 1.471, 1.47, 1.469, 1.466, 1.466, 1.466, 1.464, 1.464, 1.464, 1.464, 1.464, 1.464, 1.464, 1.464, 1.464, 1.464, 1.462, 1.462, 1.462, 1.462, 1.462, 1.462, 1.462, 1.462, 1.462, 1.462, 1.462, 1.464, 1.464, 1.466, 1.466, 1.466, 1.466, 1.466, 1.464, 1.464, 1.462, 1.462, 1.462, 1.462, 1.462, 1.462, 1.462, 1.462, 1.462, 1.462, 1.462, 1.462, 1.464, 1.464, 1.464, 1.464, 1.464, 1.464, 1.462, 1.462, 1.462, 1.462, 1.46, 1.46, 1.46, 1.46, 1.46, 1.46, 1.46, 1.462, 1.462, 1.464, 1.464, 1.466, 1.466, 1.466, 1.466, 1.464, 1.464, 1.462, 1.462, 1.46, 1.46, 1.458, 1.458, 1.458, 1.458, 1.46, 1.46, 1.462, 1.462, 1.462, 1.464, 1.462, 1.462, 1.46, 1.458, 1.458, 1.454, 1.454, 1.454, 1.454, 1.454, 1.454, 1.454, 1.454, 1.454, 0, 
1.533, 1.532, 1.531, 1.531, 1.528, 1.528, 1.528, 1.528, 1.527, 1.527, 1.526, 1.526, 1.526, 1.525, 1.525, 1.524, 1.523, 1.522, 1.522, 1.521, 1.52, 1.52, 1.52, 1.521, 1.523, 1.524, 1.526, 1.527, 1.528, 1.528, 1.531, 1.531, 1.528, 1.527, 1.526, 1.526, 1.524, 1.524, 1.523, 1.522, 1.521, 1.52, 1.52, 1.521, 1.521, 1.522, 1.523, 1.524, 1.524, 1.524, 1.521, 1.52, 1.519, 1.518, 1.517, 1.516, 1.516, 1.517, 1.518, 1.52, 1.522, 1.523, 1.524, 1.527, 1.528, 1.528, 1.527, 1.526, 1.525, 1.524, 1.522, 1.521, 1.52, 1.52, 1.52, 1.52, 1.521, 1.522, 1.523, 1.524, 1.526, 1.527, 1.527, 1.528, 1.527, 1.526, 1.526, 1.525, 1.524, 1.523, 1.522, 1.521, 1.52, 1.518, 1.517, 1.512, 1.512, 1.511, 1.511, 1.51, 1.51, 1.51, 1.51, 1.511, 1.511, 1.512, 1.516, 1.516, 1.517, 1.517, 1.517, 1.517, 1.517, 1.517, 1.517, 1.516, 1.516, 1.516, 1.512, 1.511, 1.511, 1.51, 1.51, 1.51, 1.51, 1.51, 1.511, 1.511, 1.511, 1.511, 1.511, 1.511, 1.511, 1.511, 1.511, 1.51, 1.51, 1.51, 1.509, 1.509, 1.509, 1.509, 1.509, 1.51, 1.51, 1.511, 1.511, 1.511, 1.511, 1.511, 1.511, 1.511, 1.511, 1.511, 1.511, 1.511, 1.511, 1.511, 1.511, 1.51, 1.51, 1.51, 1.509, 1.509, 1.509, 1.508, 1.508, 1.507, 1.507, 1.506, 1.505, 1.505, 1.505, 1.505, 1.505, 1.505, 1.505, 1.506, 1.507, 1.507, 1.508, 1.508, 1.508, 1.508, 1.508, 1.508, 1.507, 1.507, 1.507, 1.507, 1.508, 1.508, 1.509, 1.51, 1.511, 1.511, 1.511, 1.511, 1.51, 1.509, 1.509, 1.509, 1.509, 1.509, 1.509, 1.509, 1.509, 1.509, 1.509, 1.51, 1.511, 1.511, 1.511, 1.51, 1.51, 1.509, 1.507, 1.505, 1.504, 1.503, 1.502, 1.501, 1.501, 1.501, 1.502, 1.503, 1.504, 1.505, 1.505, 1.505, 1.505, 1.505, 1.505, 1.505, 1.504, 1.504, 1.503, 1.503, 1.502, 1.502, 1.501, 1.502, 1.503, 1.503, 1.504, 1.505, 1.505, 1.505, 1.505, 1.505, 1.505, 1.504, 1.504, 1.504, 1.504, 1.504, 1.504, 1.504, 1.504, 1.504, 1.504, 1.504, 1.504, 1.504, 1.504, 1.505, 1.505, 1.505, 1.504, 1.503, 1.503, 1.502, 1.502, 1.501, 1.5, 1.5, 1.496, 1.495, 1.494, 1.492, 1.491, 1.49, 1.489, 1.488, 1.487, 1.487, 1.486, 1.486, 1.486, 1.487, 1.487, 1.487, 1.487, 1.488, 1.488, 1.489, 1.49, 1.49, 1.49, 1.49, 1.49, 1.489, 1.488, 1.488, 1.488, 1.488, 1.488, 1.488, 1.488, 1.488, 1.488, 1.489, 1.489, 1.488, 1.487, 1.486, 1.485, 1.484, 1.482, 1.481, 1.48, 1.479, 1.478, 1.478, 1.477, 1.477, 1.477, 1.478, 1.478, 1.479, 1.48, 1.48, 1.48, 1.48, 1.479, 1.478, 1.477, 1.476, 1.475, 1.475, 1.474, 1.474, 1.474, 1.474, 1.473, 1.473, 1.472, 1.472, 1.471, 1.471, 1.468, 1.468, 1.466, 1.466, 1.466, 1.464, 1.464, 1.464, 1.466, 1.466, 1.466, 1.466, 1.469, 1.47, 1.471, 1.472, 1.473, 1.473, 1.474, 1.474, 1.474, 1.474, 1.474, 1.473, 1.472, 1.472, 1.471, 1.47, 1.469, 1.466, 1.466, 1.466, 1.466, 1.464, 1.464, 1.464, 1.464, 1.464, 1.464, 1.464, 1.464, 1.464, 1.464, 1.462, 1.462, 1.462, 1.462, 1.462, 1.462, 1.462, 1.464, 1.464, 1.464, 1.466, 1.466, 1.466, 1.466, 1.466, 1.466, 1.466, 1.466, 1.464, 1.464, 1.462, 1.462, 1.462, 1.462, 1.462, 1.462, 1.462, 1.462, 1.462, 1.462, 1.462, 1.462, 1.464, 1.464, 1.466, 1.464, 1.464, 1.464, 1.464, 1.462, 1.462, 1.46, 1.46, 1.46, 1.46, 1.46, 1.46, 1.46, 1.462, 1.462, 1.464, 1.466, 1.466, 1.466, 1.466, 1.466, 1.466, 1.464, 1.462, 1.462, 1.46, 1.458, 1.458, 1.458, 1.458, 1.458, 1.458, 1.458, 1.46, 1.462, 1.462, 1.464, 1.462, 1.462, 1.46, 1.458, 1.456, 1.454, 1.454, 1.452, 1.452, 1.452, 1.454, 1.452, 1.452, 1.454, 0, 
1.533, 1.532, 1.531, 1.531, 1.528, 1.528, 1.528, 1.528, 1.527, 1.526, 1.526, 1.525, 1.525, 1.524, 1.524, 1.523, 1.522, 1.521, 1.521, 1.52, 1.52, 1.52, 1.52, 1.521, 1.522, 1.524, 1.525, 1.526, 1.527, 1.528, 1.531, 1.528, 1.528, 1.527, 1.526, 1.526, 1.524, 1.524, 1.522, 1.521, 1.52, 1.52, 1.52, 1.52, 1.521, 1.522, 1.523, 1.524, 1.524, 1.524, 1.52, 1.52, 1.518, 1.517, 1.516, 1.516, 1.516, 1.517, 1.518, 1.52, 1.522, 1.523, 1.524, 1.528, 1.528, 1.527, 1.527, 1.526, 1.524, 1.524, 1.52, 1.52, 1.52, 1.52, 1.52, 1.52, 1.521, 1.522, 1.523, 1.524, 1.526, 1.527, 1.528, 1.528, 1.527, 1.526, 1.526, 1.525, 1.524, 1.523, 1.521, 1.52, 1.518, 1.517, 1.517, 1.512, 1.512, 1.511, 1.511, 1.511, 1.511, 1.511, 1.511, 1.511, 1.512, 1.516, 1.517, 1.517, 1.518, 1.518, 1.518, 1.518, 1.518, 1.517, 1.517, 1.516, 1.516, 1.512, 1.512, 1.511, 1.51, 1.51, 1.509, 1.509, 1.509, 1.51, 1.511, 1.511, 1.511, 1.511, 1.511, 1.511, 1.511, 1.511, 1.511, 1.511, 1.511, 1.51, 1.51, 1.51, 1.509, 1.509, 1.509, 1.51, 1.511, 1.511, 1.511, 1.511, 1.511, 1.511, 1.511, 1.511, 1.511, 1.511, 1.511, 1.511, 1.511, 1.511, 1.511, 1.511, 1.511, 1.511, 1.51, 1.51, 1.509, 1.509, 1.508, 1.508, 1.507, 1.506, 1.505, 1.505, 1.505, 1.505, 1.505, 1.505, 1.506, 1.506, 1.507, 1.507, 1.508, 1.509, 1.509, 1.509, 1.509, 1.509, 1.508, 1.508, 1.508, 1.508, 1.508, 1.509, 1.509, 1.51, 1.511, 1.511, 1.511, 1.511, 1.511, 1.51, 1.509, 1.509, 1.509, 1.509, 1.509, 1.509, 1.509, 1.509, 1.51, 1.511, 1.511, 1.512, 1.511, 1.511, 1.51, 1.509, 1.508, 1.506, 1.505, 1.503, 1.502, 1.502, 1.501, 1.501, 1.502, 1.503, 1.504, 1.505, 1.505, 1.506, 1.506, 1.506, 1.505, 1.505, 1.505, 1.504, 1.503, 1.503, 1.503, 1.502, 1.502, 1.502, 1.503, 1.503, 1.504, 1.505, 1.505, 1.505, 1.505, 1.505, 1.505, 1.504, 1.503, 1.503, 1.503, 1.503, 1.503, 1.503, 1.503, 1.503, 1.503, 1.503, 1.503, 1.503, 1.503, 1.504, 1.504, 1.505, 1.504, 1.504, 1.503, 1.503, 1.503, 1.502, 1.501, 1.5, 1.499, 1.495, 1.494, 1.493, 1.492, 1.491, 1.49, 1.489, 1.488, 1.488, 1.488, 1.488, 1.488, 1.488, 1.488, 1.488, 1.488, 1.488, 1.489, 1.489, 1.49, 1.49, 1.49, 1.49, 1.489, 1.489, 1.488, 1.488, 1.488, 1.488, 1.488, 1.488, 1.488, 1.489, 1.489, 1.49, 1.49, 1.489, 1.488, 1.487, 1.486, 1.485, 1.483, 1.482, 1.481, 1.48, 1.479, 1.479, 1.478, 1.478, 1.478, 1.479, 1.48, 1.48, 1.481, 1.481, 1.481, 1.48, 1.479, 1.478, 1.477, 1.476, 1.475, 1.474, 1.474, 1.473, 1.473, 1.474, 1.474, 1.473, 1.472, 1.472, 1.472, 1.472, 1.471, 1.468, 1.468, 1.468, 1.466, 1.466, 1.466, 1.466, 1.466, 1.466, 1.466, 1.466, 1.469, 1.47, 1.47, 1.472, 1.472, 1.473, 1.473, 1.474, 1.474, 1.474, 1.473, 1.472, 1.472, 1.472, 1.471, 1.47, 1.469, 1.468, 1.466, 1.466, 1.466, 1.464, 1.464, 1.464, 1.464, 1.464, 1.464, 1.464, 1.464, 1.464, 1.464, 1.462, 1.462, 1.462, 1.464, 1.464, 1.464, 1.464, 1.464, 1.464, 1.466, 1.466, 1.466, 1.466, 1.466, 1.466, 1.466, 1.466, 1.466, 1.466, 1.464, 1.464, 1.462, 1.462, 1.462, 1.462, 1.462, 1.462, 1.462, 1.462, 1.462, 1.462, 1.462, 1.464, 1.464, 1.466, 1.466, 1.466, 1.466, 1.464, 1.464, 1.462, 1.462, 1.46, 1.46, 1.46, 1.46, 1.46, 1.462, 1.462, 1.462, 1.464, 1.466, 1.466, 1.466, 1.466, 1.466, 1.466, 1.464, 1.462, 1.462, 1.46, 1.458, 1.458, 1.458, 1.458, 1.458, 1.458, 1.458, 1.46, 1.462, 1.462, 1.464, 1.462, 1.462, 1.46, 1.458, 1.456, 1.454, 1.452, 1.45, 1.45, 1.45, 1.452, 1.45, 1.45, 1.452, 0, 
1.533, 1.532, 1.532, 1.528, 1.528, 1.528, 1.528, 1.527, 1.526, 1.526, 1.525, 1.524, 1.524, 1.523, 1.522, 1.522, 1.521, 1.52, 1.52, 1.52, 1.52, 1.52, 1.52, 1.521, 1.522, 1.524, 1.525, 1.526, 1.527, 1.528, 1.528, 1.528, 1.527, 1.527, 1.526, 1.525, 1.524, 1.524, 1.522, 1.521, 1.52, 1.52, 1.52, 1.52, 1.521, 1.522, 1.523, 1.524, 1.524, 1.524, 1.52, 1.519, 1.518, 1.517, 1.516, 1.516, 1.516, 1.516, 1.517, 1.52, 1.521, 1.524, 1.524, 1.527, 1.527, 1.527, 1.526, 1.525, 1.524, 1.523, 1.52, 1.52, 1.519, 1.519, 1.519, 1.519, 1.52, 1.522, 1.523, 1.524, 1.526, 1.527, 1.528, 1.528, 1.527, 1.526, 1.526, 1.525, 1.523, 1.522, 1.52, 1.519, 1.517, 1.517, 1.513, 1.512, 1.511, 1.511, 1.511, 1.511, 1.511, 1.511, 1.511, 1.511, 1.516, 1.517, 1.518, 1.518, 1.519, 1.519, 1.518, 1.518, 1.518, 1.517, 1.517, 1.516, 1.516, 1.512, 1.511, 1.511, 1.51, 1.509, 1.509, 1.509, 1.509, 1.51, 1.511, 1.511, 1.511, 1.512, 1.512, 1.512, 1.512, 1.512, 1.512, 1.511, 1.511, 1.511, 1.511, 1.51, 1.51, 1.51, 1.51, 1.51, 1.511, 1.511, 1.511, 1.511, 1.511, 1.511, 1.511, 1.511, 1.511, 1.511, 1.511, 1.511, 1.511, 1.511, 1.511, 1.511, 1.511, 1.511, 1.511, 1.511, 1.51, 1.51, 1.509, 1.508, 1.507, 1.506, 1.506, 1.505, 1.505, 1.505, 1.505, 1.505, 1.506, 1.507, 1.507, 1.508, 1.509, 1.509, 1.51, 1.51, 1.51, 1.509, 1.509, 1.509, 1.509, 1.509, 1.509, 1.509, 1.509, 1.51, 1.511, 1.511, 1.511, 1.511, 1.511, 1.51, 1.51, 1.509, 1.509, 1.509, 1.509, 1.509, 1.509, 1.51, 1.511, 1.511, 1.512, 1.512, 1.512, 1.512, 1.511, 1.51, 1.509, 1.505, 1.505, 1.503, 1.503, 1.502, 1.502, 1.502, 1.503, 1.503, 1.504, 1.505, 1.505, 1.506, 1.506, 1.506, 1.506, 1.506, 1.505, 1.504, 1.503, 1.503, 1.503, 1.503, 1.503, 1.503, 1.503, 1.503, 1.504, 1.505, 1.505, 1.505, 1.505, 1.505, 1.504, 1.504, 1.503, 1.503, 1.503, 1.503, 1.503, 1.503, 1.503, 1.503, 1.503, 1.503, 1.503, 1.503, 1.503, 1.503, 1.504, 1.504, 1.505, 1.504, 1.504, 1.504, 1.503, 1.503, 1.502, 1.501, 1.5, 1.499, 1.495, 1.494, 1.493, 1.492, 1.491, 1.49, 1.49, 1.489, 1.489, 1.489, 1.489, 1.489, 1.489, 1.489, 1.489, 1.489, 1.489, 1.49, 1.49, 1.49, 1.489, 1.489, 1.489, 1.488, 1.488, 1.488, 1.489, 1.489, 1.489, 1.489, 1.49, 1.49, 1.49, 1.49, 1.49, 1.489, 1.488, 1.488, 1.487, 1.485, 1.484, 1.483, 1.482, 1.481, 1.48, 1.48, 1.48, 1.48, 1.48, 1.48, 1.481, 1.482, 1.482, 1.482, 1.482, 1.481, 1.48, 1.478, 1.477, 1.476, 1.475, 1.474, 1.474, 1.473, 1.473, 1.473, 1.474, 1.474, 1.473, 1.473, 1.473, 1.472, 1.472, 1.472, 1.471, 1.468, 1.468, 1.466, 1.466, 1.466, 1.466, 1.466, 1.466, 1.468, 1.469, 1.47, 1.47, 1.471, 1.472, 1.472, 1.473, 1.473, 1.473, 1.473, 1.473, 1.472, 1.472, 1.472, 1.471, 1.47, 1.469, 1.468, 1.466, 1.466, 1.466, 1.464, 1.464, 1.464, 1.464, 1.464, 1.464, 1.464, 1.464, 1.464, 1.464, 1.464, 1.464, 1.464, 1.464, 1.464, 1.466, 1.466, 1.466, 1.466, 1.466, 1.466, 1.466, 1.466, 1.466, 1.468, 1.466, 1.466, 1.466, 1.466, 1.466, 1.464, 1.464, 1.462, 1.462, 1.462, 1.462, 1.462, 1.462, 1.462, 1.462, 1.462, 1.462, 1.464, 1.464, 1.466, 1.466, 1.466, 1.466, 1.466, 1.464, 1.462, 1.462, 1.462, 1.46, 1.46, 1.46, 1.462, 1.462, 1.462, 1.462, 1.464, 1.466, 1.466, 1.466, 1.466, 1.466, 1.466, 1.464, 1.462, 1.462, 1.46, 1.458, 1.458, 1.456, 1.456, 1.458, 1.458, 1.458, 1.46, 1.46, 1.462, 1.464, 1.462, 1.462, 1.458, 1.458, 1.454, 1.454, 1.45, 1.45, 1.45, 1.45, 1.45, 1.448, 1.448, 1.45, 0, 
1.533, 1.532, 1.531, 1.528, 1.528, 1.528, 1.527, 1.526, 1.525, 1.525, 1.524, 1.523, 1.523, 1.522, 1.521, 1.521, 1.52, 1.52, 1.519, 1.519, 1.519, 1.519, 1.52, 1.52, 1.521, 1.524, 1.525, 1.526, 1.527, 1.528, 1.528, 1.528, 1.527, 1.526, 1.526, 1.525, 1.524, 1.523, 1.522, 1.521, 1.52, 1.52, 1.52, 1.52, 1.521, 1.522, 1.523, 1.524, 1.524, 1.524, 1.52, 1.519, 1.518, 1.517, 1.516, 1.516, 1.516, 1.516, 1.516, 1.52, 1.52, 1.524, 1.524, 1.526, 1.527, 1.526, 1.525, 1.524, 1.523, 1.522, 1.52, 1.519, 1.518, 1.518, 1.518, 1.519, 1.52, 1.521, 1.522, 1.524, 1.526, 1.527, 1.528, 1.528, 1.527, 1.526, 1.525, 1.524, 1.523, 1.522, 1.52, 1.518, 1.517, 1.516, 1.512, 1.512, 1.511, 1.511, 1.511, 1.511, 1.511, 1.511, 1.512, 1.512, 1.517, 1.518, 1.519, 1.519, 1.52, 1.519, 1.518, 1.518, 1.518, 1.517, 1.517, 1.516, 1.516, 1.512, 1.511, 1.511, 1.51, 1.509, 1.509, 1.509, 1.509, 1.51, 1.511, 1.511, 1.512, 1.512, 1.513, 1.516, 1.516, 1.513, 1.512, 1.512, 1.512, 1.511, 1.511, 1.511, 1.511, 1.511, 1.511, 1.511, 1.511, 1.511, 1.511, 1.511, 1.511, 1.511, 1.511, 1.511, 1.511, 1.511, 1.511, 1.511, 1.511, 1.511, 1.511, 1.511, 1.511, 1.511, 1.511, 1.511, 1.511, 1.51, 1.509, 1.509, 1.507, 1.507, 1.506, 1.505, 1.505, 1.505, 1.505, 1.506, 1.506, 1.507, 1.508, 1.509, 1.509, 1.51, 1.511, 1.511, 1.511, 1.51, 1.51, 1.509, 1.509, 1.509, 1.509, 1.509, 1.509, 1.51, 1.51, 1.511, 1.511, 1.511, 1.511, 1.511, 1.51, 1.51, 1.51, 1.51, 1.51, 1.51, 1.51, 1.511, 1.511, 1.512, 1.513, 1.516, 1.513, 1.512, 1.511, 1.51, 1.509, 1.505, 1.505, 1.503, 1.503, 1.503, 1.503, 1.503, 1.503, 1.504, 1.505, 1.505, 1.506, 1.506, 1.507, 1.507, 1.507, 1.506, 1.505, 1.505, 1.504, 1.503, 1.503, 1.503, 1.503, 1.503, 1.503, 1.503, 1.504, 1.505, 1.505, 1.505, 1.505, 1.505, 1.504, 1.503, 1.503, 1.502, 1.502, 1.502, 1.502, 1.502, 1.502, 1.502, 1.502, 1.502, 1.502, 1.502, 1.502, 1.502, 1.503, 1.504, 1.504, 1.505, 1.505, 1.505, 1.504, 1.503, 1.503, 1.502, 1.501, 1.5, 1.496, 1.495, 1.494, 1.493, 1.492, 1.492, 1.491, 1.491, 1.49, 1.49, 1.49, 1.49, 1.49, 1.49, 1.49, 1.49, 1.49, 1.49, 1.489, 1.489, 1.489, 1.488, 1.488, 1.488, 1.488, 1.488, 1.489, 1.49, 1.49, 1.49, 1.49, 1.49, 1.49, 1.49, 1.49, 1.49, 1.489, 1.488, 1.487, 1.486, 1.485, 1.484, 1.483, 1.482, 1.481, 1.481, 1.48, 1.48, 1.481, 1.481, 1.482, 1.483, 1.483, 1.483, 1.483, 1.482, 1.48, 1.479, 1.477, 1.476, 1.475, 1.474, 1.473, 1.473, 1.473, 1.473, 1.474, 1.474, 1.474, 1.474, 1.474, 1.473, 1.473, 1.472, 1.472, 1.471, 1.468, 1.468, 1.468, 1.468, 1.466, 1.466, 1.466, 1.468, 1.469, 1.47, 1.47, 1.471, 1.472, 1.472, 1.472, 1.472, 1.472, 1.472, 1.472, 1.472, 1.472, 1.472, 1.471, 1.47, 1.469, 1.468, 1.468, 1.466, 1.466, 1.464, 1.464, 1.464, 1.464, 1.464, 1.464, 1.464, 1.464, 1.464, 1.464, 1.464, 1.464, 1.464, 1.464, 1.466, 1.466, 1.466, 1.466, 1.466, 1.466, 1.466, 1.466, 1.468, 1.468, 1.468, 1.468, 1.466, 1.466, 1.466, 1.466, 1.464, 1.464, 1.462, 1.462, 1.462, 1.462, 1.462, 1.46, 1.46, 1.46, 1.462, 1.462, 1.462, 1.464, 1.464, 1.466, 1.466, 1.466, 1.466, 1.464, 1.464, 1.462, 1.462, 1.462, 1.462, 1.462, 1.462, 1.462, 1.462, 1.464, 1.466, 1.466, 1.466, 1.466, 1.466, 1.466, 1.466, 1.464, 1.464, 1.462, 1.46, 1.458, 1.456, 1.456, 1.456, 1.456, 1.456, 1.458, 1.458, 1.46, 1.462, 1.462, 1.462, 1.462, 1.458, 1.456, 1.454, 1.452, 1.45, 1.448, 1.448, 1.448, 1.448, 1.446, 1.446, 1.448, 0, 
1.532, 1.532, 1.531, 1.528, 1.528, 1.527, 1.526, 1.525, 1.525, 1.524, 1.523, 1.522, 1.522, 1.521, 1.52, 1.52, 1.519, 1.518, 1.518, 1.518, 1.518, 1.518, 1.519, 1.52, 1.52, 1.524, 1.524, 1.526, 1.527, 1.528, 1.528, 1.527, 1.527, 1.526, 1.525, 1.525, 1.524, 1.523, 1.522, 1.521, 1.521, 1.52, 1.52, 1.521, 1.522, 1.523, 1.523, 1.524, 1.524, 1.524, 1.52, 1.52, 1.517, 1.516, 1.516, 1.513, 1.513, 1.516, 1.516, 1.519, 1.52, 1.523, 1.524, 1.525, 1.526, 1.525, 1.525, 1.524, 1.522, 1.521, 1.519, 1.518, 1.517, 1.517, 1.517, 1.518, 1.519, 1.52, 1.522, 1.524, 1.525, 1.526, 1.527, 1.528, 1.527, 1.526, 1.525, 1.524, 1.522, 1.521, 1.52, 1.518, 1.517, 1.513, 1.512, 1.511, 1.511, 1.511, 1.511, 1.511, 1.511, 1.512, 1.512, 1.516, 1.517, 1.519, 1.52, 1.52, 1.52, 1.519, 1.518, 1.518, 1.518, 1.517, 1.517, 1.516, 1.516, 1.512, 1.511, 1.511, 1.51, 1.509, 1.509, 1.509, 1.509, 1.51, 1.511, 1.511, 1.512, 1.516, 1.516, 1.516, 1.516, 1.516, 1.516, 1.516, 1.512, 1.512, 1.512, 1.511, 1.511, 1.511, 1.511, 1.511, 1.511, 1.511, 1.511, 1.511, 1.511, 1.511, 1.511, 1.511, 1.511, 1.511, 1.511, 1.511, 1.511, 1.511, 1.511, 1.511, 1.511, 1.511, 1.511, 1.511, 1.511, 1.511, 1.51, 1.509, 1.508, 1.507, 1.506, 1.506, 1.505, 1.505, 1.505, 1.506, 1.507, 1.507, 1.508, 1.509, 1.51, 1.511, 1.511, 1.511, 1.511, 1.511, 1.51, 1.509, 1.509, 1.509, 1.509, 1.509, 1.509, 1.51, 1.51, 1.511, 1.511, 1.511, 1.511, 1.511, 1.511, 1.511, 1.511, 1.511, 1.511, 1.511, 1.511, 1.512, 1.512, 1.513, 1.513, 1.516, 1.516, 1.512, 1.511, 1.51, 1.509, 1.505, 1.505, 1.504, 1.503, 1.503, 1.503, 1.503, 1.503, 1.504, 1.505, 1.505, 1.506, 1.507, 1.507, 1.507, 1.507, 1.506, 1.505, 1.505, 1.504, 1.503, 1.503, 1.503, 1.503, 1.503, 1.503, 1.503, 1.504, 1.504, 1.505, 1.505, 1.505, 1.505, 1.504, 1.503, 1.503, 1.502, 1.501, 1.501, 1.501, 1.501, 1.501, 1.501, 1.501, 1.501, 1.501, 1.501, 1.501, 1.502, 1.502, 1.503, 1.504, 1.504, 1.505, 1.505, 1.505, 1.504, 1.503, 1.502, 1.501, 1.5, 1.499, 1.496, 1.495, 1.494, 1.493, 1.493, 1.492, 1.492, 1.492, 1.492, 1.492, 1.492, 1.492, 1.491, 1.491, 1.49, 1.49, 1.49, 1.489, 1.488, 1.488, 1.488, 1.488, 1.488, 1.488, 1.488, 1.489, 1.49, 1.49, 1.491, 1.491, 1.491, 1.491, 1.491, 1.491, 1.49, 1.49, 1.489, 1.488, 1.487, 1.486, 1.485, 1.484, 1.483, 1.482, 1.482, 1.482, 1.482, 1.482, 1.482, 1.483, 1.483, 1.484, 1.484, 1.483, 1.482, 1.48, 1.479, 1.478, 1.476, 1.475, 1.474, 1.473, 1.473, 1.473, 1.473, 1.474, 1.474, 1.474, 1.474, 1.474, 1.474, 1.474, 1.473, 1.472, 1.472, 1.471, 1.468, 1.468, 1.468, 1.468, 1.468, 1.468, 1.468, 1.47, 1.47, 1.471, 1.471, 1.472, 1.472, 1.472, 1.472, 1.472, 1.472, 1.472, 1.472, 1.472, 1.472, 1.471, 1.47, 1.469, 1.468, 1.468, 1.466, 1.466, 1.464, 1.464, 1.464, 1.464, 1.464, 1.464, 1.464, 1.464, 1.464, 1.464, 1.464, 1.464, 1.464, 1.466, 1.466, 1.466, 1.466, 1.466, 1.466, 1.466, 1.468, 1.468, 1.468, 1.468, 1.468, 1.468, 1.466, 1.466, 1.466, 1.466, 1.464, 1.464, 1.462, 1.462, 1.462, 1.462, 1.46, 1.46, 1.46, 1.46, 1.462, 1.462, 1.462, 1.462, 1.464, 1.464, 1.466, 1.466, 1.466, 1.466, 1.464, 1.462, 1.462, 1.462, 1.462, 1.462, 1.462, 1.462, 1.464, 1.466, 1.466, 1.466, 1.468, 1.468, 1.468, 1.466, 1.466, 1.464, 1.462, 1.462, 1.46, 1.458, 1.456, 1.456, 1.456, 1.456, 1.456, 1.456, 1.458, 1.458, 1.46, 1.462, 1.462, 1.46, 1.458, 1.456, 1.454, 1.452, 1.45, 1.448, 1.446, 1.446, 1.446, 1.444, 1.444, 1.448, 0, 
1.532, 1.531, 1.528, 1.528, 1.527, 1.526, 1.526, 1.525, 1.524, 1.524, 1.523, 1.522, 1.521, 1.52, 1.519, 1.519, 1.518, 1.517, 1.517, 1.517, 1.517, 1.517, 1.518, 1.519, 1.52, 1.523, 1.524, 1.525, 1.526, 1.527, 1.527, 1.527, 1.526, 1.526, 1.525, 1.524, 1.524, 1.523, 1.522, 1.521, 1.52, 1.52, 1.52, 1.521, 1.522, 1.523, 1.524, 1.524, 1.524, 1.524, 1.52, 1.52, 1.516, 1.516, 1.513, 1.513, 1.513, 1.513, 1.517, 1.518, 1.52, 1.522, 1.523, 1.524, 1.525, 1.525, 1.524, 1.523, 1.521, 1.52, 1.518, 1.517, 1.516, 1.516, 1.516, 1.517, 1.518, 1.52, 1.521, 1.524, 1.525, 1.526, 1.527, 1.527, 1.526, 1.526, 1.525, 1.524, 1.522, 1.52, 1.519, 1.518, 1.517, 1.512, 1.512, 1.511, 1.511, 1.511, 1.511, 1.511, 1.511, 1.512, 1.516, 1.517, 1.518, 1.519, 1.52, 1.52, 1.52, 1.519, 1.519, 1.518, 1.518, 1.517, 1.517, 1.516, 1.516, 1.513, 1.512, 1.511, 1.51, 1.509, 1.509, 1.509, 1.51, 1.51, 1.511, 1.511, 1.512, 1.516, 1.516, 1.517, 1.517, 1.517, 1.517, 1.516, 1.516, 1.513, 1.512, 1.512, 1.511, 1.511, 1.511, 1.511, 1.511, 1.511, 1.511, 1.511, 1.511, 1.511, 1.511, 1.511, 1.511, 1.511, 1.511, 1.511, 1.511, 1.511, 1.511, 1.511, 1.511, 1.511, 1.511, 1.511, 1.511, 1.511, 1.51, 1.509, 1.508, 1.507, 1.507, 1.506, 1.505, 1.505, 1.506, 1.506, 1.507, 1.508, 1.509, 1.51, 1.511, 1.511, 1.511, 1.511, 1.511, 1.511, 1.51, 1.51, 1.509, 1.509, 1.509, 1.509, 1.509, 1.51, 1.51, 1.511, 1.511, 1.511, 1.512, 1.512, 1.512, 1.512, 1.512, 1.512, 1.512, 1.512, 1.512, 1.513, 1.513, 1.513, 1.516, 1.516, 1.516, 1.512, 1.511, 1.51, 1.509, 1.506, 1.505, 1.504, 1.503, 1.503, 1.503, 1.503, 1.503, 1.504, 1.505, 1.505, 1.506, 1.507, 1.507, 1.507, 1.507, 1.506, 1.505, 1.505, 1.503, 1.503, 1.503, 1.502, 1.502, 1.502, 1.502, 1.503, 1.503, 1.504, 1.505, 1.505, 1.505, 1.504, 1.504, 1.503, 1.503, 1.502, 1.501, 1.501, 1.501, 1.501, 1.501, 1.501, 1.501, 1.501, 1.501, 1.501, 1.501, 1.501, 1.502, 1.502, 1.503, 1.504, 1.505, 1.505, 1.505, 1.504, 1.504, 1.503, 1.502, 1.501, 1.5, 1.499, 1.496, 1.495, 1.494, 1.494, 1.494, 1.494, 1.494, 1.494, 1.493, 1.493, 1.493, 1.492, 1.491, 1.491, 1.49, 1.49, 1.489, 1.488, 1.488, 1.488, 1.488, 1.488, 1.488, 1.489, 1.489, 1.49, 1.49, 1.491, 1.492, 1.492, 1.492, 1.492, 1.492, 1.491, 1.49, 1.49, 1.489, 1.488, 1.487, 1.486, 1.485, 1.484, 1.483, 1.483, 1.482, 1.482, 1.483, 1.483, 1.483, 1.484, 1.484, 1.484, 1.483, 1.482, 1.48, 1.479, 1.477, 1.476, 1.474, 1.473, 1.473, 1.472, 1.472, 1.473, 1.474, 1.474, 1.474, 1.475, 1.475, 1.475, 1.475, 1.474, 1.473, 1.473, 1.472, 1.471, 1.471, 1.47, 1.468, 1.468, 1.468, 1.47, 1.47, 1.47, 1.471, 1.471, 1.472, 1.472, 1.472, 1.472, 1.472, 1.472, 1.472, 1.472, 1.472, 1.472, 1.471, 1.47, 1.469, 1.468, 1.468, 1.466, 1.466, 1.464, 1.464, 1.464, 1.464, 1.464, 1.464, 1.464, 1.464, 1.464, 1.464, 1.464, 1.464, 1.466, 1.466, 1.466, 1.466, 1.466, 1.466, 1.468, 1.468, 1.468, 1.468, 1.468, 1.468, 1.468, 1.466, 1.466, 1.466, 1.466, 1.466, 1.464, 1.464, 1.462, 1.462, 1.46, 1.46, 1.46, 1.46, 1.46, 1.46, 1.46, 1.46, 1.462, 1.462, 1.464, 1.464, 1.464, 1.466, 1.466, 1.466, 1.464, 1.464, 1.462, 1.462, 1.462, 1.462, 1.462, 1.464, 1.464, 1.466, 1.466, 1.468, 1.468, 1.468, 1.468, 1.466, 1.466, 1.464, 1.462, 1.46, 1.458, 1.458, 1.456, 1.454, 1.454, 1.454, 1.454, 1.456, 1.458, 1.458, 1.46, 1.462, 1.462, 1.46, 1.458, 1.456, 1.454, 1.452, 1.45, 1.448, 1.446, 1.446, 1.446, 1.444, 1.444, 1.446, 0, 
1.531, 1.531, 1.528, 1.528, 1.527, 1.526, 1.525, 1.524, 1.524, 1.523, 1.522, 1.521, 1.52, 1.52, 1.519, 1.518, 1.517, 1.516, 1.516, 1.516, 1.516, 1.516, 1.517, 1.518, 1.52, 1.521, 1.524, 1.525, 1.526, 1.527, 1.527, 1.526, 1.526, 1.525, 1.524, 1.524, 1.523, 1.522, 1.521, 1.521, 1.52, 1.52, 1.52, 1.521, 1.522, 1.523, 1.524, 1.524, 1.524, 1.524, 1.52, 1.52, 1.516, 1.516, 1.513, 1.512, 1.512, 1.513, 1.516, 1.517, 1.52, 1.522, 1.523, 1.524, 1.524, 1.524, 1.523, 1.522, 1.52, 1.519, 1.517, 1.516, 1.516, 1.516, 1.516, 1.517, 1.518, 1.519, 1.52, 1.524, 1.524, 1.525, 1.526, 1.527, 1.526, 1.525, 1.524, 1.523, 1.522, 1.52, 1.518, 1.517, 1.516, 1.512, 1.512, 1.511, 1.511, 1.511, 1.511, 1.511, 1.511, 1.516, 1.517, 1.518, 1.519, 1.52, 1.52, 1.52, 1.52, 1.52, 1.519, 1.518, 1.518, 1.517, 1.517, 1.516, 1.513, 1.513, 1.512, 1.511, 1.511, 1.51, 1.509, 1.509, 1.51, 1.511, 1.511, 1.511, 1.512, 1.516, 1.517, 1.517, 1.518, 1.518, 1.518, 1.517, 1.517, 1.516, 1.513, 1.512, 1.512, 1.511, 1.511, 1.511, 1.511, 1.511, 1.511, 1.511, 1.511, 1.511, 1.511, 1.511, 1.511, 1.511, 1.511, 1.511, 1.511, 1.511, 1.511, 1.511, 1.511, 1.511, 1.511, 1.511, 1.511, 1.511, 1.51, 1.509, 1.508, 1.507, 1.507, 1.506, 1.506, 1.506, 1.506, 1.507, 1.507, 1.508, 1.509, 1.51, 1.511, 1.511, 1.511, 1.511, 1.511, 1.511, 1.511, 1.51, 1.509, 1.509, 1.509, 1.509, 1.509, 1.509, 1.51, 1.511, 1.511, 1.511, 1.512, 1.513, 1.513, 1.513, 1.513, 1.513, 1.513, 1.513, 1.513, 1.513, 1.513, 1.516, 1.516, 1.516, 1.516, 1.512, 1.511, 1.509, 1.508, 1.507, 1.505, 1.504, 1.503, 1.503, 1.503, 1.503, 1.504, 1.504, 1.505, 1.505, 1.506, 1.506, 1.507, 1.507, 1.507, 1.506, 1.505, 1.504, 1.503, 1.503, 1.502, 1.502, 1.501, 1.501, 1.501, 1.502, 1.503, 1.504, 1.504, 1.504, 1.504, 1.504, 1.503, 1.503, 1.503, 1.502, 1.501, 1.501, 1.501, 1.501, 1.501, 1.501, 1.501, 1.501, 1.501, 1.501, 1.501, 1.501, 1.501, 1.502, 1.503, 1.504, 1.505, 1.505, 1.505, 1.505, 1.504, 1.503, 1.502, 1.501, 1.5, 1.5, 1.499, 1.496, 1.495, 1.495, 1.495, 1.495, 1.495, 1.495, 1.494, 1.494, 1.494, 1.493, 1.492, 1.492, 1.491, 1.49, 1.489, 1.489, 1.488, 1.488, 1.488, 1.488, 1.488, 1.489, 1.49, 1.49, 1.491, 1.491, 1.492, 1.492, 1.492, 1.492, 1.492, 1.492, 1.491, 1.49, 1.49, 1.489, 1.488, 1.487, 1.486, 1.485, 1.484, 1.484, 1.484, 1.484, 1.484, 1.484, 1.484, 1.484, 1.484, 1.484, 1.483, 1.481, 1.48, 1.478, 1.477, 1.475, 1.474, 1.473, 1.472, 1.472, 1.472, 1.473, 1.474, 1.474, 1.475, 1.475, 1.476, 1.476, 1.476, 1.475, 1.474, 1.474, 1.473, 1.472, 1.471, 1.471, 1.47, 1.47, 1.47, 1.47, 1.47, 1.47, 1.471, 1.472, 1.472, 1.472, 1.472, 1.472, 1.472, 1.472, 1.472, 1.472, 1.472, 1.472, 1.471, 1.47, 1.47, 1.468, 1.468, 1.466, 1.466, 1.464, 1.464, 1.464, 1.464, 1.464, 1.464, 1.464, 1.464, 1.464, 1.464, 1.464, 1.466, 1.466, 1.466, 1.466, 1.466, 1.468, 1.468, 1.468, 1.468, 1.466, 1.466, 1.466, 1.466, 1.466, 1.466, 1.466, 1.466, 1.464, 1.464, 1.462, 1.462, 1.462, 1.46, 1.46, 1.46, 1.46, 1.458, 1.458, 1.458, 1.46, 1.46, 1.462, 1.462, 1.462, 1.464, 1.464, 1.464, 1.466, 1.464, 1.464, 1.464, 1.462, 1.462, 1.462, 1.464, 1.464, 1.464, 1.466, 1.466, 1.468, 1.469, 1.469, 1.468, 1.468, 1.466, 1.466, 1.464, 1.462, 1.46, 1.458, 1.458, 1.454, 1.454, 1.454, 1.454, 1.454, 1.456, 1.458, 1.458, 1.46, 1.462, 1.462, 1.462, 1.458, 1.456, 1.454, 1.452, 1.45, 1.446, 1.446, 1.446, 1.446, 1.446, 1.446, 1.446, 0, 
1.531, 1.531, 1.528, 1.528, 1.527, 1.526, 1.525, 1.524, 1.524, 1.523, 1.522, 1.521, 1.52, 1.519, 1.518, 1.517, 1.516, 1.516, 1.513, 1.513, 1.513, 1.516, 1.517, 1.518, 1.519, 1.52, 1.524, 1.525, 1.526, 1.527, 1.526, 1.526, 1.526, 1.525, 1.524, 1.524, 1.523, 1.522, 1.521, 1.52, 1.52, 1.52, 1.52, 1.521, 1.522, 1.523, 1.524, 1.524, 1.523, 1.523, 1.52, 1.519, 1.516, 1.516, 1.512, 1.512, 1.512, 1.512, 1.516, 1.516, 1.52, 1.521, 1.522, 1.523, 1.523, 1.523, 1.523, 1.52, 1.52, 1.518, 1.517, 1.516, 1.516, 1.516, 1.516, 1.516, 1.517, 1.52, 1.52, 1.523, 1.524, 1.525, 1.525, 1.526, 1.525, 1.525, 1.524, 1.523, 1.521, 1.52, 1.518, 1.517, 1.516, 1.512, 1.512, 1.511, 1.511, 1.511, 1.511, 1.512, 1.512, 1.517, 1.518, 1.52, 1.521, 1.521, 1.522, 1.521, 1.521, 1.52, 1.519, 1.518, 1.518, 1.517, 1.517, 1.516, 1.513, 1.513, 1.512, 1.511, 1.511, 1.51, 1.509, 1.509, 1.51, 1.511, 1.511, 1.511, 1.512, 1.516, 1.517, 1.518, 1.518, 1.519, 1.518, 1.518, 1.517, 1.516, 1.516, 1.513, 1.512, 1.512, 1.511, 1.511, 1.511, 1.511, 1.511, 1.511, 1.511, 1.511, 1.511, 1.511, 1.511, 1.511, 1.511, 1.511, 1.511, 1.511, 1.511, 1.511, 1.511, 1.511, 1.511, 1.511, 1.511, 1.511, 1.511, 1.51, 1.509, 1.508, 1.507, 1.507, 1.507, 1.507, 1.507, 1.507, 1.508, 1.509, 1.509, 1.51, 1.511, 1.511, 1.511, 1.511, 1.511, 1.511, 1.511, 1.51, 1.509, 1.509, 1.509, 1.509, 1.509, 1.509, 1.51, 1.511, 1.511, 1.511, 1.512, 1.513, 1.513, 1.513, 1.513, 1.513, 1.513, 1.513, 1.513, 1.513, 1.516, 1.516, 1.516, 1.516, 1.513, 1.512, 1.511, 1.509, 1.508, 1.507, 1.505, 1.504, 1.503, 1.503, 1.503, 1.503, 1.504, 1.505, 1.505, 1.505, 1.506, 1.506, 1.507, 1.507, 1.506, 1.506, 1.505, 1.504, 1.503, 1.503, 1.502, 1.501, 1.501, 1.501, 1.501, 1.502, 1.503, 1.503, 1.503, 1.503, 1.503, 1.503, 1.503, 1.503, 1.502, 1.502, 1.501, 1.501, 1.501, 1.501, 1.501, 1.501, 1.501, 1.501, 1.501, 1.501, 1.501, 1.501, 1.501, 1.502, 1.503, 1.503, 1.504, 1.505, 1.505, 1.505, 1.504, 1.503, 1.503, 1.502, 1.501, 1.501, 1.5, 1.5, 1.499, 1.499, 1.499, 1.499, 1.499, 1.499, 1.495, 1.495, 1.495, 1.494, 1.493, 1.492, 1.492, 1.491, 1.49, 1.489, 1.488, 1.488, 1.488, 1.488, 1.488, 1.489, 1.49, 1.49, 1.491, 1.492, 1.492, 1.492, 1.492, 1.492, 1.492, 1.492, 1.491, 1.491, 1.49, 1.489, 1.488, 1.488, 1.487, 1.486, 1.485, 1.485, 1.484, 1.484, 1.484, 1.484, 1.484, 1.484, 1.484, 1.483, 1.482, 1.481, 1.479, 1.478, 1.476, 1.475, 1.473, 1.472, 1.472, 1.472, 1.472, 1.473, 1.474, 1.474, 1.475, 1.476, 1.476, 1.476, 1.476, 1.476, 1.475, 1.474, 1.474, 1.473, 1.472, 1.471, 1.471, 1.47, 1.47, 1.47, 1.47, 1.47, 1.471, 1.472, 1.472, 1.472, 1.472, 1.472, 1.472, 1.472, 1.472, 1.472, 1.472, 1.472, 1.471, 1.471, 1.47, 1.468, 1.468, 1.466, 1.466, 1.464, 1.464, 1.464, 1.464, 1.464, 1.464, 1.464, 1.464, 1.464, 1.464, 1.466, 1.466, 1.466, 1.466, 1.466, 1.466, 1.468, 1.468, 1.468, 1.466, 1.466, 1.466, 1.466, 1.466, 1.466, 1.466, 1.464, 1.464, 1.462, 1.462, 1.462, 1.46, 1.458, 1.458, 1.458, 1.458, 1.458, 1.458, 1.458, 1.458, 1.458, 1.46, 1.46, 1.462, 1.462, 1.462, 1.462, 1.464, 1.464, 1.464, 1.464, 1.464, 1.462, 1.462, 1.462, 1.464, 1.464, 1.466, 1.466, 1.468, 1.469, 1.469, 1.47, 1.469, 1.469, 1.466, 1.466, 1.464, 1.462, 1.46, 1.458, 1.458, 1.454, 1.454, 1.454, 1.454, 1.454, 1.456, 1.458, 1.458, 1.46, 1.462, 1.462, 1.462, 1.458, 1.456, 1.454, 1.452, 1.45, 1.446, 1.446, 1.446, 1.446, 1.444, 1.444, 1.446, 0, 
1.531, 1.531, 1.528, 1.528, 1.527, 1.526, 1.525, 1.524, 1.524, 1.522, 1.521, 1.52, 1.519, 1.518, 1.517, 1.516, 1.513, 1.513, 1.513, 1.513, 1.513, 1.513, 1.513, 1.517, 1.518, 1.519, 1.523, 1.524, 1.525, 1.526, 1.526, 1.526, 1.525, 1.525, 1.524, 1.524, 1.522, 1.522, 1.521, 1.52, 1.52, 1.52, 1.52, 1.521, 1.522, 1.523, 1.523, 1.523, 1.523, 1.522, 1.521, 1.517, 1.516, 1.516, 1.512, 1.512, 1.512, 1.512, 1.516, 1.516, 1.519, 1.52, 1.521, 1.522, 1.522, 1.522, 1.522, 1.521, 1.52, 1.517, 1.516, 1.516, 1.513, 1.513, 1.516, 1.516, 1.516, 1.52, 1.52, 1.522, 1.523, 1.524, 1.524, 1.524, 1.524, 1.524, 1.523, 1.522, 1.521, 1.52, 1.518, 1.517, 1.516, 1.512, 1.512, 1.511, 1.511, 1.511, 1.512, 1.512, 1.517, 1.518, 1.52, 1.521, 1.522, 1.523, 1.523, 1.522, 1.521, 1.52, 1.519, 1.518, 1.518, 1.517, 1.516, 1.516, 1.516, 1.513, 1.512, 1.512, 1.511, 1.51, 1.51, 1.51, 1.51, 1.511, 1.511, 1.511, 1.516, 1.516, 1.517, 1.518, 1.519, 1.519, 1.519, 1.518, 1.518, 1.517, 1.516, 1.516, 1.513, 1.512, 1.512, 1.512, 1.511, 1.511, 1.511, 1.511, 1.511, 1.511, 1.511, 1.511, 1.511, 1.511, 1.511, 1.511, 1.511, 1.511, 1.511, 1.511, 1.511, 1.511, 1.511, 1.511, 1.511, 1.511, 1.51, 1.51, 1.509, 1.508, 1.507, 1.507, 1.507, 1.507, 1.507, 1.507, 1.508, 1.509, 1.509, 1.51, 1.511, 1.511, 1.511, 1.511, 1.511, 1.511, 1.511, 1.51, 1.509, 1.509, 1.509, 1.509, 1.509, 1.509, 1.51, 1.51, 1.511, 1.511, 1.512, 1.513, 1.516, 1.516, 1.516, 1.516, 1.516, 1.516, 1.516, 1.516, 1.516, 1.516, 1.516, 1.516, 1.513, 1.512, 1.511, 1.509, 1.508, 1.507, 1.505, 1.504, 1.504, 1.503, 1.503, 1.503, 1.504, 1.505, 1.505, 1.505, 1.506, 1.506, 1.507, 1.506, 1.506, 1.505, 1.504, 1.503, 1.503, 1.502, 1.501, 1.501, 1.501, 1.501, 1.501, 1.501, 1.502, 1.503, 1.503, 1.503, 1.503, 1.503, 1.503, 1.503, 1.502, 1.502, 1.501, 1.501, 1.501, 1.501, 1.501, 1.501, 1.501, 1.501, 1.5, 1.5, 1.501, 1.501, 1.501, 1.502, 1.503, 1.503, 1.504, 1.505, 1.505, 1.505, 1.504, 1.503, 1.503, 1.502, 1.502, 1.501, 1.501, 1.5, 1.5, 1.5, 1.5, 1.5, 1.5, 1.5, 1.5, 1.5, 1.495, 1.495, 1.494, 1.493, 1.492, 1.491, 1.49, 1.489, 1.489, 1.488, 1.488, 1.488, 1.488, 1.489, 1.49, 1.49, 1.491, 1.492, 1.492, 1.492, 1.492, 1.492, 1.492, 1.492, 1.492, 1.491, 1.491, 1.49, 1.489, 1.488, 1.488, 1.487, 1.486, 1.485, 1.485, 1.484, 1.484, 1.484, 1.484, 1.484, 1.483, 1.483, 1.481, 1.48, 1.478, 1.477, 1.475, 1.474, 1.473, 1.472, 1.472, 1.472, 1.472, 1.472, 1.473, 1.474, 1.475, 1.476, 1.476, 1.476, 1.477, 1.476, 1.476, 1.475, 1.474, 1.473, 1.473, 1.472, 1.471, 1.471, 1.471, 1.471, 1.471, 1.471, 1.471, 1.472, 1.472, 1.472, 1.472, 1.472, 1.472, 1.472, 1.472, 1.472, 1.472, 1.472, 1.472, 1.471, 1.47, 1.468, 1.468, 1.468, 1.466, 1.464, 1.464, 1.464, 1.464, 1.464, 1.464, 1.464, 1.464, 1.464, 1.464, 1.466, 1.466, 1.466, 1.466, 1.468, 1.468, 1.468, 1.468, 1.466, 1.466, 1.466, 1.466, 1.466, 1.466, 1.466, 1.466, 1.464, 1.462, 1.462, 1.462, 1.46, 1.458, 1.458, 1.458, 1.458, 1.458, 1.458, 1.458, 1.458, 1.458, 1.458, 1.458, 1.46, 1.46, 1.462, 1.462, 1.462, 1.462, 1.464, 1.462, 1.462, 1.462, 1.462, 1.462, 1.462, 1.464, 1.466, 1.466, 1.466, 1.469, 1.469, 1.47, 1.47, 1.469, 1.469, 1.466, 1.466, 1.464, 1.462, 1.46, 1.458, 1.458, 1.456, 1.454, 1.454, 1.454, 1.454, 1.456, 1.458, 1.458, 1.46, 1.462, 1.462, 1.462, 1.458, 1.456, 1.454, 1.452, 1.45, 1.448, 1.446, 1.446, 1.444, 1.444, 1.444, 1.444, 0, 
1.531, 1.531, 1.528, 1.528, 1.527, 1.526, 1.526, 1.524, 1.524, 1.522, 1.521, 1.52, 1.518, 1.517, 1.516, 1.516, 1.513, 1.512, 1.512, 1.512, 1.512, 1.513, 1.513, 1.517, 1.518, 1.519, 1.523, 1.524, 1.525, 1.526, 1.526, 1.526, 1.525, 1.524, 1.524, 1.523, 1.522, 1.522, 1.521, 1.52, 1.52, 1.52, 1.52, 1.52, 1.521, 1.522, 1.523, 1.523, 1.522, 1.521, 1.52, 1.516, 1.516, 1.512, 1.512, 1.511, 1.511, 1.512, 1.512, 1.517, 1.518, 1.519, 1.52, 1.521, 1.521, 1.521, 1.521, 1.52, 1.52, 1.516, 1.516, 1.516, 1.513, 1.513, 1.513, 1.516, 1.516, 1.519, 1.52, 1.522, 1.523, 1.524, 1.524, 1.524, 1.524, 1.524, 1.523, 1.522, 1.521, 1.52, 1.518, 1.517, 1.516, 1.513, 1.512, 1.511, 1.511, 1.511, 1.512, 1.516, 1.516, 1.52, 1.521, 1.522, 1.523, 1.523, 1.523, 1.523, 1.522, 1.52, 1.52, 1.518, 1.518, 1.517, 1.516, 1.516, 1.516, 1.513, 1.513, 1.512, 1.511, 1.511, 1.511, 1.511, 1.511, 1.511, 1.511, 1.511, 1.516, 1.517, 1.518, 1.519, 1.52, 1.52, 1.519, 1.519, 1.518, 1.518, 1.517, 1.516, 1.516, 1.516, 1.513, 1.512, 1.512, 1.511, 1.511, 1.511, 1.511, 1.511, 1.511, 1.511, 1.511, 1.511, 1.511, 1.511, 1.51, 1.51, 1.51, 1.51, 1.51, 1.51, 1.51, 1.51, 1.51, 1.51, 1.51, 1.509, 1.509, 1.508, 1.507, 1.507, 1.507, 1.507, 1.507, 1.507, 1.508, 1.509, 1.51, 1.511, 1.511, 1.511, 1.511, 1.511, 1.511, 1.511, 1.511, 1.51, 1.509, 1.509, 1.508, 1.508, 1.508, 1.508, 1.509, 1.51, 1.511, 1.511, 1.512, 1.513, 1.516, 1.516, 1.516, 1.516, 1.516, 1.516, 1.516, 1.516, 1.516, 1.516, 1.516, 1.513, 1.512, 1.511, 1.51, 1.509, 1.508, 1.507, 1.505, 1.505, 1.504, 1.503, 1.504, 1.504, 1.504, 1.505, 1.505, 1.505, 1.506, 1.506, 1.506, 1.506, 1.505, 1.505, 1.504, 1.503, 1.502, 1.501, 1.501, 1.501, 1.501, 1.501, 1.501, 1.501, 1.502, 1.502, 1.503, 1.503, 1.503, 1.503, 1.503, 1.503, 1.503, 1.502, 1.501, 1.501, 1.501, 1.501, 1.501, 1.501, 1.501, 1.501, 1.5, 1.5, 1.501, 1.501, 1.501, 1.502, 1.503, 1.503, 1.504, 1.504, 1.505, 1.505, 1.504, 1.504, 1.503, 1.503, 1.503, 1.502, 1.502, 1.501, 1.501, 1.501, 1.501, 1.501, 1.501, 1.501, 1.501, 1.5, 1.5, 1.499, 1.495, 1.494, 1.493, 1.492, 1.491, 1.49, 1.489, 1.488, 1.488, 1.488, 1.488, 1.489, 1.49, 1.49, 1.491, 1.492, 1.492, 1.492, 1.492, 1.492, 1.492, 1.492, 1.492, 1.492, 1.491, 1.491, 1.49, 1.489, 1.489, 1.488, 1.487, 1.486, 1.485, 1.484, 1.484, 1.484, 1.484, 1.483, 1.482, 1.482, 1.48, 1.479, 1.477, 1.476, 1.474, 1.473, 1.472, 1.471, 1.471, 1.471, 1.472, 1.472, 1.473, 1.474, 1.475, 1.476, 1.476, 1.477, 1.477, 1.477, 1.476, 1.476, 1.475, 1.474, 1.473, 1.472, 1.472, 1.472, 1.472, 1.471, 1.472, 1.472, 1.472, 1.472, 1.472, 1.472, 1.472, 1.472, 1.472, 1.472, 1.472, 1.472, 1.472, 1.472, 1.472, 1.471, 1.47, 1.468, 1.468, 1.468, 1.466, 1.466, 1.464, 1.464, 1.464, 1.464, 1.464, 1.464, 1.464, 1.464, 1.464, 1.466, 1.466, 1.466, 1.468, 1.468, 1.468, 1.468, 1.466, 1.466, 1.466, 1.466, 1.466, 1.466, 1.466, 1.466, 1.464, 1.462, 1.462, 1.462, 1.46, 1.458, 1.458, 1.456, 1.456, 1.456, 1.456, 1.458, 1.458, 1.458, 1.458, 1.458, 1.458, 1.46, 1.46, 1.46, 1.462, 1.462, 1.462, 1.462, 1.462, 1.462, 1.462, 1.462, 1.462, 1.462, 1.464, 1.466, 1.466, 1.469, 1.469, 1.47, 1.47, 1.47, 1.47, 1.469, 1.466, 1.466, 1.464, 1.462, 1.462, 1.458, 1.458, 1.456, 1.456, 1.454, 1.454, 1.456, 1.456, 1.458, 1.458, 1.46, 1.462, 1.462, 1.46, 1.458, 1.456, 1.454, 1.452, 1.45, 1.448, 1.446, 1.446, 1.444, 1.444, 1.444, 1.444, 0, 
1.531, 1.531, 1.528, 1.528, 1.528, 1.527, 1.526, 1.524, 1.523, 1.522, 1.521, 1.52, 1.518, 1.517, 1.516, 1.516, 1.512, 1.512, 1.511, 1.511, 1.512, 1.513, 1.513, 1.516, 1.519, 1.52, 1.524, 1.524, 1.525, 1.526, 1.526, 1.526, 1.525, 1.524, 1.524, 1.523, 1.522, 1.522, 1.521, 1.52, 1.52, 1.52, 1.52, 1.52, 1.521, 1.521, 1.522, 1.522, 1.521, 1.52, 1.519, 1.516, 1.516, 1.512, 1.512, 1.511, 1.511, 1.512, 1.512, 1.517, 1.518, 1.519, 1.52, 1.521, 1.521, 1.52, 1.52, 1.519, 1.519, 1.516, 1.516, 1.516, 1.513, 1.513, 1.513, 1.516, 1.517, 1.518, 1.52, 1.521, 1.522, 1.523, 1.523, 1.524, 1.523, 1.523, 1.522, 1.521, 1.52, 1.519, 1.518, 1.517, 1.516, 1.513, 1.512, 1.512, 1.512, 1.512, 1.512, 1.516, 1.516, 1.52, 1.522, 1.523, 1.524, 1.524, 1.524, 1.523, 1.522, 1.52, 1.52, 1.518, 1.518, 1.517, 1.516, 1.516, 1.516, 1.513, 1.513, 1.512, 1.511, 1.511, 1.511, 1.511, 1.511, 1.511, 1.511, 1.512, 1.516, 1.517, 1.518, 1.519, 1.52, 1.52, 1.52, 1.52, 1.519, 1.518, 1.517, 1.517, 1.516, 1.516, 1.516, 1.513, 1.512, 1.512, 1.511, 1.511, 1.511, 1.511, 1.511, 1.511, 1.511, 1.511, 1.511, 1.51, 1.51, 1.509, 1.509, 1.509, 1.509, 1.509, 1.509, 1.509, 1.509, 1.509, 1.509, 1.509, 1.509, 1.508, 1.507, 1.507, 1.507, 1.507, 1.507, 1.507, 1.508, 1.509, 1.51, 1.511, 1.511, 1.511, 1.511, 1.512, 1.511, 1.511, 1.511, 1.51, 1.509, 1.509, 1.508, 1.507, 1.507, 1.508, 1.509, 1.509, 1.51, 1.511, 1.512, 1.512, 1.513, 1.516, 1.516, 1.516, 1.516, 1.516, 1.516, 1.516, 1.513, 1.513, 1.513, 1.512, 1.512, 1.511, 1.509, 1.509, 1.507, 1.507, 1.505, 1.505, 1.504, 1.504, 1.504, 1.505, 1.505, 1.505, 1.505, 1.506, 1.506, 1.506, 1.506, 1.505, 1.505, 1.504, 1.503, 1.502, 1.501, 1.501, 1.5, 1.5, 1.5, 1.5, 1.5, 1.501, 1.501, 1.502, 1.503, 1.503, 1.503, 1.503, 1.503, 1.503, 1.503, 1.502, 1.502, 1.501, 1.501, 1.501, 1.501, 1.501, 1.501, 1.501, 1.501, 1.501, 1.501, 1.501, 1.501, 1.502, 1.503, 1.503, 1.503, 1.504, 1.504, 1.504, 1.504, 1.504, 1.503, 1.503, 1.503, 1.503, 1.503, 1.502, 1.502, 1.502, 1.502, 1.502, 1.502, 1.502, 1.502, 1.501, 1.5, 1.5, 1.496, 1.495, 1.494, 1.492, 1.491, 1.49, 1.489, 1.489, 1.488, 1.488, 1.489, 1.489, 1.49, 1.49, 1.491, 1.492, 1.492, 1.491, 1.491, 1.491, 1.492, 1.492, 1.492, 1.492, 1.492, 1.492, 1.491, 1.49, 1.49, 1.489, 1.488, 1.487, 1.486, 1.485, 1.484, 1.484, 1.483, 1.482, 1.481, 1.48, 1.479, 1.478, 1.476, 1.475, 1.474, 1.472, 1.471, 1.47, 1.47, 1.471, 1.471, 1.472, 1.472, 1.474, 1.475, 1.476, 1.476, 1.477, 1.477, 1.477, 1.477, 1.476, 1.475, 1.474, 1.474, 1.473, 1.472, 1.472, 1.472, 1.472, 1.472, 1.472, 1.472, 1.472, 1.472, 1.472, 1.472, 1.472, 1.471, 1.471, 1.471, 1.472, 1.472, 1.472, 1.472, 1.471, 1.471, 1.47, 1.468, 1.468, 1.466, 1.466, 1.466, 1.464, 1.464, 1.464, 1.464, 1.464, 1.464, 1.464, 1.464, 1.466, 1.466, 1.468, 1.468, 1.468, 1.468, 1.468, 1.466, 1.466, 1.466, 1.466, 1.466, 1.466, 1.466, 1.466, 1.464, 1.462, 1.462, 1.46, 1.458, 1.458, 1.456, 1.454, 1.454, 1.454, 1.454, 1.456, 1.456, 1.456, 1.456, 1.458, 1.458, 1.458, 1.46, 1.46, 1.462, 1.462, 1.462, 1.462, 1.462, 1.462, 1.462, 1.462, 1.462, 1.462, 1.464, 1.466, 1.466, 1.469, 1.469, 1.47, 1.47, 1.47, 1.47, 1.469, 1.469, 1.466, 1.466, 1.462, 1.462, 1.46, 1.458, 1.458, 1.456, 1.456, 1.456, 1.456, 1.458, 1.458, 1.458, 1.46, 1.462, 1.462, 1.46, 1.458, 1.456, 1.454, 1.452, 1.45, 1.448, 1.448, 1.446, 1.446, 1.446, 1.446, 1.446, 0, 
1.532, 1.532, 1.531, 1.528, 1.528, 1.527, 1.526, 1.524, 1.524, 1.522, 1.521, 1.52, 1.518, 1.517, 1.516, 1.516, 1.512, 1.512, 1.511, 1.511, 1.512, 1.513, 1.516, 1.516, 1.52, 1.52, 1.524, 1.524, 1.525, 1.526, 1.526, 1.525, 1.525, 1.524, 1.524, 1.523, 1.522, 1.521, 1.52, 1.52, 1.52, 1.52, 1.52, 1.52, 1.52, 1.52, 1.521, 1.52, 1.52, 1.519, 1.518, 1.517, 1.516, 1.512, 1.511, 1.511, 1.511, 1.512, 1.512, 1.516, 1.517, 1.518, 1.519, 1.52, 1.52, 1.52, 1.519, 1.518, 1.518, 1.516, 1.516, 1.516, 1.513, 1.513, 1.513, 1.516, 1.517, 1.518, 1.519, 1.52, 1.521, 1.522, 1.522, 1.523, 1.522, 1.522, 1.521, 1.521, 1.52, 1.519, 1.518, 1.517, 1.516, 1.516, 1.513, 1.513, 1.512, 1.512, 1.516, 1.516, 1.517, 1.521, 1.522, 1.523, 1.524, 1.524, 1.524, 1.523, 1.522, 1.52, 1.52, 1.518, 1.518, 1.517, 1.516, 1.516, 1.516, 1.513, 1.513, 1.513, 1.512, 1.511, 1.511, 1.511, 1.511, 1.511, 1.511, 1.512, 1.516, 1.517, 1.518, 1.519, 1.52, 1.52, 1.52, 1.52, 1.519, 1.519, 1.518, 1.517, 1.516, 1.516, 1.516, 1.516, 1.513, 1.512, 1.511, 1.511, 1.511, 1.511, 1.511, 1.511, 1.511, 1.51, 1.51, 1.51, 1.509, 1.509, 1.509, 1.509, 1.509, 1.509, 1.509, 1.509, 1.509, 1.509, 1.509, 1.509, 1.509, 1.508, 1.507, 1.507, 1.507, 1.507, 1.507, 1.508, 1.508, 1.509, 1.51, 1.511, 1.511, 1.511, 1.511, 1.512, 1.511, 1.511, 1.511, 1.511, 1.51, 1.509, 1.508, 1.507, 1.507, 1.508, 1.508, 1.509, 1.509, 1.51, 1.511, 1.512, 1.512, 1.513, 1.516, 1.516, 1.516, 1.516, 1.516, 1.516, 1.513, 1.513, 1.512, 1.512, 1.511, 1.51, 1.509, 1.508, 1.507, 1.507, 1.506, 1.505, 1.505, 1.505, 1.505, 1.505, 1.505, 1.505, 1.505, 1.506, 1.506, 1.506, 1.505, 1.505, 1.505, 1.504, 1.503, 1.502, 1.501, 1.5, 1.499, 1.499, 1.499, 1.499, 1.5, 1.5, 1.501, 1.501, 1.502, 1.503, 1.503, 1.503, 1.503, 1.503, 1.503, 1.503, 1.502, 1.502, 1.502, 1.501, 1.501, 1.501, 1.501, 1.501, 1.501, 1.501, 1.501, 1.501, 1.502, 1.502, 1.503, 1.503, 1.503, 1.503, 1.503, 1.504, 1.504, 1.504, 1.503, 1.503, 1.503, 1.503, 1.503, 1.503, 1.503, 1.503, 1.503, 1.503, 1.503, 1.503, 1.502, 1.502, 1.501, 1.5, 1.496, 1.495, 1.494, 1.493, 1.492, 1.49, 1.49, 1.489, 1.488, 1.488, 1.489, 1.49, 1.49, 1.49, 1.491, 1.491, 1.491, 1.491, 1.491, 1.491, 1.491, 1.491, 1.492, 1.492, 1.492, 1.492, 1.492, 1.491, 1.49, 1.489, 1.488, 1.487, 1.486, 1.485, 1.484, 1.483, 1.482, 1.481, 1.48, 1.479, 1.478, 1.477, 1.475, 1.474, 1.473, 1.472, 1.471, 1.47, 1.47, 1.47, 1.471, 1.471, 1.472, 1.473, 1.474, 1.475, 1.476, 1.476, 1.477, 1.477, 1.477, 1.476, 1.476, 1.475, 1.474, 1.473, 1.472, 1.472, 1.472, 1.472, 1.472, 1.472, 1.472, 1.472, 1.472, 1.471, 1.471, 1.471, 1.471, 1.471, 1.471, 1.471, 1.471, 1.471, 1.472, 1.471, 1.471, 1.47, 1.468, 1.468, 1.468, 1.466, 1.466, 1.466, 1.464, 1.464, 1.464, 1.464, 1.464, 1.464, 1.464, 1.466, 1.466, 1.468, 1.468, 1.468, 1.468, 1.466, 1.466, 1.466, 1.466, 1.466, 1.466, 1.466, 1.466, 1.464, 1.462, 1.462, 1.46, 1.458, 1.458, 1.456, 1.454, 1.454, 1.454, 1.454, 1.454, 1.454, 1.454, 1.454, 1.456, 1.458, 1.458, 1.458, 1.458, 1.46, 1.46, 1.46, 1.46, 1.462, 1.462, 1.462, 1.462, 1.462, 1.462, 1.462, 1.464, 1.466, 1.466, 1.468, 1.469, 1.47, 1.47, 1.47, 1.47, 1.469, 1.469, 1.466, 1.466, 1.464, 1.462, 1.46, 1.458, 1.458, 1.458, 1.458, 1.458, 1.458, 1.458, 1.458, 1.458, 1.46, 1.462, 1.462, 1.46, 1.458, 1.456, 1.454, 1.452, 1.45, 1.45, 1.45, 1.448, 1.448, 1.446, 1.446, 1.448, 0, 
1.533, 1.533, 1.532, 1.531, 1.528, 1.527, 1.526, 1.524, 1.523, 1.522, 1.52, 1.52, 1.518, 1.517, 1.516, 1.516, 1.512, 1.512, 1.511, 1.512, 1.512, 1.513, 1.516, 1.517, 1.52, 1.52, 1.524, 1.525, 1.525, 1.526, 1.526, 1.525, 1.525, 1.524, 1.524, 1.523, 1.522, 1.521, 1.52, 1.52, 1.52, 1.52, 1.52, 1.52, 1.52, 1.52, 1.52, 1.52, 1.52, 1.519, 1.518, 1.517, 1.513, 1.512, 1.511, 1.511, 1.511, 1.511, 1.512, 1.516, 1.517, 1.518, 1.518, 1.519, 1.519, 1.519, 1.519, 1.518, 1.517, 1.516, 1.516, 1.516, 1.513, 1.513, 1.513, 1.516, 1.516, 1.517, 1.518, 1.519, 1.52, 1.521, 1.521, 1.521, 1.521, 1.521, 1.521, 1.52, 1.52, 1.519, 1.518, 1.517, 1.516, 1.516, 1.516, 1.513, 1.513, 1.516, 1.516, 1.517, 1.518, 1.52, 1.521, 1.523, 1.524, 1.524, 1.524, 1.523, 1.522, 1.52, 1.519, 1.518, 1.517, 1.516, 1.516, 1.516, 1.516, 1.513, 1.513, 1.513, 1.512, 1.511, 1.511, 1.511, 1.511, 1.511, 1.511, 1.512, 1.516, 1.516, 1.517, 1.518, 1.519, 1.519, 1.519, 1.519, 1.519, 1.518, 1.518, 1.517, 1.517, 1.516, 1.516, 1.516, 1.513, 1.512, 1.511, 1.511, 1.511, 1.511, 1.511, 1.511, 1.51, 1.51, 1.509, 1.509, 1.509, 1.508, 1.508, 1.508, 1.508, 1.508, 1.508, 1.508, 1.508, 1.509, 1.509, 1.509, 1.509, 1.508, 1.508, 1.507, 1.507, 1.507, 1.508, 1.508, 1.509, 1.509, 1.51, 1.511, 1.511, 1.511, 1.511, 1.512, 1.511, 1.511, 1.511, 1.511, 1.51, 1.509, 1.508, 1.507, 1.507, 1.507, 1.507, 1.508, 1.509, 1.509, 1.51, 1.511, 1.512, 1.512, 1.513, 1.513, 1.516, 1.513, 1.513, 1.513, 1.513, 1.512, 1.512, 1.511, 1.511, 1.51, 1.509, 1.508, 1.507, 1.507, 1.506, 1.505, 1.505, 1.505, 1.505, 1.505, 1.505, 1.505, 1.505, 1.506, 1.506, 1.505, 1.505, 1.505, 1.504, 1.503, 1.502, 1.501, 1.5, 1.499, 1.499, 1.499, 1.499, 1.499, 1.499, 1.5, 1.5, 1.501, 1.502, 1.502, 1.503, 1.503, 1.503, 1.503, 1.503, 1.503, 1.503, 1.503, 1.503, 1.502, 1.502, 1.502, 1.501, 1.501, 1.501, 1.501, 1.501, 1.501, 1.502, 1.503, 1.503, 1.503, 1.503, 1.503, 1.503, 1.503, 1.503, 1.503, 1.503, 1.503, 1.503, 1.503, 1.503, 1.504, 1.504, 1.504, 1.504, 1.504, 1.504, 1.504, 1.503, 1.503, 1.502, 1.501, 1.5, 1.496, 1.495, 1.494, 1.492, 1.491, 1.49, 1.489, 1.489, 1.488, 1.489, 1.49, 1.49, 1.49, 1.49, 1.49, 1.49, 1.49, 1.49, 1.49, 1.49, 1.491, 1.491, 1.492, 1.492, 1.492, 1.493, 1.492, 1.491, 1.49, 1.489, 1.488, 1.486, 1.485, 1.484, 1.483, 1.482, 1.481, 1.48, 1.478, 1.477, 1.476, 1.475, 1.473, 1.472, 1.471, 1.47, 1.468, 1.468, 1.47, 1.47, 1.471, 1.472, 1.473, 1.474, 1.475, 1.475, 1.476, 1.477, 1.477, 1.477, 1.476, 1.476, 1.475, 1.474, 1.474, 1.473, 1.472, 1.472, 1.472, 1.472, 1.472, 1.472, 1.472, 1.472, 1.471, 1.47, 1.47, 1.47, 1.47, 1.47, 1.47, 1.47, 1.471, 1.472, 1.472, 1.471, 1.471, 1.47, 1.468, 1.468, 1.468, 1.466, 1.466, 1.466, 1.464, 1.464, 1.464, 1.464, 1.464, 1.466, 1.466, 1.468, 1.468, 1.468, 1.468, 1.468, 1.466, 1.466, 1.466, 1.466, 1.466, 1.466, 1.464, 1.464, 1.462, 1.462, 1.46, 1.458, 1.458, 1.456, 1.454, 1.454, 1.452, 1.452, 1.452, 1.454, 1.454, 1.454, 1.454, 1.456, 1.456, 1.458, 1.458, 1.458, 1.46, 1.46, 1.46, 1.46, 1.462, 1.462, 1.462, 1.462, 1.462, 1.462, 1.462, 1.464, 1.464, 1.466, 1.466, 1.469, 1.469, 1.47, 1.47, 1.47, 1.469, 1.469, 1.466, 1.466, 1.464, 1.462, 1.462, 1.46, 1.458, 1.458, 1.458, 1.458, 1.458, 1.458, 1.458, 1.46, 1.462, 1.462, 1.462, 1.46, 1.458, 1.458, 1.454, 1.454, 1.45, 1.45, 1.45, 1.45, 1.448, 1.448, 1.448, 1.448, 0, 
1.534, 1.533, 1.532, 1.532, 1.528, 1.528, 1.527, 1.524, 1.523, 1.522, 1.52, 1.52, 1.518, 1.517, 1.516, 1.516, 1.513, 1.512, 1.512, 1.512, 1.513, 1.513, 1.517, 1.518, 1.52, 1.521, 1.524, 1.525, 1.525, 1.526, 1.526, 1.525, 1.524, 1.524, 1.524, 1.523, 1.522, 1.521, 1.52, 1.52, 1.52, 1.52, 1.52, 1.52, 1.52, 1.52, 1.52, 1.52, 1.519, 1.518, 1.517, 1.516, 1.513, 1.512, 1.511, 1.511, 1.511, 1.512, 1.512, 1.516, 1.516, 1.517, 1.518, 1.518, 1.518, 1.518, 1.518, 1.517, 1.516, 1.516, 1.516, 1.513, 1.513, 1.513, 1.513, 1.516, 1.516, 1.517, 1.518, 1.518, 1.519, 1.52, 1.52, 1.52, 1.52, 1.52, 1.52, 1.52, 1.52, 1.519, 1.518, 1.517, 1.516, 1.516, 1.516, 1.516, 1.516, 1.516, 1.516, 1.517, 1.518, 1.52, 1.521, 1.522, 1.523, 1.523, 1.523, 1.522, 1.521, 1.52, 1.519, 1.518, 1.517, 1.516, 1.516, 1.516, 1.516, 1.513, 1.513, 1.513, 1.513, 1.512, 1.511, 1.511, 1.511, 1.511, 1.512, 1.512, 1.513, 1.516, 1.517, 1.518, 1.518, 1.518, 1.518, 1.518, 1.518, 1.518, 1.518, 1.518, 1.517, 1.516, 1.516, 1.516, 1.513, 1.512, 1.512, 1.511, 1.511, 1.511, 1.51, 1.51, 1.509, 1.509, 1.509, 1.509, 1.508, 1.508, 1.507, 1.507, 1.507, 1.507, 1.507, 1.507, 1.507, 1.508, 1.508, 1.508, 1.509, 1.509, 1.508, 1.508, 1.508, 1.508, 1.508, 1.509, 1.509, 1.509, 1.51, 1.511, 1.511, 1.511, 1.511, 1.512, 1.512, 1.511, 1.511, 1.511, 1.51, 1.509, 1.508, 1.507, 1.507, 1.507, 1.507, 1.507, 1.508, 1.509, 1.509, 1.51, 1.511, 1.512, 1.512, 1.513, 1.513, 1.513, 1.513, 1.513, 1.512, 1.512, 1.511, 1.511, 1.51, 1.509, 1.508, 1.507, 1.507, 1.507, 1.506, 1.505, 1.505, 1.505, 1.505, 1.505, 1.505, 1.505, 1.505, 1.506, 1.506, 1.505, 1.505, 1.505, 1.504, 1.503, 1.502, 1.501, 1.5, 1.499, 1.499, 1.496, 1.496, 1.499, 1.499, 1.499, 1.5, 1.501, 1.501, 1.501, 1.502, 1.503, 1.503, 1.503, 1.503, 1.503, 1.503, 1.503, 1.503, 1.503, 1.503, 1.502, 1.502, 1.502, 1.502, 1.502, 1.502, 1.502, 1.502, 1.503, 1.503, 1.503, 1.503, 1.503, 1.503, 1.503, 1.503, 1.503, 1.503, 1.503, 1.503, 1.503, 1.503, 1.504, 1.505, 1.505, 1.505, 1.505, 1.505, 1.505, 1.505, 1.504, 1.503, 1.502, 1.501, 1.5, 1.495, 1.494, 1.493, 1.491, 1.49, 1.49, 1.489, 1.489, 1.489, 1.49, 1.49, 1.49, 1.49, 1.49, 1.49, 1.49, 1.49, 1.49, 1.49, 1.49, 1.491, 1.492, 1.492, 1.493, 1.493, 1.493, 1.492, 1.491, 1.49, 1.488, 1.486, 1.485, 1.484, 1.482, 1.481, 1.48, 1.479, 1.478, 1.477, 1.476, 1.474, 1.473, 1.471, 1.471, 1.468, 1.468, 1.468, 1.47, 1.47, 1.47, 1.471, 1.472, 1.473, 1.474, 1.475, 1.476, 1.476, 1.476, 1.476, 1.476, 1.476, 1.475, 1.474, 1.474, 1.473, 1.473, 1.472, 1.472, 1.472, 1.472, 1.472, 1.472, 1.471, 1.471, 1.47, 1.468, 1.468, 1.468, 1.47, 1.47, 1.47, 1.471, 1.471, 1.472, 1.472, 1.471, 1.471, 1.47, 1.468, 1.468, 1.466, 1.466, 1.466, 1.466, 1.464, 1.464, 1.464, 1.466, 1.466, 1.466, 1.468, 1.468, 1.468, 1.468, 1.468, 1.466, 1.466, 1.466, 1.466, 1.466, 1.464, 1.464, 1.464, 1.462, 1.462, 1.458, 1.458, 1.456, 1.454, 1.454, 1.452, 1.452, 1.452, 1.452, 1.452, 1.454, 1.454, 1.454, 1.454, 1.456, 1.458, 1.458, 1.458, 1.458, 1.46, 1.46, 1.46, 1.462, 1.462, 1.462, 1.462, 1.462, 1.462, 1.462, 1.462, 1.464, 1.466, 1.466, 1.468, 1.469, 1.47, 1.47, 1.469, 1.469, 1.468, 1.466, 1.466, 1.464, 1.462, 1.462, 1.46, 1.46, 1.458, 1.458, 1.458, 1.46, 1.46, 1.46, 1.462, 1.462, 1.462, 1.462, 1.462, 1.458, 1.458, 1.456, 1.454, 1.452, 1.452, 1.452, 1.45, 1.45, 1.45, 1.45, 1.45, 0, 
1.535, 1.534, 1.533, 1.532, 1.531, 1.528, 1.528, 1.524, 1.523, 1.522, 1.52, 1.52, 1.518, 1.517, 1.516, 1.516, 1.513, 1.513, 1.513, 1.513, 1.513, 1.516, 1.516, 1.519, 1.52, 1.523, 1.524, 1.525, 1.526, 1.526, 1.526, 1.525, 1.524, 1.524, 1.524, 1.522, 1.522, 1.521, 1.52, 1.52, 1.52, 1.519, 1.519, 1.519, 1.519, 1.519, 1.519, 1.519, 1.519, 1.518, 1.517, 1.516, 1.513, 1.512, 1.512, 1.511, 1.511, 1.512, 1.512, 1.516, 1.516, 1.516, 1.517, 1.518, 1.518, 1.517, 1.517, 1.516, 1.516, 1.516, 1.516, 1.513, 1.513, 1.513, 1.513, 1.516, 1.516, 1.516, 1.517, 1.518, 1.518, 1.519, 1.519, 1.52, 1.52, 1.52, 1.52, 1.519, 1.519, 1.519, 1.518, 1.517, 1.516, 1.516, 1.516, 1.516, 1.516, 1.516, 1.516, 1.517, 1.518, 1.519, 1.52, 1.521, 1.522, 1.523, 1.523, 1.522, 1.521, 1.52, 1.518, 1.517, 1.517, 1.516, 1.516, 1.516, 1.516, 1.513, 1.513, 1.513, 1.513, 1.512, 1.512, 1.511, 1.511, 1.511, 1.512, 1.513, 1.513, 1.516, 1.516, 1.517, 1.518, 1.518, 1.518, 1.518, 1.518, 1.518, 1.518, 1.518, 1.517, 1.516, 1.516, 1.516, 1.516, 1.512, 1.511, 1.511, 1.511, 1.511, 1.51, 1.509, 1.509, 1.509, 1.509, 1.509, 1.508, 1.507, 1.507, 1.507, 1.507, 1.507, 1.507, 1.507, 1.507, 1.507, 1.507, 1.508, 1.509, 1.509, 1.509, 1.509, 1.509, 1.509, 1.509, 1.509, 1.509, 1.51, 1.51, 1.511, 1.511, 1.511, 1.511, 1.512, 1.512, 1.511, 1.511, 1.511, 1.51, 1.509, 1.508, 1.507, 1.507, 1.507, 1.507, 1.507, 1.507, 1.508, 1.508, 1.509, 1.51, 1.511, 1.511, 1.512, 1.513, 1.513, 1.513, 1.513, 1.512, 1.511, 1.511, 1.51, 1.51, 1.509, 1.508, 1.507, 1.507, 1.507, 1.506, 1.505, 1.505, 1.505, 1.505, 1.505, 1.505, 1.505, 1.506, 1.506, 1.505, 1.505, 1.505, 1.504, 1.504, 1.503, 1.501, 1.5, 1.499, 1.496, 1.496, 1.496, 1.496, 1.496, 1.496, 1.499, 1.5, 1.5, 1.501, 1.501, 1.502, 1.502, 1.503, 1.503, 1.503, 1.503, 1.503, 1.503, 1.503, 1.503, 1.503, 1.503, 1.503, 1.503, 1.503, 1.502, 1.503, 1.503, 1.503, 1.503, 1.503, 1.503, 1.503, 1.503, 1.503, 1.503, 1.503, 1.503, 1.503, 1.503, 1.503, 1.503, 1.503, 1.504, 1.505, 1.505, 1.505, 1.506, 1.506, 1.506, 1.506, 1.505, 1.504, 1.503, 1.502, 1.501, 1.5, 1.495, 1.493, 1.492, 1.491, 1.49, 1.49, 1.49, 1.49, 1.49, 1.49, 1.49, 1.49, 1.49, 1.49, 1.49, 1.49, 1.49, 1.49, 1.49, 1.491, 1.491, 1.492, 1.493, 1.493, 1.493, 1.492, 1.491, 1.49, 1.488, 1.487, 1.485, 1.484, 1.482, 1.481, 1.48, 1.478, 1.477, 1.476, 1.475, 1.474, 1.472, 1.471, 1.47, 1.469, 1.468, 1.468, 1.468, 1.468, 1.47, 1.471, 1.472, 1.473, 1.474, 1.474, 1.475, 1.476, 1.476, 1.476, 1.476, 1.475, 1.475, 1.474, 1.474, 1.474, 1.473, 1.472, 1.472, 1.472, 1.472, 1.472, 1.472, 1.471, 1.47, 1.468, 1.468, 1.468, 1.468, 1.468, 1.47, 1.47, 1.471, 1.471, 1.472, 1.472, 1.472, 1.471, 1.471, 1.47, 1.468, 1.468, 1.466, 1.466, 1.466, 1.466, 1.466, 1.466, 1.466, 1.466, 1.466, 1.468, 1.468, 1.468, 1.468, 1.468, 1.466, 1.466, 1.466, 1.466, 1.466, 1.464, 1.464, 1.462, 1.462, 1.46, 1.458, 1.458, 1.454, 1.454, 1.454, 1.452, 1.452, 1.452, 1.452, 1.452, 1.454, 1.454, 1.454, 1.454, 1.456, 1.458, 1.458, 1.458, 1.458, 1.46, 1.46, 1.46, 1.46, 1.46, 1.46, 1.462, 1.462, 1.462, 1.462, 1.462, 1.464, 1.466, 1.466, 1.468, 1.468, 1.469, 1.469, 1.469, 1.468, 1.468, 1.466, 1.466, 1.464, 1.464, 1.462, 1.462, 1.462, 1.462, 1.462, 1.462, 1.462, 1.462, 1.462, 1.462, 1.462, 1.462, 1.462, 1.462, 1.458, 1.458, 1.456, 1.454, 1.454, 1.454, 1.454, 1.454, 1.454, 1.452, 1.452, 1.454, 0, 
1.535, 1.535, 1.534, 1.533, 1.532, 1.528, 1.528, 1.524, 1.523, 1.522, 1.52, 1.52, 1.518, 1.517, 1.516, 1.516, 1.513, 1.513, 1.513, 1.513, 1.516, 1.516, 1.517, 1.52, 1.52, 1.524, 1.524, 1.525, 1.526, 1.526, 1.526, 1.526, 1.525, 1.524, 1.524, 1.522, 1.522, 1.521, 1.52, 1.52, 1.519, 1.519, 1.518, 1.518, 1.518, 1.518, 1.518, 1.518, 1.518, 1.518, 1.517, 1.516, 1.516, 1.512, 1.512, 1.512, 1.512, 1.512, 1.513, 1.516, 1.516, 1.516, 1.517, 1.517, 1.517, 1.517, 1.516, 1.516, 1.516, 1.516, 1.516, 1.513, 1.513, 1.513, 1.513, 1.516, 1.516, 1.516, 1.517, 1.517, 1.518, 1.518, 1.518, 1.518, 1.518, 1.519, 1.519, 1.519, 1.518, 1.518, 1.518, 1.517, 1.516, 1.516, 1.516, 1.516, 1.516, 1.516, 1.516, 1.517, 1.518, 1.519, 1.52, 1.521, 1.521, 1.522, 1.522, 1.521, 1.52, 1.519, 1.518, 1.517, 1.516, 1.516, 1.516, 1.516, 1.516, 1.516, 1.513, 1.513, 1.513, 1.513, 1.512, 1.511, 1.511, 1.512, 1.512, 1.513, 1.513, 1.516, 1.516, 1.517, 1.517, 1.518, 1.518, 1.518, 1.518, 1.518, 1.518, 1.517, 1.517, 1.516, 1.516, 1.516, 1.513, 1.512, 1.511, 1.511, 1.511, 1.511, 1.51, 1.509, 1.509, 1.509, 1.509, 1.508, 1.507, 1.507, 1.506, 1.506, 1.506, 1.506, 1.506, 1.506, 1.506, 1.506, 1.507, 1.508, 1.508, 1.509, 1.509, 1.509, 1.509, 1.509, 1.509, 1.509, 1.509, 1.51, 1.511, 1.511, 1.511, 1.511, 1.511, 1.512, 1.512, 1.511, 1.511, 1.511, 1.51, 1.509, 1.508, 1.507, 1.507, 1.507, 1.507, 1.507, 1.507, 1.507, 1.508, 1.509, 1.51, 1.511, 1.511, 1.512, 1.513, 1.513, 1.513, 1.512, 1.512, 1.511, 1.511, 1.51, 1.509, 1.508, 1.508, 1.507, 1.507, 1.506, 1.506, 1.505, 1.505, 1.505, 1.505, 1.505, 1.506, 1.506, 1.506, 1.506, 1.505, 1.505, 1.505, 1.504, 1.503, 1.502, 1.501, 1.5, 1.499, 1.496, 1.496, 1.496, 1.496, 1.496, 1.496, 1.499, 1.499, 1.5, 1.501, 1.501, 1.501, 1.502, 1.503, 1.503, 1.503, 1.503, 1.503, 1.504, 1.504, 1.504, 1.503, 1.503, 1.503, 1.503, 1.503, 1.503, 1.503, 1.503, 1.503, 1.503, 1.503, 1.503, 1.503, 1.503, 1.503, 1.503, 1.503, 1.503, 1.503, 1.503, 1.503, 1.503, 1.503, 1.504, 1.505, 1.505, 1.505, 1.506, 1.507, 1.507, 1.506, 1.506, 1.505, 1.504, 1.502, 1.501, 1.5, 1.495, 1.494, 1.493, 1.492, 1.491, 1.49, 1.49, 1.49, 1.49, 1.49, 1.49, 1.49, 1.49, 1.49, 1.49, 1.49, 1.49, 1.49, 1.49, 1.49, 1.491, 1.492, 1.492, 1.493, 1.493, 1.492, 1.491, 1.49, 1.488, 1.487, 1.486, 1.484, 1.482, 1.481, 1.479, 1.478, 1.477, 1.476, 1.475, 1.474, 1.472, 1.471, 1.47, 1.47, 1.469, 1.468, 1.468, 1.469, 1.47, 1.471, 1.472, 1.472, 1.473, 1.474, 1.475, 1.475, 1.475, 1.476, 1.475, 1.475, 1.474, 1.474, 1.474, 1.474, 1.473, 1.473, 1.472, 1.472, 1.472, 1.472, 1.471, 1.471, 1.468, 1.468, 1.468, 1.468, 1.468, 1.468, 1.468, 1.468, 1.47, 1.471, 1.472, 1.472, 1.472, 1.472, 1.471, 1.471, 1.47, 1.468, 1.468, 1.466, 1.466, 1.466, 1.466, 1.466, 1.466, 1.466, 1.468, 1.468, 1.468, 1.468, 1.468, 1.468, 1.466, 1.466, 1.466, 1.466, 1.466, 1.464, 1.464, 1.462, 1.462, 1.46, 1.458, 1.458, 1.454, 1.454, 1.454, 1.452, 1.452, 1.452, 1.452, 1.452, 1.454, 1.454, 1.454, 1.456, 1.458, 1.458, 1.458, 1.458, 1.458, 1.46, 1.46, 1.46, 1.46, 1.46, 1.46, 1.462, 1.462, 1.462, 1.462, 1.462, 1.464, 1.464, 1.466, 1.466, 1.468, 1.468, 1.468, 1.468, 1.468, 1.468, 1.466, 1.466, 1.466, 1.464, 1.464, 1.462, 1.462, 1.462, 1.462, 1.462, 1.462, 1.464, 1.464, 1.464, 1.464, 1.464, 1.462, 1.462, 1.46, 1.458, 1.456, 1.456, 1.454, 1.454, 1.454, 1.454, 1.454, 1.454, 1.454, 1.454, 0, 
1.536, 1.535, 1.534, 1.533, 1.532, 1.528, 1.528, 1.525, 1.524, 1.522, 1.521, 1.52, 1.518, 1.517, 1.516, 1.516, 1.516, 1.516, 1.516, 1.516, 1.516, 1.517, 1.518, 1.52, 1.52, 1.524, 1.525, 1.525, 1.526, 1.527, 1.526, 1.526, 1.525, 1.524, 1.524, 1.522, 1.522, 1.521, 1.52, 1.52, 1.519, 1.518, 1.518, 1.518, 1.518, 1.518, 1.518, 1.518, 1.518, 1.518, 1.517, 1.516, 1.516, 1.513, 1.513, 1.513, 1.513, 1.513, 1.513, 1.516, 1.516, 1.516, 1.517, 1.517, 1.517, 1.517, 1.516, 1.516, 1.516, 1.516, 1.516, 1.516, 1.513, 1.513, 1.516, 1.516, 1.516, 1.516, 1.516, 1.517, 1.517, 1.517, 1.518, 1.518, 1.518, 1.518, 1.518, 1.518, 1.518, 1.517, 1.517, 1.517, 1.516, 1.516, 1.516, 1.516, 1.516, 1.516, 1.516, 1.516, 1.517, 1.518, 1.519, 1.52, 1.52, 1.52, 1.52, 1.52, 1.52, 1.519, 1.518, 1.517, 1.516, 1.516, 1.516, 1.516, 1.516, 1.516, 1.516, 1.516, 1.516, 1.513, 1.512, 1.512, 1.512, 1.512, 1.513, 1.513, 1.513, 1.516, 1.516, 1.516, 1.517, 1.517, 1.517, 1.518, 1.518, 1.518, 1.517, 1.517, 1.516, 1.516, 1.516, 1.516, 1.513, 1.512, 1.511, 1.511, 1.511, 1.51, 1.51, 1.509, 1.509, 1.509, 1.509, 1.508, 1.507, 1.507, 1.506, 1.505, 1.505, 1.505, 1.505, 1.505, 1.505, 1.506, 1.507, 1.507, 1.508, 1.509, 1.509, 1.509, 1.509, 1.509, 1.509, 1.509, 1.509, 1.51, 1.511, 1.511, 1.511, 1.511, 1.511, 1.512, 1.511, 1.511, 1.511, 1.511, 1.51, 1.509, 1.508, 1.507, 1.506, 1.506, 1.506, 1.506, 1.506, 1.507, 1.507, 1.508, 1.51, 1.511, 1.511, 1.512, 1.513, 1.513, 1.513, 1.512, 1.511, 1.511, 1.51, 1.51, 1.509, 1.508, 1.507, 1.507, 1.507, 1.507, 1.506, 1.505, 1.505, 1.505, 1.506, 1.506, 1.506, 1.506, 1.506, 1.506, 1.505, 1.505, 1.504, 1.504, 1.503, 1.502, 1.501, 1.5, 1.496, 1.496, 1.496, 1.496, 1.496, 1.496, 1.496, 1.496, 1.499, 1.5, 1.501, 1.501, 1.501, 1.502, 1.503, 1.503, 1.503, 1.503, 1.504, 1.504, 1.505, 1.504, 1.504, 1.503, 1.503, 1.503, 1.503, 1.503, 1.503, 1.503, 1.503, 1.503, 1.503, 1.503, 1.503, 1.503, 1.503, 1.503, 1.503, 1.502, 1.502, 1.502, 1.502, 1.503, 1.503, 1.504, 1.505, 1.505, 1.505, 1.506, 1.507, 1.507, 1.507, 1.506, 1.505, 1.504, 1.503, 1.501, 1.5, 1.496, 1.495, 1.494, 1.492, 1.491, 1.491, 1.491, 1.491, 1.491, 1.491, 1.491, 1.49, 1.49, 1.49, 1.49, 1.49, 1.49, 1.49, 1.49, 1.49, 1.491, 1.491, 1.492, 1.493, 1.493, 1.492, 1.492, 1.491, 1.489, 1.488, 1.486, 1.484, 1.482, 1.48, 1.479, 1.478, 1.476, 1.475, 1.474, 1.473, 1.472, 1.471, 1.47, 1.47, 1.47, 1.469, 1.468, 1.469, 1.47, 1.47, 1.471, 1.472, 1.473, 1.474, 1.474, 1.474, 1.475, 1.475, 1.475, 1.474, 1.474, 1.474, 1.474, 1.474, 1.474, 1.473, 1.472, 1.472, 1.472, 1.472, 1.471, 1.468, 1.468, 1.468, 1.466, 1.466, 1.466, 1.468, 1.468, 1.468, 1.47, 1.471, 1.472, 1.472, 1.472, 1.472, 1.472, 1.471, 1.471, 1.47, 1.468, 1.468, 1.468, 1.466, 1.466, 1.466, 1.466, 1.468, 1.468, 1.468, 1.468, 1.468, 1.468, 1.468, 1.468, 1.466, 1.466, 1.466, 1.466, 1.464, 1.464, 1.462, 1.462, 1.46, 1.458, 1.458, 1.456, 1.454, 1.454, 1.452, 1.452, 1.452, 1.452, 1.454, 1.454, 1.454, 1.456, 1.456, 1.458, 1.458, 1.458, 1.458, 1.458, 1.46, 1.46, 1.46, 1.46, 1.46, 1.46, 1.462, 1.462, 1.462, 1.462, 1.462, 1.462, 1.464, 1.464, 1.466, 1.466, 1.466, 1.468, 1.468, 1.468, 1.466, 1.466, 1.466, 1.466, 1.466, 1.464, 1.464, 1.464, 1.464, 1.464, 1.464, 1.464, 1.464, 1.464, 1.464, 1.466, 1.464, 1.462, 1.462, 1.46, 1.458, 1.458, 1.456, 1.454, 1.454, 1.454, 1.454, 1.454, 1.456, 1.456, 1.458, 0, 
1.536, 1.536, 1.534, 1.533, 1.532, 1.528, 1.527, 1.526, 1.524, 1.522, 1.521, 1.52, 1.518, 1.517, 1.517, 1.516, 1.516, 1.516, 1.516, 1.517, 1.517, 1.518, 1.519, 1.521, 1.522, 1.524, 1.525, 1.526, 1.527, 1.527, 1.527, 1.526, 1.525, 1.524, 1.524, 1.523, 1.522, 1.521, 1.52, 1.52, 1.519, 1.518, 1.518, 1.518, 1.518, 1.518, 1.518, 1.518, 1.518, 1.518, 1.517, 1.516, 1.516, 1.516, 1.513, 1.513, 1.513, 1.513, 1.516, 1.516, 1.516, 1.517, 1.517, 1.518, 1.518, 1.517, 1.516, 1.516, 1.516, 1.516, 1.516, 1.516, 1.516, 1.516, 1.516, 1.516, 1.516, 1.516, 1.516, 1.516, 1.516, 1.517, 1.517, 1.517, 1.517, 1.517, 1.517, 1.517, 1.517, 1.517, 1.516, 1.516, 1.516, 1.516, 1.516, 1.516, 1.516, 1.516, 1.516, 1.516, 1.516, 1.517, 1.518, 1.519, 1.519, 1.52, 1.52, 1.52, 1.519, 1.518, 1.517, 1.516, 1.516, 1.516, 1.516, 1.516, 1.516, 1.516, 1.516, 1.516, 1.516, 1.513, 1.513, 1.513, 1.513, 1.513, 1.513, 1.513, 1.513, 1.513, 1.516, 1.516, 1.516, 1.516, 1.517, 1.517, 1.517, 1.517, 1.517, 1.516, 1.516, 1.516, 1.516, 1.513, 1.513, 1.512, 1.511, 1.511, 1.511, 1.51, 1.51, 1.509, 1.509, 1.509, 1.509, 1.508, 1.507, 1.507, 1.506, 1.505, 1.505, 1.505, 1.505, 1.505, 1.505, 1.506, 1.507, 1.507, 1.508, 1.509, 1.509, 1.509, 1.509, 1.509, 1.509, 1.509, 1.51, 1.51, 1.511, 1.511, 1.511, 1.511, 1.511, 1.511, 1.511, 1.511, 1.511, 1.51, 1.51, 1.508, 1.507, 1.507, 1.506, 1.505, 1.505, 1.505, 1.505, 1.506, 1.507, 1.508, 1.509, 1.511, 1.511, 1.512, 1.513, 1.513, 1.513, 1.512, 1.511, 1.511, 1.51, 1.509, 1.508, 1.507, 1.507, 1.507, 1.507, 1.507, 1.506, 1.505, 1.505, 1.506, 1.506, 1.507, 1.507, 1.506, 1.506, 1.505, 1.505, 1.505, 1.504, 1.503, 1.503, 1.501, 1.5, 1.499, 1.496, 1.495, 1.495, 1.495, 1.495, 1.495, 1.496, 1.496, 1.499, 1.5, 1.501, 1.501, 1.501, 1.502, 1.503, 1.503, 1.503, 1.504, 1.504, 1.505, 1.505, 1.505, 1.504, 1.503, 1.503, 1.503, 1.503, 1.503, 1.503, 1.503, 1.503, 1.503, 1.503, 1.503, 1.503, 1.503, 1.503, 1.503, 1.502, 1.502, 1.501, 1.501, 1.502, 1.503, 1.503, 1.504, 1.505, 1.505, 1.505, 1.506, 1.507, 1.507, 1.507, 1.507, 1.506, 1.505, 1.503, 1.502, 1.5, 1.499, 1.495, 1.494, 1.493, 1.492, 1.492, 1.492, 1.492, 1.492, 1.492, 1.491, 1.491, 1.491, 1.49, 1.49, 1.49, 1.49, 1.49, 1.49, 1.49, 1.49, 1.491, 1.492, 1.493, 1.493, 1.493, 1.492, 1.491, 1.49, 1.488, 1.487, 1.483, 1.482, 1.48, 1.479, 1.478, 1.476, 1.475, 1.474, 1.473, 1.472, 1.471, 1.47, 1.47, 1.47, 1.469, 1.469, 1.469, 1.47, 1.47, 1.471, 1.472, 1.472, 1.473, 1.474, 1.474, 1.474, 1.474, 1.474, 1.474, 1.474, 1.474, 1.474, 1.474, 1.473, 1.473, 1.472, 1.472, 1.472, 1.471, 1.471, 1.468, 1.468, 1.466, 1.466, 1.466, 1.466, 1.466, 1.468, 1.468, 1.468, 1.471, 1.471, 1.472, 1.472, 1.472, 1.472, 1.472, 1.471, 1.471, 1.47, 1.468, 1.468, 1.468, 1.468, 1.468, 1.468, 1.468, 1.468, 1.468, 1.468, 1.468, 1.468, 1.468, 1.468, 1.466, 1.466, 1.466, 1.466, 1.464, 1.464, 1.462, 1.462, 1.46, 1.458, 1.458, 1.456, 1.454, 1.454, 1.454, 1.454, 1.454, 1.454, 1.454, 1.456, 1.456, 1.456, 1.458, 1.458, 1.458, 1.458, 1.458, 1.46, 1.46, 1.46, 1.46, 1.46, 1.46, 1.46, 1.462, 1.462, 1.462, 1.462, 1.462, 1.462, 1.462, 1.464, 1.464, 1.466, 1.466, 1.466, 1.466, 1.466, 1.466, 1.466, 1.466, 1.466, 1.466, 1.466, 1.466, 1.466, 1.466, 1.466, 1.466, 1.466, 1.466, 1.466, 1.466, 1.466, 1.464, 1.462, 1.462, 1.46, 1.458, 1.458, 1.458, 1.456, 1.456, 1.456, 1.458, 1.458, 1.456, 1.456, 1.458, 0, 
1.537, 1.536, 1.535, 1.533, 1.532, 1.528, 1.527, 1.526, 1.524, 1.522, 1.521, 1.52, 1.519, 1.518, 1.517, 1.517, 1.517, 1.517, 1.517, 1.518, 1.518, 1.52, 1.521, 1.522, 1.523, 1.525, 1.526, 1.526, 1.527, 1.528, 1.527, 1.526, 1.526, 1.525, 1.524, 1.523, 1.522, 1.521, 1.52, 1.52, 1.519, 1.518, 1.517, 1.517, 1.517, 1.517, 1.517, 1.518, 1.518, 1.518, 1.517, 1.517, 1.517, 1.516, 1.516, 1.516, 1.516, 1.516, 1.517, 1.517, 1.517, 1.518, 1.518, 1.518, 1.518, 1.517, 1.517, 1.516, 1.516, 1.516, 1.516, 1.516, 1.516, 1.516, 1.516, 1.516, 1.516, 1.516, 1.516, 1.516, 1.516, 1.516, 1.516, 1.516, 1.516, 1.516, 1.516, 1.516, 1.516, 1.516, 1.516, 1.516, 1.516, 1.516, 1.516, 1.516, 1.516, 1.516, 1.516, 1.516, 1.516, 1.516, 1.517, 1.518, 1.518, 1.519, 1.519, 1.519, 1.518, 1.518, 1.517, 1.516, 1.516, 1.516, 1.516, 1.516, 1.516, 1.516, 1.516, 1.516, 1.516, 1.516, 1.513, 1.513, 1.513, 1.513, 1.513, 1.513, 1.513, 1.513, 1.516, 1.516, 1.516, 1.516, 1.516, 1.516, 1.516, 1.516, 1.516, 1.516, 1.516, 1.516, 1.516, 1.513, 1.512, 1.512, 1.511, 1.511, 1.511, 1.511, 1.51, 1.509, 1.509, 1.509, 1.509, 1.508, 1.507, 1.507, 1.506, 1.505, 1.505, 1.505, 1.505, 1.505, 1.505, 1.506, 1.507, 1.507, 1.508, 1.509, 1.509, 1.509, 1.509, 1.509, 1.509, 1.51, 1.51, 1.511, 1.511, 1.511, 1.511, 1.511, 1.511, 1.511, 1.511, 1.511, 1.511, 1.51, 1.509, 1.508, 1.507, 1.506, 1.505, 1.505, 1.505, 1.505, 1.505, 1.506, 1.507, 1.508, 1.509, 1.51, 1.511, 1.512, 1.513, 1.513, 1.512, 1.512, 1.511, 1.511, 1.51, 1.509, 1.508, 1.507, 1.507, 1.507, 1.507, 1.507, 1.506, 1.506, 1.506, 1.506, 1.507, 1.507, 1.506, 1.506, 1.505, 1.505, 1.505, 1.504, 1.504, 1.503, 1.502, 1.501, 1.5, 1.496, 1.496, 1.495, 1.494, 1.494, 1.494, 1.495, 1.496, 1.496, 1.499, 1.5, 1.5, 1.501, 1.501, 1.502, 1.503, 1.503, 1.503, 1.504, 1.505, 1.505, 1.505, 1.505, 1.504, 1.503, 1.503, 1.503, 1.503, 1.503, 1.503, 1.504, 1.504, 1.503, 1.503, 1.503, 1.503, 1.503, 1.503, 1.502, 1.502, 1.501, 1.501, 1.501, 1.502, 1.502, 1.503, 1.504, 1.505, 1.505, 1.505, 1.506, 1.507, 1.508, 1.507, 1.507, 1.506, 1.505, 1.504, 1.502, 1.501, 1.5, 1.495, 1.495, 1.494, 1.493, 1.492, 1.492, 1.492, 1.492, 1.492, 1.492, 1.492, 1.491, 1.49, 1.49, 1.49, 1.49, 1.49, 1.49, 1.49, 1.49, 1.49, 1.491, 1.492, 1.493, 1.492, 1.492, 1.491, 1.49, 1.489, 1.487, 1.483, 1.482, 1.481, 1.479, 1.478, 1.476, 1.475, 1.474, 1.473, 1.472, 1.471, 1.47, 1.47, 1.47, 1.47, 1.47, 1.47, 1.47, 1.47, 1.471, 1.472, 1.472, 1.473, 1.473, 1.474, 1.474, 1.474, 1.474, 1.474, 1.474, 1.474, 1.473, 1.473, 1.473, 1.472, 1.472, 1.472, 1.472, 1.471, 1.468, 1.468, 1.466, 1.466, 1.466, 1.466, 1.466, 1.466, 1.468, 1.468, 1.468, 1.471, 1.471, 1.472, 1.472, 1.472, 1.472, 1.472, 1.472, 1.471, 1.47, 1.468, 1.468, 1.468, 1.468, 1.468, 1.468, 1.468, 1.468, 1.468, 1.468, 1.468, 1.468, 1.468, 1.468, 1.468, 1.466, 1.466, 1.466, 1.464, 1.464, 1.462, 1.462, 1.462, 1.458, 1.458, 1.456, 1.456, 1.454, 1.454, 1.454, 1.454, 1.454, 1.454, 1.456, 1.458, 1.458, 1.458, 1.458, 1.458, 1.458, 1.46, 1.46, 1.46, 1.46, 1.46, 1.46, 1.46, 1.46, 1.462, 1.462, 1.462, 1.462, 1.462, 1.462, 1.462, 1.462, 1.462, 1.464, 1.464, 1.464, 1.466, 1.466, 1.466, 1.466, 1.466, 1.466, 1.466, 1.466, 1.466, 1.466, 1.466, 1.466, 1.466, 1.466, 1.466, 1.466, 1.466, 1.466, 1.464, 1.464, 1.462, 1.462, 1.46, 1.458, 1.458, 1.458, 1.458, 1.458, 1.458, 1.458, 1.458, 1.458, 1.46, 0, 
1.537, 1.536, 1.535, 1.533, 1.532, 1.528, 1.527, 1.526, 1.524, 1.522, 1.521, 1.52, 1.519, 1.518, 1.518, 1.518, 1.518, 1.518, 1.518, 1.519, 1.52, 1.521, 1.522, 1.523, 1.524, 1.525, 1.526, 1.527, 1.528, 1.528, 1.527, 1.526, 1.526, 1.525, 1.524, 1.524, 1.522, 1.522, 1.52, 1.52, 1.519, 1.518, 1.517, 1.516, 1.516, 1.516, 1.517, 1.518, 1.518, 1.518, 1.518, 1.518, 1.517, 1.517, 1.517, 1.517, 1.517, 1.517, 1.518, 1.518, 1.518, 1.519, 1.519, 1.519, 1.519, 1.518, 1.517, 1.517, 1.516, 1.516, 1.516, 1.516, 1.516, 1.516, 1.516, 1.516, 1.516, 1.516, 1.516, 1.516, 1.516, 1.516, 1.516, 1.516, 1.516, 1.516, 1.516, 1.516, 1.516, 1.516, 1.516, 1.516, 1.516, 1.516, 1.516, 1.516, 1.516, 1.516, 1.516, 1.516, 1.516, 1.516, 1.516, 1.517, 1.517, 1.518, 1.518, 1.518, 1.517, 1.517, 1.516, 1.516, 1.516, 1.516, 1.516, 1.516, 1.516, 1.516, 1.516, 1.516, 1.516, 1.516, 1.513, 1.513, 1.513, 1.513, 1.513, 1.513, 1.513, 1.513, 1.513, 1.516, 1.516, 1.516, 1.516, 1.516, 1.516, 1.516, 1.516, 1.516, 1.516, 1.516, 1.513, 1.513, 1.512, 1.511, 1.511, 1.511, 1.511, 1.511, 1.51, 1.51, 1.509, 1.509, 1.509, 1.508, 1.507, 1.507, 1.506, 1.505, 1.505, 1.505, 1.505, 1.505, 1.505, 1.506, 1.507, 1.508, 1.509, 1.509, 1.509, 1.509, 1.509, 1.509, 1.51, 1.51, 1.511, 1.511, 1.511, 1.511, 1.511, 1.511, 1.511, 1.511, 1.511, 1.511, 1.511, 1.51, 1.509, 1.508, 1.507, 1.506, 1.505, 1.504, 1.504, 1.504, 1.505, 1.505, 1.507, 1.508, 1.509, 1.511, 1.511, 1.512, 1.513, 1.513, 1.512, 1.512, 1.511, 1.511, 1.509, 1.508, 1.507, 1.507, 1.507, 1.507, 1.507, 1.507, 1.507, 1.507, 1.507, 1.507, 1.507, 1.507, 1.506, 1.505, 1.505, 1.505, 1.505, 1.504, 1.503, 1.503, 1.502, 1.501, 1.5, 1.496, 1.496, 1.495, 1.494, 1.494, 1.494, 1.495, 1.495, 1.496, 1.499, 1.5, 1.501, 1.501, 1.501, 1.502, 1.503, 1.503, 1.503, 1.504, 1.505, 1.505, 1.505, 1.505, 1.504, 1.503, 1.503, 1.503, 1.504, 1.504, 1.504, 1.504, 1.504, 1.504, 1.503, 1.503, 1.503, 1.503, 1.502, 1.502, 1.501, 1.501, 1.501, 1.501, 1.501, 1.502, 1.503, 1.504, 1.504, 1.505, 1.505, 1.506, 1.507, 1.508, 1.508, 1.507, 1.507, 1.505, 1.504, 1.503, 1.501, 1.5, 1.496, 1.495, 1.494, 1.494, 1.493, 1.492, 1.492, 1.492, 1.492, 1.492, 1.492, 1.491, 1.491, 1.49, 1.49, 1.49, 1.49, 1.489, 1.489, 1.489, 1.49, 1.491, 1.492, 1.492, 1.492, 1.492, 1.491, 1.49, 1.489, 1.488, 1.484, 1.483, 1.481, 1.48, 1.478, 1.477, 1.476, 1.474, 1.474, 1.472, 1.471, 1.47, 1.47, 1.47, 1.47, 1.47, 1.47, 1.47, 1.47, 1.47, 1.471, 1.472, 1.472, 1.473, 1.473, 1.474, 1.474, 1.474, 1.474, 1.473, 1.473, 1.473, 1.472, 1.472, 1.472, 1.472, 1.472, 1.471, 1.471, 1.468, 1.466, 1.466, 1.466, 1.464, 1.464, 1.466, 1.466, 1.466, 1.468, 1.468, 1.468, 1.471, 1.472, 1.472, 1.472, 1.472, 1.472, 1.472, 1.471, 1.471, 1.47, 1.468, 1.468, 1.468, 1.468, 1.468, 1.468, 1.468, 1.468, 1.468, 1.47, 1.468, 1.468, 1.468, 1.468, 1.466, 1.466, 1.466, 1.466, 1.464, 1.464, 1.462, 1.462, 1.46, 1.458, 1.458, 1.456, 1.456, 1.454, 1.454, 1.454, 1.454, 1.456, 1.458, 1.458, 1.458, 1.458, 1.46, 1.46, 1.46, 1.46, 1.46, 1.46, 1.46, 1.462, 1.462, 1.462, 1.462, 1.462, 1.462, 1.46, 1.46, 1.46, 1.46, 1.462, 1.462, 1.462, 1.462, 1.462, 1.462, 1.464, 1.464, 1.464, 1.464, 1.466, 1.466, 1.466, 1.466, 1.466, 1.466, 1.466, 1.466, 1.466, 1.466, 1.466, 1.466, 1.466, 1.466, 1.466, 1.464, 1.462, 1.462, 1.462, 1.46, 1.46, 1.458, 1.458, 1.458, 1.46, 1.46, 1.46, 1.46, 1.462, 0, 
1.537, 1.536, 1.535, 1.534, 1.532, 1.528, 1.527, 1.526, 1.524, 1.522, 1.521, 1.52, 1.52, 1.519, 1.519, 1.518, 1.518, 1.519, 1.519, 1.52, 1.521, 1.522, 1.523, 1.524, 1.525, 1.526, 1.527, 1.528, 1.528, 1.528, 1.527, 1.526, 1.526, 1.525, 1.524, 1.524, 1.523, 1.522, 1.521, 1.52, 1.519, 1.518, 1.517, 1.516, 1.516, 1.517, 1.517, 1.518, 1.518, 1.518, 1.518, 1.518, 1.518, 1.518, 1.518, 1.518, 1.518, 1.518, 1.519, 1.519, 1.52, 1.52, 1.52, 1.52, 1.519, 1.519, 1.518, 1.517, 1.517, 1.516, 1.516, 1.516, 1.516, 1.516, 1.516, 1.516, 1.516, 1.516, 1.516, 1.516, 1.516, 1.516, 1.516, 1.516, 1.516, 1.516, 1.516, 1.516, 1.516, 1.516, 1.516, 1.516, 1.516, 1.516, 1.516, 1.516, 1.516, 1.513, 1.513, 1.513, 1.513, 1.516, 1.516, 1.516, 1.516, 1.517, 1.517, 1.517, 1.516, 1.516, 1.516, 1.516, 1.516, 1.516, 1.516, 1.516, 1.516, 1.516, 1.516, 1.516, 1.516, 1.516, 1.516, 1.513, 1.513, 1.513, 1.513, 1.513, 1.513, 1.513, 1.513, 1.516, 1.516, 1.516, 1.516, 1.516, 1.516, 1.516, 1.516, 1.516, 1.516, 1.513, 1.513, 1.512, 1.512, 1.511, 1.511, 1.511, 1.511, 1.511, 1.511, 1.51, 1.51, 1.51, 1.509, 1.509, 1.508, 1.507, 1.506, 1.505, 1.505, 1.505, 1.505, 1.505, 1.506, 1.506, 1.507, 1.508, 1.509, 1.509, 1.509, 1.509, 1.51, 1.51, 1.51, 1.511, 1.511, 1.511, 1.511, 1.511, 1.511, 1.511, 1.511, 1.511, 1.511, 1.511, 1.511, 1.51, 1.509, 1.507, 1.506, 1.505, 1.504, 1.504, 1.503, 1.503, 1.504, 1.505, 1.507, 1.508, 1.509, 1.511, 1.512, 1.513, 1.513, 1.513, 1.513, 1.512, 1.511, 1.51, 1.509, 1.508, 1.507, 1.507, 1.507, 1.507, 1.507, 1.507, 1.507, 1.507, 1.507, 1.507, 1.507, 1.506, 1.506, 1.505, 1.505, 1.505, 1.505, 1.504, 1.503, 1.503, 1.502, 1.501, 1.5, 1.496, 1.495, 1.495, 1.494, 1.494, 1.494, 1.495, 1.495, 1.496, 1.499, 1.5, 1.501, 1.501, 1.501, 1.502, 1.503, 1.503, 1.503, 1.504, 1.504, 1.504, 1.504, 1.504, 1.504, 1.503, 1.503, 1.504, 1.504, 1.505, 1.505, 1.505, 1.505, 1.504, 1.503, 1.503, 1.503, 1.503, 1.502, 1.501, 1.501, 1.501, 1.501, 1.501, 1.501, 1.502, 1.502, 1.503, 1.504, 1.505, 1.505, 1.506, 1.507, 1.507, 1.508, 1.507, 1.507, 1.506, 1.505, 1.503, 1.501, 1.5, 1.499, 1.496, 1.495, 1.494, 1.493, 1.493, 1.493, 1.492, 1.492, 1.492, 1.492, 1.492, 1.491, 1.49, 1.49, 1.49, 1.49, 1.489, 1.488, 1.489, 1.489, 1.49, 1.491, 1.492, 1.492, 1.492, 1.492, 1.491, 1.49, 1.489, 1.485, 1.484, 1.482, 1.48, 1.479, 1.478, 1.476, 1.475, 1.474, 1.473, 1.472, 1.471, 1.47, 1.47, 1.47, 1.47, 1.47, 1.47, 1.47, 1.47, 1.471, 1.472, 1.472, 1.472, 1.473, 1.473, 1.474, 1.474, 1.474, 1.473, 1.472, 1.472, 1.472, 1.472, 1.472, 1.472, 1.471, 1.471, 1.468, 1.468, 1.466, 1.466, 1.464, 1.464, 1.464, 1.464, 1.466, 1.466, 1.468, 1.468, 1.468, 1.471, 1.472, 1.472, 1.472, 1.472, 1.472, 1.472, 1.472, 1.471, 1.47, 1.468, 1.468, 1.468, 1.468, 1.468, 1.468, 1.468, 1.468, 1.468, 1.47, 1.47, 1.468, 1.468, 1.468, 1.468, 1.466, 1.466, 1.466, 1.466, 1.464, 1.464, 1.462, 1.46, 1.458, 1.458, 1.458, 1.456, 1.456, 1.456, 1.456, 1.456, 1.456, 1.458, 1.458, 1.458, 1.46, 1.46, 1.462, 1.462, 1.462, 1.462, 1.462, 1.462, 1.462, 1.462, 1.462, 1.462, 1.462, 1.46, 1.46, 1.46, 1.46, 1.46, 1.46, 1.46, 1.46, 1.46, 1.462, 1.462, 1.462, 1.462, 1.462, 1.462, 1.464, 1.464, 1.464, 1.466, 1.466, 1.466, 1.466, 1.466, 1.468, 1.468, 1.466, 1.466, 1.466, 1.466, 1.466, 1.464, 1.464, 1.462, 1.462, 1.462, 1.46, 1.46, 1.46, 1.46, 1.462, 1.462, 1.462, 1.462, 1.464, 0, 
1.537, 1.536, 1.535, 1.534, 1.533, 1.528, 1.527, 1.526, 1.524, 1.523, 1.522, 1.521, 1.52, 1.52, 1.52, 1.52, 1.52, 1.52, 1.52, 1.521, 1.522, 1.523, 1.524, 1.525, 1.526, 1.527, 1.528, 1.528, 1.528, 1.528, 1.527, 1.526, 1.526, 1.526, 1.525, 1.524, 1.523, 1.522, 1.521, 1.52, 1.519, 1.518, 1.517, 1.516, 1.516, 1.517, 1.517, 1.518, 1.518, 1.519, 1.519, 1.519, 1.519, 1.518, 1.518, 1.518, 1.519, 1.519, 1.52, 1.52, 1.52, 1.52, 1.521, 1.52, 1.52, 1.519, 1.519, 1.518, 1.517, 1.517, 1.516, 1.516, 1.516, 1.516, 1.516, 1.516, 1.516, 1.516, 1.516, 1.516, 1.516, 1.516, 1.516, 1.516, 1.516, 1.516, 1.516, 1.513, 1.513, 1.513, 1.516, 1.516, 1.513, 1.513, 1.513, 1.513, 1.513, 1.513, 1.513, 1.513, 1.513, 1.513, 1.513, 1.516, 1.516, 1.516, 1.516, 1.516, 1.516, 1.516, 1.516, 1.516, 1.516, 1.516, 1.516, 1.516, 1.516, 1.516, 1.516, 1.516, 1.516, 1.516, 1.516, 1.513, 1.513, 1.513, 1.513, 1.513, 1.513, 1.513, 1.513, 1.516, 1.516, 1.516, 1.516, 1.516, 1.516, 1.516, 1.516, 1.516, 1.513, 1.513, 1.512, 1.512, 1.511, 1.511, 1.511, 1.511, 1.511, 1.511, 1.511, 1.511, 1.511, 1.51, 1.51, 1.509, 1.509, 1.508, 1.507, 1.506, 1.505, 1.505, 1.505, 1.505, 1.506, 1.507, 1.508, 1.509, 1.509, 1.509, 1.51, 1.51, 1.51, 1.511, 1.511, 1.511, 1.511, 1.511, 1.511, 1.511, 1.511, 1.511, 1.511, 1.511, 1.511, 1.511, 1.51, 1.509, 1.509, 1.507, 1.506, 1.505, 1.504, 1.503, 1.503, 1.503, 1.504, 1.505, 1.506, 1.507, 1.51, 1.511, 1.512, 1.513, 1.513, 1.513, 1.513, 1.512, 1.511, 1.511, 1.509, 1.508, 1.507, 1.507, 1.507, 1.507, 1.507, 1.507, 1.507, 1.507, 1.507, 1.507, 1.507, 1.506, 1.506, 1.505, 1.505, 1.505, 1.505, 1.504, 1.503, 1.503, 1.502, 1.501, 1.5, 1.496, 1.495, 1.495, 1.494, 1.494, 1.494, 1.495, 1.496, 1.496, 1.499, 1.5, 1.501, 1.501, 1.501, 1.502, 1.503, 1.503, 1.503, 1.503, 1.503, 1.503, 1.503, 1.503, 1.503, 1.503, 1.504, 1.504, 1.505, 1.505, 1.505, 1.505, 1.505, 1.504, 1.504, 1.503, 1.503, 1.502, 1.501, 1.501, 1.501, 1.501, 1.501, 1.501, 1.501, 1.501, 1.502, 1.503, 1.503, 1.504, 1.505, 1.505, 1.506, 1.507, 1.507, 1.507, 1.507, 1.506, 1.505, 1.503, 1.502, 1.501, 1.5, 1.496, 1.495, 1.495, 1.494, 1.494, 1.494, 1.493, 1.493, 1.492, 1.492, 1.492, 1.491, 1.491, 1.49, 1.49, 1.49, 1.489, 1.488, 1.488, 1.489, 1.49, 1.491, 1.491, 1.492, 1.492, 1.491, 1.491, 1.49, 1.488, 1.486, 1.484, 1.483, 1.481, 1.48, 1.478, 1.477, 1.476, 1.474, 1.473, 1.472, 1.471, 1.471, 1.47, 1.47, 1.47, 1.47, 1.47, 1.47, 1.47, 1.471, 1.472, 1.472, 1.472, 1.472, 1.473, 1.474, 1.474, 1.473, 1.473, 1.472, 1.472, 1.472, 1.472, 1.472, 1.471, 1.471, 1.47, 1.468, 1.466, 1.466, 1.464, 1.464, 1.464, 1.464, 1.464, 1.464, 1.466, 1.466, 1.466, 1.468, 1.471, 1.471, 1.472, 1.472, 1.472, 1.472, 1.472, 1.472, 1.471, 1.471, 1.47, 1.468, 1.468, 1.468, 1.468, 1.468, 1.468, 1.468, 1.47, 1.47, 1.47, 1.47, 1.468, 1.468, 1.468, 1.468, 1.466, 1.466, 1.466, 1.466, 1.464, 1.462, 1.462, 1.46, 1.458, 1.458, 1.458, 1.458, 1.456, 1.456, 1.458, 1.458, 1.458, 1.46, 1.46, 1.462, 1.462, 1.462, 1.462, 1.462, 1.462, 1.462, 1.462, 1.462, 1.462, 1.462, 1.462, 1.462, 1.46, 1.46, 1.46, 1.46, 1.46, 1.458, 1.458, 1.458, 1.458, 1.46, 1.46, 1.46, 1.462, 1.462, 1.462, 1.462, 1.464, 1.464, 1.466, 1.466, 1.466, 1.466, 1.468, 1.468, 1.468, 1.466, 1.466, 1.466, 1.466, 1.466, 1.464, 1.464, 1.462, 1.462, 1.462, 1.462, 1.462, 1.462, 1.462, 1.462, 1.462, 1.464, 1.464, 1.466, 0, 
1.537, 1.536, 1.535, 1.534, 1.533, 1.532, 1.528, 1.527, 1.524, 1.523, 1.522, 1.521, 1.52, 1.52, 1.52, 1.52, 1.52, 1.52, 1.521, 1.522, 1.523, 1.524, 1.525, 1.526, 1.527, 1.528, 1.528, 1.528, 1.528, 1.527, 1.527, 1.526, 1.526, 1.526, 1.525, 1.524, 1.523, 1.522, 1.521, 1.52, 1.519, 1.518, 1.517, 1.517, 1.517, 1.517, 1.518, 1.518, 1.518, 1.519, 1.52, 1.52, 1.52, 1.519, 1.519, 1.519, 1.52, 1.52, 1.52, 1.521, 1.521, 1.522, 1.522, 1.521, 1.521, 1.52, 1.52, 1.519, 1.518, 1.518, 1.517, 1.517, 1.517, 1.517, 1.517, 1.517, 1.517, 1.516, 1.516, 1.516, 1.516, 1.516, 1.516, 1.516, 1.516, 1.513, 1.513, 1.513, 1.513, 1.513, 1.513, 1.513, 1.513, 1.513, 1.513, 1.513, 1.513, 1.513, 1.513, 1.513, 1.513, 1.513, 1.513, 1.516, 1.516, 1.516, 1.516, 1.516, 1.516, 1.516, 1.516, 1.516, 1.516, 1.516, 1.516, 1.516, 1.516, 1.516, 1.516, 1.516, 1.516, 1.516, 1.516, 1.513, 1.513, 1.513, 1.513, 1.513, 1.513, 1.513, 1.516, 1.516, 1.516, 1.516, 1.516, 1.516, 1.516, 1.516, 1.516, 1.513, 1.513, 1.512, 1.512, 1.511, 1.511, 1.511, 1.511, 1.511, 1.511, 1.511, 1.511, 1.511, 1.511, 1.511, 1.511, 1.51, 1.509, 1.508, 1.507, 1.506, 1.506, 1.505, 1.505, 1.506, 1.506, 1.507, 1.508, 1.509, 1.509, 1.51, 1.51, 1.511, 1.511, 1.511, 1.511, 1.511, 1.511, 1.511, 1.511, 1.511, 1.511, 1.511, 1.511, 1.511, 1.511, 1.511, 1.511, 1.51, 1.509, 1.507, 1.506, 1.505, 1.504, 1.503, 1.503, 1.503, 1.504, 1.505, 1.506, 1.507, 1.511, 1.511, 1.512, 1.513, 1.516, 1.516, 1.513, 1.512, 1.511, 1.511, 1.51, 1.509, 1.508, 1.507, 1.507, 1.507, 1.507, 1.507, 1.507, 1.507, 1.507, 1.507, 1.507, 1.506, 1.505, 1.505, 1.505, 1.505, 1.505, 1.504, 1.503, 1.503, 1.501, 1.501, 1.5, 1.496, 1.496, 1.495, 1.494, 1.494, 1.494, 1.495, 1.496, 1.496, 1.499, 1.5, 1.501, 1.501, 1.502, 1.502, 1.503, 1.503, 1.503, 1.503, 1.503, 1.503, 1.503, 1.503, 1.503, 1.503, 1.504, 1.505, 1.505, 1.505, 1.505, 1.505, 1.505, 1.505, 1.504, 1.503, 1.503, 1.502, 1.501, 1.501, 1.501, 1.501, 1.501, 1.501, 1.501, 1.501, 1.501, 1.502, 1.503, 1.503, 1.504, 1.505, 1.506, 1.506, 1.507, 1.507, 1.506, 1.505, 1.505, 1.503, 1.502, 1.501, 1.5, 1.499, 1.496, 1.495, 1.495, 1.494, 1.494, 1.494, 1.493, 1.493, 1.492, 1.492, 1.492, 1.491, 1.49, 1.49, 1.49, 1.489, 1.488, 1.488, 1.489, 1.489, 1.49, 1.491, 1.492, 1.491, 1.491, 1.49, 1.49, 1.488, 1.487, 1.486, 1.484, 1.482, 1.48, 1.479, 1.478, 1.476, 1.475, 1.474, 1.473, 1.472, 1.471, 1.471, 1.471, 1.47, 1.47, 1.47, 1.47, 1.47, 1.471, 1.471, 1.472, 1.472, 1.472, 1.473, 1.473, 1.474, 1.473, 1.473, 1.472, 1.472, 1.472, 1.472, 1.471, 1.471, 1.47, 1.468, 1.466, 1.466, 1.464, 1.464, 1.462, 1.462, 1.462, 1.462, 1.464, 1.466, 1.466, 1.466, 1.468, 1.471, 1.471, 1.472, 1.472, 1.473, 1.472, 1.472, 1.472, 1.472, 1.471, 1.47, 1.47, 1.47, 1.468, 1.468, 1.468, 1.468, 1.47, 1.47, 1.47, 1.47, 1.47, 1.47, 1.468, 1.468, 1.468, 1.468, 1.466, 1.466, 1.466, 1.466, 1.464, 1.462, 1.462, 1.46, 1.46, 1.458, 1.458, 1.458, 1.458, 1.458, 1.458, 1.46, 1.46, 1.462, 1.462, 1.462, 1.462, 1.462, 1.462, 1.462, 1.462, 1.462, 1.462, 1.462, 1.462, 1.462, 1.462, 1.46, 1.46, 1.46, 1.46, 1.458, 1.458, 1.458, 1.458, 1.458, 1.458, 1.458, 1.458, 1.46, 1.46, 1.462, 1.462, 1.462, 1.464, 1.464, 1.466, 1.466, 1.466, 1.468, 1.468, 1.468, 1.466, 1.466, 1.466, 1.466, 1.466, 1.464, 1.464, 1.462, 1.462, 1.462, 1.462, 1.462, 1.462, 1.462, 1.464, 1.464, 1.464, 1.464, 1.466, 0, 
1.537, 1.536, 1.535, 1.534, 1.533, 1.532, 1.528, 1.528, 1.524, 1.524, 1.523, 1.522, 1.521, 1.52, 1.52, 1.52, 1.52, 1.521, 1.522, 1.523, 1.524, 1.525, 1.526, 1.527, 1.528, 1.528, 1.528, 1.528, 1.527, 1.527, 1.526, 1.526, 1.526, 1.526, 1.525, 1.524, 1.524, 1.522, 1.521, 1.52, 1.52, 1.519, 1.518, 1.518, 1.518, 1.518, 1.518, 1.518, 1.519, 1.519, 1.52, 1.52, 1.52, 1.52, 1.52, 1.52, 1.52, 1.52, 1.521, 1.522, 1.522, 1.523, 1.523, 1.522, 1.521, 1.521, 1.52, 1.52, 1.519, 1.518, 1.518, 1.518, 1.517, 1.517, 1.517, 1.517, 1.517, 1.516, 1.516, 1.516, 1.516, 1.516, 1.516, 1.513, 1.513, 1.513, 1.513, 1.513, 1.513, 1.513, 1.513, 1.513, 1.512, 1.512, 1.512, 1.512, 1.512, 1.513, 1.513, 1.513, 1.513, 1.513, 1.513, 1.516, 1.516, 1.516, 1.516, 1.516, 1.516, 1.516, 1.516, 1.513, 1.513, 1.513, 1.513, 1.516, 1.516, 1.516, 1.516, 1.516, 1.516, 1.516, 1.516, 1.513, 1.513, 1.513, 1.513, 1.513, 1.513, 1.516, 1.516, 1.516, 1.516, 1.516, 1.516, 1.516, 1.516, 1.516, 1.513, 1.513, 1.513, 1.512, 1.511, 1.511, 1.511, 1.511, 1.511, 1.511, 1.511, 1.511, 1.511, 1.511, 1.511, 1.511, 1.511, 1.511, 1.51, 1.509, 1.508, 1.507, 1.506, 1.506, 1.506, 1.506, 1.507, 1.507, 1.508, 1.509, 1.509, 1.51, 1.511, 1.511, 1.511, 1.511, 1.511, 1.511, 1.511, 1.511, 1.511, 1.511, 1.511, 1.511, 1.511, 1.511, 1.511, 1.511, 1.511, 1.51, 1.509, 1.508, 1.507, 1.505, 1.504, 1.503, 1.503, 1.503, 1.504, 1.505, 1.507, 1.508, 1.511, 1.512, 1.512, 1.516, 1.516, 1.516, 1.516, 1.516, 1.511, 1.511, 1.51, 1.509, 1.508, 1.507, 1.507, 1.507, 1.507, 1.507, 1.507, 1.507, 1.507, 1.507, 1.507, 1.506, 1.505, 1.505, 1.505, 1.505, 1.505, 1.504, 1.503, 1.503, 1.502, 1.501, 1.5, 1.496, 1.496, 1.495, 1.494, 1.494, 1.495, 1.495, 1.496, 1.499, 1.5, 1.5, 1.501, 1.501, 1.502, 1.502, 1.502, 1.502, 1.502, 1.503, 1.503, 1.503, 1.503, 1.503, 1.503, 1.503, 1.504, 1.505, 1.505, 1.505, 1.505, 1.505, 1.505, 1.505, 1.504, 1.503, 1.503, 1.502, 1.501, 1.501, 1.501, 1.501, 1.501, 1.501, 1.501, 1.501, 1.501, 1.501, 1.502, 1.503, 1.503, 1.504, 1.505, 1.506, 1.506, 1.506, 1.506, 1.505, 1.505, 1.503, 1.502, 1.501, 1.5, 1.499, 1.496, 1.496, 1.495, 1.495, 1.494, 1.494, 1.494, 1.493, 1.492, 1.492, 1.492, 1.491, 1.49, 1.49, 1.49, 1.489, 1.488, 1.488, 1.488, 1.489, 1.49, 1.49, 1.491, 1.491, 1.49, 1.49, 1.49, 1.489, 1.488, 1.486, 1.484, 1.483, 1.481, 1.48, 1.479, 1.477, 1.476, 1.474, 1.474, 1.473, 1.472, 1.472, 1.471, 1.471, 1.47, 1.47, 1.47, 1.47, 1.471, 1.471, 1.472, 1.472, 1.472, 1.473, 1.473, 1.474, 1.473, 1.473, 1.472, 1.472, 1.472, 1.472, 1.471, 1.47, 1.468, 1.468, 1.466, 1.464, 1.462, 1.462, 1.462, 1.462, 1.462, 1.462, 1.462, 1.464, 1.466, 1.468, 1.468, 1.47, 1.471, 1.472, 1.472, 1.473, 1.473, 1.472, 1.472, 1.472, 1.472, 1.471, 1.47, 1.47, 1.47, 1.47, 1.47, 1.47, 1.47, 1.471, 1.471, 1.471, 1.471, 1.47, 1.47, 1.47, 1.468, 1.468, 1.466, 1.466, 1.466, 1.466, 1.466, 1.464, 1.462, 1.462, 1.462, 1.46, 1.46, 1.46, 1.46, 1.46, 1.46, 1.462, 1.462, 1.462, 1.464, 1.464, 1.464, 1.464, 1.464, 1.464, 1.464, 1.462, 1.462, 1.462, 1.462, 1.462, 1.462, 1.462, 1.46, 1.46, 1.458, 1.458, 1.458, 1.458, 1.458, 1.458, 1.458, 1.458, 1.458, 1.458, 1.458, 1.46, 1.462, 1.462, 1.462, 1.464, 1.466, 1.466, 1.466, 1.468, 1.468, 1.468, 1.466, 1.466, 1.466, 1.466, 1.464, 1.464, 1.464, 1.462, 1.462, 1.462, 1.462, 1.462, 1.464, 1.464, 1.464, 1.466, 1.466, 1.466, 1.466, 0, 
1.537, 1.536, 1.535, 1.534, 1.533, 1.532, 1.528, 1.528, 1.525, 1.524, 1.523, 1.522, 1.522, 1.521, 1.521, 1.521, 1.521, 1.522, 1.523, 1.524, 1.525, 1.526, 1.527, 1.528, 1.528, 1.528, 1.528, 1.527, 1.527, 1.526, 1.526, 1.526, 1.526, 1.526, 1.525, 1.524, 1.524, 1.523, 1.522, 1.52, 1.52, 1.519, 1.518, 1.518, 1.518, 1.518, 1.518, 1.518, 1.519, 1.52, 1.52, 1.52, 1.52, 1.52, 1.52, 1.52, 1.52, 1.521, 1.522, 1.523, 1.523, 1.524, 1.524, 1.523, 1.522, 1.521, 1.52, 1.52, 1.52, 1.519, 1.518, 1.518, 1.518, 1.518, 1.518, 1.518, 1.517, 1.516, 1.516, 1.516, 1.516, 1.516, 1.516, 1.513, 1.513, 1.513, 1.513, 1.513, 1.513, 1.513, 1.512, 1.512, 1.512, 1.511, 1.511, 1.511, 1.512, 1.512, 1.512, 1.513, 1.513, 1.513, 1.513, 1.513, 1.516, 1.516, 1.516, 1.513, 1.513, 1.513, 1.513, 1.513, 1.513, 1.513, 1.513, 1.516, 1.516, 1.516, 1.516, 1.516, 1.516, 1.516, 1.516, 1.516, 1.513, 1.513, 1.513, 1.513, 1.516, 1.516, 1.516, 1.516, 1.516, 1.516, 1.516, 1.516, 1.516, 1.516, 1.513, 1.513, 1.513, 1.512, 1.511, 1.511, 1.511, 1.511, 1.511, 1.511, 1.511, 1.511, 1.511, 1.511, 1.511, 1.511, 1.511, 1.511, 1.51, 1.509, 1.508, 1.507, 1.507, 1.507, 1.507, 1.507, 1.507, 1.508, 1.509, 1.509, 1.51, 1.51, 1.511, 1.511, 1.511, 1.511, 1.511, 1.511, 1.511, 1.511, 1.511, 1.511, 1.511, 1.511, 1.511, 1.511, 1.511, 1.511, 1.511, 1.511, 1.51, 1.509, 1.507, 1.506, 1.505, 1.504, 1.504, 1.504, 1.504, 1.505, 1.506, 1.51, 1.511, 1.512, 1.516, 1.516, 1.516, 1.516, 1.516, 1.516, 1.512, 1.511, 1.51, 1.509, 1.508, 1.507, 1.507, 1.507, 1.507, 1.507, 1.507, 1.507, 1.507, 1.507, 1.506, 1.506, 1.505, 1.505, 1.505, 1.505, 1.505, 1.504, 1.503, 1.503, 1.502, 1.501, 1.5, 1.496, 1.496, 1.495, 1.495, 1.495, 1.495, 1.496, 1.496, 1.499, 1.5, 1.501, 1.501, 1.502, 1.502, 1.502, 1.502, 1.502, 1.502, 1.502, 1.502, 1.502, 1.503, 1.503, 1.503, 1.503, 1.504, 1.505, 1.505, 1.505, 1.505, 1.505, 1.505, 1.505, 1.505, 1.504, 1.503, 1.502, 1.501, 1.501, 1.501, 1.501, 1.501, 1.501, 1.501, 1.501, 1.501, 1.501, 1.501, 1.502, 1.503, 1.504, 1.505, 1.505, 1.505, 1.505, 1.505, 1.505, 1.504, 1.503, 1.503, 1.501, 1.5, 1.499, 1.499, 1.496, 1.496, 1.495, 1.494, 1.494, 1.494, 1.493, 1.492, 1.492, 1.492, 1.491, 1.491, 1.49, 1.49, 1.489, 1.488, 1.488, 1.488, 1.489, 1.49, 1.49, 1.49, 1.49, 1.49, 1.49, 1.49, 1.489, 1.488, 1.487, 1.486, 1.484, 1.482, 1.481, 1.48, 1.478, 1.476, 1.475, 1.474, 1.473, 1.473, 1.472, 1.472, 1.471, 1.471, 1.47, 1.47, 1.47, 1.471, 1.472, 1.472, 1.472, 1.472, 1.473, 1.474, 1.474, 1.474, 1.473, 1.472, 1.472, 1.472, 1.471, 1.471, 1.468, 1.468, 1.466, 1.466, 1.464, 1.462, 1.462, 1.462, 1.462, 1.462, 1.462, 1.462, 1.464, 1.466, 1.468, 1.468, 1.468, 1.471, 1.472, 1.472, 1.473, 1.473, 1.473, 1.472, 1.472, 1.472, 1.471, 1.471, 1.47, 1.47, 1.47, 1.47, 1.47, 1.471, 1.471, 1.472, 1.472, 1.471, 1.471, 1.471, 1.47, 1.47, 1.468, 1.468, 1.466, 1.466, 1.466, 1.466, 1.464, 1.464, 1.462, 1.462, 1.462, 1.462, 1.46, 1.46, 1.462, 1.462, 1.462, 1.462, 1.464, 1.464, 1.464, 1.464, 1.466, 1.464, 1.464, 1.464, 1.464, 1.462, 1.462, 1.462, 1.462, 1.462, 1.462, 1.46, 1.46, 1.458, 1.458, 1.458, 1.458, 1.456, 1.456, 1.456, 1.456, 1.456, 1.458, 1.458, 1.458, 1.46, 1.46, 1.462, 1.462, 1.464, 1.466, 1.466, 1.468, 1.468, 1.466, 1.466, 1.466, 1.466, 1.464, 1.464, 1.464, 1.462, 1.462, 1.462, 1.462, 1.462, 1.464, 1.464, 1.464, 1.466, 1.466, 1.466, 1.466, 1.468, 0, 
1.536, 1.535, 1.535, 1.533, 1.532, 1.531, 1.528, 1.527, 1.526, 1.525, 1.524, 1.523, 1.522, 1.522, 1.522, 1.522, 1.522, 1.523, 1.524, 1.525, 1.526, 1.527, 1.528, 1.528, 1.528, 1.528, 1.528, 1.527, 1.526, 1.526, 1.526, 1.526, 1.526, 1.525, 1.525, 1.524, 1.524, 1.523, 1.522, 1.521, 1.52, 1.519, 1.519, 1.518, 1.518, 1.518, 1.518, 1.519, 1.519, 1.52, 1.52, 1.52, 1.52, 1.52, 1.52, 1.52, 1.521, 1.522, 1.522, 1.523, 1.524, 1.524, 1.524, 1.524, 1.523, 1.522, 1.521, 1.52, 1.52, 1.519, 1.518, 1.518, 1.518, 1.517, 1.517, 1.517, 1.517, 1.516, 1.516, 1.516, 1.516, 1.516, 1.516, 1.513, 1.513, 1.513, 1.513, 1.513, 1.512, 1.512, 1.512, 1.511, 1.511, 1.511, 1.511, 1.511, 1.511, 1.511, 1.512, 1.513, 1.513, 1.513, 1.513, 1.513, 1.513, 1.513, 1.513, 1.513, 1.513, 1.513, 1.513, 1.513, 1.513, 1.513, 1.513, 1.516, 1.516, 1.516, 1.516, 1.516, 1.516, 1.516, 1.516, 1.516, 1.516, 1.516, 1.516, 1.516, 1.516, 1.516, 1.516, 1.517, 1.517, 1.517, 1.516, 1.516, 1.516, 1.516, 1.516, 1.513, 1.513, 1.512, 1.511, 1.511, 1.511, 1.511, 1.511, 1.511, 1.511, 1.511, 1.511, 1.511, 1.511, 1.511, 1.511, 1.511, 1.511, 1.51, 1.509, 1.508, 1.508, 1.507, 1.507, 1.508, 1.508, 1.508, 1.509, 1.51, 1.51, 1.511, 1.511, 1.511, 1.511, 1.511, 1.511, 1.511, 1.511, 1.511, 1.511, 1.511, 1.511, 1.511, 1.511, 1.511, 1.511, 1.512, 1.512, 1.511, 1.51, 1.509, 1.508, 1.507, 1.506, 1.505, 1.505, 1.505, 1.505, 1.506, 1.507, 1.511, 1.511, 1.512, 1.516, 1.516, 1.516, 1.516, 1.516, 1.516, 1.512, 1.512, 1.511, 1.509, 1.508, 1.507, 1.507, 1.507, 1.507, 1.507, 1.507, 1.507, 1.506, 1.506, 1.506, 1.505, 1.505, 1.505, 1.505, 1.505, 1.505, 1.504, 1.504, 1.503, 1.502, 1.501, 1.5, 1.499, 1.496, 1.496, 1.496, 1.496, 1.496, 1.496, 1.496, 1.499, 1.5, 1.501, 1.502, 1.502, 1.502, 1.502, 1.501, 1.501, 1.501, 1.501, 1.501, 1.502, 1.502, 1.503, 1.503, 1.503, 1.504, 1.505, 1.505, 1.505, 1.505, 1.505, 1.505, 1.505, 1.505, 1.504, 1.503, 1.502, 1.501, 1.501, 1.501, 1.501, 1.501, 1.501, 1.501, 1.501, 1.501, 1.501, 1.501, 1.501, 1.502, 1.503, 1.504, 1.505, 1.505, 1.505, 1.505, 1.505, 1.504, 1.503, 1.503, 1.501, 1.5, 1.499, 1.499, 1.496, 1.496, 1.495, 1.494, 1.494, 1.494, 1.493, 1.492, 1.492, 1.492, 1.492, 1.491, 1.49, 1.49, 1.489, 1.488, 1.488, 1.488, 1.488, 1.489, 1.49, 1.49, 1.49, 1.49, 1.49, 1.49, 1.49, 1.489, 1.488, 1.486, 1.485, 1.483, 1.482, 1.481, 1.479, 1.478, 1.476, 1.475, 1.474, 1.473, 1.473, 1.472, 1.472, 1.471, 1.471, 1.47, 1.47, 1.471, 1.472, 1.472, 1.472, 1.473, 1.473, 1.474, 1.474, 1.474, 1.473, 1.472, 1.472, 1.472, 1.471, 1.47, 1.468, 1.466, 1.466, 1.464, 1.462, 1.462, 1.462, 1.46, 1.46, 1.46, 1.462, 1.462, 1.462, 1.466, 1.466, 1.466, 1.468, 1.471, 1.472, 1.472, 1.473, 1.473, 1.473, 1.472, 1.472, 1.472, 1.472, 1.471, 1.471, 1.471, 1.471, 1.471, 1.471, 1.471, 1.472, 1.472, 1.472, 1.472, 1.472, 1.471, 1.471, 1.47, 1.468, 1.468, 1.468, 1.466, 1.466, 1.466, 1.466, 1.464, 1.464, 1.462, 1.462, 1.462, 1.462, 1.462, 1.462, 1.462, 1.462, 1.464, 1.464, 1.464, 1.464, 1.466, 1.466, 1.466, 1.464, 1.464, 1.464, 1.464, 1.462, 1.462, 1.462, 1.462, 1.462, 1.46, 1.46, 1.46, 1.458, 1.458, 1.458, 1.456, 1.456, 1.456, 1.456, 1.456, 1.456, 1.456, 1.458, 1.458, 1.46, 1.462, 1.462, 1.464, 1.466, 1.466, 1.468, 1.468, 1.466, 1.466, 1.466, 1.466, 1.464, 1.464, 1.464, 1.462, 1.462, 1.462, 1.462, 1.462, 1.464, 1.464, 1.466, 1.466, 1.466, 1.468, 1.468, 1.47, 0, 
1.535, 1.535, 1.534, 1.533, 1.532, 1.531, 1.528, 1.527, 1.526, 1.525, 1.524, 1.523, 1.523, 1.523, 1.522, 1.523, 1.523, 1.524, 1.524, 1.525, 1.526, 1.527, 1.528, 1.528, 1.528, 1.528, 1.528, 1.527, 1.526, 1.526, 1.526, 1.525, 1.525, 1.525, 1.524, 1.524, 1.523, 1.522, 1.521, 1.52, 1.52, 1.52, 1.519, 1.518, 1.518, 1.518, 1.519, 1.519, 1.52, 1.52, 1.52, 1.52, 1.52, 1.52, 1.52, 1.52, 1.521, 1.522, 1.523, 1.524, 1.524, 1.524, 1.524, 1.524, 1.523, 1.522, 1.522, 1.52, 1.52, 1.519, 1.518, 1.517, 1.517, 1.517, 1.516, 1.516, 1.516, 1.516, 1.516, 1.516, 1.516, 1.516, 1.516, 1.516, 1.513, 1.513, 1.513, 1.513, 1.512, 1.511, 1.511, 1.511, 1.511, 1.511, 1.511, 1.511, 1.511, 1.511, 1.512, 1.513, 1.513, 1.513, 1.513, 1.513, 1.513, 1.513, 1.513, 1.513, 1.513, 1.513, 1.513, 1.513, 1.513, 1.513, 1.513, 1.516, 1.516, 1.516, 1.516, 1.516, 1.516, 1.516, 1.516, 1.516, 1.516, 1.516, 1.516, 1.516, 1.516, 1.517, 1.517, 1.518, 1.518, 1.518, 1.517, 1.517, 1.517, 1.516, 1.516, 1.513, 1.513, 1.512, 1.512, 1.512, 1.511, 1.511, 1.511, 1.511, 1.511, 1.511, 1.511, 1.511, 1.511, 1.511, 1.511, 1.511, 1.511, 1.51, 1.51, 1.509, 1.509, 1.509, 1.509, 1.509, 1.509, 1.509, 1.509, 1.51, 1.511, 1.511, 1.511, 1.511, 1.511, 1.511, 1.511, 1.511, 1.511, 1.511, 1.511, 1.51, 1.51, 1.511, 1.511, 1.511, 1.511, 1.512, 1.512, 1.512, 1.511, 1.51, 1.509, 1.508, 1.507, 1.506, 1.506, 1.506, 1.506, 1.507, 1.507, 1.511, 1.512, 1.512, 1.516, 1.516, 1.517, 1.517, 1.516, 1.516, 1.516, 1.512, 1.511, 1.51, 1.509, 1.508, 1.507, 1.507, 1.507, 1.507, 1.507, 1.506, 1.506, 1.505, 1.505, 1.505, 1.505, 1.505, 1.505, 1.505, 1.505, 1.505, 1.504, 1.503, 1.502, 1.501, 1.5, 1.499, 1.496, 1.496, 1.496, 1.496, 1.496, 1.496, 1.499, 1.499, 1.5, 1.501, 1.502, 1.503, 1.502, 1.502, 1.501, 1.501, 1.501, 1.501, 1.501, 1.501, 1.502, 1.503, 1.503, 1.503, 1.504, 1.504, 1.505, 1.505, 1.505, 1.505, 1.505, 1.505, 1.505, 1.504, 1.503, 1.502, 1.501, 1.501, 1.501, 1.501, 1.501, 1.501, 1.501, 1.501, 1.501, 1.501, 1.501, 1.501, 1.502, 1.502, 1.503, 1.504, 1.505, 1.505, 1.505, 1.505, 1.504, 1.503, 1.503, 1.502, 1.501, 1.5, 1.499, 1.496, 1.495, 1.494, 1.494, 1.494, 1.493, 1.493, 1.492, 1.492, 1.492, 1.492, 1.491, 1.49, 1.49, 1.489, 1.488, 1.488, 1.488, 1.488, 1.489, 1.49, 1.49, 1.49, 1.49, 1.49, 1.49, 1.49, 1.489, 1.488, 1.487, 1.486, 1.484, 1.483, 1.482, 1.48, 1.479, 1.477, 1.476, 1.475, 1.474, 1.473, 1.472, 1.472, 1.472, 1.471, 1.471, 1.471, 1.471, 1.472, 1.472, 1.472, 1.473, 1.474, 1.474, 1.474, 1.474, 1.473, 1.472, 1.472, 1.471, 1.47, 1.47, 1.468, 1.466, 1.466, 1.464, 1.462, 1.462, 1.46, 1.46, 1.46, 1.46, 1.46, 1.462, 1.462, 1.464, 1.466, 1.466, 1.468, 1.471, 1.472, 1.472, 1.473, 1.473, 1.473, 1.473, 1.472, 1.472, 1.472, 1.472, 1.472, 1.471, 1.471, 1.471, 1.472, 1.472, 1.472, 1.472, 1.472, 1.472, 1.472, 1.472, 1.471, 1.471, 1.47, 1.468, 1.468, 1.468, 1.466, 1.466, 1.466, 1.464, 1.464, 1.464, 1.462, 1.462, 1.462, 1.462, 1.462, 1.462, 1.464, 1.464, 1.464, 1.464, 1.466, 1.466, 1.466, 1.466, 1.466, 1.464, 1.464, 1.464, 1.464, 1.464, 1.462, 1.462, 1.462, 1.462, 1.462, 1.46, 1.46, 1.458, 1.458, 1.456, 1.456, 1.456, 1.454, 1.454, 1.454, 1.456, 1.456, 1.458, 1.458, 1.46, 1.462, 1.462, 1.464, 1.466, 1.466, 1.466, 1.466, 1.466, 1.466, 1.466, 1.464, 1.464, 1.462, 1.462, 1.462, 1.462, 1.462, 1.462, 1.464, 1.464, 1.466, 1.466, 1.466, 1.468, 1.468, 1.47, 0, 
1.534, 1.533, 1.533, 1.533, 1.532, 1.531, 1.528, 1.528, 1.527, 1.526, 1.525, 1.524, 1.524, 1.524, 1.523, 1.524, 1.524, 1.524, 1.525, 1.526, 1.527, 1.528, 1.528, 1.528, 1.528, 1.528, 1.527, 1.527, 1.526, 1.526, 1.525, 1.525, 1.524, 1.524, 1.524, 1.523, 1.522, 1.522, 1.521, 1.52, 1.52, 1.52, 1.519, 1.519, 1.519, 1.519, 1.519, 1.52, 1.52, 1.52, 1.52, 1.52, 1.52, 1.52, 1.52, 1.52, 1.521, 1.522, 1.522, 1.523, 1.524, 1.524, 1.524, 1.524, 1.524, 1.522, 1.522, 1.521, 1.52, 1.519, 1.518, 1.517, 1.516, 1.516, 1.516, 1.516, 1.516, 1.516, 1.516, 1.516, 1.516, 1.516, 1.516, 1.516, 1.516, 1.513, 1.513, 1.513, 1.512, 1.511, 1.511, 1.511, 1.511, 1.511, 1.511, 1.511, 1.511, 1.511, 1.512, 1.513, 1.513, 1.513, 1.513, 1.513, 1.513, 1.513, 1.513, 1.513, 1.513, 1.513, 1.513, 1.513, 1.513, 1.513, 1.516, 1.516, 1.516, 1.516, 1.516, 1.516, 1.516, 1.516, 1.516, 1.516, 1.516, 1.516, 1.516, 1.516, 1.517, 1.517, 1.518, 1.519, 1.519, 1.519, 1.518, 1.518, 1.518, 1.517, 1.516, 1.516, 1.513, 1.513, 1.513, 1.512, 1.512, 1.512, 1.511, 1.511, 1.511, 1.511, 1.511, 1.511, 1.512, 1.512, 1.512, 1.512, 1.512, 1.511, 1.51, 1.51, 1.509, 1.509, 1.509, 1.509, 1.509, 1.509, 1.51, 1.511, 1.511, 1.512, 1.512, 1.512, 1.512, 1.511, 1.511, 1.511, 1.511, 1.51, 1.51, 1.509, 1.509, 1.51, 1.51, 1.511, 1.511, 1.512, 1.513, 1.513, 1.512, 1.511, 1.51, 1.509, 1.508, 1.507, 1.507, 1.507, 1.507, 1.507, 1.508, 1.511, 1.512, 1.516, 1.516, 1.517, 1.517, 1.517, 1.517, 1.516, 1.516, 1.512, 1.511, 1.51, 1.509, 1.508, 1.507, 1.507, 1.507, 1.507, 1.506, 1.506, 1.505, 1.505, 1.505, 1.505, 1.505, 1.505, 1.505, 1.505, 1.505, 1.505, 1.504, 1.503, 1.503, 1.501, 1.5, 1.5, 1.499, 1.496, 1.496, 1.496, 1.496, 1.496, 1.499, 1.5, 1.501, 1.501, 1.502, 1.503, 1.502, 1.502, 1.501, 1.501, 1.501, 1.501, 1.501, 1.501, 1.502, 1.502, 1.503, 1.503, 1.503, 1.504, 1.505, 1.505, 1.506, 1.506, 1.506, 1.505, 1.505, 1.505, 1.504, 1.503, 1.502, 1.501, 1.501, 1.501, 1.501, 1.501, 1.501, 1.501, 1.501, 1.501, 1.501, 1.501, 1.501, 1.502, 1.503, 1.503, 1.504, 1.504, 1.504, 1.504, 1.504, 1.503, 1.503, 1.502, 1.501, 1.5, 1.499, 1.496, 1.495, 1.494, 1.493, 1.493, 1.493, 1.492, 1.492, 1.492, 1.492, 1.492, 1.491, 1.49, 1.49, 1.489, 1.488, 1.488, 1.488, 1.488, 1.489, 1.49, 1.49, 1.49, 1.49, 1.49, 1.49, 1.49, 1.489, 1.488, 1.488, 1.486, 1.485, 1.484, 1.483, 1.481, 1.48, 1.478, 1.477, 1.476, 1.475, 1.474, 1.473, 1.472, 1.472, 1.472, 1.472, 1.472, 1.472, 1.472, 1.472, 1.473, 1.474, 1.474, 1.474, 1.474, 1.474, 1.473, 1.472, 1.472, 1.471, 1.47, 1.47, 1.469, 1.466, 1.466, 1.462, 1.462, 1.462, 1.46, 1.458, 1.458, 1.46, 1.46, 1.462, 1.462, 1.464, 1.466, 1.466, 1.468, 1.471, 1.472, 1.472, 1.472, 1.473, 1.474, 1.473, 1.472, 1.472, 1.472, 1.472, 1.472, 1.472, 1.472, 1.472, 1.472, 1.472, 1.472, 1.472, 1.472, 1.472, 1.472, 1.472, 1.472, 1.471, 1.47, 1.469, 1.468, 1.468, 1.466, 1.466, 1.466, 1.464, 1.464, 1.464, 1.464, 1.462, 1.462, 1.462, 1.464, 1.464, 1.464, 1.464, 1.464, 1.466, 1.466, 1.466, 1.466, 1.466, 1.466, 1.466, 1.464, 1.464, 1.464, 1.464, 1.464, 1.464, 1.462, 1.462, 1.462, 1.46, 1.46, 1.458, 1.458, 1.456, 1.456, 1.456, 1.454, 1.454, 1.454, 1.456, 1.456, 1.458, 1.458, 1.46, 1.462, 1.462, 1.464, 1.466, 1.466, 1.466, 1.466, 1.466, 1.464, 1.464, 1.462, 1.462, 1.462, 1.462, 1.462, 1.462, 1.462, 1.462, 1.462, 1.464, 1.466, 1.466, 1.468, 1.468, 1.468, 1.47, 0, 
1.533, 1.533, 1.533, 1.533, 1.532, 1.531, 1.528, 1.528, 1.527, 1.526, 1.525, 1.524, 1.524, 1.524, 1.524, 1.524, 1.524, 1.524, 1.525, 1.526, 1.527, 1.528, 1.528, 1.528, 1.528, 1.528, 1.528, 1.527, 1.526, 1.526, 1.525, 1.524, 1.524, 1.524, 1.523, 1.522, 1.522, 1.521, 1.52, 1.52, 1.52, 1.52, 1.52, 1.52, 1.52, 1.52, 1.52, 1.52, 1.52, 1.52, 1.52, 1.52, 1.52, 1.52, 1.52, 1.52, 1.52, 1.521, 1.522, 1.523, 1.524, 1.524, 1.524, 1.524, 1.524, 1.523, 1.522, 1.521, 1.52, 1.519, 1.518, 1.517, 1.516, 1.516, 1.516, 1.516, 1.516, 1.516, 1.516, 1.516, 1.517, 1.517, 1.516, 1.516, 1.516, 1.516, 1.513, 1.512, 1.512, 1.511, 1.511, 1.511, 1.511, 1.511, 1.511, 1.511, 1.511, 1.511, 1.512, 1.513, 1.513, 1.516, 1.516, 1.516, 1.516, 1.513, 1.513, 1.513, 1.513, 1.513, 1.513, 1.513, 1.513, 1.513, 1.516, 1.516, 1.516, 1.516, 1.516, 1.516, 1.516, 1.516, 1.516, 1.516, 1.516, 1.516, 1.516, 1.516, 1.517, 1.518, 1.519, 1.52, 1.52, 1.52, 1.52, 1.52, 1.519, 1.518, 1.517, 1.516, 1.516, 1.516, 1.513, 1.513, 1.513, 1.512, 1.512, 1.511, 1.511, 1.511, 1.511, 1.512, 1.512, 1.513, 1.513, 1.513, 1.512, 1.512, 1.511, 1.511, 1.51, 1.51, 1.51, 1.51, 1.51, 1.51, 1.511, 1.511, 1.512, 1.512, 1.513, 1.513, 1.512, 1.511, 1.511, 1.511, 1.51, 1.51, 1.509, 1.509, 1.509, 1.509, 1.51, 1.51, 1.511, 1.512, 1.516, 1.516, 1.513, 1.512, 1.511, 1.51, 1.509, 1.508, 1.508, 1.508, 1.508, 1.508, 1.509, 1.511, 1.512, 1.516, 1.516, 1.517, 1.518, 1.518, 1.517, 1.517, 1.516, 1.512, 1.511, 1.51, 1.509, 1.508, 1.507, 1.507, 1.507, 1.506, 1.506, 1.505, 1.505, 1.505, 1.505, 1.505, 1.505, 1.505, 1.505, 1.505, 1.505, 1.505, 1.504, 1.503, 1.503, 1.502, 1.501, 1.5, 1.499, 1.499, 1.496, 1.496, 1.496, 1.499, 1.499, 1.5, 1.501, 1.502, 1.502, 1.503, 1.502, 1.502, 1.501, 1.501, 1.501, 1.501, 1.501, 1.501, 1.501, 1.502, 1.503, 1.503, 1.503, 1.504, 1.505, 1.505, 1.506, 1.506, 1.506, 1.505, 1.505, 1.505, 1.504, 1.503, 1.503, 1.502, 1.501, 1.501, 1.501, 1.501, 1.501, 1.5, 1.5, 1.5, 1.5, 1.501, 1.501, 1.501, 1.502, 1.502, 1.503, 1.503, 1.503, 1.503, 1.503, 1.503, 1.503, 1.502, 1.501, 1.5, 1.499, 1.496, 1.495, 1.494, 1.493, 1.492, 1.492, 1.492, 1.492, 1.492, 1.492, 1.492, 1.491, 1.49, 1.49, 1.489, 1.488, 1.488, 1.488, 1.488, 1.489, 1.49, 1.49, 1.49, 1.49, 1.49, 1.49, 1.49, 1.489, 1.489, 1.488, 1.487, 1.486, 1.485, 1.484, 1.482, 1.481, 1.479, 1.478, 1.477, 1.476, 1.475, 1.474, 1.473, 1.473, 1.472, 1.472, 1.472, 1.472, 1.473, 1.473, 1.473, 1.474, 1.474, 1.474, 1.474, 1.474, 1.473, 1.472, 1.472, 1.471, 1.47, 1.47, 1.469, 1.466, 1.466, 1.462, 1.462, 1.462, 1.46, 1.458, 1.458, 1.458, 1.46, 1.46, 1.462, 1.464, 1.466, 1.468, 1.468, 1.471, 1.471, 1.472, 1.472, 1.473, 1.474, 1.473, 1.473, 1.472, 1.472, 1.472, 1.472, 1.472, 1.472, 1.472, 1.472, 1.472, 1.472, 1.472, 1.473, 1.473, 1.473, 1.473, 1.472, 1.471, 1.47, 1.469, 1.468, 1.468, 1.466, 1.466, 1.466, 1.464, 1.464, 1.464, 1.464, 1.464, 1.464, 1.464, 1.464, 1.464, 1.464, 1.464, 1.464, 1.466, 1.466, 1.466, 1.466, 1.466, 1.466, 1.464, 1.464, 1.464, 1.464, 1.464, 1.464, 1.464, 1.464, 1.464, 1.462, 1.462, 1.46, 1.46, 1.458, 1.458, 1.456, 1.456, 1.454, 1.454, 1.454, 1.456, 1.456, 1.458, 1.458, 1.46, 1.462, 1.462, 1.464, 1.466, 1.466, 1.466, 1.466, 1.466, 1.464, 1.462, 1.462, 1.462, 1.46, 1.46, 1.46, 1.46, 1.462, 1.462, 1.462, 1.464, 1.466, 1.466, 1.468, 1.468, 1.468, 1.47, 0, 
1.533, 1.533, 1.533, 1.532, 1.532, 1.531, 1.528, 1.528, 1.527, 1.526, 1.525, 1.524, 1.524, 1.524, 1.524, 1.524, 1.524, 1.524, 1.524, 1.525, 1.526, 1.527, 1.528, 1.528, 1.528, 1.528, 1.528, 1.527, 1.526, 1.526, 1.525, 1.524, 1.524, 1.524, 1.523, 1.522, 1.521, 1.52, 1.52, 1.52, 1.52, 1.52, 1.52, 1.52, 1.52, 1.52, 1.52, 1.52, 1.52, 1.52, 1.52, 1.52, 1.52, 1.52, 1.52, 1.52, 1.52, 1.521, 1.522, 1.523, 1.524, 1.524, 1.524, 1.524, 1.524, 1.523, 1.523, 1.522, 1.52, 1.519, 1.518, 1.517, 1.516, 1.516, 1.516, 1.516, 1.516, 1.516, 1.516, 1.516, 1.517, 1.517, 1.517, 1.516, 1.516, 1.516, 1.516, 1.512, 1.512, 1.511, 1.511, 1.511, 1.511, 1.511, 1.511, 1.511, 1.511, 1.512, 1.512, 1.513, 1.516, 1.516, 1.516, 1.516, 1.516, 1.513, 1.513, 1.513, 1.513, 1.513, 1.513, 1.513, 1.513, 1.516, 1.516, 1.516, 1.516, 1.516, 1.516, 1.516, 1.516, 1.516, 1.516, 1.516, 1.516, 1.516, 1.516, 1.517, 1.517, 1.518, 1.52, 1.52, 1.521, 1.521, 1.521, 1.521, 1.52, 1.519, 1.518, 1.517, 1.516, 1.516, 1.516, 1.516, 1.513, 1.513, 1.512, 1.511, 1.511, 1.511, 1.511, 1.512, 1.513, 1.513, 1.513, 1.513, 1.513, 1.512, 1.512, 1.511, 1.511, 1.511, 1.511, 1.511, 1.511, 1.511, 1.511, 1.511, 1.512, 1.513, 1.513, 1.513, 1.512, 1.511, 1.511, 1.511, 1.51, 1.509, 1.508, 1.508, 1.508, 1.508, 1.509, 1.51, 1.511, 1.512, 1.512, 1.516, 1.516, 1.512, 1.512, 1.511, 1.51, 1.509, 1.509, 1.509, 1.509, 1.509, 1.51, 1.511, 1.512, 1.516, 1.516, 1.517, 1.517, 1.517, 1.517, 1.517, 1.516, 1.512, 1.511, 1.51, 1.509, 1.508, 1.507, 1.507, 1.507, 1.506, 1.505, 1.505, 1.505, 1.505, 1.505, 1.505, 1.505, 1.505, 1.505, 1.505, 1.505, 1.505, 1.505, 1.504, 1.503, 1.502, 1.501, 1.5, 1.5, 1.499, 1.499, 1.499, 1.499, 1.499, 1.5, 1.5, 1.501, 1.502, 1.503, 1.503, 1.503, 1.502, 1.501, 1.501, 1.501, 1.501, 1.501, 1.501, 1.501, 1.502, 1.503, 1.503, 1.503, 1.504, 1.505, 1.505, 1.506, 1.506, 1.506, 1.506, 1.505, 1.505, 1.505, 1.504, 1.503, 1.502, 1.502, 1.501, 1.501, 1.501, 1.5, 1.5, 1.499, 1.499, 1.5, 1.5, 1.5, 1.501, 1.501, 1.502, 1.502, 1.503, 1.503, 1.503, 1.503, 1.503, 1.503, 1.502, 1.501, 1.5, 1.5, 1.495, 1.494, 1.494, 1.493, 1.492, 1.492, 1.492, 1.492, 1.492, 1.492, 1.492, 1.491, 1.491, 1.49, 1.489, 1.488, 1.488, 1.488, 1.488, 1.489, 1.49, 1.49, 1.49, 1.49, 1.49, 1.49, 1.49, 1.49, 1.489, 1.488, 1.488, 1.487, 1.486, 1.485, 1.484, 1.482, 1.481, 1.479, 1.478, 1.477, 1.476, 1.475, 1.474, 1.473, 1.473, 1.472, 1.472, 1.473, 1.473, 1.474, 1.474, 1.474, 1.474, 1.474, 1.474, 1.474, 1.473, 1.472, 1.471, 1.47, 1.47, 1.47, 1.469, 1.466, 1.466, 1.464, 1.462, 1.462, 1.46, 1.458, 1.458, 1.458, 1.46, 1.46, 1.462, 1.464, 1.466, 1.468, 1.468, 1.468, 1.472, 1.472, 1.472, 1.473, 1.474, 1.474, 1.473, 1.473, 1.472, 1.472, 1.472, 1.472, 1.472, 1.472, 1.472, 1.472, 1.472, 1.472, 1.473, 1.474, 1.474, 1.473, 1.472, 1.472, 1.471, 1.47, 1.469, 1.468, 1.466, 1.466, 1.466, 1.464, 1.464, 1.464, 1.464, 1.464, 1.464, 1.464, 1.464, 1.464, 1.464, 1.464, 1.464, 1.464, 1.464, 1.464, 1.466, 1.464, 1.464, 1.464, 1.464, 1.464, 1.464, 1.464, 1.464, 1.464, 1.464, 1.464, 1.464, 1.462, 1.462, 1.46, 1.458, 1.458, 1.458, 1.456, 1.456, 1.456, 1.456, 1.456, 1.456, 1.458, 1.458, 1.46, 1.462, 1.462, 1.464, 1.466, 1.466, 1.466, 1.466, 1.464, 1.462, 1.462, 1.462, 1.46, 1.46, 1.458, 1.458, 1.458, 1.46, 1.462, 1.462, 1.464, 1.464, 1.466, 1.468, 1.468, 1.468, 1.471, 0, 
1.533, 1.533, 1.533, 1.532, 1.532, 1.531, 1.531, 1.528, 1.528, 1.527, 1.526, 1.525, 1.524, 1.524, 1.524, 1.524, 1.524, 1.524, 1.524, 1.525, 1.526, 1.527, 1.528, 1.528, 1.528, 1.528, 1.528, 1.527, 1.526, 1.526, 1.525, 1.524, 1.524, 1.523, 1.522, 1.521, 1.52, 1.52, 1.52, 1.52, 1.52, 1.52, 1.519, 1.519, 1.52, 1.52, 1.52, 1.52, 1.52, 1.52, 1.52, 1.52, 1.52, 1.52, 1.52, 1.52, 1.52, 1.521, 1.521, 1.522, 1.523, 1.524, 1.524, 1.524, 1.524, 1.524, 1.523, 1.522, 1.52, 1.52, 1.518, 1.517, 1.516, 1.516, 1.516, 1.516, 1.516, 1.516, 1.516, 1.517, 1.517, 1.518, 1.517, 1.517, 1.516, 1.516, 1.516, 1.513, 1.512, 1.511, 1.511, 1.511, 1.511, 1.511, 1.511, 1.511, 1.511, 1.512, 1.513, 1.513, 1.516, 1.516, 1.516, 1.516, 1.513, 1.513, 1.513, 1.512, 1.512, 1.512, 1.512, 1.513, 1.513, 1.516, 1.516, 1.516, 1.516, 1.516, 1.516, 1.516, 1.516, 1.516, 1.516, 1.516, 1.516, 1.516, 1.516, 1.516, 1.517, 1.518, 1.52, 1.521, 1.522, 1.522, 1.522, 1.522, 1.521, 1.52, 1.519, 1.518, 1.517, 1.517, 1.516, 1.516, 1.516, 1.513, 1.512, 1.512, 1.511, 1.511, 1.511, 1.512, 1.513, 1.513, 1.513, 1.516, 1.516, 1.513, 1.512, 1.512, 1.512, 1.511, 1.511, 1.511, 1.511, 1.511, 1.511, 1.512, 1.512, 1.513, 1.513, 1.513, 1.512, 1.512, 1.511, 1.51, 1.509, 1.508, 1.507, 1.507, 1.507, 1.507, 1.508, 1.509, 1.51, 1.511, 1.512, 1.516, 1.516, 1.516, 1.512, 1.511, 1.511, 1.51, 1.51, 1.51, 1.51, 1.51, 1.511, 1.512, 1.512, 1.516, 1.516, 1.516, 1.516, 1.516, 1.516, 1.516, 1.516, 1.512, 1.511, 1.51, 1.509, 1.508, 1.507, 1.507, 1.506, 1.505, 1.505, 1.505, 1.505, 1.505, 1.505, 1.505, 1.505, 1.505, 1.505, 1.505, 1.505, 1.505, 1.505, 1.504, 1.504, 1.503, 1.502, 1.501, 1.5, 1.499, 1.499, 1.499, 1.499, 1.499, 1.5, 1.501, 1.502, 1.502, 1.503, 1.503, 1.503, 1.502, 1.502, 1.501, 1.501, 1.501, 1.501, 1.501, 1.501, 1.501, 1.502, 1.503, 1.503, 1.503, 1.504, 1.505, 1.506, 1.506, 1.506, 1.506, 1.505, 1.505, 1.505, 1.504, 1.504, 1.503, 1.502, 1.501, 1.501, 1.5, 1.5, 1.499, 1.499, 1.499, 1.499, 1.499, 1.5, 1.5, 1.501, 1.501, 1.501, 1.502, 1.503, 1.503, 1.503, 1.503, 1.503, 1.502, 1.501, 1.501, 1.5, 1.495, 1.494, 1.494, 1.493, 1.492, 1.492, 1.492, 1.492, 1.492, 1.492, 1.492, 1.491, 1.491, 1.49, 1.489, 1.488, 1.488, 1.488, 1.489, 1.489, 1.49, 1.49, 1.49, 1.49, 1.49, 1.49, 1.49, 1.49, 1.49, 1.489, 1.488, 1.488, 1.487, 1.486, 1.485, 1.483, 1.482, 1.48, 1.479, 1.478, 1.476, 1.475, 1.474, 1.474, 1.473, 1.473, 1.473, 1.473, 1.474, 1.474, 1.474, 1.474, 1.474, 1.474, 1.474, 1.474, 1.473, 1.472, 1.471, 1.47, 1.47, 1.469, 1.469, 1.466, 1.466, 1.464, 1.462, 1.462, 1.46, 1.458, 1.458, 1.458, 1.46, 1.46, 1.462, 1.464, 1.466, 1.468, 1.468, 1.468, 1.471, 1.472, 1.472, 1.473, 1.474, 1.474, 1.474, 1.474, 1.473, 1.473, 1.472, 1.472, 1.472, 1.472, 1.472, 1.472, 1.472, 1.472, 1.473, 1.474, 1.474, 1.474, 1.473, 1.472, 1.471, 1.47, 1.469, 1.468, 1.466, 1.466, 1.464, 1.464, 1.464, 1.464, 1.464, 1.464, 1.464, 1.464, 1.464, 1.464, 1.464, 1.464, 1.464, 1.464, 1.464, 1.464, 1.464, 1.464, 1.464, 1.464, 1.464, 1.464, 1.464, 1.464, 1.464, 1.464, 1.464, 1.464, 1.464, 1.464, 1.462, 1.462, 1.46, 1.458, 1.458, 1.458, 1.456, 1.456, 1.456, 1.456, 1.458, 1.458, 1.458, 1.46, 1.462, 1.462, 1.462, 1.464, 1.466, 1.466, 1.464, 1.464, 1.462, 1.462, 1.46, 1.46, 1.458, 1.458, 1.458, 1.458, 1.46, 1.46, 1.462, 1.464, 1.464, 1.466, 1.468, 1.468, 1.468, 1.471, 0, 
1.533, 1.533, 1.533, 1.533, 1.532, 1.531, 1.531, 1.528, 1.528, 1.527, 1.526, 1.525, 1.524, 1.524, 1.524, 1.524, 1.524, 1.524, 1.524, 1.524, 1.525, 1.526, 1.527, 1.527, 1.528, 1.528, 1.528, 1.527, 1.527, 1.526, 1.525, 1.524, 1.524, 1.523, 1.522, 1.521, 1.52, 1.52, 1.52, 1.519, 1.519, 1.519, 1.519, 1.519, 1.519, 1.52, 1.52, 1.52, 1.52, 1.52, 1.52, 1.52, 1.52, 1.52, 1.52, 1.52, 1.52, 1.52, 1.521, 1.522, 1.523, 1.524, 1.524, 1.524, 1.524, 1.524, 1.523, 1.522, 1.521, 1.52, 1.518, 1.517, 1.516, 1.516, 1.516, 1.516, 1.516, 1.516, 1.516, 1.517, 1.518, 1.518, 1.518, 1.518, 1.517, 1.516, 1.516, 1.513, 1.512, 1.512, 1.511, 1.511, 1.511, 1.511, 1.511, 1.511, 1.512, 1.512, 1.513, 1.516, 1.516, 1.516, 1.516, 1.516, 1.513, 1.513, 1.513, 1.512, 1.511, 1.511, 1.512, 1.513, 1.513, 1.516, 1.516, 1.516, 1.516, 1.516, 1.516, 1.516, 1.516, 1.516, 1.516, 1.516, 1.516, 1.516, 1.516, 1.516, 1.517, 1.518, 1.52, 1.521, 1.522, 1.522, 1.523, 1.523, 1.522, 1.521, 1.52, 1.519, 1.518, 1.518, 1.517, 1.517, 1.516, 1.516, 1.513, 1.512, 1.512, 1.511, 1.511, 1.512, 1.513, 1.513, 1.516, 1.516, 1.516, 1.516, 1.516, 1.513, 1.512, 1.512, 1.512, 1.512, 1.512, 1.512, 1.512, 1.513, 1.513, 1.513, 1.513, 1.513, 1.513, 1.512, 1.511, 1.51, 1.509, 1.508, 1.507, 1.507, 1.507, 1.507, 1.507, 1.508, 1.509, 1.511, 1.512, 1.516, 1.516, 1.516, 1.516, 1.512, 1.512, 1.511, 1.511, 1.511, 1.511, 1.511, 1.511, 1.512, 1.512, 1.513, 1.516, 1.516, 1.516, 1.516, 1.516, 1.513, 1.512, 1.512, 1.511, 1.51, 1.509, 1.507, 1.507, 1.506, 1.506, 1.505, 1.505, 1.505, 1.505, 1.505, 1.505, 1.505, 1.505, 1.505, 1.505, 1.505, 1.505, 1.505, 1.505, 1.505, 1.504, 1.504, 1.503, 1.502, 1.501, 1.5, 1.5, 1.5, 1.5, 1.5, 1.501, 1.501, 1.502, 1.503, 1.503, 1.503, 1.503, 1.503, 1.502, 1.502, 1.502, 1.501, 1.501, 1.501, 1.501, 1.501, 1.502, 1.503, 1.503, 1.503, 1.504, 1.504, 1.505, 1.506, 1.506, 1.506, 1.505, 1.505, 1.505, 1.505, 1.504, 1.503, 1.502, 1.501, 1.501, 1.5, 1.499, 1.499, 1.499, 1.499, 1.499, 1.499, 1.499, 1.5, 1.5, 1.501, 1.501, 1.501, 1.502, 1.502, 1.503, 1.503, 1.503, 1.502, 1.501, 1.501, 1.5, 1.495, 1.494, 1.494, 1.493, 1.492, 1.492, 1.492, 1.492, 1.492, 1.492, 1.492, 1.491, 1.49, 1.49, 1.489, 1.488, 1.488, 1.488, 1.489, 1.49, 1.49, 1.49, 1.49, 1.49, 1.49, 1.49, 1.49, 1.49, 1.49, 1.49, 1.489, 1.489, 1.488, 1.487, 1.486, 1.484, 1.483, 1.481, 1.48, 1.478, 1.477, 1.476, 1.475, 1.474, 1.474, 1.473, 1.473, 1.474, 1.474, 1.474, 1.474, 1.474, 1.474, 1.474, 1.474, 1.473, 1.473, 1.472, 1.471, 1.47, 1.47, 1.469, 1.469, 1.466, 1.466, 1.464, 1.462, 1.462, 1.46, 1.46, 1.46, 1.46, 1.46, 1.462, 1.462, 1.464, 1.466, 1.468, 1.468, 1.468, 1.471, 1.472, 1.472, 1.473, 1.474, 1.474, 1.474, 1.474, 1.474, 1.473, 1.472, 1.472, 1.472, 1.472, 1.472, 1.472, 1.472, 1.472, 1.473, 1.474, 1.474, 1.474, 1.473, 1.472, 1.471, 1.47, 1.469, 1.468, 1.466, 1.466, 1.464, 1.464, 1.462, 1.462, 1.462, 1.464, 1.464, 1.464, 1.464, 1.464, 1.464, 1.464, 1.464, 1.464, 1.464, 1.464, 1.464, 1.464, 1.464, 1.464, 1.464, 1.464, 1.464, 1.464, 1.464, 1.464, 1.464, 1.464, 1.464, 1.464, 1.464, 1.462, 1.46, 1.46, 1.458, 1.458, 1.458, 1.458, 1.458, 1.458, 1.458, 1.458, 1.458, 1.46, 1.462, 1.462, 1.462, 1.464, 1.466, 1.466, 1.464, 1.464, 1.462, 1.462, 1.46, 1.458, 1.458, 1.458, 1.458, 1.458, 1.46, 1.46, 1.462, 1.464, 1.464, 1.466, 1.468, 1.468, 1.468, 1.472, 0, 
1.533, 1.533, 1.533, 1.533, 1.532, 1.531, 1.531, 1.528, 1.528, 1.527, 1.526, 1.525, 1.524, 1.524, 1.523, 1.523, 1.523, 1.523, 1.523, 1.524, 1.524, 1.525, 1.526, 1.526, 1.527, 1.528, 1.528, 1.528, 1.527, 1.526, 1.525, 1.524, 1.524, 1.523, 1.522, 1.521, 1.52, 1.52, 1.519, 1.519, 1.518, 1.518, 1.518, 1.518, 1.518, 1.519, 1.52, 1.52, 1.52, 1.52, 1.52, 1.52, 1.52, 1.52, 1.52, 1.52, 1.52, 1.52, 1.52, 1.521, 1.522, 1.523, 1.524, 1.524, 1.524, 1.524, 1.523, 1.522, 1.521, 1.52, 1.519, 1.518, 1.517, 1.517, 1.516, 1.516, 1.516, 1.516, 1.516, 1.517, 1.518, 1.518, 1.518, 1.518, 1.517, 1.517, 1.516, 1.513, 1.513, 1.512, 1.511, 1.511, 1.511, 1.511, 1.511, 1.511, 1.512, 1.513, 1.513, 1.516, 1.516, 1.516, 1.516, 1.516, 1.513, 1.513, 1.513, 1.512, 1.511, 1.512, 1.512, 1.513, 1.513, 1.516, 1.516, 1.516, 1.516, 1.516, 1.516, 1.516, 1.516, 1.516, 1.516, 1.516, 1.516, 1.516, 1.516, 1.516, 1.517, 1.518, 1.52, 1.521, 1.522, 1.523, 1.523, 1.523, 1.523, 1.522, 1.521, 1.52, 1.52, 1.519, 1.518, 1.517, 1.517, 1.516, 1.513, 1.513, 1.512, 1.511, 1.511, 1.512, 1.513, 1.513, 1.516, 1.516, 1.516, 1.516, 1.516, 1.516, 1.513, 1.513, 1.512, 1.512, 1.512, 1.513, 1.513, 1.513, 1.513, 1.513, 1.513, 1.513, 1.513, 1.512, 1.511, 1.511, 1.508, 1.507, 1.507, 1.506, 1.506, 1.506, 1.507, 1.507, 1.509, 1.51, 1.511, 1.512, 1.516, 1.516, 1.516, 1.513, 1.512, 1.512, 1.511, 1.511, 1.511, 1.511, 1.511, 1.511, 1.512, 1.512, 1.512, 1.512, 1.513, 1.512, 1.512, 1.512, 1.512, 1.511, 1.51, 1.509, 1.508, 1.507, 1.507, 1.506, 1.505, 1.505, 1.505, 1.505, 1.505, 1.505, 1.505, 1.505, 1.505, 1.505, 1.505, 1.505, 1.505, 1.505, 1.505, 1.505, 1.505, 1.504, 1.503, 1.503, 1.502, 1.501, 1.501, 1.501, 1.501, 1.501, 1.501, 1.502, 1.503, 1.503, 1.503, 1.503, 1.503, 1.503, 1.503, 1.503, 1.502, 1.502, 1.501, 1.501, 1.501, 1.501, 1.502, 1.502, 1.503, 1.503, 1.503, 1.504, 1.505, 1.505, 1.505, 1.505, 1.505, 1.505, 1.505, 1.505, 1.504, 1.503, 1.503, 1.501, 1.501, 1.5, 1.499, 1.499, 1.499, 1.499, 1.499, 1.499, 1.499, 1.499, 1.499, 1.5, 1.5, 1.501, 1.501, 1.502, 1.502, 1.502, 1.503, 1.502, 1.501, 1.501, 1.5, 1.495, 1.494, 1.494, 1.493, 1.492, 1.492, 1.492, 1.492, 1.492, 1.492, 1.492, 1.491, 1.49, 1.49, 1.489, 1.488, 1.488, 1.488, 1.489, 1.49, 1.49, 1.49, 1.49, 1.49, 1.49, 1.49, 1.49, 1.49, 1.49, 1.49, 1.49, 1.489, 1.489, 1.488, 1.487, 1.486, 1.484, 1.482, 1.481, 1.479, 1.478, 1.476, 1.475, 1.475, 1.474, 1.474, 1.474, 1.474, 1.474, 1.474, 1.474, 1.474, 1.474, 1.474, 1.474, 1.473, 1.472, 1.471, 1.47, 1.47, 1.47, 1.469, 1.468, 1.466, 1.466, 1.464, 1.462, 1.462, 1.462, 1.46, 1.46, 1.46, 1.46, 1.462, 1.462, 1.464, 1.466, 1.468, 1.468, 1.468, 1.471, 1.472, 1.472, 1.473, 1.473, 1.474, 1.474, 1.474, 1.474, 1.473, 1.472, 1.472, 1.472, 1.472, 1.472, 1.472, 1.472, 1.472, 1.473, 1.473, 1.474, 1.474, 1.473, 1.472, 1.471, 1.47, 1.469, 1.468, 1.466, 1.464, 1.464, 1.462, 1.462, 1.462, 1.462, 1.462, 1.462, 1.464, 1.464, 1.462, 1.462, 1.462, 1.462, 1.464, 1.464, 1.464, 1.464, 1.464, 1.464, 1.464, 1.464, 1.464, 1.464, 1.464, 1.464, 1.464, 1.466, 1.466, 1.464, 1.464, 1.464, 1.462, 1.462, 1.46, 1.46, 1.458, 1.458, 1.458, 1.458, 1.458, 1.458, 1.458, 1.458, 1.46, 1.462, 1.462, 1.462, 1.464, 1.466, 1.466, 1.464, 1.464, 1.462, 1.462, 1.46, 1.458, 1.458, 1.458, 1.458, 1.458, 1.458, 1.46, 1.462, 1.462, 1.464, 1.466, 1.468, 1.468, 1.468, 1.472, 0, 
1.533, 1.533, 1.533, 1.533, 1.532, 1.532, 1.531, 1.528, 1.528, 1.527, 1.526, 1.525, 1.524, 1.523, 1.523, 1.522, 1.522, 1.522, 1.522, 1.522, 1.523, 1.524, 1.525, 1.526, 1.527, 1.528, 1.528, 1.528, 1.527, 1.526, 1.526, 1.525, 1.524, 1.523, 1.522, 1.521, 1.52, 1.52, 1.519, 1.518, 1.518, 1.518, 1.518, 1.518, 1.518, 1.519, 1.519, 1.52, 1.52, 1.52, 1.52, 1.52, 1.52, 1.52, 1.52, 1.52, 1.52, 1.52, 1.52, 1.521, 1.522, 1.523, 1.523, 1.524, 1.524, 1.524, 1.524, 1.523, 1.522, 1.521, 1.52, 1.519, 1.518, 1.518, 1.517, 1.517, 1.517, 1.517, 1.517, 1.518, 1.518, 1.518, 1.518, 1.518, 1.518, 1.517, 1.516, 1.516, 1.513, 1.512, 1.512, 1.511, 1.511, 1.511, 1.511, 1.511, 1.512, 1.513, 1.513, 1.516, 1.516, 1.516, 1.516, 1.516, 1.513, 1.513, 1.513, 1.512, 1.512, 1.512, 1.513, 1.513, 1.513, 1.516, 1.516, 1.516, 1.516, 1.516, 1.516, 1.516, 1.516, 1.516, 1.513, 1.513, 1.513, 1.516, 1.516, 1.516, 1.517, 1.518, 1.52, 1.521, 1.522, 1.523, 1.524, 1.524, 1.523, 1.522, 1.522, 1.521, 1.52, 1.52, 1.519, 1.518, 1.517, 1.516, 1.516, 1.512, 1.512, 1.511, 1.511, 1.512, 1.512, 1.513, 1.516, 1.516, 1.516, 1.516, 1.516, 1.516, 1.516, 1.516, 1.516, 1.516, 1.513, 1.513, 1.513, 1.513, 1.516, 1.516, 1.516, 1.516, 1.513, 1.512, 1.511, 1.511, 1.507, 1.507, 1.506, 1.506, 1.505, 1.505, 1.506, 1.507, 1.508, 1.509, 1.511, 1.512, 1.512, 1.516, 1.516, 1.516, 1.513, 1.512, 1.511, 1.511, 1.511, 1.511, 1.511, 1.511, 1.511, 1.511, 1.511, 1.512, 1.512, 1.512, 1.511, 1.511, 1.511, 1.511, 1.51, 1.509, 1.508, 1.507, 1.507, 1.506, 1.505, 1.505, 1.505, 1.505, 1.505, 1.505, 1.505, 1.505, 1.505, 1.505, 1.505, 1.505, 1.506, 1.506, 1.506, 1.506, 1.506, 1.505, 1.504, 1.503, 1.503, 1.502, 1.502, 1.501, 1.501, 1.502, 1.502, 1.503, 1.503, 1.503, 1.503, 1.504, 1.503, 1.503, 1.503, 1.503, 1.503, 1.502, 1.502, 1.502, 1.501, 1.501, 1.501, 1.502, 1.503, 1.503, 1.503, 1.503, 1.504, 1.505, 1.505, 1.505, 1.505, 1.505, 1.505, 1.505, 1.504, 1.503, 1.503, 1.501, 1.501, 1.5, 1.499, 1.499, 1.499, 1.499, 1.499, 1.496, 1.496, 1.499, 1.499, 1.499, 1.5, 1.5, 1.501, 1.501, 1.501, 1.502, 1.502, 1.502, 1.501, 1.501, 1.5, 1.495, 1.494, 1.494, 1.493, 1.492, 1.492, 1.492, 1.492, 1.492, 1.492, 1.492, 1.491, 1.49, 1.49, 1.489, 1.488, 1.488, 1.488, 1.489, 1.489, 1.49, 1.49, 1.489, 1.489, 1.49, 1.49, 1.49, 1.49, 1.49, 1.49, 1.49, 1.49, 1.49, 1.489, 1.488, 1.486, 1.485, 1.483, 1.482, 1.48, 1.478, 1.477, 1.476, 1.475, 1.474, 1.474, 1.474, 1.474, 1.474, 1.474, 1.474, 1.474, 1.474, 1.474, 1.473, 1.473, 1.472, 1.471, 1.47, 1.47, 1.47, 1.469, 1.468, 1.466, 1.466, 1.464, 1.464, 1.462, 1.462, 1.462, 1.462, 1.462, 1.462, 1.462, 1.462, 1.464, 1.466, 1.468, 1.468, 1.468, 1.471, 1.472, 1.472, 1.472, 1.473, 1.474, 1.474, 1.474, 1.474, 1.473, 1.472, 1.472, 1.472, 1.472, 1.472, 1.472, 1.472, 1.472, 1.472, 1.473, 1.473, 1.474, 1.473, 1.472, 1.472, 1.469, 1.469, 1.466, 1.466, 1.464, 1.462, 1.462, 1.462, 1.462, 1.462, 1.462, 1.462, 1.462, 1.462, 1.462, 1.462, 1.462, 1.462, 1.462, 1.462, 1.462, 1.462, 1.462, 1.462, 1.462, 1.462, 1.464, 1.464, 1.464, 1.464, 1.466, 1.466, 1.466, 1.466, 1.464, 1.464, 1.464, 1.462, 1.462, 1.46, 1.46, 1.458, 1.458, 1.458, 1.458, 1.458, 1.458, 1.458, 1.46, 1.462, 1.462, 1.462, 1.462, 1.464, 1.466, 1.464, 1.462, 1.462, 1.46, 1.458, 1.458, 1.458, 1.456, 1.456, 1.456, 1.458, 1.458, 1.46, 1.462, 1.464, 1.466, 1.468, 1.468, 1.468, 1.471, 0, 
1.533, 1.533, 1.533, 1.533, 1.533, 1.532, 1.532, 1.531, 1.528, 1.527, 1.526, 1.524, 1.524, 1.523, 1.522, 1.521, 1.521, 1.521, 1.521, 1.521, 1.522, 1.523, 1.524, 1.525, 1.526, 1.527, 1.528, 1.528, 1.528, 1.527, 1.526, 1.525, 1.524, 1.523, 1.522, 1.521, 1.52, 1.52, 1.519, 1.518, 1.518, 1.517, 1.517, 1.517, 1.518, 1.518, 1.519, 1.52, 1.52, 1.52, 1.52, 1.52, 1.52, 1.52, 1.52, 1.519, 1.519, 1.52, 1.52, 1.52, 1.521, 1.522, 1.523, 1.524, 1.524, 1.524, 1.524, 1.523, 1.522, 1.521, 1.52, 1.52, 1.519, 1.519, 1.518, 1.518, 1.518, 1.518, 1.518, 1.519, 1.519, 1.519, 1.519, 1.519, 1.518, 1.518, 1.517, 1.516, 1.516, 1.513, 1.512, 1.512, 1.511, 1.511, 1.511, 1.512, 1.512, 1.513, 1.516, 1.516, 1.516, 1.516, 1.516, 1.516, 1.513, 1.513, 1.513, 1.513, 1.513, 1.513, 1.513, 1.513, 1.513, 1.516, 1.516, 1.516, 1.516, 1.516, 1.516, 1.516, 1.516, 1.516, 1.513, 1.513, 1.513, 1.513, 1.513, 1.516, 1.517, 1.518, 1.519, 1.52, 1.522, 1.522, 1.523, 1.524, 1.523, 1.523, 1.522, 1.521, 1.521, 1.52, 1.52, 1.519, 1.518, 1.517, 1.516, 1.512, 1.512, 1.511, 1.511, 1.511, 1.512, 1.513, 1.516, 1.516, 1.516, 1.517, 1.517, 1.517, 1.516, 1.516, 1.516, 1.516, 1.516, 1.516, 1.516, 1.516, 1.516, 1.516, 1.516, 1.516, 1.513, 1.512, 1.512, 1.511, 1.507, 1.507, 1.506, 1.505, 1.505, 1.505, 1.505, 1.506, 1.507, 1.509, 1.51, 1.511, 1.512, 1.513, 1.516, 1.513, 1.513, 1.512, 1.511, 1.511, 1.511, 1.511, 1.511, 1.511, 1.511, 1.511, 1.511, 1.511, 1.511, 1.511, 1.511, 1.511, 1.51, 1.51, 1.509, 1.508, 1.507, 1.507, 1.507, 1.506, 1.505, 1.505, 1.505, 1.505, 1.505, 1.505, 1.505, 1.505, 1.505, 1.505, 1.505, 1.506, 1.506, 1.507, 1.507, 1.507, 1.507, 1.506, 1.505, 1.505, 1.504, 1.503, 1.503, 1.503, 1.503, 1.503, 1.503, 1.503, 1.504, 1.504, 1.504, 1.505, 1.504, 1.504, 1.504, 1.503, 1.503, 1.503, 1.503, 1.502, 1.502, 1.501, 1.501, 1.502, 1.502, 1.502, 1.503, 1.503, 1.504, 1.504, 1.505, 1.505, 1.505, 1.505, 1.505, 1.505, 1.504, 1.503, 1.503, 1.501, 1.501, 1.5, 1.499, 1.499, 1.496, 1.496, 1.496, 1.496, 1.496, 1.496, 1.496, 1.499, 1.499, 1.5, 1.5, 1.501, 1.501, 1.501, 1.502, 1.502, 1.501, 1.501, 1.5, 1.495, 1.494, 1.494, 1.493, 1.492, 1.492, 1.492, 1.492, 1.492, 1.492, 1.492, 1.491, 1.49, 1.49, 1.489, 1.489, 1.488, 1.488, 1.488, 1.489, 1.49, 1.49, 1.489, 1.489, 1.49, 1.49, 1.49, 1.49, 1.49, 1.49, 1.49, 1.49, 1.49, 1.489, 1.488, 1.487, 1.485, 1.484, 1.482, 1.48, 1.479, 1.478, 1.477, 1.476, 1.475, 1.474, 1.474, 1.474, 1.474, 1.474, 1.474, 1.474, 1.474, 1.474, 1.473, 1.472, 1.472, 1.471, 1.47, 1.47, 1.469, 1.469, 1.468, 1.466, 1.466, 1.466, 1.464, 1.464, 1.462, 1.462, 1.462, 1.462, 1.462, 1.462, 1.464, 1.464, 1.466, 1.468, 1.468, 1.468, 1.471, 1.472, 1.472, 1.472, 1.473, 1.474, 1.474, 1.474, 1.474, 1.473, 1.472, 1.472, 1.472, 1.472, 1.472, 1.472, 1.472, 1.472, 1.472, 1.472, 1.473, 1.473, 1.473, 1.472, 1.472, 1.469, 1.468, 1.466, 1.464, 1.462, 1.462, 1.462, 1.462, 1.462, 1.462, 1.462, 1.462, 1.462, 1.462, 1.462, 1.462, 1.462, 1.462, 1.462, 1.462, 1.462, 1.462, 1.462, 1.462, 1.462, 1.462, 1.462, 1.464, 1.464, 1.464, 1.466, 1.466, 1.466, 1.466, 1.466, 1.464, 1.464, 1.464, 1.462, 1.462, 1.462, 1.46, 1.46, 1.46, 1.46, 1.46, 1.46, 1.46, 1.46, 1.462, 1.462, 1.462, 1.462, 1.464, 1.464, 1.464, 1.462, 1.462, 1.46, 1.458, 1.458, 1.456, 1.456, 1.456, 1.456, 1.458, 1.458, 1.46, 1.462, 1.464, 1.466, 1.468, 1.468, 1.468, 1.471, 0, 
1.533, 1.533, 1.533, 1.533, 1.533, 1.533, 1.532, 1.532, 1.528, 1.527, 1.526, 1.524, 1.523, 1.522, 1.521, 1.52, 1.52, 1.52, 1.52, 1.52, 1.521, 1.522, 1.523, 1.524, 1.525, 1.528, 1.528, 1.528, 1.528, 1.527, 1.526, 1.526, 1.525, 1.524, 1.522, 1.521, 1.52, 1.52, 1.519, 1.518, 1.518, 1.517, 1.516, 1.516, 1.517, 1.518, 1.519, 1.52, 1.52, 1.52, 1.52, 1.52, 1.52, 1.52, 1.52, 1.519, 1.519, 1.52, 1.52, 1.52, 1.521, 1.522, 1.523, 1.524, 1.524, 1.524, 1.524, 1.524, 1.523, 1.522, 1.521, 1.52, 1.52, 1.52, 1.52, 1.52, 1.52, 1.52, 1.52, 1.52, 1.52, 1.52, 1.52, 1.519, 1.519, 1.518, 1.517, 1.516, 1.516, 1.513, 1.513, 1.512, 1.512, 1.512, 1.512, 1.512, 1.513, 1.516, 1.516, 1.516, 1.516, 1.516, 1.516, 1.516, 1.513, 1.513, 1.513, 1.513, 1.513, 1.513, 1.513, 1.513, 1.513, 1.513, 1.513, 1.513, 1.513, 1.513, 1.513, 1.513, 1.513, 1.513, 1.513, 1.513, 1.513, 1.513, 1.513, 1.513, 1.516, 1.517, 1.518, 1.52, 1.521, 1.522, 1.522, 1.523, 1.523, 1.523, 1.522, 1.521, 1.521, 1.52, 1.52, 1.519, 1.518, 1.517, 1.513, 1.512, 1.512, 1.511, 1.511, 1.511, 1.512, 1.512, 1.516, 1.516, 1.516, 1.517, 1.518, 1.517, 1.517, 1.516, 1.516, 1.516, 1.516, 1.516, 1.516, 1.516, 1.516, 1.516, 1.516, 1.516, 1.516, 1.512, 1.512, 1.511, 1.508, 1.507, 1.506, 1.505, 1.504, 1.504, 1.505, 1.506, 1.507, 1.508, 1.509, 1.511, 1.512, 1.513, 1.513, 1.513, 1.513, 1.512, 1.512, 1.511, 1.511, 1.511, 1.51, 1.51, 1.509, 1.509, 1.509, 1.51, 1.51, 1.51, 1.51, 1.51, 1.51, 1.509, 1.508, 1.508, 1.507, 1.507, 1.507, 1.506, 1.506, 1.506, 1.505, 1.505, 1.505, 1.505, 1.505, 1.505, 1.505, 1.505, 1.506, 1.506, 1.507, 1.507, 1.508, 1.508, 1.508, 1.507, 1.506, 1.505, 1.505, 1.504, 1.503, 1.503, 1.503, 1.503, 1.504, 1.504, 1.504, 1.505, 1.505, 1.505, 1.505, 1.505, 1.504, 1.504, 1.504, 1.503, 1.503, 1.503, 1.502, 1.501, 1.501, 1.501, 1.501, 1.502, 1.502, 1.502, 1.503, 1.504, 1.504, 1.505, 1.505, 1.505, 1.505, 1.505, 1.504, 1.503, 1.503, 1.501, 1.501, 1.5, 1.499, 1.499, 1.496, 1.496, 1.496, 1.496, 1.496, 1.496, 1.496, 1.496, 1.499, 1.499, 1.5, 1.5, 1.5, 1.501, 1.501, 1.502, 1.501, 1.5, 1.5, 1.495, 1.494, 1.494, 1.493, 1.492, 1.492, 1.492, 1.492, 1.492, 1.492, 1.492, 1.491, 1.49, 1.49, 1.49, 1.489, 1.488, 1.488, 1.488, 1.489, 1.489, 1.489, 1.489, 1.49, 1.49, 1.49, 1.49, 1.49, 1.49, 1.49, 1.49, 1.491, 1.49, 1.49, 1.489, 1.488, 1.486, 1.484, 1.483, 1.481, 1.48, 1.478, 1.477, 1.476, 1.476, 1.475, 1.474, 1.474, 1.474, 1.474, 1.474, 1.474, 1.474, 1.474, 1.473, 1.472, 1.472, 1.471, 1.47, 1.47, 1.469, 1.469, 1.468, 1.466, 1.466, 1.466, 1.466, 1.464, 1.464, 1.464, 1.464, 1.464, 1.464, 1.464, 1.464, 1.466, 1.466, 1.469, 1.469, 1.47, 1.471, 1.472, 1.472, 1.472, 1.473, 1.473, 1.474, 1.474, 1.473, 1.473, 1.472, 1.472, 1.472, 1.471, 1.471, 1.471, 1.471, 1.471, 1.472, 1.472, 1.472, 1.473, 1.472, 1.472, 1.471, 1.468, 1.468, 1.466, 1.464, 1.462, 1.462, 1.462, 1.462, 1.462, 1.462, 1.462, 1.462, 1.462, 1.462, 1.462, 1.462, 1.462, 1.462, 1.462, 1.462, 1.462, 1.462, 1.462, 1.462, 1.462, 1.462, 1.462, 1.462, 1.464, 1.464, 1.466, 1.466, 1.466, 1.468, 1.466, 1.466, 1.466, 1.464, 1.464, 1.462, 1.462, 1.462, 1.462, 1.462, 1.46, 1.46, 1.46, 1.46, 1.46, 1.46, 1.462, 1.462, 1.462, 1.464, 1.464, 1.464, 1.462, 1.462, 1.46, 1.458, 1.458, 1.456, 1.456, 1.456, 1.456, 1.456, 1.458, 1.46, 1.462, 1.464, 1.466, 1.466, 1.468, 1.468, 1.47, 0, 
1.534, 1.534, 1.534, 1.533, 1.533, 1.533, 1.532, 1.532, 1.528, 1.527, 1.526, 1.524, 1.523, 1.521, 1.52, 1.52, 1.52, 1.519, 1.519, 1.519, 1.52, 1.521, 1.522, 1.523, 1.524, 1.528, 1.528, 1.528, 1.528, 1.528, 1.527, 1.526, 1.525, 1.524, 1.523, 1.522, 1.521, 1.52, 1.519, 1.518, 1.518, 1.517, 1.517, 1.516, 1.517, 1.517, 1.518, 1.519, 1.52, 1.52, 1.52, 1.52, 1.52, 1.52, 1.52, 1.519, 1.519, 1.52, 1.52, 1.52, 1.52, 1.521, 1.522, 1.523, 1.524, 1.524, 1.524, 1.524, 1.524, 1.523, 1.523, 1.522, 1.522, 1.522, 1.521, 1.521, 1.521, 1.52, 1.52, 1.52, 1.52, 1.52, 1.52, 1.52, 1.519, 1.518, 1.517, 1.516, 1.516, 1.516, 1.513, 1.513, 1.512, 1.512, 1.512, 1.516, 1.516, 1.516, 1.516, 1.517, 1.517, 1.516, 1.516, 1.516, 1.513, 1.513, 1.513, 1.513, 1.513, 1.513, 1.513, 1.513, 1.513, 1.513, 1.513, 1.513, 1.513, 1.513, 1.513, 1.513, 1.513, 1.513, 1.513, 1.513, 1.513, 1.513, 1.513, 1.513, 1.513, 1.517, 1.518, 1.519, 1.52, 1.521, 1.521, 1.522, 1.522, 1.522, 1.521, 1.521, 1.52, 1.52, 1.52, 1.519, 1.518, 1.517, 1.513, 1.512, 1.512, 1.511, 1.511, 1.511, 1.512, 1.512, 1.516, 1.516, 1.517, 1.518, 1.518, 1.518, 1.518, 1.517, 1.516, 1.516, 1.516, 1.516, 1.516, 1.516, 1.516, 1.516, 1.516, 1.516, 1.516, 1.512, 1.512, 1.511, 1.509, 1.507, 1.506, 1.505, 1.504, 1.504, 1.504, 1.505, 1.507, 1.508, 1.509, 1.511, 1.511, 1.512, 1.513, 1.513, 1.513, 1.512, 1.512, 1.511, 1.511, 1.51, 1.51, 1.509, 1.509, 1.509, 1.509, 1.509, 1.509, 1.509, 1.509, 1.509, 1.509, 1.509, 1.508, 1.507, 1.507, 1.507, 1.507, 1.507, 1.507, 1.506, 1.506, 1.505, 1.505, 1.505, 1.505, 1.505, 1.505, 1.506, 1.506, 1.507, 1.508, 1.508, 1.509, 1.509, 1.508, 1.508, 1.507, 1.506, 1.505, 1.505, 1.505, 1.504, 1.504, 1.504, 1.505, 1.505, 1.505, 1.506, 1.506, 1.506, 1.506, 1.506, 1.505, 1.505, 1.504, 1.504, 1.503, 1.503, 1.502, 1.501, 1.501, 1.501, 1.501, 1.501, 1.501, 1.502, 1.502, 1.503, 1.503, 1.504, 1.504, 1.505, 1.505, 1.505, 1.504, 1.503, 1.503, 1.501, 1.5, 1.499, 1.499, 1.496, 1.496, 1.496, 1.495, 1.495, 1.495, 1.495, 1.495, 1.495, 1.496, 1.496, 1.499, 1.499, 1.5, 1.5, 1.501, 1.501, 1.501, 1.5, 1.499, 1.495, 1.494, 1.494, 1.493, 1.493, 1.493, 1.493, 1.493, 1.493, 1.493, 1.492, 1.492, 1.491, 1.49, 1.49, 1.489, 1.488, 1.488, 1.488, 1.488, 1.488, 1.489, 1.489, 1.489, 1.49, 1.49, 1.49, 1.49, 1.49, 1.49, 1.49, 1.491, 1.49, 1.49, 1.489, 1.488, 1.486, 1.484, 1.483, 1.482, 1.48, 1.479, 1.478, 1.477, 1.476, 1.476, 1.475, 1.475, 1.475, 1.475, 1.475, 1.474, 1.474, 1.474, 1.473, 1.472, 1.472, 1.471, 1.47, 1.47, 1.469, 1.468, 1.468, 1.468, 1.466, 1.466, 1.466, 1.466, 1.466, 1.464, 1.464, 1.464, 1.464, 1.464, 1.466, 1.466, 1.468, 1.469, 1.47, 1.471, 1.471, 1.472, 1.472, 1.472, 1.472, 1.473, 1.473, 1.473, 1.473, 1.472, 1.472, 1.471, 1.471, 1.471, 1.47, 1.47, 1.47, 1.471, 1.471, 1.471, 1.472, 1.472, 1.472, 1.472, 1.471, 1.468, 1.466, 1.466, 1.464, 1.462, 1.462, 1.462, 1.462, 1.462, 1.462, 1.462, 1.462, 1.462, 1.462, 1.462, 1.462, 1.462, 1.462, 1.46, 1.46, 1.46, 1.46, 1.462, 1.462, 1.462, 1.462, 1.462, 1.462, 1.464, 1.464, 1.466, 1.466, 1.468, 1.468, 1.468, 1.466, 1.466, 1.466, 1.464, 1.464, 1.464, 1.462, 1.462, 1.462, 1.462, 1.462, 1.46, 1.46, 1.46, 1.46, 1.46, 1.46, 1.462, 1.462, 1.464, 1.464, 1.462, 1.462, 1.46, 1.458, 1.458, 1.456, 1.456, 1.456, 1.456, 1.456, 1.458, 1.458, 1.462, 1.462, 1.464, 1.466, 1.466, 1.468, 1.468, 0, 
1.535, 1.535, 1.534, 1.534, 1.534, 1.533, 1.533, 1.532, 1.528, 1.527, 1.526, 1.524, 1.522, 1.521, 1.52, 1.52, 1.519, 1.519, 1.518, 1.518, 1.519, 1.52, 1.52, 1.524, 1.524, 1.527, 1.528, 1.528, 1.531, 1.528, 1.528, 1.527, 1.526, 1.525, 1.524, 1.523, 1.522, 1.52, 1.52, 1.519, 1.518, 1.517, 1.517, 1.516, 1.516, 1.517, 1.518, 1.519, 1.52, 1.52, 1.52, 1.52, 1.52, 1.52, 1.52, 1.52, 1.52, 1.52, 1.52, 1.52, 1.52, 1.521, 1.522, 1.523, 1.524, 1.524, 1.524, 1.524, 1.524, 1.524, 1.524, 1.524, 1.523, 1.523, 1.522, 1.522, 1.522, 1.522, 1.522, 1.522, 1.521, 1.521, 1.52, 1.52, 1.52, 1.519, 1.518, 1.517, 1.516, 1.516, 1.516, 1.516, 1.516, 1.516, 1.516, 1.516, 1.517, 1.517, 1.517, 1.517, 1.517, 1.517, 1.516, 1.516, 1.516, 1.513, 1.513, 1.513, 1.513, 1.513, 1.513, 1.513, 1.513, 1.513, 1.513, 1.513, 1.513, 1.513, 1.513, 1.513, 1.513, 1.513, 1.513, 1.513, 1.513, 1.513, 1.513, 1.513, 1.513, 1.516, 1.517, 1.518, 1.52, 1.52, 1.52, 1.521, 1.521, 1.521, 1.521, 1.52, 1.52, 1.52, 1.52, 1.519, 1.518, 1.517, 1.516, 1.512, 1.512, 1.511, 1.511, 1.511, 1.512, 1.513, 1.516, 1.517, 1.518, 1.518, 1.519, 1.519, 1.518, 1.518, 1.517, 1.517, 1.516, 1.516, 1.516, 1.516, 1.516, 1.516, 1.516, 1.516, 1.516, 1.516, 1.512, 1.511, 1.509, 1.507, 1.506, 1.505, 1.504, 1.504, 1.504, 1.505, 1.507, 1.508, 1.509, 1.51, 1.511, 1.512, 1.513, 1.513, 1.513, 1.512, 1.511, 1.511, 1.511, 1.51, 1.509, 1.508, 1.508, 1.508, 1.508, 1.508, 1.508, 1.508, 1.508, 1.509, 1.509, 1.509, 1.508, 1.507, 1.507, 1.507, 1.507, 1.507, 1.507, 1.507, 1.507, 1.506, 1.506, 1.506, 1.506, 1.506, 1.506, 1.506, 1.507, 1.507, 1.508, 1.509, 1.509, 1.509, 1.509, 1.508, 1.508, 1.507, 1.506, 1.506, 1.505, 1.505, 1.505, 1.505, 1.505, 1.505, 1.506, 1.506, 1.507, 1.507, 1.507, 1.507, 1.507, 1.506, 1.505, 1.505, 1.504, 1.503, 1.503, 1.502, 1.501, 1.501, 1.501, 1.501, 1.501, 1.501, 1.502, 1.502, 1.503, 1.503, 1.504, 1.504, 1.505, 1.505, 1.504, 1.503, 1.502, 1.501, 1.5, 1.499, 1.499, 1.496, 1.496, 1.495, 1.495, 1.494, 1.494, 1.494, 1.494, 1.495, 1.495, 1.496, 1.499, 1.499, 1.499, 1.5, 1.501, 1.501, 1.5, 1.5, 1.499, 1.495, 1.495, 1.494, 1.494, 1.494, 1.494, 1.494, 1.494, 1.494, 1.493, 1.493, 1.492, 1.491, 1.49, 1.49, 1.489, 1.488, 1.488, 1.488, 1.488, 1.488, 1.488, 1.488, 1.489, 1.489, 1.49, 1.49, 1.49, 1.49, 1.49, 1.49, 1.49, 1.49, 1.49, 1.489, 1.488, 1.486, 1.484, 1.483, 1.482, 1.48, 1.479, 1.478, 1.477, 1.477, 1.476, 1.476, 1.476, 1.476, 1.476, 1.475, 1.475, 1.474, 1.474, 1.473, 1.472, 1.471, 1.47, 1.47, 1.47, 1.469, 1.468, 1.468, 1.468, 1.468, 1.468, 1.468, 1.466, 1.466, 1.466, 1.466, 1.466, 1.466, 1.466, 1.466, 1.468, 1.468, 1.469, 1.47, 1.471, 1.472, 1.472, 1.472, 1.472, 1.472, 1.472, 1.472, 1.472, 1.472, 1.472, 1.472, 1.471, 1.47, 1.47, 1.47, 1.47, 1.468, 1.468, 1.47, 1.471, 1.471, 1.472, 1.472, 1.471, 1.471, 1.468, 1.466, 1.464, 1.462, 1.462, 1.462, 1.462, 1.462, 1.462, 1.462, 1.462, 1.462, 1.464, 1.462, 1.462, 1.462, 1.462, 1.462, 1.46, 1.46, 1.46, 1.46, 1.46, 1.46, 1.462, 1.462, 1.462, 1.462, 1.462, 1.464, 1.466, 1.466, 1.468, 1.468, 1.468, 1.466, 1.466, 1.466, 1.466, 1.466, 1.466, 1.464, 1.464, 1.462, 1.462, 1.46, 1.46, 1.458, 1.458, 1.458, 1.458, 1.46, 1.46, 1.462, 1.462, 1.464, 1.462, 1.462, 1.46, 1.46, 1.458, 1.456, 1.456, 1.456, 1.456, 1.456, 1.458, 1.458, 1.462, 1.462, 1.464, 1.466, 1.466, 1.466, 1.468, 0, 
1.535, 1.535, 1.535, 1.535, 1.534, 1.533, 1.533, 1.532, 1.528, 1.527, 1.526, 1.524, 1.522, 1.521, 1.52, 1.519, 1.518, 1.518, 1.517, 1.517, 1.518, 1.519, 1.52, 1.523, 1.524, 1.526, 1.527, 1.528, 1.531, 1.531, 1.528, 1.528, 1.527, 1.526, 1.524, 1.523, 1.522, 1.521, 1.52, 1.519, 1.518, 1.518, 1.517, 1.516, 1.516, 1.517, 1.518, 1.519, 1.52, 1.52, 1.52, 1.521, 1.521, 1.521, 1.52, 1.52, 1.52, 1.52, 1.52, 1.52, 1.52, 1.521, 1.522, 1.523, 1.524, 1.524, 1.524, 1.524, 1.524, 1.524, 1.524, 1.524, 1.524, 1.524, 1.524, 1.524, 1.524, 1.523, 1.523, 1.523, 1.523, 1.522, 1.521, 1.521, 1.52, 1.52, 1.519, 1.518, 1.517, 1.517, 1.517, 1.517, 1.517, 1.517, 1.517, 1.517, 1.518, 1.518, 1.518, 1.518, 1.518, 1.517, 1.516, 1.516, 1.516, 1.513, 1.513, 1.513, 1.513, 1.513, 1.513, 1.513, 1.513, 1.513, 1.513, 1.513, 1.513, 1.513, 1.513, 1.513, 1.513, 1.513, 1.513, 1.513, 1.513, 1.513, 1.513, 1.513, 1.513, 1.516, 1.517, 1.518, 1.519, 1.52, 1.52, 1.52, 1.52, 1.52, 1.52, 1.52, 1.52, 1.52, 1.519, 1.518, 1.517, 1.516, 1.513, 1.512, 1.512, 1.511, 1.511, 1.512, 1.512, 1.516, 1.516, 1.517, 1.518, 1.519, 1.52, 1.52, 1.519, 1.519, 1.518, 1.517, 1.517, 1.517, 1.517, 1.517, 1.517, 1.517, 1.517, 1.516, 1.516, 1.516, 1.512, 1.511, 1.509, 1.507, 1.506, 1.505, 1.504, 1.504, 1.505, 1.506, 1.507, 1.508, 1.509, 1.511, 1.511, 1.512, 1.513, 1.513, 1.513, 1.512, 1.511, 1.511, 1.511, 1.509, 1.509, 1.508, 1.507, 1.507, 1.507, 1.507, 1.507, 1.507, 1.508, 1.508, 1.509, 1.509, 1.508, 1.508, 1.507, 1.507, 1.507, 1.507, 1.507, 1.507, 1.507, 1.507, 1.507, 1.507, 1.506, 1.507, 1.507, 1.507, 1.507, 1.508, 1.508, 1.509, 1.509, 1.509, 1.509, 1.509, 1.508, 1.508, 1.507, 1.506, 1.506, 1.505, 1.505, 1.505, 1.505, 1.505, 1.506, 1.507, 1.508, 1.508, 1.508, 1.508, 1.508, 1.507, 1.506, 1.505, 1.504, 1.503, 1.503, 1.502, 1.501, 1.501, 1.501, 1.501, 1.501, 1.501, 1.501, 1.502, 1.502, 1.503, 1.503, 1.504, 1.504, 1.504, 1.504, 1.503, 1.502, 1.501, 1.5, 1.499, 1.499, 1.496, 1.496, 1.495, 1.494, 1.494, 1.494, 1.494, 1.494, 1.494, 1.495, 1.496, 1.496, 1.499, 1.499, 1.499, 1.5, 1.501, 1.5, 1.499, 1.499, 1.496, 1.495, 1.494, 1.494, 1.494, 1.494, 1.494, 1.494, 1.494, 1.494, 1.493, 1.492, 1.491, 1.49, 1.49, 1.489, 1.488, 1.488, 1.488, 1.488, 1.488, 1.488, 1.488, 1.488, 1.489, 1.49, 1.49, 1.49, 1.49, 1.49, 1.49, 1.49, 1.49, 1.489, 1.488, 1.487, 1.486, 1.484, 1.483, 1.482, 1.481, 1.48, 1.479, 1.478, 1.478, 1.477, 1.477, 1.476, 1.476, 1.476, 1.476, 1.475, 1.474, 1.474, 1.472, 1.472, 1.471, 1.47, 1.47, 1.469, 1.469, 1.468, 1.468, 1.468, 1.468, 1.468, 1.468, 1.468, 1.468, 1.468, 1.466, 1.466, 1.466, 1.468, 1.468, 1.468, 1.468, 1.469, 1.47, 1.471, 1.472, 1.472, 1.472, 1.472, 1.472, 1.472, 1.472, 1.472, 1.472, 1.472, 1.471, 1.471, 1.47, 1.468, 1.468, 1.468, 1.468, 1.468, 1.468, 1.468, 1.471, 1.471, 1.471, 1.471, 1.471, 1.468, 1.466, 1.464, 1.462, 1.462, 1.462, 1.462, 1.462, 1.462, 1.462, 1.462, 1.464, 1.464, 1.464, 1.462, 1.462, 1.462, 1.462, 1.462, 1.46, 1.46, 1.46, 1.46, 1.46, 1.46, 1.462, 1.462, 1.462, 1.462, 1.464, 1.464, 1.466, 1.466, 1.468, 1.468, 1.466, 1.466, 1.466, 1.466, 1.466, 1.466, 1.464, 1.464, 1.462, 1.462, 1.46, 1.458, 1.458, 1.458, 1.458, 1.458, 1.458, 1.46, 1.462, 1.462, 1.462, 1.462, 1.462, 1.462, 1.46, 1.458, 1.458, 1.456, 1.456, 1.456, 1.456, 1.458, 1.458, 1.46, 1.462, 1.464, 1.464, 1.464, 1.464, 1.466, 0, 
1.535, 1.535, 1.535, 1.535, 1.534, 1.533, 1.533, 1.532, 1.528, 1.527, 1.526, 1.524, 1.522, 1.521, 1.52, 1.519, 1.518, 1.517, 1.516, 1.517, 1.517, 1.518, 1.52, 1.521, 1.524, 1.525, 1.528, 1.528, 1.531, 1.531, 1.528, 1.528, 1.527, 1.526, 1.525, 1.524, 1.523, 1.522, 1.52, 1.52, 1.518, 1.518, 1.517, 1.516, 1.516, 1.517, 1.518, 1.519, 1.52, 1.52, 1.521, 1.521, 1.522, 1.521, 1.521, 1.52, 1.52, 1.52, 1.52, 1.52, 1.52, 1.521, 1.522, 1.523, 1.524, 1.524, 1.524, 1.524, 1.525, 1.525, 1.526, 1.526, 1.526, 1.525, 1.524, 1.524, 1.524, 1.524, 1.524, 1.524, 1.524, 1.523, 1.523, 1.522, 1.522, 1.521, 1.52, 1.519, 1.519, 1.518, 1.518, 1.518, 1.518, 1.518, 1.518, 1.519, 1.519, 1.519, 1.519, 1.519, 1.518, 1.518, 1.517, 1.516, 1.516, 1.516, 1.513, 1.513, 1.513, 1.513, 1.513, 1.513, 1.513, 1.513, 1.513, 1.513, 1.513, 1.513, 1.513, 1.513, 1.513, 1.513, 1.513, 1.513, 1.513, 1.513, 1.513, 1.513, 1.513, 1.516, 1.517, 1.518, 1.519, 1.52, 1.52, 1.52, 1.52, 1.52, 1.52, 1.52, 1.52, 1.519, 1.518, 1.518, 1.517, 1.516, 1.513, 1.512, 1.512, 1.511, 1.511, 1.512, 1.512, 1.516, 1.517, 1.518, 1.519, 1.52, 1.52, 1.52, 1.52, 1.52, 1.519, 1.518, 1.518, 1.518, 1.518, 1.518, 1.518, 1.517, 1.517, 1.517, 1.516, 1.516, 1.512, 1.511, 1.509, 1.507, 1.506, 1.505, 1.505, 1.505, 1.505, 1.506, 1.507, 1.508, 1.509, 1.511, 1.511, 1.512, 1.513, 1.513, 1.513, 1.512, 1.511, 1.511, 1.51, 1.509, 1.509, 1.508, 1.507, 1.507, 1.507, 1.507, 1.507, 1.507, 1.507, 1.508, 1.509, 1.509, 1.509, 1.508, 1.508, 1.507, 1.507, 1.507, 1.507, 1.507, 1.507, 1.507, 1.507, 1.507, 1.507, 1.507, 1.507, 1.507, 1.507, 1.508, 1.509, 1.509, 1.509, 1.509, 1.509, 1.509, 1.509, 1.508, 1.507, 1.507, 1.506, 1.505, 1.505, 1.505, 1.505, 1.506, 1.507, 1.507, 1.508, 1.509, 1.509, 1.509, 1.509, 1.508, 1.507, 1.506, 1.505, 1.504, 1.503, 1.502, 1.501, 1.501, 1.501, 1.501, 1.501, 1.501, 1.501, 1.501, 1.502, 1.503, 1.503, 1.503, 1.503, 1.503, 1.503, 1.503, 1.502, 1.501, 1.5, 1.499, 1.496, 1.496, 1.496, 1.495, 1.494, 1.494, 1.494, 1.494, 1.494, 1.494, 1.495, 1.495, 1.496, 1.496, 1.499, 1.499, 1.5, 1.5, 1.5, 1.499, 1.499, 1.496, 1.495, 1.495, 1.495, 1.495, 1.495, 1.495, 1.495, 1.495, 1.494, 1.494, 1.493, 1.492, 1.491, 1.49, 1.489, 1.488, 1.488, 1.488, 1.488, 1.488, 1.488, 1.488, 1.488, 1.489, 1.49, 1.49, 1.49, 1.49, 1.491, 1.491, 1.49, 1.49, 1.489, 1.488, 1.487, 1.486, 1.484, 1.484, 1.482, 1.481, 1.48, 1.479, 1.479, 1.478, 1.478, 1.477, 1.477, 1.476, 1.476, 1.476, 1.475, 1.474, 1.474, 1.472, 1.472, 1.471, 1.47, 1.469, 1.468, 1.468, 1.468, 1.468, 1.468, 1.468, 1.468, 1.468, 1.468, 1.468, 1.468, 1.468, 1.468, 1.468, 1.468, 1.468, 1.468, 1.469, 1.47, 1.47, 1.471, 1.471, 1.472, 1.472, 1.472, 1.472, 1.472, 1.472, 1.472, 1.472, 1.471, 1.471, 1.47, 1.468, 1.468, 1.468, 1.468, 1.468, 1.468, 1.468, 1.468, 1.47, 1.47, 1.471, 1.471, 1.47, 1.468, 1.466, 1.464, 1.462, 1.462, 1.462, 1.462, 1.462, 1.462, 1.462, 1.464, 1.464, 1.464, 1.464, 1.464, 1.464, 1.462, 1.462, 1.462, 1.462, 1.462, 1.462, 1.46, 1.46, 1.46, 1.46, 1.46, 1.462, 1.462, 1.462, 1.464, 1.466, 1.466, 1.468, 1.466, 1.466, 1.466, 1.466, 1.466, 1.466, 1.466, 1.466, 1.464, 1.462, 1.462, 1.46, 1.458, 1.458, 1.458, 1.458, 1.458, 1.458, 1.46, 1.46, 1.462, 1.462, 1.462, 1.462, 1.462, 1.46, 1.458, 1.458, 1.456, 1.456, 1.456, 1.458, 1.458, 1.458, 1.46, 1.462, 1.462, 1.464, 1.464, 1.464, 1.466, 0, 
1.535, 1.535, 1.535, 1.535, 1.534, 1.533, 1.533, 1.532, 1.528, 1.527, 1.526, 1.524, 1.522, 1.521, 1.52, 1.518, 1.517, 1.516, 1.516, 1.516, 1.517, 1.517, 1.52, 1.52, 1.524, 1.524, 1.528, 1.528, 1.531, 1.531, 1.528, 1.528, 1.527, 1.526, 1.525, 1.524, 1.523, 1.522, 1.521, 1.52, 1.519, 1.518, 1.517, 1.516, 1.516, 1.517, 1.518, 1.519, 1.52, 1.52, 1.521, 1.522, 1.522, 1.522, 1.521, 1.521, 1.521, 1.52, 1.52, 1.52, 1.52, 1.521, 1.522, 1.523, 1.524, 1.524, 1.524, 1.524, 1.525, 1.526, 1.526, 1.526, 1.527, 1.527, 1.527, 1.526, 1.526, 1.526, 1.526, 1.526, 1.525, 1.525, 1.524, 1.524, 1.523, 1.522, 1.521, 1.521, 1.52, 1.52, 1.52, 1.52, 1.52, 1.52, 1.52, 1.52, 1.52, 1.52, 1.52, 1.52, 1.519, 1.518, 1.517, 1.516, 1.516, 1.516, 1.516, 1.513, 1.513, 1.513, 1.513, 1.513, 1.513, 1.513, 1.513, 1.513, 1.513, 1.513, 1.513, 1.513, 1.513, 1.513, 1.513, 1.513, 1.513, 1.513, 1.513, 1.513, 1.513, 1.516, 1.517, 1.518, 1.518, 1.519, 1.519, 1.52, 1.52, 1.52, 1.519, 1.519, 1.519, 1.518, 1.518, 1.517, 1.516, 1.516, 1.513, 1.513, 1.512, 1.511, 1.512, 1.512, 1.513, 1.516, 1.517, 1.518, 1.52, 1.521, 1.521, 1.521, 1.521, 1.52, 1.52, 1.519, 1.519, 1.518, 1.518, 1.518, 1.518, 1.518, 1.518, 1.517, 1.516, 1.516, 1.512, 1.511, 1.509, 1.508, 1.507, 1.506, 1.506, 1.506, 1.506, 1.507, 1.507, 1.509, 1.51, 1.511, 1.512, 1.512, 1.513, 1.513, 1.513, 1.512, 1.511, 1.511, 1.51, 1.509, 1.509, 1.508, 1.507, 1.507, 1.507, 1.507, 1.507, 1.507, 1.507, 1.508, 1.509, 1.509, 1.509, 1.509, 1.508, 1.508, 1.508, 1.508, 1.508, 1.507, 1.507, 1.507, 1.507, 1.507, 1.507, 1.507, 1.507, 1.507, 1.507, 1.508, 1.509, 1.509, 1.509, 1.509, 1.509, 1.509, 1.509, 1.508, 1.507, 1.507, 1.506, 1.506, 1.505, 1.505, 1.505, 1.506, 1.507, 1.507, 1.508, 1.509, 1.509, 1.509, 1.509, 1.509, 1.508, 1.507, 1.506, 1.504, 1.503, 1.503, 1.502, 1.501, 1.501, 1.501, 1.501, 1.501, 1.501, 1.501, 1.501, 1.502, 1.503, 1.503, 1.503, 1.503, 1.503, 1.503, 1.502, 1.501, 1.5, 1.499, 1.496, 1.496, 1.495, 1.495, 1.494, 1.494, 1.494, 1.494, 1.494, 1.494, 1.494, 1.495, 1.496, 1.496, 1.496, 1.499, 1.499, 1.499, 1.499, 1.499, 1.499, 1.496, 1.496, 1.496, 1.496, 1.496, 1.496, 1.496, 1.496, 1.495, 1.495, 1.494, 1.493, 1.492, 1.491, 1.49, 1.489, 1.488, 1.488, 1.488, 1.488, 1.487, 1.487, 1.488, 1.488, 1.489, 1.49, 1.49, 1.49, 1.49, 1.491, 1.491, 1.49, 1.49, 1.489, 1.488, 1.487, 1.486, 1.484, 1.484, 1.482, 1.481, 1.48, 1.48, 1.479, 1.478, 1.478, 1.478, 1.477, 1.477, 1.476, 1.476, 1.476, 1.475, 1.474, 1.472, 1.472, 1.471, 1.47, 1.468, 1.468, 1.468, 1.468, 1.468, 1.468, 1.468, 1.468, 1.468, 1.468, 1.468, 1.468, 1.468, 1.468, 1.468, 1.468, 1.468, 1.468, 1.469, 1.47, 1.47, 1.47, 1.471, 1.471, 1.471, 1.472, 1.472, 1.472, 1.472, 1.472, 1.471, 1.471, 1.47, 1.468, 1.468, 1.468, 1.468, 1.468, 1.468, 1.468, 1.468, 1.468, 1.468, 1.47, 1.47, 1.47, 1.468, 1.468, 1.466, 1.464, 1.464, 1.462, 1.462, 1.462, 1.462, 1.462, 1.462, 1.464, 1.464, 1.464, 1.464, 1.464, 1.464, 1.464, 1.464, 1.462, 1.462, 1.462, 1.462, 1.46, 1.46, 1.46, 1.46, 1.46, 1.462, 1.462, 1.462, 1.464, 1.466, 1.466, 1.468, 1.466, 1.466, 1.466, 1.466, 1.466, 1.466, 1.466, 1.466, 1.464, 1.462, 1.462, 1.462, 1.458, 1.458, 1.458, 1.458, 1.458, 1.458, 1.46, 1.46, 1.462, 1.462, 1.462, 1.462, 1.462, 1.46, 1.458, 1.458, 1.456, 1.456, 1.456, 1.458, 1.458, 1.458, 1.46, 1.462, 1.462, 1.462, 1.464, 1.464, 1.466, 0, 
1.535, 1.535, 1.535, 1.535, 1.535, 1.534, 1.533, 1.532, 1.528, 1.527, 1.526, 1.524, 1.522, 1.52, 1.519, 1.518, 1.517, 1.516, 1.516, 1.516, 1.516, 1.516, 1.52, 1.52, 1.523, 1.524, 1.527, 1.527, 1.531, 1.531, 1.528, 1.528, 1.528, 1.527, 1.526, 1.525, 1.524, 1.522, 1.521, 1.52, 1.519, 1.519, 1.518, 1.517, 1.517, 1.517, 1.518, 1.519, 1.52, 1.52, 1.521, 1.522, 1.523, 1.523, 1.522, 1.522, 1.521, 1.521, 1.521, 1.521, 1.521, 1.522, 1.522, 1.523, 1.524, 1.524, 1.524, 1.525, 1.526, 1.526, 1.527, 1.527, 1.528, 1.528, 1.528, 1.527, 1.527, 1.527, 1.527, 1.527, 1.526, 1.526, 1.525, 1.525, 1.524, 1.523, 1.523, 1.522, 1.521, 1.521, 1.521, 1.521, 1.521, 1.521, 1.521, 1.521, 1.521, 1.52, 1.52, 1.52, 1.519, 1.518, 1.517, 1.516, 1.516, 1.516, 1.516, 1.513, 1.513, 1.513, 1.513, 1.513, 1.513, 1.513, 1.513, 1.512, 1.512, 1.512, 1.513, 1.513, 1.513, 1.513, 1.513, 1.513, 1.513, 1.513, 1.513, 1.513, 1.516, 1.516, 1.516, 1.517, 1.518, 1.518, 1.519, 1.519, 1.519, 1.519, 1.518, 1.518, 1.518, 1.518, 1.517, 1.516, 1.516, 1.516, 1.513, 1.513, 1.512, 1.512, 1.512, 1.513, 1.516, 1.517, 1.518, 1.519, 1.521, 1.522, 1.522, 1.523, 1.522, 1.521, 1.52, 1.52, 1.519, 1.519, 1.519, 1.518, 1.518, 1.518, 1.518, 1.517, 1.516, 1.516, 1.512, 1.511, 1.509, 1.508, 1.507, 1.507, 1.507, 1.507, 1.507, 1.507, 1.508, 1.509, 1.51, 1.511, 1.512, 1.513, 1.513, 1.513, 1.513, 1.512, 1.511, 1.511, 1.51, 1.509, 1.509, 1.508, 1.507, 1.507, 1.507, 1.507, 1.507, 1.507, 1.507, 1.508, 1.509, 1.509, 1.509, 1.509, 1.509, 1.509, 1.509, 1.508, 1.508, 1.508, 1.508, 1.507, 1.507, 1.507, 1.507, 1.507, 1.507, 1.507, 1.507, 1.508, 1.509, 1.509, 1.509, 1.509, 1.509, 1.509, 1.509, 1.509, 1.508, 1.507, 1.507, 1.506, 1.505, 1.505, 1.505, 1.506, 1.507, 1.507, 1.509, 1.509, 1.51, 1.51, 1.51, 1.51, 1.509, 1.508, 1.507, 1.505, 1.504, 1.503, 1.502, 1.501, 1.501, 1.501, 1.501, 1.501, 1.501, 1.501, 1.501, 1.502, 1.503, 1.503, 1.503, 1.503, 1.503, 1.503, 1.502, 1.501, 1.5, 1.499, 1.496, 1.496, 1.495, 1.495, 1.494, 1.494, 1.494, 1.493, 1.493, 1.494, 1.494, 1.494, 1.495, 1.496, 1.496, 1.496, 1.499, 1.499, 1.499, 1.499, 1.499, 1.496, 1.496, 1.496, 1.496, 1.496, 1.496, 1.496, 1.496, 1.496, 1.495, 1.495, 1.494, 1.492, 1.491, 1.49, 1.489, 1.488, 1.488, 1.488, 1.488, 1.487, 1.487, 1.487, 1.488, 1.489, 1.489, 1.49, 1.49, 1.491, 1.491, 1.491, 1.49, 1.49, 1.489, 1.488, 1.486, 1.486, 1.484, 1.484, 1.482, 1.482, 1.481, 1.48, 1.48, 1.479, 1.479, 1.478, 1.478, 1.478, 1.477, 1.476, 1.476, 1.475, 1.474, 1.473, 1.472, 1.471, 1.47, 1.47, 1.47, 1.47, 1.47, 1.47, 1.47, 1.47, 1.47, 1.47, 1.47, 1.47, 1.468, 1.468, 1.468, 1.468, 1.468, 1.468, 1.469, 1.469, 1.47, 1.47, 1.47, 1.47, 1.47, 1.471, 1.471, 1.471, 1.471, 1.471, 1.471, 1.47, 1.47, 1.468, 1.468, 1.468, 1.468, 1.466, 1.466, 1.466, 1.466, 1.466, 1.468, 1.468, 1.468, 1.47, 1.47, 1.468, 1.466, 1.466, 1.464, 1.464, 1.462, 1.462, 1.462, 1.462, 1.462, 1.464, 1.464, 1.466, 1.466, 1.464, 1.464, 1.464, 1.464, 1.464, 1.464, 1.462, 1.462, 1.462, 1.46, 1.46, 1.46, 1.46, 1.46, 1.462, 1.462, 1.462, 1.464, 1.466, 1.466, 1.466, 1.466, 1.466, 1.466, 1.466, 1.466, 1.466, 1.466, 1.466, 1.464, 1.462, 1.462, 1.462, 1.46, 1.458, 1.458, 1.458, 1.458, 1.458, 1.458, 1.46, 1.462, 1.462, 1.462, 1.462, 1.46, 1.46, 1.458, 1.458, 1.456, 1.456, 1.456, 1.456, 1.458, 1.458, 1.458, 1.46, 1.462, 1.462, 1.464, 1.464, 1.464, 0, 
1.535, 1.535, 1.535, 1.535, 1.535, 1.534, 1.533, 1.532, 1.528, 1.527, 1.526, 1.524, 1.522, 1.52, 1.519, 1.518, 1.517, 1.516, 1.516, 1.516, 1.516, 1.516, 1.519, 1.52, 1.522, 1.524, 1.525, 1.528, 1.528, 1.531, 1.528, 1.528, 1.528, 1.527, 1.526, 1.525, 1.524, 1.523, 1.522, 1.521, 1.52, 1.519, 1.519, 1.518, 1.518, 1.518, 1.518, 1.519, 1.52, 1.52, 1.521, 1.522, 1.523, 1.523, 1.522, 1.522, 1.522, 1.522, 1.522, 1.522, 1.522, 1.522, 1.523, 1.524, 1.524, 1.524, 1.524, 1.525, 1.526, 1.527, 1.528, 1.528, 1.528, 1.528, 1.531, 1.531, 1.528, 1.528, 1.528, 1.527, 1.527, 1.526, 1.526, 1.526, 1.525, 1.524, 1.524, 1.523, 1.523, 1.522, 1.522, 1.522, 1.522, 1.522, 1.522, 1.522, 1.522, 1.521, 1.521, 1.52, 1.52, 1.519, 1.517, 1.516, 1.516, 1.516, 1.516, 1.516, 1.513, 1.513, 1.513, 1.513, 1.513, 1.513, 1.513, 1.512, 1.512, 1.512, 1.513, 1.513, 1.513, 1.513, 1.513, 1.513, 1.513, 1.513, 1.513, 1.513, 1.516, 1.516, 1.516, 1.517, 1.518, 1.518, 1.518, 1.518, 1.518, 1.518, 1.518, 1.518, 1.517, 1.517, 1.516, 1.516, 1.516, 1.516, 1.513, 1.513, 1.513, 1.513, 1.513, 1.516, 1.517, 1.518, 1.519, 1.521, 1.522, 1.523, 1.523, 1.524, 1.523, 1.522, 1.521, 1.52, 1.52, 1.52, 1.52, 1.519, 1.519, 1.519, 1.518, 1.518, 1.517, 1.516, 1.512, 1.511, 1.509, 1.508, 1.507, 1.507, 1.507, 1.507, 1.507, 1.508, 1.509, 1.51, 1.511, 1.512, 1.512, 1.513, 1.513, 1.513, 1.513, 1.512, 1.511, 1.511, 1.51, 1.509, 1.509, 1.508, 1.507, 1.507, 1.507, 1.507, 1.507, 1.507, 1.508, 1.508, 1.509, 1.509, 1.509, 1.509, 1.509, 1.509, 1.509, 1.509, 1.509, 1.509, 1.508, 1.508, 1.507, 1.507, 1.507, 1.507, 1.507, 1.507, 1.507, 1.508, 1.509, 1.509, 1.509, 1.509, 1.509, 1.509, 1.509, 1.509, 1.508, 1.507, 1.507, 1.506, 1.505, 1.505, 1.505, 1.505, 1.506, 1.507, 1.509, 1.51, 1.51, 1.511, 1.511, 1.511, 1.51, 1.508, 1.507, 1.505, 1.504, 1.503, 1.502, 1.501, 1.501, 1.501, 1.501, 1.501, 1.501, 1.501, 1.501, 1.501, 1.502, 1.503, 1.503, 1.503, 1.503, 1.503, 1.502, 1.501, 1.5, 1.499, 1.496, 1.496, 1.496, 1.495, 1.494, 1.494, 1.494, 1.493, 1.493, 1.494, 1.494, 1.494, 1.495, 1.495, 1.496, 1.496, 1.496, 1.499, 1.499, 1.499, 1.499, 1.496, 1.496, 1.496, 1.496, 1.496, 1.496, 1.499, 1.499, 1.496, 1.496, 1.495, 1.494, 1.493, 1.49, 1.49, 1.489, 1.488, 1.488, 1.488, 1.487, 1.487, 1.486, 1.487, 1.488, 1.488, 1.489, 1.49, 1.49, 1.491, 1.491, 1.491, 1.49, 1.49, 1.488, 1.488, 1.486, 1.485, 1.484, 1.484, 1.482, 1.482, 1.481, 1.481, 1.48, 1.48, 1.479, 1.479, 1.479, 1.478, 1.478, 1.477, 1.476, 1.475, 1.474, 1.473, 1.472, 1.472, 1.471, 1.471, 1.47, 1.47, 1.47, 1.47, 1.47, 1.47, 1.47, 1.47, 1.47, 1.47, 1.47, 1.47, 1.47, 1.469, 1.468, 1.469, 1.469, 1.47, 1.47, 1.47, 1.47, 1.47, 1.47, 1.47, 1.47, 1.47, 1.47, 1.47, 1.47, 1.47, 1.47, 1.468, 1.468, 1.468, 1.466, 1.466, 1.466, 1.466, 1.466, 1.466, 1.466, 1.468, 1.468, 1.468, 1.468, 1.468, 1.466, 1.466, 1.464, 1.464, 1.462, 1.462, 1.462, 1.462, 1.464, 1.464, 1.466, 1.466, 1.466, 1.466, 1.466, 1.466, 1.464, 1.464, 1.464, 1.464, 1.462, 1.462, 1.46, 1.46, 1.46, 1.46, 1.46, 1.46, 1.462, 1.462, 1.464, 1.466, 1.466, 1.466, 1.466, 1.466, 1.466, 1.466, 1.466, 1.466, 1.466, 1.466, 1.464, 1.462, 1.462, 1.46, 1.458, 1.458, 1.458, 1.458, 1.458, 1.458, 1.458, 1.458, 1.46, 1.462, 1.462, 1.462, 1.46, 1.458, 1.458, 1.458, 1.456, 1.456, 1.456, 1.456, 1.458, 1.458, 1.458, 1.46, 1.462, 1.462, 1.462, 1.462, 1.464, 0, 
1.535, 1.535, 1.535, 1.535, 1.535, 1.534, 1.533, 1.532, 1.528, 1.527, 1.526, 1.524, 1.522, 1.52, 1.519, 1.517, 1.516, 1.516, 1.516, 1.516, 1.516, 1.516, 1.517, 1.52, 1.521, 1.524, 1.524, 1.527, 1.528, 1.528, 1.528, 1.528, 1.528, 1.528, 1.527, 1.526, 1.525, 1.524, 1.523, 1.522, 1.521, 1.52, 1.519, 1.519, 1.519, 1.519, 1.519, 1.52, 1.52, 1.52, 1.521, 1.522, 1.523, 1.523, 1.523, 1.523, 1.522, 1.522, 1.522, 1.522, 1.522, 1.523, 1.523, 1.524, 1.524, 1.524, 1.524, 1.525, 1.526, 1.527, 1.528, 1.528, 1.528, 1.531, 1.531, 1.531, 1.531, 1.531, 1.531, 1.531, 1.528, 1.527, 1.527, 1.526, 1.526, 1.525, 1.525, 1.524, 1.524, 1.524, 1.523, 1.523, 1.523, 1.523, 1.523, 1.523, 1.523, 1.522, 1.521, 1.52, 1.52, 1.519, 1.518, 1.517, 1.516, 1.516, 1.516, 1.516, 1.513, 1.513, 1.513, 1.513, 1.513, 1.513, 1.513, 1.512, 1.512, 1.512, 1.513, 1.513, 1.513, 1.513, 1.513, 1.513, 1.516, 1.516, 1.516, 1.516, 1.516, 1.516, 1.516, 1.517, 1.518, 1.518, 1.518, 1.518, 1.518, 1.518, 1.517, 1.517, 1.516, 1.516, 1.516, 1.516, 1.516, 1.516, 1.516, 1.516, 1.516, 1.516, 1.516, 1.517, 1.518, 1.519, 1.521, 1.522, 1.523, 1.524, 1.524, 1.524, 1.524, 1.523, 1.522, 1.521, 1.52, 1.52, 1.52, 1.52, 1.52, 1.519, 1.518, 1.518, 1.517, 1.516, 1.512, 1.511, 1.509, 1.508, 1.507, 1.507, 1.507, 1.507, 1.507, 1.508, 1.509, 1.51, 1.511, 1.512, 1.513, 1.513, 1.516, 1.513, 1.513, 1.512, 1.511, 1.511, 1.51, 1.509, 1.509, 1.508, 1.507, 1.507, 1.507, 1.507, 1.507, 1.508, 1.508, 1.509, 1.509, 1.509, 1.509, 1.509, 1.509, 1.509, 1.509, 1.509, 1.509, 1.509, 1.509, 1.508, 1.507, 1.507, 1.507, 1.507, 1.507, 1.507, 1.507, 1.508, 1.508, 1.508, 1.509, 1.509, 1.509, 1.509, 1.509, 1.509, 1.508, 1.507, 1.507, 1.506, 1.505, 1.505, 1.505, 1.505, 1.506, 1.507, 1.509, 1.51, 1.511, 1.511, 1.512, 1.511, 1.51, 1.509, 1.507, 1.505, 1.504, 1.503, 1.503, 1.501, 1.501, 1.5, 1.5, 1.5, 1.5, 1.5, 1.501, 1.501, 1.502, 1.502, 1.503, 1.503, 1.503, 1.503, 1.502, 1.501, 1.5, 1.499, 1.499, 1.496, 1.496, 1.495, 1.494, 1.494, 1.494, 1.493, 1.493, 1.494, 1.494, 1.494, 1.494, 1.495, 1.495, 1.496, 1.496, 1.499, 1.499, 1.499, 1.499, 1.496, 1.496, 1.496, 1.496, 1.496, 1.496, 1.499, 1.499, 1.499, 1.496, 1.496, 1.495, 1.494, 1.49, 1.49, 1.489, 1.488, 1.488, 1.488, 1.487, 1.487, 1.486, 1.487, 1.488, 1.488, 1.489, 1.49, 1.49, 1.491, 1.491, 1.491, 1.49, 1.489, 1.488, 1.487, 1.486, 1.485, 1.484, 1.483, 1.482, 1.482, 1.482, 1.481, 1.481, 1.48, 1.48, 1.48, 1.479, 1.479, 1.478, 1.477, 1.477, 1.476, 1.475, 1.474, 1.473, 1.473, 1.472, 1.472, 1.471, 1.471, 1.471, 1.471, 1.471, 1.471, 1.471, 1.471, 1.471, 1.47, 1.47, 1.47, 1.47, 1.47, 1.47, 1.47, 1.47, 1.47, 1.47, 1.47, 1.47, 1.47, 1.47, 1.47, 1.47, 1.47, 1.47, 1.47, 1.47, 1.47, 1.468, 1.468, 1.468, 1.466, 1.466, 1.466, 1.466, 1.466, 1.466, 1.466, 1.466, 1.466, 1.468, 1.468, 1.468, 1.468, 1.466, 1.466, 1.464, 1.464, 1.464, 1.464, 1.464, 1.464, 1.464, 1.466, 1.466, 1.468, 1.468, 1.468, 1.466, 1.466, 1.466, 1.464, 1.464, 1.464, 1.462, 1.462, 1.46, 1.46, 1.46, 1.46, 1.46, 1.46, 1.462, 1.462, 1.464, 1.466, 1.466, 1.466, 1.466, 1.466, 1.466, 1.466, 1.466, 1.466, 1.466, 1.466, 1.464, 1.462, 1.462, 1.46, 1.458, 1.458, 1.458, 1.458, 1.458, 1.458, 1.458, 1.458, 1.458, 1.46, 1.46, 1.46, 1.46, 1.458, 1.458, 1.458, 1.456, 1.456, 1.456, 1.456, 1.458, 1.458, 1.458, 1.46, 1.46, 1.462, 1.462, 1.462, 1.462, 0, 
1.535, 1.535, 1.535, 1.535, 1.534, 1.533, 1.533, 1.532, 1.528, 1.527, 1.526, 1.524, 1.522, 1.52, 1.518, 1.517, 1.516, 1.516, 1.516, 1.516, 1.516, 1.516, 1.516, 1.52, 1.52, 1.524, 1.524, 1.526, 1.527, 1.528, 1.528, 1.528, 1.528, 1.528, 1.527, 1.527, 1.526, 1.525, 1.524, 1.523, 1.522, 1.521, 1.52, 1.52, 1.52, 1.52, 1.52, 1.52, 1.52, 1.52, 1.521, 1.522, 1.523, 1.523, 1.523, 1.523, 1.523, 1.523, 1.523, 1.523, 1.523, 1.524, 1.524, 1.524, 1.524, 1.524, 1.524, 1.524, 1.525, 1.526, 1.527, 1.528, 1.528, 1.531, 1.531, 1.531, 1.531, 1.531, 1.531, 1.531, 1.531, 1.531, 1.527, 1.527, 1.527, 1.526, 1.526, 1.525, 1.525, 1.524, 1.524, 1.524, 1.524, 1.524, 1.524, 1.524, 1.523, 1.523, 1.522, 1.521, 1.52, 1.519, 1.518, 1.517, 1.516, 1.516, 1.516, 1.516, 1.516, 1.513, 1.513, 1.513, 1.513, 1.513, 1.513, 1.513, 1.513, 1.513, 1.513, 1.513, 1.513, 1.513, 1.513, 1.516, 1.516, 1.516, 1.516, 1.516, 1.516, 1.516, 1.516, 1.517, 1.518, 1.518, 1.518, 1.518, 1.518, 1.518, 1.517, 1.516, 1.516, 1.516, 1.516, 1.516, 1.516, 1.516, 1.516, 1.516, 1.516, 1.517, 1.517, 1.518, 1.519, 1.521, 1.522, 1.523, 1.524, 1.524, 1.525, 1.525, 1.524, 1.523, 1.522, 1.521, 1.52, 1.52, 1.52, 1.52, 1.52, 1.519, 1.518, 1.518, 1.517, 1.516, 1.512, 1.511, 1.509, 1.509, 1.508, 1.507, 1.507, 1.507, 1.508, 1.509, 1.51, 1.511, 1.512, 1.512, 1.516, 1.516, 1.516, 1.513, 1.513, 1.512, 1.511, 1.51, 1.51, 1.509, 1.509, 1.508, 1.507, 1.507, 1.507, 1.507, 1.508, 1.508, 1.509, 1.509, 1.51, 1.51, 1.51, 1.51, 1.51, 1.509, 1.509, 1.509, 1.509, 1.509, 1.509, 1.509, 1.508, 1.507, 1.507, 1.507, 1.507, 1.507, 1.507, 1.507, 1.507, 1.508, 1.508, 1.508, 1.509, 1.509, 1.509, 1.508, 1.508, 1.507, 1.506, 1.505, 1.505, 1.505, 1.505, 1.505, 1.506, 1.507, 1.509, 1.51, 1.511, 1.512, 1.512, 1.512, 1.511, 1.509, 1.508, 1.505, 1.504, 1.503, 1.503, 1.501, 1.501, 1.5, 1.499, 1.499, 1.499, 1.5, 1.501, 1.501, 1.501, 1.502, 1.503, 1.503, 1.503, 1.503, 1.502, 1.501, 1.5, 1.5, 1.499, 1.496, 1.496, 1.495, 1.495, 1.494, 1.494, 1.494, 1.494, 1.494, 1.494, 1.494, 1.494, 1.494, 1.495, 1.496, 1.496, 1.499, 1.499, 1.499, 1.496, 1.496, 1.496, 1.496, 1.496, 1.496, 1.496, 1.499, 1.499, 1.496, 1.496, 1.496, 1.495, 1.494, 1.491, 1.49, 1.489, 1.488, 1.488, 1.488, 1.487, 1.486, 1.486, 1.487, 1.488, 1.488, 1.489, 1.49, 1.49, 1.49, 1.491, 1.49, 1.49, 1.489, 1.488, 1.487, 1.486, 1.485, 1.484, 1.483, 1.482, 1.482, 1.482, 1.482, 1.481, 1.481, 1.48, 1.48, 1.48, 1.479, 1.479, 1.478, 1.478, 1.477, 1.476, 1.475, 1.474, 1.474, 1.473, 1.472, 1.472, 1.472, 1.472, 1.472, 1.472, 1.472, 1.472, 1.472, 1.472, 1.471, 1.471, 1.471, 1.47, 1.47, 1.47, 1.47, 1.47, 1.47, 1.47, 1.47, 1.47, 1.47, 1.47, 1.47, 1.47, 1.47, 1.47, 1.47, 1.47, 1.468, 1.468, 1.468, 1.468, 1.466, 1.466, 1.464, 1.464, 1.464, 1.464, 1.466, 1.466, 1.466, 1.468, 1.468, 1.468, 1.466, 1.466, 1.466, 1.466, 1.464, 1.464, 1.464, 1.464, 1.464, 1.466, 1.466, 1.468, 1.468, 1.468, 1.468, 1.468, 1.468, 1.466, 1.466, 1.464, 1.464, 1.464, 1.462, 1.462, 1.46, 1.46, 1.46, 1.46, 1.46, 1.462, 1.462, 1.464, 1.464, 1.466, 1.466, 1.466, 1.466, 1.466, 1.466, 1.466, 1.466, 1.466, 1.466, 1.464, 1.462, 1.462, 1.46, 1.458, 1.458, 1.458, 1.458, 1.458, 1.458, 1.458, 1.458, 1.458, 1.46, 1.46, 1.46, 1.458, 1.458, 1.458, 1.458, 1.456, 1.456, 1.456, 1.458, 1.458, 1.458, 1.458, 1.458, 1.46, 1.46, 1.46, 1.46, 1.462, 0, 
1.535, 1.535, 1.535, 1.535, 1.534, 1.533, 1.533, 1.532, 1.528, 1.527, 1.526, 1.524, 1.522, 1.52, 1.519, 1.516, 1.516, 1.516, 1.516, 1.516, 1.516, 1.516, 1.516, 1.519, 1.52, 1.522, 1.524, 1.525, 1.526, 1.527, 1.528, 1.528, 1.528, 1.528, 1.528, 1.527, 1.526, 1.526, 1.525, 1.524, 1.523, 1.522, 1.521, 1.521, 1.52, 1.52, 1.52, 1.52, 1.52, 1.52, 1.521, 1.521, 1.522, 1.523, 1.523, 1.523, 1.523, 1.524, 1.524, 1.524, 1.524, 1.524, 1.524, 1.524, 1.524, 1.524, 1.524, 1.524, 1.525, 1.526, 1.527, 1.528, 1.528, 1.531, 1.531, 1.531, 1.531, 1.531, 1.531, 1.531, 1.531, 1.531, 1.531, 1.531, 1.531, 1.527, 1.527, 1.526, 1.526, 1.526, 1.526, 1.525, 1.525, 1.525, 1.524, 1.524, 1.524, 1.523, 1.522, 1.521, 1.52, 1.519, 1.518, 1.517, 1.516, 1.516, 1.516, 1.516, 1.516, 1.513, 1.513, 1.513, 1.513, 1.513, 1.513, 1.513, 1.513, 1.513, 1.513, 1.513, 1.516, 1.516, 1.516, 1.516, 1.516, 1.516, 1.516, 1.516, 1.516, 1.516, 1.517, 1.517, 1.518, 1.518, 1.518, 1.518, 1.518, 1.518, 1.517, 1.516, 1.516, 1.516, 1.516, 1.516, 1.516, 1.516, 1.516, 1.516, 1.517, 1.518, 1.518, 1.519, 1.52, 1.522, 1.523, 1.524, 1.524, 1.525, 1.525, 1.525, 1.524, 1.524, 1.523, 1.522, 1.521, 1.52, 1.52, 1.52, 1.519, 1.519, 1.518, 1.518, 1.517, 1.516, 1.512, 1.511, 1.51, 1.509, 1.508, 1.508, 1.508, 1.508, 1.509, 1.51, 1.511, 1.511, 1.512, 1.516, 1.516, 1.516, 1.516, 1.513, 1.513, 1.512, 1.511, 1.51, 1.509, 1.509, 1.509, 1.508, 1.508, 1.508, 1.508, 1.508, 1.508, 1.509, 1.509, 1.51, 1.511, 1.511, 1.511, 1.511, 1.51, 1.51, 1.51, 1.509, 1.509, 1.509, 1.509, 1.509, 1.508, 1.508, 1.507, 1.507, 1.507, 1.507, 1.507, 1.507, 1.507, 1.507, 1.507, 1.508, 1.508, 1.508, 1.508, 1.508, 1.507, 1.507, 1.506, 1.505, 1.505, 1.505, 1.505, 1.505, 1.506, 1.507, 1.509, 1.51, 1.511, 1.512, 1.513, 1.512, 1.511, 1.51, 1.509, 1.505, 1.504, 1.503, 1.503, 1.501, 1.501, 1.5, 1.499, 1.499, 1.499, 1.5, 1.501, 1.501, 1.501, 1.502, 1.502, 1.503, 1.503, 1.503, 1.502, 1.501, 1.501, 1.5, 1.499, 1.499, 1.496, 1.496, 1.495, 1.495, 1.495, 1.494, 1.494, 1.494, 1.494, 1.494, 1.494, 1.494, 1.494, 1.495, 1.496, 1.496, 1.499, 1.499, 1.496, 1.496, 1.496, 1.496, 1.496, 1.496, 1.496, 1.499, 1.499, 1.496, 1.496, 1.496, 1.495, 1.494, 1.491, 1.49, 1.489, 1.488, 1.488, 1.488, 1.487, 1.486, 1.486, 1.487, 1.487, 1.488, 1.488, 1.489, 1.49, 1.49, 1.49, 1.49, 1.489, 1.488, 1.487, 1.486, 1.485, 1.484, 1.483, 1.483, 1.482, 1.482, 1.482, 1.482, 1.482, 1.481, 1.481, 1.481, 1.48, 1.48, 1.48, 1.479, 1.478, 1.478, 1.477, 1.476, 1.476, 1.475, 1.474, 1.474, 1.473, 1.473, 1.472, 1.472, 1.472, 1.472, 1.472, 1.472, 1.472, 1.472, 1.472, 1.471, 1.471, 1.47, 1.47, 1.47, 1.47, 1.47, 1.47, 1.47, 1.47, 1.469, 1.468, 1.468, 1.47, 1.47, 1.47, 1.47, 1.468, 1.468, 1.468, 1.468, 1.466, 1.466, 1.464, 1.464, 1.464, 1.464, 1.464, 1.464, 1.466, 1.466, 1.466, 1.468, 1.468, 1.466, 1.466, 1.466, 1.466, 1.464, 1.464, 1.464, 1.464, 1.466, 1.466, 1.466, 1.468, 1.468, 1.468, 1.468, 1.468, 1.468, 1.468, 1.466, 1.466, 1.464, 1.464, 1.464, 1.462, 1.46, 1.46, 1.46, 1.46, 1.46, 1.462, 1.462, 1.462, 1.464, 1.466, 1.466, 1.466, 1.466, 1.466, 1.466, 1.466, 1.466, 1.466, 1.466, 1.464, 1.462, 1.462, 1.46, 1.458, 1.458, 1.458, 1.458, 1.458, 1.458, 1.458, 1.458, 1.458, 1.46, 1.46, 1.458, 1.458, 1.458, 1.458, 1.458, 1.456, 1.456, 1.456, 1.458, 1.458, 1.458, 1.458, 1.458, 1.46, 1.46, 1.46, 1.46, 1.462, 0, 
1.535, 1.535, 1.535, 1.535, 1.534, 1.533, 1.533, 1.532, 1.528, 1.527, 1.526, 1.524, 1.522, 1.521, 1.52, 1.516, 1.516, 1.516, 1.516, 1.516, 1.516, 1.516, 1.517, 1.518, 1.52, 1.52, 1.524, 1.525, 1.526, 1.527, 1.527, 1.528, 1.528, 1.528, 1.528, 1.528, 1.527, 1.527, 1.526, 1.526, 1.524, 1.523, 1.522, 1.522, 1.521, 1.52, 1.52, 1.52, 1.52, 1.52, 1.52, 1.521, 1.521, 1.522, 1.522, 1.522, 1.523, 1.523, 1.524, 1.524, 1.524, 1.524, 1.524, 1.524, 1.524, 1.524, 1.524, 1.524, 1.525, 1.526, 1.527, 1.528, 1.528, 1.531, 1.531, 1.531, 1.531, 1.531, 1.531, 1.531, 1.531, 1.531, 1.531, 1.531, 1.531, 1.531, 1.527, 1.527, 1.527, 1.527, 1.526, 1.526, 1.526, 1.525, 1.525, 1.525, 1.524, 1.523, 1.522, 1.521, 1.52, 1.52, 1.519, 1.518, 1.517, 1.516, 1.516, 1.516, 1.516, 1.516, 1.513, 1.513, 1.513, 1.513, 1.513, 1.513, 1.513, 1.513, 1.513, 1.513, 1.516, 1.516, 1.516, 1.516, 1.516, 1.516, 1.516, 1.516, 1.516, 1.516, 1.517, 1.518, 1.518, 1.518, 1.518, 1.518, 1.518, 1.518, 1.517, 1.517, 1.516, 1.516, 1.516, 1.516, 1.516, 1.516, 1.516, 1.517, 1.518, 1.519, 1.52, 1.52, 1.522, 1.522, 1.523, 1.524, 1.524, 1.525, 1.525, 1.525, 1.524, 1.523, 1.522, 1.521, 1.52, 1.52, 1.52, 1.52, 1.519, 1.518, 1.518, 1.517, 1.516, 1.516, 1.512, 1.511, 1.51, 1.509, 1.509, 1.509, 1.509, 1.509, 1.51, 1.51, 1.511, 1.512, 1.516, 1.516, 1.516, 1.516, 1.516, 1.513, 1.513, 1.512, 1.511, 1.51, 1.509, 1.509, 1.509, 1.509, 1.509, 1.509, 1.509, 1.509, 1.509, 1.51, 1.51, 1.511, 1.511, 1.511, 1.511, 1.511, 1.511, 1.511, 1.51, 1.51, 1.509, 1.509, 1.509, 1.509, 1.509, 1.508, 1.507, 1.507, 1.507, 1.507, 1.507, 1.507, 1.507, 1.507, 1.507, 1.507, 1.507, 1.507, 1.507, 1.507, 1.507, 1.506, 1.506, 1.505, 1.504, 1.504, 1.504, 1.504, 1.505, 1.507, 1.508, 1.51, 1.511, 1.512, 1.513, 1.512, 1.511, 1.511, 1.51, 1.505, 1.505, 1.504, 1.503, 1.501, 1.501, 1.5, 1.5, 1.5, 1.5, 1.5, 1.501, 1.501, 1.501, 1.501, 1.502, 1.503, 1.503, 1.503, 1.502, 1.502, 1.501, 1.5, 1.5, 1.499, 1.499, 1.496, 1.496, 1.496, 1.495, 1.494, 1.494, 1.494, 1.494, 1.494, 1.494, 1.494, 1.494, 1.495, 1.495, 1.496, 1.499, 1.496, 1.496, 1.496, 1.496, 1.496, 1.496, 1.496, 1.496, 1.499, 1.499, 1.499, 1.496, 1.496, 1.495, 1.494, 1.492, 1.49, 1.489, 1.488, 1.488, 1.488, 1.487, 1.486, 1.486, 1.486, 1.487, 1.488, 1.488, 1.489, 1.489, 1.49, 1.49, 1.489, 1.489, 1.488, 1.487, 1.486, 1.485, 1.484, 1.483, 1.482, 1.482, 1.482, 1.482, 1.482, 1.482, 1.482, 1.482, 1.481, 1.481, 1.481, 1.48, 1.48, 1.479, 1.479, 1.478, 1.477, 1.476, 1.476, 1.475, 1.475, 1.474, 1.474, 1.474, 1.473, 1.473, 1.473, 1.473, 1.473, 1.473, 1.473, 1.472, 1.472, 1.471, 1.471, 1.47, 1.47, 1.47, 1.469, 1.469, 1.469, 1.468, 1.468, 1.468, 1.468, 1.468, 1.468, 1.468, 1.468, 1.468, 1.468, 1.468, 1.466, 1.466, 1.466, 1.464, 1.464, 1.464, 1.464, 1.464, 1.464, 1.466, 1.466, 1.466, 1.466, 1.466, 1.466, 1.466, 1.466, 1.464, 1.464, 1.464, 1.464, 1.466, 1.466, 1.466, 1.468, 1.468, 1.468, 1.468, 1.469, 1.469, 1.469, 1.469, 1.468, 1.466, 1.466, 1.464, 1.464, 1.462, 1.462, 1.46, 1.46, 1.46, 1.46, 1.462, 1.462, 1.462, 1.464, 1.466, 1.466, 1.466, 1.466, 1.466, 1.466, 1.466, 1.466, 1.466, 1.466, 1.464, 1.462, 1.462, 1.46, 1.458, 1.458, 1.458, 1.458, 1.458, 1.458, 1.458, 1.458, 1.458, 1.458, 1.458, 1.458, 1.458, 1.458, 1.458, 1.458, 1.456, 1.456, 1.456, 1.458, 1.458, 1.458, 1.458, 1.458, 1.46, 1.46, 1.46, 1.46, 1.462, 0, 
1.535, 1.535, 1.535, 1.535, 1.534, 1.533, 1.533, 1.532, 1.528, 1.527, 1.526, 1.524, 1.522, 1.521, 1.52, 1.517, 1.517, 1.516, 1.516, 1.516, 1.516, 1.516, 1.517, 1.518, 1.519, 1.52, 1.523, 1.524, 1.525, 1.526, 1.527, 1.527, 1.528, 1.528, 1.528, 1.528, 1.528, 1.527, 1.527, 1.527, 1.526, 1.524, 1.524, 1.523, 1.522, 1.521, 1.521, 1.52, 1.52, 1.52, 1.52, 1.52, 1.521, 1.521, 1.522, 1.522, 1.522, 1.523, 1.524, 1.524, 1.524, 1.524, 1.524, 1.524, 1.524, 1.524, 1.524, 1.524, 1.525, 1.526, 1.527, 1.527, 1.528, 1.528, 1.531, 1.531, 1.531, 1.531, 1.531, 1.531, 1.531, 1.531, 1.531, 1.531, 1.531, 1.531, 1.531, 1.531, 1.528, 1.527, 1.527, 1.526, 1.526, 1.526, 1.526, 1.525, 1.524, 1.524, 1.522, 1.522, 1.52, 1.52, 1.519, 1.518, 1.517, 1.516, 1.516, 1.516, 1.516, 1.516, 1.513, 1.513, 1.513, 1.513, 1.513, 1.513, 1.513, 1.513, 1.513, 1.513, 1.516, 1.516, 1.516, 1.516, 1.516, 1.516, 1.516, 1.516, 1.516, 1.517, 1.517, 1.518, 1.518, 1.518, 1.519, 1.519, 1.519, 1.518, 1.518, 1.517, 1.516, 1.516, 1.516, 1.516, 1.516, 1.516, 1.517, 1.518, 1.518, 1.52, 1.521, 1.522, 1.522, 1.523, 1.524, 1.524, 1.524, 1.524, 1.524, 1.524, 1.524, 1.523, 1.522, 1.521, 1.52, 1.52, 1.52, 1.519, 1.518, 1.518, 1.518, 1.517, 1.516, 1.516, 1.512, 1.511, 1.51, 1.509, 1.509, 1.509, 1.509, 1.509, 1.51, 1.511, 1.512, 1.513, 1.516, 1.516, 1.516, 1.516, 1.516, 1.513, 1.513, 1.512, 1.511, 1.51, 1.509, 1.509, 1.509, 1.509, 1.509, 1.509, 1.509, 1.509, 1.509, 1.51, 1.511, 1.511, 1.511, 1.511, 1.511, 1.511, 1.511, 1.511, 1.511, 1.51, 1.51, 1.509, 1.509, 1.509, 1.509, 1.508, 1.508, 1.507, 1.507, 1.507, 1.507, 1.507, 1.507, 1.507, 1.507, 1.507, 1.507, 1.507, 1.507, 1.507, 1.507, 1.506, 1.505, 1.505, 1.504, 1.503, 1.503, 1.504, 1.505, 1.506, 1.508, 1.509, 1.511, 1.512, 1.512, 1.512, 1.512, 1.511, 1.51, 1.506, 1.505, 1.504, 1.503, 1.502, 1.501, 1.501, 1.501, 1.501, 1.501, 1.501, 1.501, 1.501, 1.501, 1.501, 1.502, 1.503, 1.503, 1.503, 1.503, 1.502, 1.501, 1.501, 1.5, 1.5, 1.499, 1.499, 1.499, 1.496, 1.495, 1.495, 1.494, 1.494, 1.494, 1.494, 1.494, 1.494, 1.494, 1.494, 1.495, 1.496, 1.496, 1.496, 1.496, 1.496, 1.496, 1.496, 1.496, 1.496, 1.496, 1.499, 1.499, 1.499, 1.499, 1.496, 1.495, 1.494, 1.492, 1.491, 1.49, 1.489, 1.488, 1.488, 1.487, 1.486, 1.486, 1.486, 1.486, 1.487, 1.487, 1.488, 1.489, 1.489, 1.489, 1.489, 1.488, 1.487, 1.486, 1.485, 1.484, 1.483, 1.483, 1.482, 1.482, 1.482, 1.482, 1.482, 1.483, 1.482, 1.482, 1.482, 1.482, 1.482, 1.481, 1.481, 1.48, 1.479, 1.479, 1.478, 1.477, 1.477, 1.476, 1.476, 1.476, 1.475, 1.475, 1.474, 1.474, 1.474, 1.474, 1.474, 1.474, 1.474, 1.473, 1.473, 1.472, 1.471, 1.47, 1.47, 1.47, 1.469, 1.468, 1.468, 1.468, 1.466, 1.466, 1.466, 1.466, 1.468, 1.468, 1.468, 1.468, 1.468, 1.468, 1.466, 1.466, 1.466, 1.464, 1.464, 1.464, 1.464, 1.464, 1.464, 1.466, 1.466, 1.466, 1.466, 1.466, 1.466, 1.466, 1.466, 1.464, 1.464, 1.464, 1.464, 1.466, 1.466, 1.466, 1.468, 1.468, 1.468, 1.469, 1.469, 1.47, 1.47, 1.47, 1.469, 1.469, 1.466, 1.464, 1.464, 1.462, 1.462, 1.46, 1.46, 1.46, 1.46, 1.462, 1.462, 1.462, 1.464, 1.466, 1.466, 1.466, 1.466, 1.466, 1.466, 1.466, 1.466, 1.466, 1.466, 1.464, 1.462, 1.462, 1.462, 1.46, 1.458, 1.458, 1.458, 1.458, 1.458, 1.458, 1.458, 1.458, 1.458, 1.458, 1.458, 1.458, 1.458, 1.458, 1.458, 1.456, 1.456, 1.456, 1.458, 1.458, 1.458, 1.458, 1.458, 1.458, 1.46, 1.46, 1.46, 1.46, 0, 
1.535, 1.535, 1.535, 1.535, 1.534, 1.533, 1.533, 1.532, 1.528, 1.527, 1.526, 1.524, 1.522, 1.521, 1.52, 1.518, 1.517, 1.516, 1.516, 1.516, 1.516, 1.516, 1.517, 1.518, 1.52, 1.521, 1.523, 1.524, 1.525, 1.526, 1.526, 1.526, 1.527, 1.527, 1.527, 1.528, 1.528, 1.528, 1.528, 1.528, 1.527, 1.527, 1.526, 1.524, 1.523, 1.522, 1.522, 1.521, 1.52, 1.52, 1.52, 1.52, 1.52, 1.52, 1.521, 1.521, 1.522, 1.523, 1.524, 1.524, 1.524, 1.524, 1.524, 1.524, 1.524, 1.524, 1.524, 1.524, 1.524, 1.525, 1.526, 1.527, 1.528, 1.528, 1.528, 1.531, 1.531, 1.531, 1.531, 1.531, 1.531, 1.531, 1.531, 1.531, 1.531, 1.531, 1.531, 1.531, 1.528, 1.528, 1.527, 1.526, 1.526, 1.526, 1.525, 1.525, 1.524, 1.523, 1.522, 1.522, 1.52, 1.52, 1.519, 1.518, 1.518, 1.517, 1.516, 1.516, 1.516, 1.516, 1.516, 1.516, 1.516, 1.516, 1.513, 1.513, 1.513, 1.513, 1.516, 1.516, 1.516, 1.516, 1.516, 1.516, 1.516, 1.516, 1.516, 1.516, 1.516, 1.517, 1.518, 1.518, 1.518, 1.519, 1.519, 1.52, 1.519, 1.519, 1.518, 1.517, 1.517, 1.516, 1.516, 1.516, 1.516, 1.516, 1.517, 1.518, 1.519, 1.521, 1.522, 1.523, 1.523, 1.524, 1.524, 1.524, 1.524, 1.524, 1.524, 1.524, 1.523, 1.522, 1.521, 1.52, 1.52, 1.52, 1.519, 1.518, 1.518, 1.517, 1.517, 1.516, 1.516, 1.512, 1.511, 1.51, 1.509, 1.509, 1.509, 1.509, 1.509, 1.509, 1.51, 1.511, 1.512, 1.516, 1.516, 1.516, 1.516, 1.516, 1.516, 1.516, 1.513, 1.512, 1.511, 1.51, 1.509, 1.509, 1.509, 1.509, 1.509, 1.509, 1.509, 1.509, 1.51, 1.511, 1.511, 1.512, 1.512, 1.512, 1.512, 1.512, 1.512, 1.512, 1.511, 1.511, 1.51, 1.51, 1.509, 1.509, 1.509, 1.508, 1.508, 1.507, 1.507, 1.507, 1.507, 1.507, 1.507, 1.507, 1.507, 1.507, 1.507, 1.507, 1.507, 1.507, 1.507, 1.506, 1.505, 1.504, 1.503, 1.503, 1.503, 1.503, 1.504, 1.505, 1.507, 1.509, 1.51, 1.511, 1.512, 1.512, 1.512, 1.511, 1.509, 1.507, 1.505, 1.504, 1.503, 1.502, 1.501, 1.501, 1.501, 1.501, 1.501, 1.501, 1.501, 1.501, 1.501, 1.501, 1.502, 1.502, 1.503, 1.503, 1.503, 1.502, 1.502, 1.501, 1.501, 1.5, 1.5, 1.499, 1.499, 1.499, 1.496, 1.495, 1.494, 1.494, 1.494, 1.494, 1.494, 1.494, 1.494, 1.494, 1.495, 1.496, 1.496, 1.496, 1.496, 1.496, 1.496, 1.496, 1.496, 1.496, 1.496, 1.499, 1.499, 1.499, 1.499, 1.496, 1.495, 1.494, 1.492, 1.491, 1.49, 1.489, 1.488, 1.488, 1.487, 1.486, 1.486, 1.486, 1.486, 1.486, 1.487, 1.487, 1.488, 1.488, 1.488, 1.488, 1.487, 1.486, 1.485, 1.484, 1.483, 1.483, 1.482, 1.482, 1.482, 1.482, 1.482, 1.483, 1.483, 1.482, 1.482, 1.482, 1.482, 1.482, 1.482, 1.481, 1.481, 1.48, 1.48, 1.479, 1.478, 1.478, 1.477, 1.477, 1.476, 1.476, 1.475, 1.475, 1.475, 1.474, 1.474, 1.474, 1.474, 1.474, 1.474, 1.473, 1.473, 1.472, 1.471, 1.47, 1.47, 1.469, 1.468, 1.466, 1.466, 1.466, 1.466, 1.466, 1.466, 1.466, 1.466, 1.468, 1.468, 1.468, 1.468, 1.466, 1.466, 1.466, 1.464, 1.464, 1.464, 1.464, 1.464, 1.464, 1.466, 1.466, 1.466, 1.466, 1.466, 1.466, 1.466, 1.464, 1.464, 1.464, 1.464, 1.464, 1.466, 1.466, 1.466, 1.468, 1.468, 1.468, 1.469, 1.47, 1.47, 1.47, 1.47, 1.469, 1.469, 1.466, 1.466, 1.464, 1.464, 1.462, 1.462, 1.46, 1.46, 1.46, 1.462, 1.462, 1.464, 1.464, 1.466, 1.466, 1.466, 1.468, 1.468, 1.466, 1.466, 1.466, 1.466, 1.466, 1.464, 1.464, 1.462, 1.462, 1.46, 1.46, 1.458, 1.458, 1.458, 1.458, 1.458, 1.458, 1.458, 1.458, 1.458, 1.458, 1.456, 1.456, 1.458, 1.456, 1.456, 1.456, 1.456, 1.458, 1.458, 1.458, 1.458, 1.458, 1.458, 1.46, 1.46, 1.46, 1.46, 0, 
1.535, 1.535, 1.535, 1.534, 1.534, 1.533, 1.532, 1.532, 1.531, 1.528, 1.527, 1.524, 1.523, 1.522, 1.52, 1.519, 1.518, 1.517, 1.516, 1.516, 1.516, 1.517, 1.518, 1.519, 1.52, 1.522, 1.523, 1.524, 1.525, 1.525, 1.526, 1.526, 1.526, 1.526, 1.527, 1.527, 1.528, 1.528, 1.528, 1.528, 1.528, 1.528, 1.527, 1.526, 1.524, 1.523, 1.522, 1.521, 1.521, 1.52, 1.52, 1.52, 1.52, 1.52, 1.52, 1.521, 1.522, 1.522, 1.523, 1.524, 1.524, 1.524, 1.524, 1.524, 1.524, 1.524, 1.524, 1.524, 1.524, 1.525, 1.526, 1.526, 1.527, 1.528, 1.528, 1.528, 1.528, 1.528, 1.531, 1.531, 1.531, 1.531, 1.531, 1.531, 1.532, 1.531, 1.531, 1.531, 1.531, 1.528, 1.527, 1.526, 1.526, 1.526, 1.525, 1.524, 1.524, 1.523, 1.522, 1.522, 1.52, 1.52, 1.519, 1.518, 1.518, 1.517, 1.516, 1.516, 1.516, 1.516, 1.516, 1.516, 1.516, 1.516, 1.516, 1.516, 1.516, 1.516, 1.516, 1.516, 1.516, 1.517, 1.517, 1.517, 1.517, 1.517, 1.517, 1.517, 1.517, 1.517, 1.518, 1.519, 1.519, 1.52, 1.52, 1.52, 1.52, 1.519, 1.518, 1.518, 1.517, 1.516, 1.516, 1.516, 1.516, 1.517, 1.518, 1.519, 1.52, 1.522, 1.523, 1.524, 1.524, 1.524, 1.524, 1.524, 1.524, 1.523, 1.523, 1.523, 1.522, 1.521, 1.521, 1.52, 1.52, 1.519, 1.518, 1.518, 1.517, 1.517, 1.516, 1.516, 1.513, 1.512, 1.511, 1.51, 1.509, 1.508, 1.508, 1.508, 1.509, 1.509, 1.511, 1.511, 1.512, 1.516, 1.516, 1.517, 1.517, 1.517, 1.517, 1.516, 1.513, 1.512, 1.511, 1.51, 1.509, 1.509, 1.509, 1.509, 1.509, 1.509, 1.509, 1.51, 1.51, 1.511, 1.512, 1.512, 1.513, 1.516, 1.516, 1.513, 1.513, 1.512, 1.512, 1.511, 1.511, 1.51, 1.509, 1.509, 1.509, 1.509, 1.508, 1.507, 1.507, 1.507, 1.507, 1.507, 1.507, 1.507, 1.507, 1.507, 1.507, 1.507, 1.507, 1.507, 1.506, 1.505, 1.505, 1.504, 1.503, 1.502, 1.502, 1.502, 1.503, 1.505, 1.506, 1.508, 1.511, 1.511, 1.512, 1.512, 1.511, 1.51, 1.509, 1.507, 1.506, 1.505, 1.503, 1.502, 1.502, 1.501, 1.501, 1.501, 1.501, 1.501, 1.501, 1.501, 1.501, 1.501, 1.501, 1.502, 1.503, 1.503, 1.503, 1.503, 1.502, 1.501, 1.501, 1.501, 1.5, 1.5, 1.499, 1.499, 1.496, 1.496, 1.495, 1.494, 1.494, 1.494, 1.494, 1.494, 1.494, 1.494, 1.495, 1.496, 1.496, 1.496, 1.496, 1.496, 1.496, 1.496, 1.496, 1.499, 1.499, 1.499, 1.499, 1.499, 1.499, 1.499, 1.495, 1.494, 1.492, 1.491, 1.49, 1.489, 1.488, 1.488, 1.487, 1.486, 1.486, 1.486, 1.486, 1.486, 1.486, 1.487, 1.487, 1.487, 1.487, 1.487, 1.486, 1.485, 1.484, 1.484, 1.483, 1.482, 1.482, 1.482, 1.482, 1.482, 1.482, 1.483, 1.483, 1.482, 1.482, 1.482, 1.482, 1.482, 1.482, 1.482, 1.481, 1.481, 1.48, 1.48, 1.479, 1.479, 1.478, 1.478, 1.477, 1.477, 1.476, 1.476, 1.476, 1.476, 1.475, 1.475, 1.475, 1.475, 1.474, 1.474, 1.473, 1.472, 1.471, 1.47, 1.47, 1.469, 1.468, 1.466, 1.466, 1.466, 1.466, 1.466, 1.466, 1.466, 1.466, 1.466, 1.468, 1.468, 1.468, 1.466, 1.466, 1.466, 1.466, 1.464, 1.464, 1.464, 1.464, 1.464, 1.466, 1.466, 1.466, 1.466, 1.466, 1.466, 1.466, 1.464, 1.464, 1.464, 1.464, 1.464, 1.466, 1.466, 1.466, 1.468, 1.468, 1.469, 1.469, 1.47, 1.47, 1.47, 1.47, 1.47, 1.469, 1.468, 1.466, 1.466, 1.464, 1.464, 1.462, 1.462, 1.462, 1.462, 1.462, 1.462, 1.464, 1.464, 1.466, 1.466, 1.466, 1.468, 1.468, 1.468, 1.466, 1.466, 1.466, 1.466, 1.466, 1.464, 1.462, 1.462, 1.462, 1.46, 1.46, 1.458, 1.458, 1.458, 1.458, 1.458, 1.458, 1.458, 1.458, 1.456, 1.456, 1.456, 1.456, 1.456, 1.456, 1.456, 1.456, 1.458, 1.458, 1.458, 1.458, 1.458, 1.458, 1.46, 1.46, 1.46, 1.46, 0, 
1.534, 1.534, 1.534, 1.534, 1.533, 1.533, 1.532, 1.532, 1.528, 1.528, 1.528, 1.524, 1.524, 1.522, 1.521, 1.52, 1.519, 1.518, 1.517, 1.517, 1.517, 1.518, 1.519, 1.52, 1.521, 1.522, 1.523, 1.524, 1.524, 1.525, 1.525, 1.526, 1.526, 1.526, 1.526, 1.527, 1.527, 1.528, 1.528, 1.531, 1.531, 1.528, 1.527, 1.526, 1.525, 1.524, 1.523, 1.522, 1.521, 1.52, 1.52, 1.52, 1.52, 1.52, 1.52, 1.52, 1.521, 1.522, 1.523, 1.524, 1.524, 1.524, 1.524, 1.524, 1.524, 1.524, 1.524, 1.524, 1.524, 1.524, 1.525, 1.526, 1.527, 1.527, 1.528, 1.528, 1.528, 1.528, 1.528, 1.531, 1.531, 1.531, 1.531, 1.531, 1.532, 1.532, 1.531, 1.531, 1.531, 1.528, 1.527, 1.526, 1.526, 1.525, 1.524, 1.524, 1.524, 1.523, 1.522, 1.521, 1.52, 1.52, 1.52, 1.519, 1.518, 1.517, 1.516, 1.516, 1.516, 1.516, 1.516, 1.516, 1.516, 1.516, 1.516, 1.516, 1.516, 1.516, 1.516, 1.517, 1.517, 1.518, 1.518, 1.518, 1.518, 1.518, 1.518, 1.518, 1.518, 1.518, 1.519, 1.519, 1.52, 1.52, 1.52, 1.52, 1.52, 1.519, 1.519, 1.518, 1.517, 1.516, 1.516, 1.516, 1.516, 1.517, 1.518, 1.52, 1.521, 1.522, 1.523, 1.524, 1.524, 1.524, 1.524, 1.523, 1.523, 1.522, 1.522, 1.522, 1.521, 1.52, 1.52, 1.519, 1.519, 1.518, 1.517, 1.517, 1.516, 1.516, 1.516, 1.513, 1.512, 1.511, 1.51, 1.509, 1.508, 1.508, 1.507, 1.507, 1.508, 1.509, 1.51, 1.511, 1.512, 1.516, 1.516, 1.517, 1.518, 1.518, 1.517, 1.517, 1.513, 1.512, 1.511, 1.51, 1.509, 1.509, 1.509, 1.509, 1.509, 1.509, 1.509, 1.51, 1.511, 1.512, 1.512, 1.513, 1.516, 1.516, 1.516, 1.516, 1.513, 1.513, 1.512, 1.511, 1.511, 1.511, 1.51, 1.509, 1.509, 1.509, 1.508, 1.507, 1.507, 1.507, 1.507, 1.507, 1.507, 1.507, 1.507, 1.507, 1.507, 1.507, 1.507, 1.507, 1.506, 1.505, 1.505, 1.504, 1.503, 1.502, 1.502, 1.502, 1.503, 1.504, 1.505, 1.507, 1.511, 1.511, 1.511, 1.512, 1.511, 1.51, 1.509, 1.507, 1.506, 1.505, 1.504, 1.503, 1.502, 1.502, 1.501, 1.501, 1.501, 1.501, 1.501, 1.501, 1.501, 1.501, 1.501, 1.502, 1.503, 1.503, 1.503, 1.503, 1.503, 1.502, 1.502, 1.501, 1.501, 1.5, 1.5, 1.5, 1.499, 1.496, 1.495, 1.495, 1.494, 1.494, 1.494, 1.494, 1.494, 1.494, 1.495, 1.496, 1.496, 1.496, 1.496, 1.496, 1.496, 1.496, 1.499, 1.499, 1.499, 1.499, 1.499, 1.499, 1.499, 1.499, 1.495, 1.494, 1.493, 1.492, 1.49, 1.489, 1.488, 1.488, 1.487, 1.486, 1.486, 1.485, 1.485, 1.485, 1.486, 1.486, 1.486, 1.486, 1.486, 1.486, 1.485, 1.484, 1.483, 1.483, 1.482, 1.482, 1.482, 1.482, 1.482, 1.482, 1.482, 1.483, 1.483, 1.482, 1.482, 1.482, 1.482, 1.482, 1.482, 1.482, 1.482, 1.481, 1.48, 1.48, 1.48, 1.479, 1.479, 1.478, 1.478, 1.477, 1.477, 1.476, 1.476, 1.476, 1.476, 1.476, 1.476, 1.475, 1.475, 1.474, 1.474, 1.473, 1.472, 1.47, 1.47, 1.469, 1.466, 1.466, 1.466, 1.466, 1.466, 1.466, 1.466, 1.466, 1.466, 1.466, 1.468, 1.468, 1.468, 1.468, 1.466, 1.466, 1.466, 1.464, 1.464, 1.464, 1.464, 1.464, 1.466, 1.466, 1.466, 1.466, 1.466, 1.466, 1.466, 1.464, 1.464, 1.464, 1.464, 1.464, 1.464, 1.466, 1.466, 1.468, 1.468, 1.469, 1.469, 1.47, 1.47, 1.47, 1.47, 1.47, 1.469, 1.469, 1.468, 1.466, 1.464, 1.464, 1.464, 1.462, 1.462, 1.462, 1.462, 1.462, 1.464, 1.464, 1.466, 1.466, 1.466, 1.468, 1.468, 1.468, 1.468, 1.468, 1.468, 1.466, 1.466, 1.466, 1.464, 1.462, 1.462, 1.462, 1.46, 1.46, 1.458, 1.458, 1.458, 1.458, 1.458, 1.458, 1.458, 1.456, 1.456, 1.456, 1.456, 1.456, 1.456, 1.456, 1.458, 1.458, 1.458, 1.458, 1.458, 1.458, 1.458, 1.46, 1.46, 1.46, 1.46, 0, 
1.533, 1.533, 1.533, 1.533, 1.533, 1.532, 1.532, 1.531, 1.528, 1.528, 1.528, 1.525, 1.524, 1.523, 1.522, 1.521, 1.52, 1.519, 1.518, 1.518, 1.518, 1.519, 1.52, 1.52, 1.521, 1.522, 1.523, 1.524, 1.524, 1.524, 1.524, 1.525, 1.525, 1.525, 1.526, 1.526, 1.527, 1.528, 1.528, 1.531, 1.531, 1.531, 1.528, 1.527, 1.526, 1.524, 1.524, 1.523, 1.522, 1.521, 1.52, 1.52, 1.52, 1.52, 1.52, 1.52, 1.521, 1.522, 1.523, 1.523, 1.524, 1.524, 1.524, 1.524, 1.524, 1.524, 1.524, 1.524, 1.524, 1.524, 1.525, 1.525, 1.526, 1.527, 1.528, 1.528, 1.528, 1.528, 1.528, 1.531, 1.531, 1.531, 1.531, 1.531, 1.531, 1.532, 1.531, 1.531, 1.531, 1.528, 1.527, 1.526, 1.525, 1.525, 1.524, 1.523, 1.523, 1.522, 1.521, 1.521, 1.52, 1.52, 1.52, 1.519, 1.518, 1.517, 1.516, 1.516, 1.516, 1.516, 1.516, 1.516, 1.516, 1.516, 1.516, 1.516, 1.516, 1.516, 1.517, 1.518, 1.518, 1.518, 1.518, 1.518, 1.518, 1.518, 1.518, 1.518, 1.518, 1.518, 1.519, 1.52, 1.52, 1.52, 1.52, 1.52, 1.52, 1.52, 1.519, 1.518, 1.517, 1.516, 1.516, 1.516, 1.516, 1.518, 1.519, 1.52, 1.521, 1.523, 1.524, 1.524, 1.524, 1.524, 1.523, 1.522, 1.522, 1.521, 1.521, 1.52, 1.52, 1.52, 1.519, 1.518, 1.518, 1.517, 1.517, 1.516, 1.516, 1.516, 1.513, 1.512, 1.511, 1.51, 1.509, 1.509, 1.508, 1.507, 1.507, 1.507, 1.508, 1.509, 1.51, 1.511, 1.512, 1.516, 1.517, 1.518, 1.518, 1.518, 1.517, 1.517, 1.513, 1.512, 1.511, 1.51, 1.509, 1.509, 1.509, 1.509, 1.509, 1.509, 1.509, 1.51, 1.511, 1.512, 1.513, 1.516, 1.516, 1.516, 1.516, 1.516, 1.516, 1.513, 1.512, 1.512, 1.511, 1.511, 1.51, 1.51, 1.509, 1.509, 1.508, 1.507, 1.507, 1.507, 1.507, 1.506, 1.506, 1.506, 1.507, 1.507, 1.507, 1.507, 1.507, 1.507, 1.506, 1.505, 1.505, 1.503, 1.503, 1.502, 1.502, 1.502, 1.503, 1.504, 1.505, 1.506, 1.51, 1.511, 1.511, 1.511, 1.511, 1.51, 1.509, 1.507, 1.506, 1.505, 1.504, 1.503, 1.503, 1.502, 1.502, 1.502, 1.501, 1.501, 1.501, 1.501, 1.501, 1.501, 1.501, 1.502, 1.503, 1.503, 1.503, 1.503, 1.503, 1.503, 1.503, 1.502, 1.502, 1.501, 1.501, 1.5, 1.5, 1.499, 1.496, 1.495, 1.495, 1.495, 1.494, 1.494, 1.494, 1.494, 1.495, 1.496, 1.496, 1.496, 1.496, 1.496, 1.499, 1.499, 1.499, 1.499, 1.499, 1.499, 1.499, 1.499, 1.499, 1.499, 1.495, 1.494, 1.493, 1.492, 1.49, 1.49, 1.488, 1.488, 1.486, 1.486, 1.486, 1.485, 1.484, 1.485, 1.485, 1.485, 1.485, 1.485, 1.485, 1.485, 1.484, 1.483, 1.482, 1.482, 1.482, 1.482, 1.482, 1.482, 1.482, 1.482, 1.482, 1.482, 1.483, 1.483, 1.482, 1.482, 1.482, 1.482, 1.482, 1.482, 1.482, 1.481, 1.48, 1.48, 1.48, 1.48, 1.479, 1.479, 1.478, 1.478, 1.478, 1.477, 1.477, 1.477, 1.476, 1.476, 1.476, 1.476, 1.475, 1.474, 1.474, 1.473, 1.472, 1.47, 1.469, 1.469, 1.466, 1.466, 1.466, 1.466, 1.466, 1.466, 1.466, 1.466, 1.466, 1.466, 1.468, 1.468, 1.468, 1.468, 1.466, 1.466, 1.466, 1.464, 1.464, 1.464, 1.464, 1.464, 1.466, 1.466, 1.466, 1.466, 1.466, 1.466, 1.466, 1.464, 1.464, 1.464, 1.464, 1.464, 1.464, 1.466, 1.466, 1.468, 1.468, 1.468, 1.469, 1.47, 1.47, 1.47, 1.47, 1.47, 1.47, 1.469, 1.469, 1.466, 1.466, 1.464, 1.464, 1.464, 1.462, 1.462, 1.462, 1.462, 1.464, 1.464, 1.466, 1.466, 1.466, 1.468, 1.468, 1.468, 1.468, 1.468, 1.468, 1.468, 1.466, 1.466, 1.466, 1.464, 1.462, 1.462, 1.462, 1.46, 1.458, 1.458, 1.458, 1.458, 1.458, 1.458, 1.456, 1.456, 1.456, 1.456, 1.456, 1.456, 1.456, 1.458, 1.458, 1.458, 1.458, 1.458, 1.458, 1.458, 1.458, 1.46, 1.46, 1.46, 1.46, 0, 
1.532, 1.532, 1.532, 1.532, 1.532, 1.532, 1.531, 1.531, 1.531, 1.528, 1.527, 1.526, 1.525, 1.524, 1.523, 1.522, 1.521, 1.52, 1.52, 1.52, 1.52, 1.52, 1.521, 1.521, 1.522, 1.523, 1.524, 1.524, 1.524, 1.524, 1.524, 1.524, 1.524, 1.524, 1.525, 1.526, 1.526, 1.527, 1.528, 1.531, 1.531, 1.531, 1.528, 1.527, 1.526, 1.525, 1.524, 1.523, 1.522, 1.522, 1.521, 1.521, 1.52, 1.52, 1.52, 1.52, 1.521, 1.522, 1.522, 1.523, 1.523, 1.524, 1.524, 1.524, 1.524, 1.524, 1.524, 1.524, 1.524, 1.524, 1.524, 1.525, 1.526, 1.527, 1.528, 1.528, 1.528, 1.528, 1.528, 1.531, 1.531, 1.531, 1.531, 1.531, 1.531, 1.531, 1.531, 1.531, 1.531, 1.527, 1.527, 1.526, 1.525, 1.524, 1.523, 1.522, 1.522, 1.521, 1.52, 1.52, 1.52, 1.52, 1.519, 1.518, 1.518, 1.517, 1.516, 1.516, 1.516, 1.516, 1.516, 1.516, 1.516, 1.516, 1.516, 1.516, 1.517, 1.517, 1.518, 1.518, 1.519, 1.519, 1.519, 1.518, 1.518, 1.518, 1.518, 1.518, 1.518, 1.518, 1.519, 1.52, 1.52, 1.521, 1.521, 1.521, 1.521, 1.52, 1.519, 1.518, 1.517, 1.516, 1.516, 1.516, 1.516, 1.517, 1.518, 1.52, 1.521, 1.522, 1.523, 1.524, 1.524, 1.523, 1.522, 1.521, 1.52, 1.52, 1.52, 1.519, 1.519, 1.518, 1.518, 1.517, 1.517, 1.517, 1.516, 1.516, 1.513, 1.513, 1.512, 1.511, 1.511, 1.51, 1.509, 1.508, 1.508, 1.507, 1.507, 1.507, 1.508, 1.509, 1.51, 1.511, 1.512, 1.516, 1.517, 1.517, 1.518, 1.518, 1.517, 1.517, 1.513, 1.512, 1.511, 1.51, 1.509, 1.509, 1.509, 1.509, 1.509, 1.509, 1.51, 1.511, 1.512, 1.512, 1.513, 1.516, 1.516, 1.516, 1.516, 1.516, 1.516, 1.513, 1.513, 1.512, 1.511, 1.511, 1.511, 1.51, 1.51, 1.509, 1.509, 1.508, 1.507, 1.507, 1.507, 1.506, 1.506, 1.506, 1.507, 1.507, 1.507, 1.507, 1.507, 1.507, 1.506, 1.505, 1.505, 1.504, 1.503, 1.503, 1.503, 1.503, 1.503, 1.504, 1.505, 1.507, 1.509, 1.51, 1.511, 1.511, 1.511, 1.51, 1.508, 1.507, 1.506, 1.505, 1.504, 1.504, 1.503, 1.503, 1.503, 1.502, 1.502, 1.502, 1.501, 1.501, 1.501, 1.501, 1.501, 1.502, 1.502, 1.503, 1.503, 1.503, 1.503, 1.503, 1.503, 1.503, 1.503, 1.502, 1.502, 1.501, 1.501, 1.5, 1.499, 1.496, 1.496, 1.495, 1.495, 1.494, 1.494, 1.495, 1.495, 1.496, 1.496, 1.496, 1.496, 1.499, 1.499, 1.499, 1.499, 1.499, 1.499, 1.499, 1.499, 1.499, 1.499, 1.499, 1.495, 1.494, 1.493, 1.492, 1.49, 1.489, 1.488, 1.487, 1.486, 1.486, 1.485, 1.484, 1.484, 1.484, 1.484, 1.484, 1.484, 1.484, 1.484, 1.483, 1.482, 1.482, 1.481, 1.481, 1.48, 1.481, 1.481, 1.481, 1.482, 1.482, 1.482, 1.483, 1.483, 1.483, 1.483, 1.482, 1.482, 1.482, 1.482, 1.482, 1.482, 1.481, 1.48, 1.48, 1.48, 1.48, 1.48, 1.479, 1.478, 1.478, 1.478, 1.478, 1.478, 1.477, 1.477, 1.477, 1.477, 1.476, 1.476, 1.475, 1.474, 1.473, 1.472, 1.471, 1.468, 1.468, 1.466, 1.466, 1.466, 1.466, 1.466, 1.466, 1.466, 1.466, 1.466, 1.466, 1.468, 1.468, 1.468, 1.468, 1.466, 1.466, 1.466, 1.466, 1.466, 1.466, 1.466, 1.466, 1.466, 1.466, 1.466, 1.466, 1.466, 1.466, 1.466, 1.464, 1.464, 1.464, 1.464, 1.464, 1.466, 1.466, 1.466, 1.468, 1.468, 1.468, 1.469, 1.47, 1.47, 1.47, 1.47, 1.47, 1.47, 1.47, 1.469, 1.468, 1.466, 1.464, 1.464, 1.464, 1.464, 1.464, 1.464, 1.464, 1.464, 1.464, 1.466, 1.466, 1.468, 1.468, 1.468, 1.469, 1.469, 1.469, 1.469, 1.468, 1.468, 1.468, 1.466, 1.466, 1.464, 1.462, 1.462, 1.462, 1.46, 1.458, 1.458, 1.458, 1.458, 1.458, 1.456, 1.456, 1.456, 1.456, 1.456, 1.456, 1.456, 1.458, 1.458, 1.458, 1.458, 1.458, 1.458, 1.458, 1.458, 1.46, 1.46, 1.46, 1.46, 0, 
1.531, 1.531, 1.532, 1.531, 1.531, 1.531, 1.531, 1.531, 1.531, 1.528, 1.528, 1.527, 1.526, 1.525, 1.524, 1.523, 1.522, 1.521, 1.521, 1.521, 1.521, 1.521, 1.522, 1.522, 1.523, 1.524, 1.524, 1.524, 1.524, 1.524, 1.524, 1.524, 1.524, 1.524, 1.524, 1.525, 1.526, 1.527, 1.528, 1.528, 1.531, 1.531, 1.531, 1.528, 1.527, 1.526, 1.525, 1.524, 1.523, 1.523, 1.522, 1.521, 1.521, 1.521, 1.52, 1.52, 1.521, 1.522, 1.522, 1.522, 1.523, 1.524, 1.524, 1.524, 1.524, 1.524, 1.524, 1.524, 1.524, 1.524, 1.524, 1.525, 1.526, 1.526, 1.527, 1.528, 1.528, 1.528, 1.528, 1.528, 1.531, 1.531, 1.531, 1.531, 1.531, 1.531, 1.531, 1.528, 1.527, 1.527, 1.526, 1.525, 1.524, 1.523, 1.522, 1.521, 1.521, 1.52, 1.52, 1.519, 1.519, 1.519, 1.518, 1.518, 1.517, 1.517, 1.516, 1.516, 1.516, 1.513, 1.513, 1.513, 1.516, 1.516, 1.516, 1.517, 1.517, 1.518, 1.518, 1.519, 1.52, 1.52, 1.519, 1.519, 1.518, 1.518, 1.518, 1.518, 1.518, 1.519, 1.52, 1.52, 1.521, 1.521, 1.522, 1.522, 1.521, 1.52, 1.519, 1.518, 1.517, 1.516, 1.516, 1.516, 1.516, 1.517, 1.518, 1.52, 1.521, 1.522, 1.523, 1.523, 1.523, 1.522, 1.521, 1.52, 1.519, 1.519, 1.518, 1.518, 1.518, 1.517, 1.517, 1.517, 1.516, 1.516, 1.516, 1.512, 1.512, 1.512, 1.511, 1.511, 1.51, 1.509, 1.508, 1.508, 1.507, 1.507, 1.507, 1.507, 1.508, 1.509, 1.51, 1.511, 1.512, 1.516, 1.516, 1.517, 1.518, 1.517, 1.517, 1.516, 1.513, 1.512, 1.511, 1.51, 1.509, 1.509, 1.509, 1.509, 1.509, 1.509, 1.51, 1.511, 1.512, 1.513, 1.513, 1.516, 1.516, 1.516, 1.516, 1.516, 1.516, 1.516, 1.513, 1.512, 1.512, 1.511, 1.511, 1.511, 1.51, 1.509, 1.509, 1.508, 1.507, 1.507, 1.507, 1.506, 1.506, 1.506, 1.507, 1.507, 1.507, 1.507, 1.507, 1.507, 1.507, 1.506, 1.505, 1.504, 1.503, 1.503, 1.503, 1.503, 1.503, 1.504, 1.505, 1.507, 1.508, 1.509, 1.51, 1.511, 1.51, 1.509, 1.508, 1.507, 1.506, 1.505, 1.505, 1.504, 1.504, 1.503, 1.503, 1.503, 1.503, 1.502, 1.502, 1.502, 1.501, 1.501, 1.501, 1.502, 1.503, 1.503, 1.503, 1.503, 1.503, 1.504, 1.504, 1.504, 1.503, 1.503, 1.503, 1.502, 1.501, 1.501, 1.5, 1.499, 1.496, 1.496, 1.495, 1.495, 1.495, 1.495, 1.496, 1.496, 1.496, 1.496, 1.496, 1.499, 1.499, 1.499, 1.499, 1.499, 1.499, 1.499, 1.499, 1.499, 1.499, 1.496, 1.495, 1.494, 1.493, 1.492, 1.49, 1.489, 1.488, 1.487, 1.486, 1.485, 1.485, 1.484, 1.484, 1.484, 1.484, 1.483, 1.483, 1.483, 1.482, 1.481, 1.481, 1.48, 1.48, 1.48, 1.48, 1.48, 1.48, 1.481, 1.481, 1.482, 1.482, 1.483, 1.484, 1.484, 1.483, 1.483, 1.482, 1.482, 1.482, 1.482, 1.481, 1.481, 1.48, 1.48, 1.48, 1.48, 1.48, 1.479, 1.479, 1.478, 1.478, 1.478, 1.478, 1.478, 1.478, 1.478, 1.477, 1.477, 1.476, 1.475, 1.474, 1.473, 1.472, 1.471, 1.468, 1.468, 1.466, 1.466, 1.466, 1.466, 1.466, 1.466, 1.466, 1.466, 1.466, 1.466, 1.466, 1.468, 1.468, 1.468, 1.468, 1.466, 1.466, 1.466, 1.466, 1.466, 1.466, 1.466, 1.466, 1.466, 1.466, 1.466, 1.466, 1.466, 1.466, 1.464, 1.464, 1.464, 1.464, 1.464, 1.464, 1.466, 1.466, 1.468, 1.468, 1.468, 1.469, 1.469, 1.47, 1.47, 1.47, 1.47, 1.47, 1.47, 1.469, 1.469, 1.466, 1.464, 1.464, 1.464, 1.464, 1.464, 1.464, 1.464, 1.464, 1.466, 1.466, 1.466, 1.468, 1.468, 1.468, 1.469, 1.47, 1.47, 1.47, 1.47, 1.468, 1.468, 1.468, 1.466, 1.466, 1.464, 1.462, 1.462, 1.462, 1.46, 1.458, 1.458, 1.458, 1.456, 1.456, 1.456, 1.456, 1.456, 1.456, 1.456, 1.456, 1.458, 1.458, 1.458, 1.458, 1.458, 1.458, 1.46, 1.46, 1.46, 1.46, 1.46, 1.46, 0, 
1.531, 1.531, 1.531, 1.531, 1.531, 1.531, 1.531, 1.531, 1.531, 1.531, 1.528, 1.528, 1.527, 1.526, 1.524, 1.524, 1.523, 1.523, 1.522, 1.522, 1.522, 1.522, 1.523, 1.524, 1.524, 1.524, 1.524, 1.524, 1.524, 1.524, 1.524, 1.524, 1.524, 1.524, 1.524, 1.524, 1.525, 1.526, 1.527, 1.528, 1.531, 1.531, 1.531, 1.528, 1.527, 1.526, 1.526, 1.525, 1.524, 1.524, 1.523, 1.522, 1.522, 1.521, 1.521, 1.52, 1.521, 1.522, 1.522, 1.522, 1.522, 1.523, 1.524, 1.524, 1.524, 1.524, 1.524, 1.524, 1.524, 1.524, 1.524, 1.525, 1.526, 1.526, 1.527, 1.528, 1.528, 1.528, 1.528, 1.528, 1.528, 1.528, 1.528, 1.528, 1.528, 1.528, 1.527, 1.527, 1.527, 1.526, 1.526, 1.524, 1.523, 1.522, 1.521, 1.52, 1.52, 1.519, 1.519, 1.518, 1.518, 1.518, 1.518, 1.517, 1.517, 1.516, 1.516, 1.516, 1.516, 1.513, 1.513, 1.513, 1.516, 1.516, 1.517, 1.517, 1.518, 1.519, 1.519, 1.52, 1.52, 1.52, 1.52, 1.519, 1.519, 1.518, 1.518, 1.518, 1.518, 1.519, 1.52, 1.52, 1.521, 1.522, 1.522, 1.521, 1.521, 1.52, 1.518, 1.517, 1.516, 1.516, 1.516, 1.516, 1.516, 1.517, 1.518, 1.519, 1.52, 1.521, 1.523, 1.523, 1.522, 1.521, 1.52, 1.519, 1.518, 1.518, 1.517, 1.517, 1.517, 1.516, 1.516, 1.516, 1.516, 1.512, 1.512, 1.512, 1.511, 1.511, 1.511, 1.51, 1.509, 1.508, 1.508, 1.507, 1.507, 1.507, 1.507, 1.507, 1.508, 1.509, 1.51, 1.511, 1.512, 1.513, 1.516, 1.517, 1.517, 1.517, 1.516, 1.513, 1.513, 1.512, 1.511, 1.51, 1.509, 1.509, 1.509, 1.509, 1.509, 1.509, 1.51, 1.511, 1.512, 1.513, 1.513, 1.513, 1.516, 1.516, 1.516, 1.516, 1.516, 1.513, 1.513, 1.513, 1.512, 1.511, 1.511, 1.511, 1.51, 1.509, 1.509, 1.508, 1.507, 1.507, 1.507, 1.507, 1.507, 1.507, 1.507, 1.507, 1.507, 1.507, 1.507, 1.507, 1.507, 1.506, 1.505, 1.504, 1.504, 1.503, 1.503, 1.503, 1.503, 1.504, 1.505, 1.507, 1.508, 1.509, 1.51, 1.51, 1.51, 1.509, 1.508, 1.507, 1.506, 1.505, 1.505, 1.505, 1.504, 1.504, 1.504, 1.503, 1.503, 1.503, 1.503, 1.502, 1.502, 1.502, 1.502, 1.502, 1.503, 1.503, 1.503, 1.503, 1.503, 1.504, 1.505, 1.504, 1.504, 1.504, 1.503, 1.503, 1.502, 1.501, 1.5, 1.5, 1.496, 1.496, 1.496, 1.496, 1.496, 1.496, 1.496, 1.496, 1.496, 1.499, 1.499, 1.499, 1.5, 1.5, 1.5, 1.5, 1.5, 1.5, 1.499, 1.499, 1.496, 1.495, 1.494, 1.493, 1.492, 1.491, 1.49, 1.489, 1.487, 1.486, 1.486, 1.485, 1.484, 1.483, 1.483, 1.482, 1.482, 1.482, 1.482, 1.481, 1.48, 1.48, 1.479, 1.479, 1.478, 1.478, 1.479, 1.479, 1.48, 1.48, 1.481, 1.482, 1.482, 1.483, 1.484, 1.484, 1.484, 1.483, 1.482, 1.482, 1.482, 1.481, 1.481, 1.48, 1.48, 1.48, 1.48, 1.48, 1.48, 1.479, 1.479, 1.478, 1.478, 1.478, 1.478, 1.478, 1.478, 1.478, 1.478, 1.477, 1.477, 1.476, 1.475, 1.474, 1.472, 1.471, 1.468, 1.468, 1.466, 1.466, 1.466, 1.464, 1.464, 1.464, 1.464, 1.466, 1.466, 1.466, 1.466, 1.468, 1.468, 1.468, 1.468, 1.468, 1.466, 1.466, 1.466, 1.466, 1.466, 1.466, 1.466, 1.466, 1.466, 1.466, 1.466, 1.466, 1.466, 1.464, 1.464, 1.464, 1.464, 1.464, 1.464, 1.464, 1.466, 1.466, 1.468, 1.468, 1.468, 1.469, 1.469, 1.47, 1.47, 1.47, 1.47, 1.47, 1.469, 1.469, 1.468, 1.466, 1.464, 1.464, 1.464, 1.464, 1.464, 1.464, 1.466, 1.466, 1.466, 1.468, 1.468, 1.468, 1.468, 1.469, 1.47, 1.47, 1.47, 1.47, 1.47, 1.47, 1.468, 1.468, 1.466, 1.466, 1.464, 1.462, 1.462, 1.46, 1.458, 1.458, 1.458, 1.456, 1.456, 1.454, 1.454, 1.454, 1.456, 1.456, 1.456, 1.458, 1.458, 1.458, 1.458, 1.458, 1.46, 1.46, 1.46, 1.462, 1.46, 1.46, 1.462, 0, 
1.531, 1.531, 1.531, 1.531, 1.531, 1.531, 1.531, 1.531, 1.531, 1.531, 1.528, 1.528, 1.527, 1.526, 1.525, 1.524, 1.524, 1.524, 1.523, 1.523, 1.523, 1.524, 1.524, 1.524, 1.525, 1.525, 1.525, 1.524, 1.524, 1.524, 1.523, 1.523, 1.523, 1.523, 1.524, 1.524, 1.525, 1.526, 1.527, 1.528, 1.531, 1.531, 1.531, 1.528, 1.528, 1.527, 1.526, 1.526, 1.525, 1.524, 1.524, 1.523, 1.523, 1.522, 1.521, 1.521, 1.521, 1.522, 1.522, 1.522, 1.522, 1.523, 1.523, 1.524, 1.524, 1.524, 1.524, 1.524, 1.524, 1.524, 1.524, 1.525, 1.526, 1.526, 1.527, 1.528, 1.528, 1.528, 1.528, 1.528, 1.528, 1.528, 1.528, 1.528, 1.528, 1.527, 1.527, 1.526, 1.526, 1.526, 1.525, 1.524, 1.522, 1.521, 1.52, 1.52, 1.519, 1.518, 1.518, 1.517, 1.517, 1.517, 1.517, 1.517, 1.516, 1.516, 1.516, 1.516, 1.516, 1.513, 1.513, 1.513, 1.516, 1.516, 1.517, 1.518, 1.518, 1.519, 1.52, 1.52, 1.52, 1.52, 1.52, 1.52, 1.519, 1.518, 1.518, 1.518, 1.518, 1.519, 1.52, 1.52, 1.521, 1.522, 1.522, 1.521, 1.52, 1.519, 1.518, 1.517, 1.516, 1.513, 1.513, 1.513, 1.513, 1.517, 1.518, 1.519, 1.52, 1.521, 1.521, 1.521, 1.521, 1.52, 1.52, 1.519, 1.518, 1.517, 1.516, 1.516, 1.516, 1.513, 1.512, 1.512, 1.512, 1.512, 1.511, 1.511, 1.511, 1.51, 1.51, 1.509, 1.508, 1.508, 1.507, 1.507, 1.507, 1.507, 1.507, 1.507, 1.508, 1.509, 1.509, 1.511, 1.512, 1.512, 1.516, 1.516, 1.516, 1.516, 1.516, 1.513, 1.512, 1.511, 1.51, 1.509, 1.509, 1.509, 1.509, 1.509, 1.509, 1.51, 1.511, 1.511, 1.512, 1.513, 1.513, 1.513, 1.513, 1.513, 1.513, 1.513, 1.513, 1.513, 1.513, 1.513, 1.512, 1.512, 1.511, 1.511, 1.511, 1.51, 1.509, 1.508, 1.507, 1.507, 1.507, 1.507, 1.507, 1.507, 1.507, 1.507, 1.507, 1.507, 1.507, 1.507, 1.507, 1.506, 1.505, 1.505, 1.504, 1.504, 1.503, 1.503, 1.503, 1.504, 1.505, 1.506, 1.507, 1.508, 1.509, 1.509, 1.509, 1.508, 1.507, 1.507, 1.506, 1.505, 1.505, 1.505, 1.505, 1.505, 1.504, 1.504, 1.503, 1.503, 1.503, 1.503, 1.503, 1.503, 1.503, 1.503, 1.503, 1.503, 1.503, 1.503, 1.503, 1.504, 1.505, 1.505, 1.505, 1.504, 1.504, 1.503, 1.503, 1.502, 1.501, 1.5, 1.499, 1.496, 1.496, 1.496, 1.496, 1.496, 1.496, 1.496, 1.499, 1.499, 1.499, 1.5, 1.5, 1.501, 1.501, 1.501, 1.501, 1.5, 1.5, 1.496, 1.496, 1.495, 1.494, 1.493, 1.492, 1.491, 1.489, 1.488, 1.487, 1.486, 1.485, 1.484, 1.483, 1.483, 1.482, 1.482, 1.482, 1.481, 1.481, 1.48, 1.479, 1.478, 1.478, 1.478, 1.478, 1.478, 1.478, 1.478, 1.479, 1.48, 1.48, 1.482, 1.483, 1.484, 1.484, 1.484, 1.484, 1.483, 1.482, 1.482, 1.482, 1.481, 1.48, 1.48, 1.48, 1.48, 1.48, 1.48, 1.48, 1.479, 1.479, 1.478, 1.478, 1.478, 1.478, 1.478, 1.478, 1.478, 1.478, 1.478, 1.477, 1.476, 1.475, 1.474, 1.473, 1.472, 1.468, 1.468, 1.466, 1.466, 1.466, 1.464, 1.464, 1.464, 1.464, 1.466, 1.466, 1.466, 1.466, 1.468, 1.469, 1.469, 1.469, 1.468, 1.468, 1.468, 1.468, 1.468, 1.468, 1.468, 1.468, 1.468, 1.466, 1.466, 1.466, 1.466, 1.464, 1.464, 1.464, 1.464, 1.464, 1.464, 1.464, 1.464, 1.464, 1.466, 1.466, 1.468, 1.468, 1.468, 1.469, 1.47, 1.47, 1.47, 1.47, 1.47, 1.469, 1.469, 1.468, 1.466, 1.466, 1.466, 1.464, 1.464, 1.464, 1.466, 1.466, 1.466, 1.468, 1.468, 1.468, 1.468, 1.468, 1.469, 1.47, 1.47, 1.47, 1.47, 1.47, 1.47, 1.47, 1.468, 1.468, 1.466, 1.466, 1.464, 1.462, 1.46, 1.458, 1.458, 1.458, 1.456, 1.456, 1.454, 1.454, 1.454, 1.456, 1.456, 1.456, 1.458, 1.458, 1.458, 1.458, 1.46, 1.46, 1.462, 1.462, 1.462, 1.46, 1.46, 1.462, 0, 
1.527, 1.527, 1.528, 1.528, 1.528, 1.528, 1.531, 1.531, 1.531, 1.531, 1.531, 1.528, 1.527, 1.526, 1.525, 1.525, 1.524, 1.524, 1.524, 1.524, 1.524, 1.524, 1.525, 1.525, 1.525, 1.525, 1.525, 1.524, 1.524, 1.524, 1.523, 1.522, 1.522, 1.523, 1.524, 1.524, 1.525, 1.526, 1.527, 1.528, 1.531, 1.531, 1.531, 1.531, 1.528, 1.528, 1.527, 1.527, 1.526, 1.525, 1.525, 1.524, 1.524, 1.523, 1.522, 1.522, 1.522, 1.522, 1.522, 1.522, 1.522, 1.522, 1.523, 1.524, 1.524, 1.524, 1.524, 1.524, 1.524, 1.524, 1.524, 1.525, 1.526, 1.526, 1.527, 1.528, 1.528, 1.528, 1.528, 1.528, 1.528, 1.528, 1.528, 1.527, 1.527, 1.527, 1.526, 1.526, 1.526, 1.525, 1.524, 1.523, 1.522, 1.521, 1.52, 1.519, 1.518, 1.518, 1.517, 1.517, 1.516, 1.516, 1.516, 1.516, 1.516, 1.516, 1.516, 1.516, 1.516, 1.516, 1.513, 1.513, 1.516, 1.516, 1.517, 1.518, 1.519, 1.519, 1.52, 1.52, 1.52, 1.52, 1.52, 1.519, 1.519, 1.518, 1.518, 1.518, 1.518, 1.519, 1.52, 1.52, 1.521, 1.522, 1.521, 1.521, 1.52, 1.519, 1.518, 1.517, 1.513, 1.513, 1.513, 1.513, 1.513, 1.516, 1.517, 1.518, 1.519, 1.52, 1.52, 1.52, 1.52, 1.52, 1.519, 1.518, 1.517, 1.516, 1.516, 1.516, 1.512, 1.512, 1.512, 1.511, 1.511, 1.511, 1.51, 1.51, 1.509, 1.509, 1.509, 1.508, 1.508, 1.507, 1.507, 1.507, 1.507, 1.507, 1.507, 1.507, 1.508, 1.509, 1.509, 1.511, 1.511, 1.512, 1.513, 1.516, 1.516, 1.516, 1.513, 1.513, 1.512, 1.511, 1.51, 1.509, 1.509, 1.509, 1.509, 1.509, 1.509, 1.51, 1.51, 1.511, 1.512, 1.512, 1.513, 1.513, 1.513, 1.513, 1.513, 1.513, 1.513, 1.513, 1.513, 1.513, 1.513, 1.512, 1.511, 1.511, 1.511, 1.51, 1.509, 1.508, 1.507, 1.507, 1.507, 1.507, 1.507, 1.507, 1.507, 1.507, 1.507, 1.507, 1.507, 1.507, 1.507, 1.507, 1.506, 1.505, 1.505, 1.504, 1.504, 1.504, 1.504, 1.504, 1.505, 1.506, 1.507, 1.508, 1.508, 1.508, 1.508, 1.508, 1.507, 1.506, 1.505, 1.505, 1.505, 1.505, 1.505, 1.505, 1.505, 1.504, 1.504, 1.504, 1.503, 1.503, 1.503, 1.503, 1.503, 1.503, 1.503, 1.503, 1.503, 1.503, 1.503, 1.504, 1.505, 1.505, 1.505, 1.505, 1.504, 1.504, 1.503, 1.502, 1.501, 1.501, 1.5, 1.499, 1.496, 1.496, 1.496, 1.496, 1.496, 1.499, 1.499, 1.5, 1.5, 1.5, 1.501, 1.501, 1.501, 1.501, 1.501, 1.5, 1.5, 1.496, 1.496, 1.495, 1.494, 1.492, 1.491, 1.49, 1.489, 1.487, 1.486, 1.485, 1.485, 1.484, 1.483, 1.482, 1.481, 1.481, 1.48, 1.48, 1.479, 1.478, 1.477, 1.477, 1.476, 1.476, 1.476, 1.476, 1.476, 1.477, 1.478, 1.479, 1.48, 1.482, 1.483, 1.484, 1.484, 1.484, 1.484, 1.483, 1.482, 1.482, 1.481, 1.481, 1.48, 1.48, 1.48, 1.479, 1.479, 1.479, 1.479, 1.479, 1.478, 1.478, 1.478, 1.478, 1.478, 1.478, 1.478, 1.478, 1.478, 1.478, 1.478, 1.477, 1.476, 1.475, 1.473, 1.472, 1.471, 1.468, 1.466, 1.466, 1.466, 1.466, 1.466, 1.466, 1.466, 1.466, 1.466, 1.466, 1.468, 1.468, 1.469, 1.47, 1.47, 1.469, 1.468, 1.468, 1.468, 1.468, 1.468, 1.468, 1.468, 1.468, 1.468, 1.468, 1.466, 1.466, 1.464, 1.464, 1.464, 1.464, 1.464, 1.464, 1.464, 1.464, 1.464, 1.466, 1.466, 1.466, 1.468, 1.468, 1.469, 1.469, 1.47, 1.47, 1.47, 1.47, 1.47, 1.469, 1.468, 1.468, 1.466, 1.466, 1.466, 1.466, 1.466, 1.466, 1.466, 1.466, 1.468, 1.468, 1.468, 1.468, 1.468, 1.469, 1.47, 1.47, 1.47, 1.471, 1.471, 1.471, 1.471, 1.47, 1.469, 1.468, 1.466, 1.464, 1.462, 1.462, 1.46, 1.458, 1.458, 1.456, 1.456, 1.456, 1.454, 1.454, 1.456, 1.456, 1.456, 1.458, 1.458, 1.458, 1.46, 1.46, 1.46, 1.462, 1.462, 1.462, 1.462, 1.462, 1.462, 0, 
1.526, 1.526, 1.527, 1.527, 1.528, 1.528, 1.528, 1.528, 1.531, 1.531, 1.531, 1.528, 1.528, 1.527, 1.526, 1.525, 1.524, 1.524, 1.524, 1.524, 1.524, 1.524, 1.525, 1.526, 1.526, 1.525, 1.525, 1.524, 1.524, 1.523, 1.523, 1.522, 1.522, 1.523, 1.523, 1.524, 1.525, 1.526, 1.527, 1.528, 1.528, 1.531, 1.531, 1.531, 1.528, 1.528, 1.528, 1.527, 1.527, 1.526, 1.526, 1.525, 1.524, 1.524, 1.523, 1.522, 1.522, 1.521, 1.521, 1.521, 1.521, 1.522, 1.522, 1.523, 1.524, 1.524, 1.524, 1.524, 1.524, 1.524, 1.524, 1.525, 1.526, 1.527, 1.528, 1.528, 1.528, 1.528, 1.528, 1.528, 1.528, 1.527, 1.527, 1.526, 1.526, 1.526, 1.526, 1.525, 1.525, 1.524, 1.523, 1.522, 1.521, 1.52, 1.519, 1.518, 1.517, 1.517, 1.516, 1.516, 1.516, 1.516, 1.516, 1.516, 1.516, 1.516, 1.516, 1.516, 1.516, 1.516, 1.516, 1.516, 1.516, 1.516, 1.517, 1.518, 1.519, 1.52, 1.52, 1.521, 1.521, 1.52, 1.52, 1.519, 1.518, 1.518, 1.518, 1.518, 1.518, 1.518, 1.52, 1.52, 1.521, 1.521, 1.521, 1.52, 1.519, 1.518, 1.517, 1.513, 1.513, 1.513, 1.513, 1.513, 1.513, 1.513, 1.517, 1.518, 1.519, 1.519, 1.52, 1.52, 1.52, 1.519, 1.518, 1.517, 1.516, 1.516, 1.513, 1.512, 1.512, 1.511, 1.511, 1.51, 1.51, 1.51, 1.509, 1.509, 1.509, 1.508, 1.508, 1.507, 1.507, 1.507, 1.507, 1.507, 1.507, 1.507, 1.507, 1.507, 1.508, 1.509, 1.509, 1.511, 1.511, 1.512, 1.512, 1.513, 1.516, 1.513, 1.513, 1.512, 1.511, 1.51, 1.509, 1.509, 1.509, 1.509, 1.509, 1.509, 1.509, 1.509, 1.51, 1.511, 1.511, 1.512, 1.512, 1.512, 1.512, 1.512, 1.512, 1.512, 1.512, 1.512, 1.513, 1.513, 1.513, 1.512, 1.512, 1.511, 1.511, 1.51, 1.509, 1.508, 1.507, 1.507, 1.507, 1.507, 1.507, 1.507, 1.507, 1.507, 1.507, 1.507, 1.507, 1.507, 1.507, 1.507, 1.506, 1.505, 1.505, 1.505, 1.505, 1.505, 1.505, 1.505, 1.505, 1.506, 1.506, 1.507, 1.507, 1.507, 1.507, 1.507, 1.507, 1.506, 1.505, 1.505, 1.505, 1.505, 1.505, 1.505, 1.505, 1.505, 1.505, 1.504, 1.504, 1.503, 1.503, 1.503, 1.503, 1.503, 1.503, 1.503, 1.503, 1.503, 1.503, 1.504, 1.504, 1.505, 1.505, 1.505, 1.505, 1.504, 1.503, 1.503, 1.502, 1.501, 1.5, 1.5, 1.499, 1.499, 1.499, 1.499, 1.499, 1.5, 1.5, 1.5, 1.501, 1.501, 1.502, 1.502, 1.502, 1.502, 1.501, 1.501, 1.5, 1.496, 1.495, 1.494, 1.493, 1.492, 1.49, 1.489, 1.488, 1.487, 1.486, 1.485, 1.484, 1.483, 1.482, 1.481, 1.48, 1.48, 1.48, 1.479, 1.478, 1.477, 1.476, 1.475, 1.475, 1.475, 1.475, 1.475, 1.475, 1.476, 1.477, 1.479, 1.48, 1.482, 1.483, 1.484, 1.485, 1.485, 1.484, 1.484, 1.482, 1.482, 1.481, 1.48, 1.48, 1.48, 1.479, 1.479, 1.478, 1.478, 1.478, 1.478, 1.478, 1.478, 1.478, 1.478, 1.478, 1.478, 1.478, 1.478, 1.478, 1.478, 1.478, 1.477, 1.476, 1.475, 1.474, 1.472, 1.471, 1.468, 1.468, 1.468, 1.466, 1.466, 1.466, 1.466, 1.466, 1.466, 1.466, 1.466, 1.468, 1.468, 1.469, 1.47, 1.47, 1.47, 1.47, 1.47, 1.47, 1.468, 1.468, 1.468, 1.468, 1.468, 1.468, 1.468, 1.466, 1.466, 1.466, 1.464, 1.464, 1.464, 1.464, 1.464, 1.464, 1.464, 1.464, 1.466, 1.466, 1.466, 1.468, 1.468, 1.468, 1.469, 1.47, 1.47, 1.47, 1.47, 1.47, 1.469, 1.468, 1.468, 1.468, 1.466, 1.466, 1.466, 1.466, 1.466, 1.466, 1.466, 1.466, 1.468, 1.468, 1.468, 1.468, 1.469, 1.47, 1.47, 1.471, 1.471, 1.472, 1.472, 1.471, 1.47, 1.47, 1.469, 1.466, 1.466, 1.464, 1.462, 1.46, 1.458, 1.458, 1.458, 1.456, 1.456, 1.456, 1.456, 1.456, 1.456, 1.456, 1.458, 1.458, 1.458, 1.46, 1.46, 1.462, 1.462, 1.462, 1.462, 1.462, 1.462, 1.462, 0, 
1.525, 1.525, 1.526, 1.526, 1.527, 1.528, 1.528, 1.528, 1.528, 1.528, 1.528, 1.528, 1.528, 1.527, 1.526, 1.526, 1.525, 1.525, 1.525, 1.525, 1.525, 1.525, 1.526, 1.526, 1.526, 1.525, 1.525, 1.524, 1.524, 1.523, 1.522, 1.522, 1.522, 1.522, 1.523, 1.524, 1.525, 1.526, 1.527, 1.528, 1.528, 1.531, 1.531, 1.531, 1.528, 1.528, 1.528, 1.528, 1.528, 1.527, 1.527, 1.526, 1.525, 1.524, 1.524, 1.522, 1.522, 1.521, 1.52, 1.52, 1.521, 1.521, 1.522, 1.523, 1.523, 1.524, 1.524, 1.524, 1.524, 1.524, 1.525, 1.525, 1.526, 1.527, 1.528, 1.528, 1.528, 1.528, 1.528, 1.528, 1.527, 1.526, 1.526, 1.526, 1.526, 1.525, 1.525, 1.524, 1.524, 1.524, 1.523, 1.522, 1.521, 1.52, 1.519, 1.518, 1.517, 1.516, 1.516, 1.516, 1.516, 1.516, 1.516, 1.516, 1.516, 1.516, 1.516, 1.516, 1.516, 1.516, 1.516, 1.516, 1.516, 1.516, 1.517, 1.518, 1.519, 1.52, 1.52, 1.521, 1.521, 1.52, 1.52, 1.519, 1.518, 1.517, 1.517, 1.517, 1.518, 1.518, 1.519, 1.52, 1.52, 1.521, 1.52, 1.519, 1.519, 1.518, 1.517, 1.513, 1.513, 1.513, 1.512, 1.513, 1.513, 1.513, 1.516, 1.517, 1.518, 1.518, 1.519, 1.519, 1.519, 1.518, 1.518, 1.517, 1.516, 1.513, 1.513, 1.512, 1.511, 1.511, 1.51, 1.51, 1.509, 1.509, 1.509, 1.508, 1.508, 1.507, 1.507, 1.507, 1.507, 1.507, 1.507, 1.507, 1.507, 1.507, 1.507, 1.507, 1.508, 1.509, 1.509, 1.511, 1.511, 1.511, 1.512, 1.512, 1.512, 1.512, 1.512, 1.511, 1.511, 1.51, 1.509, 1.509, 1.509, 1.509, 1.509, 1.509, 1.509, 1.509, 1.51, 1.511, 1.511, 1.511, 1.511, 1.511, 1.511, 1.511, 1.511, 1.511, 1.511, 1.512, 1.512, 1.513, 1.513, 1.513, 1.512, 1.511, 1.511, 1.51, 1.509, 1.508, 1.507, 1.507, 1.507, 1.507, 1.507, 1.507, 1.507, 1.507, 1.508, 1.508, 1.508, 1.508, 1.508, 1.507, 1.507, 1.506, 1.505, 1.505, 1.505, 1.505, 1.505, 1.505, 1.505, 1.505, 1.506, 1.507, 1.507, 1.507, 1.507, 1.507, 1.507, 1.506, 1.505, 1.505, 1.505, 1.505, 1.505, 1.505, 1.505, 1.505, 1.505, 1.505, 1.505, 1.504, 1.504, 1.503, 1.503, 1.503, 1.503, 1.503, 1.503, 1.503, 1.503, 1.503, 1.504, 1.504, 1.504, 1.504, 1.505, 1.504, 1.503, 1.503, 1.502, 1.501, 1.501, 1.5, 1.499, 1.499, 1.499, 1.499, 1.5, 1.5, 1.501, 1.501, 1.502, 1.502, 1.502, 1.503, 1.503, 1.502, 1.501, 1.5, 1.5, 1.495, 1.494, 1.493, 1.492, 1.491, 1.49, 1.489, 1.487, 1.486, 1.485, 1.484, 1.483, 1.482, 1.481, 1.48, 1.48, 1.479, 1.479, 1.478, 1.477, 1.476, 1.475, 1.474, 1.474, 1.474, 1.474, 1.474, 1.475, 1.476, 1.477, 1.478, 1.48, 1.482, 1.484, 1.485, 1.485, 1.485, 1.484, 1.484, 1.482, 1.482, 1.481, 1.48, 1.48, 1.479, 1.479, 1.478, 1.478, 1.478, 1.478, 1.478, 1.478, 1.478, 1.478, 1.478, 1.478, 1.478, 1.478, 1.478, 1.479, 1.479, 1.478, 1.478, 1.477, 1.476, 1.474, 1.473, 1.472, 1.471, 1.468, 1.468, 1.468, 1.466, 1.466, 1.466, 1.466, 1.466, 1.466, 1.466, 1.468, 1.468, 1.47, 1.47, 1.47, 1.47, 1.47, 1.47, 1.47, 1.47, 1.47, 1.47, 1.468, 1.468, 1.468, 1.468, 1.468, 1.466, 1.466, 1.464, 1.464, 1.464, 1.464, 1.464, 1.464, 1.464, 1.464, 1.464, 1.466, 1.466, 1.466, 1.468, 1.468, 1.469, 1.469, 1.47, 1.47, 1.47, 1.47, 1.469, 1.468, 1.468, 1.468, 1.466, 1.466, 1.466, 1.466, 1.466, 1.466, 1.466, 1.466, 1.468, 1.468, 1.468, 1.468, 1.469, 1.47, 1.47, 1.471, 1.472, 1.472, 1.472, 1.472, 1.471, 1.47, 1.469, 1.468, 1.466, 1.464, 1.462, 1.462, 1.46, 1.458, 1.458, 1.458, 1.456, 1.456, 1.456, 1.456, 1.456, 1.456, 1.458, 1.458, 1.458, 1.458, 1.46, 1.462, 1.462, 1.462, 1.462, 1.462, 1.462, 1.462, 0, 
1.524, 1.524, 1.524, 1.525, 1.526, 1.527, 1.528, 1.528, 1.528, 1.528, 1.528, 1.528, 1.528, 1.527, 1.526, 1.526, 1.526, 1.526, 1.525, 1.525, 1.526, 1.526, 1.526, 1.526, 1.526, 1.525, 1.524, 1.524, 1.524, 1.523, 1.522, 1.522, 1.522, 1.522, 1.523, 1.524, 1.525, 1.526, 1.527, 1.528, 1.528, 1.531, 1.531, 1.531, 1.528, 1.528, 1.528, 1.528, 1.528, 1.528, 1.528, 1.527, 1.526, 1.525, 1.524, 1.523, 1.522, 1.521, 1.52, 1.52, 1.52, 1.52, 1.521, 1.522, 1.523, 1.524, 1.524, 1.524, 1.524, 1.525, 1.525, 1.526, 1.526, 1.527, 1.528, 1.528, 1.528, 1.528, 1.528, 1.527, 1.526, 1.526, 1.525, 1.525, 1.525, 1.524, 1.524, 1.524, 1.524, 1.523, 1.522, 1.521, 1.52, 1.52, 1.518, 1.517, 1.516, 1.516, 1.516, 1.516, 1.516, 1.516, 1.516, 1.516, 1.516, 1.516, 1.516, 1.516, 1.516, 1.516, 1.516, 1.516, 1.516, 1.517, 1.518, 1.518, 1.52, 1.52, 1.521, 1.521, 1.521, 1.52, 1.52, 1.518, 1.518, 1.517, 1.516, 1.516, 1.517, 1.518, 1.519, 1.519, 1.52, 1.52, 1.519, 1.519, 1.518, 1.517, 1.513, 1.513, 1.512, 1.512, 1.512, 1.512, 1.512, 1.513, 1.513, 1.516, 1.517, 1.518, 1.518, 1.518, 1.518, 1.518, 1.517, 1.516, 1.516, 1.513, 1.513, 1.512, 1.511, 1.51, 1.509, 1.509, 1.509, 1.508, 1.508, 1.508, 1.507, 1.507, 1.507, 1.507, 1.507, 1.507, 1.507, 1.507, 1.507, 1.507, 1.507, 1.508, 1.508, 1.509, 1.51, 1.511, 1.511, 1.511, 1.511, 1.511, 1.511, 1.511, 1.511, 1.511, 1.51, 1.509, 1.509, 1.509, 1.509, 1.509, 1.509, 1.509, 1.509, 1.509, 1.51, 1.51, 1.511, 1.511, 1.511, 1.511, 1.511, 1.511, 1.511, 1.511, 1.511, 1.511, 1.512, 1.512, 1.513, 1.513, 1.512, 1.511, 1.511, 1.51, 1.509, 1.508, 1.507, 1.507, 1.507, 1.507, 1.507, 1.507, 1.507, 1.507, 1.508, 1.509, 1.509, 1.509, 1.508, 1.508, 1.507, 1.507, 1.506, 1.506, 1.505, 1.505, 1.505, 1.505, 1.505, 1.505, 1.506, 1.506, 1.507, 1.507, 1.507, 1.507, 1.506, 1.506, 1.505, 1.505, 1.505, 1.505, 1.505, 1.505, 1.505, 1.505, 1.506, 1.506, 1.505, 1.505, 1.504, 1.504, 1.503, 1.503, 1.503, 1.503, 1.503, 1.503, 1.503, 1.503, 1.503, 1.503, 1.504, 1.504, 1.504, 1.504, 1.503, 1.503, 1.503, 1.502, 1.501, 1.5, 1.5, 1.5, 1.5, 1.5, 1.5, 1.501, 1.501, 1.502, 1.502, 1.503, 1.503, 1.503, 1.503, 1.502, 1.501, 1.5, 1.499, 1.495, 1.494, 1.492, 1.491, 1.49, 1.489, 1.488, 1.487, 1.485, 1.484, 1.483, 1.482, 1.481, 1.48, 1.48, 1.479, 1.478, 1.478, 1.477, 1.476, 1.475, 1.474, 1.473, 1.473, 1.473, 1.473, 1.473, 1.474, 1.476, 1.477, 1.479, 1.481, 1.482, 1.484, 1.485, 1.486, 1.485, 1.484, 1.483, 1.482, 1.481, 1.48, 1.48, 1.48, 1.479, 1.478, 1.478, 1.478, 1.478, 1.478, 1.478, 1.478, 1.478, 1.477, 1.477, 1.478, 1.478, 1.478, 1.478, 1.479, 1.48, 1.479, 1.478, 1.477, 1.476, 1.475, 1.473, 1.472, 1.471, 1.47, 1.468, 1.468, 1.468, 1.466, 1.466, 1.466, 1.466, 1.466, 1.466, 1.468, 1.468, 1.47, 1.47, 1.47, 1.47, 1.47, 1.471, 1.471, 1.471, 1.47, 1.47, 1.47, 1.469, 1.468, 1.468, 1.468, 1.466, 1.466, 1.466, 1.464, 1.464, 1.464, 1.464, 1.464, 1.464, 1.464, 1.464, 1.466, 1.466, 1.466, 1.468, 1.468, 1.468, 1.469, 1.47, 1.47, 1.47, 1.469, 1.469, 1.468, 1.468, 1.468, 1.466, 1.466, 1.466, 1.466, 1.466, 1.466, 1.466, 1.466, 1.466, 1.468, 1.468, 1.468, 1.468, 1.469, 1.47, 1.471, 1.472, 1.472, 1.472, 1.472, 1.471, 1.47, 1.469, 1.469, 1.466, 1.466, 1.464, 1.462, 1.46, 1.458, 1.458, 1.458, 1.456, 1.456, 1.456, 1.456, 1.456, 1.456, 1.458, 1.458, 1.458, 1.458, 1.46, 1.462, 1.462, 1.462, 1.462, 1.462, 1.462, 1.464, 0, 
1.522, 1.523, 1.523, 1.524, 1.525, 1.526, 1.527, 1.528, 1.528, 1.528, 1.528, 1.528, 1.528, 1.528, 1.527, 1.526, 1.526, 1.526, 1.526, 1.526, 1.526, 1.526, 1.526, 1.526, 1.526, 1.525, 1.524, 1.524, 1.523, 1.522, 1.522, 1.521, 1.521, 1.522, 1.523, 1.524, 1.525, 1.526, 1.527, 1.528, 1.528, 1.531, 1.531, 1.531, 1.531, 1.531, 1.531, 1.531, 1.531, 1.528, 1.528, 1.528, 1.527, 1.526, 1.524, 1.523, 1.522, 1.521, 1.52, 1.52, 1.52, 1.52, 1.521, 1.522, 1.523, 1.524, 1.524, 1.524, 1.524, 1.525, 1.526, 1.526, 1.527, 1.528, 1.528, 1.528, 1.528, 1.528, 1.527, 1.526, 1.526, 1.525, 1.524, 1.524, 1.524, 1.524, 1.524, 1.523, 1.523, 1.522, 1.521, 1.521, 1.52, 1.519, 1.518, 1.517, 1.516, 1.516, 1.516, 1.516, 1.516, 1.516, 1.516, 1.516, 1.516, 1.516, 1.516, 1.516, 1.516, 1.516, 1.516, 1.516, 1.516, 1.517, 1.518, 1.519, 1.52, 1.52, 1.521, 1.522, 1.521, 1.52, 1.519, 1.518, 1.517, 1.516, 1.516, 1.516, 1.517, 1.518, 1.518, 1.519, 1.52, 1.519, 1.519, 1.518, 1.518, 1.513, 1.513, 1.512, 1.511, 1.511, 1.511, 1.511, 1.512, 1.513, 1.513, 1.516, 1.517, 1.517, 1.518, 1.518, 1.518, 1.518, 1.517, 1.516, 1.516, 1.513, 1.512, 1.511, 1.511, 1.51, 1.509, 1.509, 1.508, 1.508, 1.507, 1.507, 1.507, 1.507, 1.507, 1.507, 1.507, 1.507, 1.507, 1.507, 1.507, 1.507, 1.508, 1.508, 1.509, 1.509, 1.51, 1.511, 1.511, 1.511, 1.511, 1.511, 1.511, 1.511, 1.511, 1.51, 1.509, 1.509, 1.509, 1.509, 1.509, 1.509, 1.509, 1.509, 1.509, 1.509, 1.509, 1.51, 1.51, 1.51, 1.51, 1.51, 1.51, 1.51, 1.51, 1.51, 1.511, 1.511, 1.511, 1.512, 1.512, 1.513, 1.512, 1.511, 1.511, 1.51, 1.509, 1.508, 1.507, 1.507, 1.507, 1.507, 1.507, 1.507, 1.507, 1.507, 1.508, 1.508, 1.509, 1.509, 1.509, 1.508, 1.508, 1.507, 1.507, 1.506, 1.505, 1.505, 1.505, 1.505, 1.505, 1.505, 1.505, 1.506, 1.506, 1.506, 1.507, 1.507, 1.506, 1.505, 1.505, 1.505, 1.505, 1.505, 1.505, 1.505, 1.505, 1.505, 1.506, 1.507, 1.506, 1.505, 1.505, 1.504, 1.503, 1.503, 1.503, 1.503, 1.502, 1.502, 1.502, 1.502, 1.502, 1.503, 1.503, 1.503, 1.503, 1.503, 1.503, 1.503, 1.503, 1.502, 1.502, 1.501, 1.501, 1.501, 1.501, 1.501, 1.501, 1.501, 1.502, 1.502, 1.503, 1.503, 1.503, 1.503, 1.503, 1.502, 1.501, 1.5, 1.495, 1.494, 1.493, 1.491, 1.49, 1.489, 1.488, 1.487, 1.486, 1.485, 1.484, 1.483, 1.482, 1.481, 1.48, 1.479, 1.478, 1.478, 1.477, 1.476, 1.476, 1.475, 1.474, 1.473, 1.472, 1.472, 1.472, 1.473, 1.474, 1.476, 1.478, 1.48, 1.481, 1.483, 1.485, 1.486, 1.486, 1.485, 1.484, 1.483, 1.482, 1.481, 1.48, 1.48, 1.479, 1.478, 1.478, 1.478, 1.478, 1.478, 1.478, 1.478, 1.478, 1.477, 1.477, 1.477, 1.477, 1.478, 1.478, 1.479, 1.479, 1.48, 1.48, 1.479, 1.478, 1.477, 1.476, 1.474, 1.473, 1.472, 1.471, 1.47, 1.468, 1.468, 1.468, 1.468, 1.468, 1.468, 1.468, 1.468, 1.468, 1.468, 1.47, 1.47, 1.471, 1.471, 1.471, 1.471, 1.471, 1.471, 1.471, 1.471, 1.47, 1.469, 1.468, 1.468, 1.468, 1.468, 1.466, 1.466, 1.464, 1.464, 1.464, 1.464, 1.464, 1.464, 1.464, 1.464, 1.466, 1.466, 1.466, 1.468, 1.468, 1.468, 1.469, 1.47, 1.47, 1.47, 1.469, 1.468, 1.468, 1.468, 1.468, 1.468, 1.466, 1.466, 1.466, 1.466, 1.466, 1.466, 1.466, 1.466, 1.466, 1.468, 1.468, 1.468, 1.469, 1.47, 1.471, 1.472, 1.472, 1.472, 1.472, 1.471, 1.47, 1.47, 1.469, 1.466, 1.466, 1.464, 1.462, 1.46, 1.458, 1.458, 1.458, 1.458, 1.456, 1.456, 1.456, 1.456, 1.456, 1.458, 1.458, 1.458, 1.458, 1.46, 1.462, 1.462, 1.462, 1.464, 1.464, 1.464, 1.464, 0, 
1.521, 1.522, 1.522, 1.523, 1.524, 1.525, 1.526, 1.527, 1.528, 1.528, 1.528, 1.528, 1.528, 1.528, 1.527, 1.526, 1.526, 1.526, 1.526, 1.526, 1.526, 1.526, 1.527, 1.526, 1.526, 1.525, 1.524, 1.524, 1.523, 1.522, 1.521, 1.521, 1.521, 1.522, 1.523, 1.524, 1.525, 1.526, 1.527, 1.528, 1.528, 1.531, 1.531, 1.531, 1.531, 1.531, 1.531, 1.531, 1.531, 1.531, 1.531, 1.528, 1.527, 1.526, 1.524, 1.523, 1.522, 1.521, 1.52, 1.52, 1.52, 1.52, 1.52, 1.521, 1.522, 1.523, 1.524, 1.524, 1.525, 1.525, 1.526, 1.527, 1.527, 1.528, 1.528, 1.528, 1.528, 1.527, 1.526, 1.526, 1.525, 1.524, 1.524, 1.524, 1.524, 1.523, 1.523, 1.522, 1.522, 1.522, 1.521, 1.52, 1.52, 1.518, 1.517, 1.516, 1.516, 1.516, 1.516, 1.516, 1.516, 1.516, 1.516, 1.516, 1.517, 1.517, 1.517, 1.517, 1.516, 1.516, 1.516, 1.516, 1.516, 1.517, 1.518, 1.519, 1.52, 1.52, 1.521, 1.521, 1.521, 1.52, 1.519, 1.518, 1.517, 1.516, 1.516, 1.516, 1.516, 1.517, 1.518, 1.518, 1.519, 1.518, 1.518, 1.518, 1.517, 1.513, 1.512, 1.512, 1.511, 1.511, 1.511, 1.511, 1.512, 1.512, 1.513, 1.516, 1.516, 1.517, 1.518, 1.518, 1.518, 1.518, 1.517, 1.516, 1.516, 1.513, 1.512, 1.511, 1.511, 1.51, 1.509, 1.509, 1.508, 1.507, 1.507, 1.507, 1.507, 1.507, 1.507, 1.507, 1.507, 1.507, 1.507, 1.507, 1.507, 1.507, 1.508, 1.509, 1.509, 1.51, 1.511, 1.511, 1.511, 1.511, 1.511, 1.511, 1.511, 1.511, 1.51, 1.51, 1.509, 1.509, 1.509, 1.509, 1.509, 1.509, 1.509, 1.509, 1.509, 1.509, 1.509, 1.509, 1.509, 1.509, 1.509, 1.509, 1.509, 1.509, 1.509, 1.51, 1.51, 1.511, 1.511, 1.511, 1.512, 1.512, 1.512, 1.511, 1.511, 1.51, 1.508, 1.507, 1.507, 1.506, 1.506, 1.506, 1.506, 1.506, 1.506, 1.507, 1.507, 1.508, 1.509, 1.509, 1.509, 1.509, 1.508, 1.508, 1.507, 1.507, 1.506, 1.505, 1.505, 1.505, 1.505, 1.505, 1.505, 1.505, 1.505, 1.506, 1.506, 1.506, 1.506, 1.505, 1.505, 1.505, 1.505, 1.505, 1.505, 1.505, 1.505, 1.506, 1.506, 1.507, 1.507, 1.506, 1.505, 1.504, 1.504, 1.503, 1.503, 1.503, 1.502, 1.501, 1.501, 1.501, 1.502, 1.503, 1.503, 1.503, 1.503, 1.503, 1.503, 1.503, 1.503, 1.503, 1.502, 1.502, 1.501, 1.501, 1.501, 1.501, 1.502, 1.502, 1.503, 1.503, 1.503, 1.503, 1.504, 1.504, 1.503, 1.502, 1.501, 1.5, 1.495, 1.494, 1.492, 1.491, 1.489, 1.488, 1.487, 1.487, 1.485, 1.484, 1.484, 1.482, 1.482, 1.48, 1.479, 1.478, 1.478, 1.477, 1.477, 1.476, 1.476, 1.474, 1.474, 1.473, 1.472, 1.472, 1.472, 1.473, 1.475, 1.476, 1.478, 1.48, 1.482, 1.484, 1.485, 1.486, 1.486, 1.485, 1.484, 1.483, 1.482, 1.48, 1.48, 1.479, 1.478, 1.478, 1.478, 1.478, 1.478, 1.478, 1.478, 1.478, 1.477, 1.477, 1.476, 1.476, 1.477, 1.478, 1.478, 1.479, 1.48, 1.48, 1.48, 1.479, 1.478, 1.477, 1.476, 1.475, 1.474, 1.473, 1.472, 1.471, 1.471, 1.47, 1.468, 1.468, 1.468, 1.468, 1.468, 1.468, 1.468, 1.47, 1.47, 1.471, 1.471, 1.472, 1.472, 1.472, 1.472, 1.472, 1.472, 1.471, 1.47, 1.47, 1.469, 1.468, 1.468, 1.468, 1.466, 1.466, 1.464, 1.464, 1.464, 1.464, 1.464, 1.464, 1.464, 1.464, 1.464, 1.466, 1.466, 1.468, 1.468, 1.468, 1.469, 1.469, 1.47, 1.469, 1.469, 1.468, 1.468, 1.468, 1.468, 1.468, 1.466, 1.466, 1.466, 1.464, 1.464, 1.464, 1.466, 1.466, 1.466, 1.466, 1.468, 1.468, 1.468, 1.469, 1.47, 1.471, 1.472, 1.472, 1.472, 1.471, 1.47, 1.47, 1.469, 1.466, 1.466, 1.464, 1.462, 1.462, 1.46, 1.458, 1.458, 1.458, 1.456, 1.456, 1.456, 1.456, 1.456, 1.458, 1.458, 1.458, 1.458, 1.46, 1.462, 1.462, 1.462, 1.464, 1.464, 1.464, 1.466, 0, 
1.52, 1.52, 1.521, 1.522, 1.522, 1.524, 1.525, 1.526, 1.527, 1.528, 1.528, 1.528, 1.528, 1.527, 1.527, 1.526, 1.526, 1.526, 1.526, 1.526, 1.526, 1.527, 1.527, 1.526, 1.526, 1.525, 1.524, 1.523, 1.522, 1.521, 1.521, 1.52, 1.521, 1.522, 1.523, 1.524, 1.525, 1.526, 1.527, 1.528, 1.528, 1.531, 1.531, 1.531, 1.531, 1.531, 1.531, 1.531, 1.531, 1.531, 1.531, 1.528, 1.527, 1.526, 1.524, 1.523, 1.522, 1.521, 1.52, 1.52, 1.52, 1.52, 1.52, 1.521, 1.522, 1.523, 1.524, 1.524, 1.525, 1.526, 1.526, 1.527, 1.528, 1.528, 1.528, 1.528, 1.527, 1.526, 1.526, 1.525, 1.524, 1.524, 1.524, 1.523, 1.523, 1.523, 1.522, 1.522, 1.522, 1.521, 1.52, 1.52, 1.519, 1.518, 1.517, 1.516, 1.516, 1.516, 1.516, 1.516, 1.516, 1.516, 1.516, 1.517, 1.518, 1.518, 1.518, 1.517, 1.517, 1.516, 1.516, 1.516, 1.516, 1.517, 1.518, 1.519, 1.52, 1.52, 1.521, 1.521, 1.52, 1.52, 1.519, 1.518, 1.517, 1.516, 1.516, 1.516, 1.516, 1.517, 1.518, 1.518, 1.518, 1.518, 1.517, 1.517, 1.513, 1.512, 1.512, 1.511, 1.51, 1.51, 1.51, 1.511, 1.511, 1.512, 1.513, 1.516, 1.516, 1.517, 1.518, 1.518, 1.518, 1.518, 1.517, 1.516, 1.516, 1.513, 1.513, 1.512, 1.511, 1.51, 1.509, 1.509, 1.508, 1.507, 1.507, 1.507, 1.507, 1.507, 1.507, 1.507, 1.507, 1.507, 1.507, 1.507, 1.507, 1.508, 1.508, 1.509, 1.51, 1.51, 1.511, 1.511, 1.511, 1.511, 1.511, 1.511, 1.511, 1.511, 1.51, 1.509, 1.509, 1.509, 1.509, 1.509, 1.509, 1.509, 1.509, 1.509, 1.509, 1.509, 1.509, 1.509, 1.509, 1.509, 1.509, 1.509, 1.509, 1.509, 1.509, 1.509, 1.51, 1.51, 1.511, 1.511, 1.511, 1.511, 1.511, 1.511, 1.51, 1.509, 1.508, 1.507, 1.507, 1.506, 1.505, 1.505, 1.505, 1.505, 1.506, 1.507, 1.507, 1.508, 1.508, 1.509, 1.509, 1.509, 1.509, 1.508, 1.507, 1.507, 1.506, 1.505, 1.505, 1.505, 1.505, 1.505, 1.505, 1.505, 1.505, 1.505, 1.505, 1.505, 1.505, 1.505, 1.505, 1.505, 1.505, 1.505, 1.505, 1.505, 1.505, 1.506, 1.507, 1.507, 1.507, 1.507, 1.506, 1.505, 1.504, 1.504, 1.503, 1.503, 1.502, 1.501, 1.501, 1.501, 1.502, 1.503, 1.503, 1.503, 1.503, 1.503, 1.503, 1.503, 1.503, 1.503, 1.503, 1.502, 1.502, 1.502, 1.502, 1.502, 1.502, 1.503, 1.503, 1.503, 1.504, 1.504, 1.504, 1.504, 1.503, 1.502, 1.501, 1.5, 1.495, 1.494, 1.491, 1.49, 1.489, 1.488, 1.487, 1.486, 1.485, 1.484, 1.484, 1.482, 1.482, 1.48, 1.479, 1.478, 1.478, 1.477, 1.476, 1.476, 1.475, 1.474, 1.474, 1.473, 1.472, 1.472, 1.473, 1.474, 1.475, 1.477, 1.479, 1.48, 1.482, 1.484, 1.485, 1.486, 1.485, 1.485, 1.484, 1.482, 1.481, 1.48, 1.479, 1.478, 1.478, 1.478, 1.478, 1.478, 1.478, 1.478, 1.478, 1.477, 1.477, 1.476, 1.476, 1.476, 1.477, 1.478, 1.478, 1.479, 1.48, 1.48, 1.48, 1.48, 1.479, 1.478, 1.477, 1.476, 1.475, 1.474, 1.473, 1.472, 1.472, 1.471, 1.47, 1.47, 1.468, 1.468, 1.468, 1.468, 1.47, 1.47, 1.47, 1.471, 1.472, 1.472, 1.472, 1.472, 1.472, 1.472, 1.472, 1.471, 1.47, 1.47, 1.469, 1.468, 1.468, 1.468, 1.466, 1.466, 1.466, 1.464, 1.464, 1.464, 1.464, 1.464, 1.464, 1.464, 1.464, 1.466, 1.466, 1.468, 1.468, 1.468, 1.468, 1.469, 1.469, 1.469, 1.468, 1.468, 1.468, 1.468, 1.468, 1.466, 1.466, 1.466, 1.464, 1.464, 1.464, 1.464, 1.464, 1.464, 1.464, 1.466, 1.468, 1.468, 1.468, 1.468, 1.471, 1.471, 1.472, 1.472, 1.472, 1.471, 1.47, 1.469, 1.469, 1.466, 1.466, 1.464, 1.462, 1.462, 1.46, 1.458, 1.458, 1.458, 1.458, 1.458, 1.458, 1.458, 1.458, 1.458, 1.458, 1.458, 1.458, 1.46, 1.462, 1.462, 1.462, 1.464, 1.464, 1.464, 1.466, 0, 
1.519, 1.52, 1.52, 1.521, 1.521, 1.523, 1.524, 1.525, 1.526, 1.527, 1.528, 1.528, 1.528, 1.527, 1.526, 1.526, 1.526, 1.526, 1.526, 1.526, 1.527, 1.527, 1.527, 1.526, 1.526, 1.525, 1.524, 1.523, 1.522, 1.521, 1.52, 1.52, 1.521, 1.522, 1.523, 1.524, 1.525, 1.526, 1.527, 1.528, 1.528, 1.531, 1.531, 1.531, 1.531, 1.531, 1.531, 1.531, 1.531, 1.531, 1.531, 1.528, 1.527, 1.526, 1.524, 1.523, 1.522, 1.52, 1.52, 1.52, 1.52, 1.52, 1.52, 1.521, 1.522, 1.523, 1.524, 1.524, 1.525, 1.526, 1.527, 1.528, 1.528, 1.528, 1.528, 1.527, 1.527, 1.526, 1.525, 1.524, 1.524, 1.524, 1.523, 1.523, 1.522, 1.522, 1.522, 1.522, 1.522, 1.521, 1.52, 1.52, 1.519, 1.518, 1.517, 1.516, 1.516, 1.516, 1.516, 1.516, 1.516, 1.516, 1.517, 1.518, 1.518, 1.518, 1.518, 1.518, 1.517, 1.517, 1.516, 1.516, 1.516, 1.517, 1.518, 1.519, 1.52, 1.52, 1.52, 1.52, 1.52, 1.52, 1.518, 1.518, 1.517, 1.516, 1.516, 1.516, 1.516, 1.516, 1.517, 1.517, 1.517, 1.517, 1.517, 1.516, 1.513, 1.512, 1.511, 1.51, 1.51, 1.509, 1.51, 1.511, 1.511, 1.512, 1.513, 1.516, 1.516, 1.517, 1.518, 1.518, 1.518, 1.518, 1.517, 1.517, 1.516, 1.516, 1.513, 1.512, 1.511, 1.51, 1.509, 1.509, 1.508, 1.508, 1.507, 1.507, 1.507, 1.507, 1.507, 1.507, 1.507, 1.507, 1.507, 1.507, 1.507, 1.508, 1.509, 1.509, 1.51, 1.511, 1.511, 1.511, 1.511, 1.511, 1.511, 1.511, 1.511, 1.511, 1.51, 1.509, 1.509, 1.509, 1.509, 1.509, 1.509, 1.509, 1.509, 1.509, 1.509, 1.509, 1.509, 1.509, 1.509, 1.509, 1.509, 1.509, 1.509, 1.509, 1.509, 1.509, 1.509, 1.51, 1.511, 1.511, 1.511, 1.511, 1.511, 1.511, 1.51, 1.509, 1.508, 1.507, 1.506, 1.505, 1.505, 1.505, 1.505, 1.505, 1.506, 1.506, 1.507, 1.507, 1.508, 1.509, 1.509, 1.509, 1.509, 1.508, 1.508, 1.507, 1.506, 1.506, 1.505, 1.505, 1.505, 1.505, 1.505, 1.505, 1.505, 1.505, 1.505, 1.505, 1.505, 1.505, 1.505, 1.505, 1.505, 1.505, 1.505, 1.505, 1.506, 1.506, 1.507, 1.508, 1.507, 1.507, 1.506, 1.505, 1.505, 1.504, 1.503, 1.503, 1.502, 1.501, 1.501, 1.501, 1.502, 1.503, 1.503, 1.503, 1.503, 1.503, 1.503, 1.503, 1.503, 1.503, 1.503, 1.503, 1.503, 1.503, 1.503, 1.503, 1.503, 1.503, 1.503, 1.503, 1.504, 1.504, 1.504, 1.503, 1.503, 1.501, 1.5, 1.499, 1.495, 1.494, 1.49, 1.489, 1.488, 1.487, 1.486, 1.486, 1.485, 1.484, 1.483, 1.482, 1.482, 1.48, 1.479, 1.478, 1.478, 1.477, 1.476, 1.476, 1.476, 1.475, 1.474, 1.473, 1.473, 1.473, 1.473, 1.474, 1.476, 1.478, 1.479, 1.482, 1.483, 1.484, 1.485, 1.486, 1.485, 1.484, 1.484, 1.482, 1.481, 1.48, 1.479, 1.478, 1.478, 1.478, 1.478, 1.478, 1.478, 1.478, 1.478, 1.477, 1.476, 1.476, 1.476, 1.476, 1.477, 1.478, 1.478, 1.479, 1.48, 1.481, 1.481, 1.48, 1.48, 1.479, 1.478, 1.478, 1.477, 1.476, 1.474, 1.474, 1.473, 1.472, 1.471, 1.471, 1.471, 1.47, 1.47, 1.47, 1.47, 1.47, 1.471, 1.472, 1.472, 1.472, 1.472, 1.472, 1.472, 1.472, 1.472, 1.471, 1.47, 1.47, 1.469, 1.468, 1.468, 1.468, 1.468, 1.466, 1.466, 1.464, 1.464, 1.464, 1.464, 1.464, 1.464, 1.464, 1.466, 1.466, 1.466, 1.468, 1.468, 1.468, 1.469, 1.469, 1.469, 1.468, 1.468, 1.468, 1.468, 1.468, 1.468, 1.466, 1.466, 1.464, 1.464, 1.464, 1.464, 1.464, 1.464, 1.464, 1.464, 1.466, 1.466, 1.468, 1.468, 1.468, 1.47, 1.471, 1.472, 1.472, 1.472, 1.471, 1.47, 1.469, 1.466, 1.466, 1.466, 1.464, 1.462, 1.462, 1.46, 1.46, 1.458, 1.458, 1.458, 1.458, 1.458, 1.458, 1.458, 1.458, 1.458, 1.458, 1.458, 1.46, 1.462, 1.462, 1.462, 1.464, 1.464, 1.464, 1.466, 0, 
1.519, 1.52, 1.52, 1.52, 1.521, 1.522, 1.523, 1.524, 1.525, 1.526, 1.527, 1.527, 1.527, 1.527, 1.526, 1.526, 1.526, 1.526, 1.526, 1.526, 1.527, 1.527, 1.527, 1.527, 1.526, 1.525, 1.524, 1.523, 1.522, 1.521, 1.52, 1.52, 1.521, 1.522, 1.523, 1.524, 1.525, 1.526, 1.527, 1.528, 1.528, 1.531, 1.531, 1.531, 1.531, 1.531, 1.531, 1.531, 1.531, 1.531, 1.528, 1.528, 1.527, 1.525, 1.524, 1.522, 1.521, 1.52, 1.519, 1.519, 1.519, 1.519, 1.52, 1.521, 1.522, 1.523, 1.524, 1.524, 1.525, 1.526, 1.527, 1.528, 1.528, 1.528, 1.528, 1.527, 1.526, 1.525, 1.524, 1.524, 1.524, 1.524, 1.523, 1.522, 1.522, 1.522, 1.522, 1.522, 1.521, 1.52, 1.52, 1.519, 1.519, 1.518, 1.517, 1.516, 1.516, 1.516, 1.516, 1.516, 1.517, 1.517, 1.518, 1.518, 1.519, 1.519, 1.519, 1.518, 1.518, 1.517, 1.516, 1.516, 1.516, 1.517, 1.518, 1.518, 1.519, 1.52, 1.52, 1.52, 1.52, 1.519, 1.518, 1.518, 1.517, 1.516, 1.516, 1.516, 1.516, 1.516, 1.516, 1.516, 1.517, 1.516, 1.516, 1.513, 1.512, 1.511, 1.511, 1.51, 1.509, 1.509, 1.51, 1.511, 1.511, 1.512, 1.513, 1.516, 1.516, 1.517, 1.518, 1.518, 1.518, 1.518, 1.518, 1.517, 1.517, 1.516, 1.513, 1.512, 1.512, 1.511, 1.51, 1.509, 1.509, 1.508, 1.508, 1.507, 1.507, 1.507, 1.507, 1.507, 1.507, 1.507, 1.507, 1.507, 1.508, 1.508, 1.509, 1.51, 1.51, 1.511, 1.511, 1.511, 1.511, 1.511, 1.511, 1.511, 1.511, 1.51, 1.51, 1.509, 1.509, 1.509, 1.509, 1.509, 1.509, 1.509, 1.509, 1.509, 1.509, 1.509, 1.509, 1.509, 1.509, 1.509, 1.509, 1.509, 1.509, 1.509, 1.509, 1.509, 1.509, 1.509, 1.51, 1.511, 1.511, 1.511, 1.511, 1.51, 1.509, 1.508, 1.507, 1.507, 1.506, 1.505, 1.505, 1.505, 1.505, 1.505, 1.505, 1.506, 1.506, 1.507, 1.508, 1.508, 1.509, 1.509, 1.509, 1.509, 1.508, 1.508, 1.507, 1.506, 1.505, 1.505, 1.505, 1.505, 1.505, 1.505, 1.505, 1.505, 1.505, 1.505, 1.505, 1.505, 1.505, 1.505, 1.505, 1.505, 1.505, 1.505, 1.506, 1.507, 1.507, 1.508, 1.508, 1.507, 1.506, 1.505, 1.505, 1.504, 1.503, 1.503, 1.502, 1.501, 1.501, 1.502, 1.502, 1.503, 1.503, 1.503, 1.503, 1.503, 1.503, 1.503, 1.503, 1.503, 1.503, 1.503, 1.503, 1.503, 1.503, 1.503, 1.503, 1.503, 1.503, 1.503, 1.504, 1.504, 1.503, 1.503, 1.502, 1.501, 1.5, 1.495, 1.494, 1.493, 1.49, 1.489, 1.488, 1.487, 1.486, 1.486, 1.485, 1.484, 1.483, 1.482, 1.482, 1.48, 1.479, 1.478, 1.478, 1.477, 1.476, 1.476, 1.476, 1.475, 1.475, 1.474, 1.474, 1.474, 1.474, 1.475, 1.476, 1.478, 1.479, 1.483, 1.484, 1.485, 1.486, 1.486, 1.485, 1.484, 1.483, 1.482, 1.48, 1.479, 1.478, 1.478, 1.478, 1.478, 1.478, 1.478, 1.478, 1.478, 1.478, 1.477, 1.476, 1.476, 1.476, 1.476, 1.477, 1.478, 1.478, 1.479, 1.48, 1.481, 1.482, 1.481, 1.481, 1.48, 1.479, 1.479, 1.478, 1.477, 1.476, 1.475, 1.474, 1.473, 1.473, 1.472, 1.472, 1.471, 1.471, 1.471, 1.471, 1.471, 1.471, 1.472, 1.472, 1.472, 1.472, 1.472, 1.472, 1.472, 1.472, 1.472, 1.471, 1.47, 1.469, 1.469, 1.468, 1.468, 1.468, 1.468, 1.466, 1.466, 1.466, 1.464, 1.464, 1.464, 1.464, 1.466, 1.466, 1.466, 1.466, 1.468, 1.468, 1.468, 1.469, 1.468, 1.468, 1.468, 1.468, 1.468, 1.468, 1.468, 1.466, 1.466, 1.464, 1.464, 1.464, 1.462, 1.462, 1.462, 1.462, 1.462, 1.464, 1.464, 1.466, 1.468, 1.468, 1.468, 1.47, 1.471, 1.471, 1.471, 1.471, 1.47, 1.469, 1.469, 1.466, 1.466, 1.464, 1.464, 1.462, 1.462, 1.462, 1.46, 1.46, 1.458, 1.458, 1.458, 1.458, 1.458, 1.458, 1.458, 1.458, 1.458, 1.458, 1.46, 1.462, 1.462, 1.464, 1.464, 1.464, 1.464, 1.466, 0, 
1.519, 1.52, 1.52, 1.52, 1.52, 1.521, 1.522, 1.524, 1.525, 1.525, 1.526, 1.526, 1.526, 1.526, 1.526, 1.526, 1.526, 1.526, 1.526, 1.526, 1.527, 1.528, 1.528, 1.527, 1.526, 1.525, 1.524, 1.523, 1.522, 1.521, 1.521, 1.52, 1.521, 1.522, 1.523, 1.524, 1.525, 1.526, 1.527, 1.528, 1.528, 1.531, 1.531, 1.531, 1.531, 1.531, 1.531, 1.531, 1.531, 1.531, 1.528, 1.527, 1.526, 1.525, 1.523, 1.522, 1.52, 1.519, 1.519, 1.518, 1.518, 1.518, 1.519, 1.52, 1.522, 1.523, 1.524, 1.524, 1.525, 1.526, 1.527, 1.528, 1.528, 1.528, 1.527, 1.526, 1.525, 1.524, 1.524, 1.524, 1.524, 1.523, 1.522, 1.522, 1.522, 1.522, 1.522, 1.522, 1.521, 1.52, 1.52, 1.519, 1.518, 1.517, 1.516, 1.516, 1.516, 1.516, 1.517, 1.517, 1.518, 1.518, 1.518, 1.519, 1.52, 1.52, 1.519, 1.519, 1.518, 1.517, 1.516, 1.516, 1.516, 1.516, 1.517, 1.518, 1.519, 1.52, 1.52, 1.52, 1.52, 1.519, 1.518, 1.518, 1.517, 1.516, 1.516, 1.516, 1.516, 1.516, 1.516, 1.516, 1.516, 1.516, 1.513, 1.513, 1.512, 1.511, 1.51, 1.509, 1.509, 1.509, 1.51, 1.511, 1.512, 1.513, 1.513, 1.516, 1.516, 1.517, 1.518, 1.518, 1.518, 1.518, 1.518, 1.518, 1.518, 1.517, 1.516, 1.513, 1.512, 1.511, 1.511, 1.51, 1.509, 1.509, 1.508, 1.508, 1.507, 1.507, 1.507, 1.507, 1.507, 1.507, 1.507, 1.507, 1.508, 1.509, 1.509, 1.51, 1.511, 1.511, 1.511, 1.511, 1.511, 1.511, 1.511, 1.511, 1.511, 1.511, 1.51, 1.509, 1.509, 1.509, 1.509, 1.509, 1.509, 1.509, 1.509, 1.509, 1.509, 1.509, 1.509, 1.509, 1.509, 1.509, 1.509, 1.509, 1.509, 1.509, 1.509, 1.509, 1.509, 1.509, 1.51, 1.51, 1.511, 1.511, 1.51, 1.51, 1.509, 1.508, 1.507, 1.506, 1.505, 1.505, 1.504, 1.504, 1.505, 1.505, 1.505, 1.505, 1.506, 1.506, 1.507, 1.508, 1.509, 1.509, 1.509, 1.509, 1.509, 1.508, 1.507, 1.507, 1.506, 1.505, 1.505, 1.505, 1.505, 1.505, 1.505, 1.505, 1.505, 1.505, 1.505, 1.505, 1.505, 1.505, 1.505, 1.505, 1.505, 1.505, 1.506, 1.507, 1.507, 1.508, 1.508, 1.507, 1.507, 1.505, 1.505, 1.505, 1.504, 1.503, 1.502, 1.501, 1.501, 1.502, 1.503, 1.503, 1.503, 1.503, 1.503, 1.503, 1.503, 1.504, 1.504, 1.504, 1.504, 1.503, 1.503, 1.503, 1.503, 1.503, 1.503, 1.503, 1.503, 1.503, 1.503, 1.503, 1.503, 1.502, 1.501, 1.5, 1.499, 1.495, 1.494, 1.493, 1.49, 1.489, 1.488, 1.487, 1.486, 1.486, 1.485, 1.484, 1.484, 1.482, 1.482, 1.481, 1.479, 1.478, 1.478, 1.477, 1.476, 1.476, 1.476, 1.476, 1.476, 1.476, 1.476, 1.476, 1.476, 1.476, 1.477, 1.478, 1.479, 1.483, 1.484, 1.485, 1.486, 1.486, 1.485, 1.484, 1.483, 1.482, 1.48, 1.479, 1.478, 1.478, 1.478, 1.478, 1.478, 1.478, 1.478, 1.478, 1.477, 1.477, 1.476, 1.476, 1.476, 1.476, 1.476, 1.477, 1.478, 1.479, 1.48, 1.481, 1.482, 1.482, 1.481, 1.481, 1.48, 1.48, 1.479, 1.478, 1.477, 1.477, 1.476, 1.475, 1.474, 1.473, 1.473, 1.472, 1.472, 1.472, 1.472, 1.472, 1.472, 1.472, 1.472, 1.472, 1.472, 1.472, 1.472, 1.472, 1.472, 1.472, 1.471, 1.47, 1.47, 1.469, 1.468, 1.468, 1.468, 1.468, 1.468, 1.466, 1.466, 1.464, 1.464, 1.464, 1.466, 1.466, 1.466, 1.466, 1.468, 1.468, 1.468, 1.468, 1.468, 1.468, 1.468, 1.468, 1.468, 1.468, 1.468, 1.468, 1.466, 1.466, 1.464, 1.464, 1.462, 1.462, 1.462, 1.462, 1.462, 1.462, 1.462, 1.464, 1.466, 1.466, 1.468, 1.468, 1.468, 1.47, 1.47, 1.47, 1.47, 1.47, 1.469, 1.468, 1.466, 1.466, 1.464, 1.462, 1.462, 1.462, 1.462, 1.46, 1.46, 1.458, 1.458, 1.458, 1.458, 1.458, 1.458, 1.458, 1.458, 1.458, 1.458, 1.46, 1.462, 1.462, 1.464, 1.464, 1.464, 1.464, 1.466, 0, 
1.52, 1.52, 1.52, 1.52, 1.52, 1.521, 1.522, 1.523, 1.524, 1.525, 1.526, 1.526, 1.526, 1.526, 1.525, 1.525, 1.525, 1.525, 1.526, 1.526, 1.527, 1.528, 1.528, 1.527, 1.526, 1.525, 1.524, 1.524, 1.522, 1.522, 1.521, 1.521, 1.521, 1.522, 1.523, 1.524, 1.525, 1.526, 1.527, 1.528, 1.528, 1.531, 1.531, 1.531, 1.531, 1.531, 1.531, 1.531, 1.528, 1.528, 1.527, 1.527, 1.525, 1.524, 1.522, 1.521, 1.52, 1.519, 1.518, 1.518, 1.518, 1.518, 1.519, 1.52, 1.521, 1.522, 1.523, 1.524, 1.525, 1.526, 1.526, 1.527, 1.527, 1.527, 1.526, 1.526, 1.525, 1.524, 1.524, 1.523, 1.523, 1.523, 1.522, 1.522, 1.522, 1.522, 1.522, 1.521, 1.521, 1.52, 1.52, 1.519, 1.518, 1.517, 1.516, 1.516, 1.516, 1.517, 1.517, 1.518, 1.518, 1.519, 1.519, 1.52, 1.52, 1.52, 1.52, 1.519, 1.518, 1.518, 1.517, 1.516, 1.516, 1.516, 1.517, 1.518, 1.519, 1.52, 1.52, 1.52, 1.52, 1.519, 1.518, 1.517, 1.516, 1.516, 1.516, 1.516, 1.516, 1.516, 1.516, 1.516, 1.513, 1.513, 1.513, 1.512, 1.511, 1.51, 1.509, 1.509, 1.509, 1.509, 1.51, 1.511, 1.512, 1.513, 1.513, 1.516, 1.517, 1.517, 1.518, 1.519, 1.519, 1.519, 1.519, 1.519, 1.518, 1.518, 1.517, 1.516, 1.513, 1.512, 1.511, 1.511, 1.51, 1.509, 1.509, 1.508, 1.507, 1.507, 1.507, 1.507, 1.507, 1.507, 1.507, 1.507, 1.508, 1.509, 1.51, 1.51, 1.511, 1.512, 1.512, 1.512, 1.511, 1.511, 1.511, 1.511, 1.511, 1.511, 1.51, 1.509, 1.509, 1.509, 1.509, 1.509, 1.509, 1.508, 1.508, 1.508, 1.508, 1.509, 1.509, 1.509, 1.509, 1.509, 1.509, 1.509, 1.509, 1.509, 1.509, 1.509, 1.509, 1.509, 1.509, 1.51, 1.51, 1.51, 1.51, 1.509, 1.508, 1.507, 1.507, 1.506, 1.505, 1.505, 1.504, 1.504, 1.505, 1.505, 1.505, 1.505, 1.505, 1.506, 1.507, 1.508, 1.508, 1.509, 1.509, 1.509, 1.509, 1.508, 1.507, 1.507, 1.506, 1.505, 1.505, 1.505, 1.505, 1.505, 1.505, 1.505, 1.505, 1.505, 1.505, 1.505, 1.505, 1.505, 1.505, 1.505, 1.505, 1.506, 1.506, 1.507, 1.507, 1.507, 1.507, 1.507, 1.506, 1.505, 1.505, 1.505, 1.504, 1.503, 1.503, 1.502, 1.502, 1.502, 1.503, 1.503, 1.503, 1.503, 1.503, 1.504, 1.504, 1.504, 1.505, 1.505, 1.504, 1.503, 1.503, 1.503, 1.503, 1.503, 1.503, 1.503, 1.503, 1.503, 1.503, 1.503, 1.502, 1.501, 1.501, 1.5, 1.495, 1.494, 1.493, 1.492, 1.49, 1.489, 1.488, 1.487, 1.486, 1.486, 1.485, 1.484, 1.484, 1.483, 1.482, 1.481, 1.48, 1.479, 1.478, 1.477, 1.477, 1.477, 1.477, 1.477, 1.477, 1.477, 1.477, 1.477, 1.478, 1.478, 1.479, 1.48, 1.48, 1.484, 1.485, 1.486, 1.486, 1.486, 1.485, 1.484, 1.483, 1.481, 1.48, 1.479, 1.478, 1.478, 1.478, 1.478, 1.478, 1.478, 1.478, 1.478, 1.477, 1.477, 1.476, 1.476, 1.476, 1.476, 1.476, 1.477, 1.478, 1.479, 1.48, 1.481, 1.482, 1.482, 1.482, 1.481, 1.481, 1.481, 1.48, 1.479, 1.479, 1.478, 1.477, 1.476, 1.475, 1.474, 1.474, 1.473, 1.472, 1.472, 1.472, 1.472, 1.472, 1.472, 1.473, 1.473, 1.473, 1.472, 1.472, 1.472, 1.472, 1.472, 1.471, 1.47, 1.47, 1.469, 1.468, 1.468, 1.468, 1.468, 1.468, 1.466, 1.466, 1.466, 1.466, 1.466, 1.466, 1.466, 1.466, 1.466, 1.468, 1.468, 1.468, 1.468, 1.468, 1.468, 1.468, 1.468, 1.468, 1.468, 1.468, 1.468, 1.466, 1.466, 1.464, 1.464, 1.462, 1.462, 1.462, 1.462, 1.462, 1.462, 1.462, 1.464, 1.466, 1.466, 1.468, 1.468, 1.468, 1.468, 1.47, 1.47, 1.47, 1.47, 1.468, 1.466, 1.466, 1.464, 1.464, 1.462, 1.462, 1.462, 1.462, 1.46, 1.46, 1.458, 1.458, 1.458, 1.458, 1.458, 1.458, 1.458, 1.458, 1.458, 1.46, 1.46, 1.462, 1.462, 1.464, 1.464, 1.464, 1.464, 1.466, 0, 
1.52, 1.52, 1.52, 1.52, 1.52, 1.521, 1.522, 1.523, 1.524, 1.524, 1.525, 1.525, 1.525, 1.525, 1.525, 1.524, 1.524, 1.525, 1.526, 1.526, 1.527, 1.528, 1.528, 1.527, 1.526, 1.525, 1.524, 1.524, 1.523, 1.522, 1.522, 1.522, 1.522, 1.522, 1.524, 1.524, 1.525, 1.526, 1.527, 1.528, 1.528, 1.531, 1.531, 1.531, 1.531, 1.531, 1.528, 1.528, 1.528, 1.527, 1.526, 1.526, 1.524, 1.523, 1.522, 1.52, 1.519, 1.518, 1.517, 1.517, 1.517, 1.517, 1.518, 1.52, 1.521, 1.522, 1.523, 1.524, 1.524, 1.525, 1.526, 1.526, 1.526, 1.526, 1.525, 1.525, 1.524, 1.523, 1.523, 1.522, 1.522, 1.522, 1.522, 1.522, 1.522, 1.522, 1.522, 1.521, 1.52, 1.52, 1.519, 1.518, 1.517, 1.517, 1.516, 1.516, 1.517, 1.518, 1.518, 1.518, 1.519, 1.519, 1.52, 1.52, 1.52, 1.52, 1.52, 1.52, 1.519, 1.518, 1.517, 1.517, 1.516, 1.516, 1.517, 1.518, 1.519, 1.519, 1.52, 1.52, 1.52, 1.519, 1.518, 1.517, 1.516, 1.516, 1.516, 1.516, 1.516, 1.516, 1.513, 1.513, 1.513, 1.512, 1.512, 1.511, 1.511, 1.51, 1.509, 1.509, 1.509, 1.509, 1.51, 1.511, 1.512, 1.513, 1.513, 1.516, 1.517, 1.518, 1.519, 1.519, 1.52, 1.52, 1.52, 1.52, 1.519, 1.518, 1.517, 1.517, 1.516, 1.513, 1.512, 1.511, 1.51, 1.51, 1.509, 1.508, 1.508, 1.507, 1.507, 1.507, 1.507, 1.507, 1.507, 1.508, 1.509, 1.509, 1.51, 1.511, 1.512, 1.512, 1.513, 1.512, 1.512, 1.511, 1.511, 1.511, 1.511, 1.511, 1.51, 1.51, 1.509, 1.509, 1.509, 1.509, 1.509, 1.508, 1.507, 1.507, 1.508, 1.508, 1.509, 1.509, 1.509, 1.509, 1.509, 1.509, 1.509, 1.509, 1.509, 1.509, 1.509, 1.509, 1.509, 1.509, 1.509, 1.509, 1.509, 1.509, 1.508, 1.507, 1.507, 1.506, 1.505, 1.505, 1.505, 1.505, 1.505, 1.505, 1.505, 1.505, 1.505, 1.506, 1.506, 1.507, 1.508, 1.508, 1.509, 1.509, 1.509, 1.508, 1.508, 1.507, 1.506, 1.506, 1.505, 1.505, 1.505, 1.505, 1.505, 1.505, 1.505, 1.505, 1.505, 1.505, 1.505, 1.505, 1.505, 1.505, 1.505, 1.506, 1.506, 1.507, 1.507, 1.507, 1.507, 1.507, 1.506, 1.505, 1.505, 1.505, 1.505, 1.504, 1.503, 1.503, 1.503, 1.503, 1.503, 1.503, 1.503, 1.504, 1.504, 1.504, 1.505, 1.505, 1.505, 1.505, 1.504, 1.503, 1.503, 1.503, 1.503, 1.503, 1.503, 1.503, 1.503, 1.503, 1.502, 1.502, 1.501, 1.501, 1.5, 1.499, 1.495, 1.494, 1.493, 1.492, 1.49, 1.489, 1.488, 1.487, 1.486, 1.486, 1.485, 1.485, 1.484, 1.483, 1.483, 1.482, 1.48, 1.479, 1.478, 1.478, 1.478, 1.478, 1.478, 1.478, 1.478, 1.478, 1.478, 1.479, 1.48, 1.48, 1.48, 1.481, 1.483, 1.484, 1.485, 1.486, 1.486, 1.485, 1.484, 1.483, 1.482, 1.481, 1.48, 1.479, 1.478, 1.478, 1.478, 1.478, 1.478, 1.478, 1.478, 1.478, 1.477, 1.477, 1.476, 1.476, 1.476, 1.476, 1.476, 1.477, 1.478, 1.479, 1.48, 1.481, 1.482, 1.482, 1.482, 1.482, 1.482, 1.482, 1.481, 1.48, 1.48, 1.479, 1.478, 1.477, 1.477, 1.476, 1.475, 1.474, 1.473, 1.473, 1.473, 1.472, 1.472, 1.473, 1.473, 1.473, 1.473, 1.472, 1.472, 1.472, 1.472, 1.472, 1.471, 1.47, 1.47, 1.469, 1.469, 1.468, 1.468, 1.468, 1.468, 1.466, 1.466, 1.466, 1.466, 1.466, 1.466, 1.466, 1.466, 1.468, 1.468, 1.468, 1.468, 1.469, 1.468, 1.468, 1.468, 1.468, 1.468, 1.468, 1.466, 1.466, 1.466, 1.464, 1.464, 1.462, 1.462, 1.462, 1.462, 1.462, 1.462, 1.462, 1.462, 1.464, 1.466, 1.466, 1.466, 1.468, 1.468, 1.468, 1.468, 1.47, 1.468, 1.468, 1.466, 1.466, 1.466, 1.464, 1.462, 1.462, 1.462, 1.462, 1.462, 1.46, 1.46, 1.458, 1.458, 1.458, 1.458, 1.458, 1.458, 1.458, 1.458, 1.458, 1.46, 1.462, 1.462, 1.462, 1.464, 1.464, 1.464, 1.464, 1.464, 0, 
1.52, 1.52, 1.52, 1.52, 1.52, 1.52, 1.521, 1.522, 1.523, 1.524, 1.524, 1.524, 1.524, 1.524, 1.524, 1.524, 1.524, 1.525, 1.526, 1.526, 1.527, 1.527, 1.528, 1.528, 1.527, 1.526, 1.525, 1.524, 1.523, 1.523, 1.522, 1.522, 1.522, 1.523, 1.524, 1.524, 1.525, 1.526, 1.527, 1.528, 1.528, 1.531, 1.531, 1.531, 1.531, 1.531, 1.528, 1.528, 1.527, 1.526, 1.526, 1.524, 1.523, 1.522, 1.521, 1.52, 1.519, 1.518, 1.517, 1.516, 1.516, 1.517, 1.518, 1.52, 1.52, 1.522, 1.523, 1.524, 1.524, 1.525, 1.526, 1.526, 1.526, 1.525, 1.525, 1.524, 1.523, 1.523, 1.522, 1.522, 1.522, 1.522, 1.522, 1.522, 1.522, 1.522, 1.522, 1.521, 1.52, 1.52, 1.519, 1.518, 1.517, 1.516, 1.516, 1.517, 1.517, 1.518, 1.519, 1.519, 1.52, 1.52, 1.52, 1.52, 1.52, 1.52, 1.52, 1.52, 1.519, 1.519, 1.518, 1.517, 1.517, 1.517, 1.518, 1.518, 1.519, 1.52, 1.52, 1.52, 1.52, 1.519, 1.518, 1.517, 1.516, 1.516, 1.516, 1.516, 1.513, 1.513, 1.513, 1.513, 1.512, 1.512, 1.511, 1.511, 1.51, 1.509, 1.509, 1.509, 1.509, 1.51, 1.511, 1.512, 1.512, 1.513, 1.516, 1.517, 1.518, 1.518, 1.519, 1.52, 1.52, 1.52, 1.52, 1.52, 1.519, 1.519, 1.518, 1.517, 1.516, 1.516, 1.512, 1.511, 1.511, 1.511, 1.51, 1.509, 1.508, 1.508, 1.507, 1.507, 1.507, 1.508, 1.508, 1.508, 1.509, 1.51, 1.511, 1.512, 1.512, 1.513, 1.513, 1.513, 1.512, 1.512, 1.511, 1.511, 1.511, 1.511, 1.511, 1.51, 1.51, 1.509, 1.509, 1.509, 1.509, 1.508, 1.507, 1.507, 1.507, 1.508, 1.508, 1.508, 1.509, 1.509, 1.509, 1.509, 1.509, 1.509, 1.509, 1.509, 1.509, 1.509, 1.509, 1.509, 1.509, 1.509, 1.509, 1.508, 1.507, 1.507, 1.507, 1.506, 1.505, 1.505, 1.505, 1.505, 1.505, 1.505, 1.505, 1.505, 1.505, 1.505, 1.506, 1.506, 1.507, 1.508, 1.508, 1.508, 1.508, 1.508, 1.508, 1.507, 1.507, 1.506, 1.505, 1.505, 1.505, 1.505, 1.505, 1.505, 1.505, 1.505, 1.505, 1.505, 1.505, 1.505, 1.505, 1.505, 1.505, 1.506, 1.507, 1.507, 1.507, 1.507, 1.507, 1.507, 1.506, 1.505, 1.505, 1.505, 1.505, 1.504, 1.504, 1.503, 1.503, 1.503, 1.503, 1.503, 1.504, 1.504, 1.505, 1.505, 1.505, 1.505, 1.505, 1.505, 1.504, 1.503, 1.503, 1.503, 1.503, 1.503, 1.503, 1.503, 1.502, 1.502, 1.502, 1.501, 1.501, 1.5, 1.499, 1.499, 1.495, 1.494, 1.493, 1.492, 1.49, 1.489, 1.488, 1.487, 1.486, 1.486, 1.486, 1.485, 1.485, 1.484, 1.483, 1.482, 1.481, 1.48, 1.479, 1.478, 1.478, 1.478, 1.479, 1.479, 1.48, 1.48, 1.48, 1.48, 1.481, 1.482, 1.482, 1.483, 1.484, 1.485, 1.485, 1.486, 1.486, 1.485, 1.484, 1.483, 1.481, 1.48, 1.479, 1.478, 1.478, 1.478, 1.478, 1.478, 1.478, 1.478, 1.478, 1.478, 1.477, 1.477, 1.476, 1.476, 1.476, 1.476, 1.476, 1.476, 1.477, 1.478, 1.48, 1.481, 1.482, 1.482, 1.482, 1.482, 1.482, 1.482, 1.482, 1.481, 1.481, 1.48, 1.48, 1.479, 1.478, 1.477, 1.476, 1.475, 1.474, 1.474, 1.474, 1.473, 1.473, 1.473, 1.473, 1.473, 1.472, 1.472, 1.472, 1.472, 1.472, 1.472, 1.471, 1.47, 1.47, 1.47, 1.469, 1.468, 1.468, 1.468, 1.468, 1.468, 1.466, 1.466, 1.466, 1.466, 1.466, 1.466, 1.466, 1.468, 1.468, 1.468, 1.469, 1.469, 1.468, 1.468, 1.468, 1.468, 1.468, 1.466, 1.466, 1.466, 1.464, 1.464, 1.462, 1.462, 1.462, 1.462, 1.462, 1.462, 1.462, 1.462, 1.462, 1.464, 1.464, 1.466, 1.466, 1.466, 1.468, 1.468, 1.468, 1.468, 1.468, 1.468, 1.466, 1.466, 1.466, 1.464, 1.462, 1.462, 1.462, 1.462, 1.462, 1.46, 1.46, 1.458, 1.458, 1.458, 1.458, 1.458, 1.458, 1.458, 1.458, 1.458, 1.46, 1.462, 1.462, 1.462, 1.462, 1.464, 1.462, 1.462, 1.462, 0, 
1.52, 1.52, 1.52, 1.52, 1.52, 1.52, 1.521, 1.522, 1.522, 1.523, 1.524, 1.524, 1.524, 1.524, 1.524, 1.524, 1.524, 1.525, 1.526, 1.526, 1.527, 1.527, 1.528, 1.528, 1.527, 1.527, 1.526, 1.525, 1.524, 1.524, 1.523, 1.523, 1.523, 1.523, 1.524, 1.524, 1.525, 1.526, 1.527, 1.528, 1.528, 1.531, 1.531, 1.531, 1.531, 1.528, 1.528, 1.527, 1.526, 1.526, 1.525, 1.524, 1.522, 1.521, 1.52, 1.519, 1.518, 1.517, 1.517, 1.516, 1.516, 1.517, 1.518, 1.519, 1.52, 1.521, 1.523, 1.524, 1.524, 1.524, 1.525, 1.525, 1.525, 1.525, 1.524, 1.524, 1.523, 1.522, 1.521, 1.521, 1.522, 1.522, 1.522, 1.522, 1.522, 1.522, 1.522, 1.521, 1.52, 1.52, 1.518, 1.517, 1.517, 1.516, 1.516, 1.517, 1.518, 1.519, 1.52, 1.52, 1.52, 1.52, 1.521, 1.52, 1.52, 1.52, 1.52, 1.52, 1.52, 1.519, 1.519, 1.518, 1.518, 1.518, 1.518, 1.519, 1.519, 1.52, 1.52, 1.52, 1.52, 1.519, 1.518, 1.517, 1.516, 1.516, 1.516, 1.516, 1.513, 1.513, 1.512, 1.512, 1.511, 1.511, 1.511, 1.51, 1.51, 1.509, 1.509, 1.509, 1.51, 1.51, 1.511, 1.512, 1.513, 1.516, 1.517, 1.518, 1.518, 1.519, 1.52, 1.52, 1.52, 1.52, 1.52, 1.52, 1.52, 1.519, 1.518, 1.517, 1.516, 1.516, 1.512, 1.512, 1.511, 1.511, 1.51, 1.51, 1.509, 1.508, 1.508, 1.508, 1.508, 1.508, 1.509, 1.509, 1.509, 1.511, 1.511, 1.512, 1.513, 1.513, 1.516, 1.516, 1.513, 1.512, 1.512, 1.511, 1.511, 1.511, 1.511, 1.511, 1.51, 1.51, 1.509, 1.509, 1.509, 1.508, 1.508, 1.507, 1.507, 1.507, 1.507, 1.508, 1.508, 1.509, 1.509, 1.509, 1.509, 1.509, 1.509, 1.509, 1.509, 1.509, 1.509, 1.509, 1.509, 1.509, 1.509, 1.508, 1.507, 1.507, 1.507, 1.506, 1.505, 1.505, 1.505, 1.505, 1.505, 1.505, 1.505, 1.505, 1.505, 1.505, 1.505, 1.506, 1.506, 1.507, 1.507, 1.507, 1.507, 1.507, 1.507, 1.507, 1.507, 1.506, 1.506, 1.505, 1.505, 1.505, 1.505, 1.505, 1.505, 1.505, 1.505, 1.505, 1.505, 1.505, 1.505, 1.505, 1.506, 1.506, 1.507, 1.507, 1.507, 1.507, 1.507, 1.506, 1.506, 1.505, 1.505, 1.505, 1.505, 1.505, 1.505, 1.504, 1.504, 1.504, 1.504, 1.504, 1.504, 1.505, 1.505, 1.505, 1.505, 1.505, 1.505, 1.505, 1.504, 1.503, 1.503, 1.503, 1.503, 1.502, 1.502, 1.502, 1.502, 1.501, 1.501, 1.501, 1.5, 1.5, 1.499, 1.499, 1.495, 1.494, 1.493, 1.492, 1.49, 1.489, 1.488, 1.487, 1.487, 1.487, 1.486, 1.486, 1.486, 1.484, 1.484, 1.483, 1.482, 1.48, 1.48, 1.479, 1.479, 1.479, 1.48, 1.48, 1.481, 1.482, 1.482, 1.481, 1.484, 1.484, 1.484, 1.484, 1.485, 1.486, 1.486, 1.486, 1.485, 1.484, 1.483, 1.482, 1.481, 1.48, 1.479, 1.478, 1.478, 1.478, 1.478, 1.478, 1.478, 1.478, 1.478, 1.478, 1.477, 1.477, 1.476, 1.476, 1.476, 1.476, 1.476, 1.476, 1.477, 1.478, 1.479, 1.48, 1.481, 1.482, 1.482, 1.483, 1.483, 1.483, 1.483, 1.483, 1.482, 1.482, 1.481, 1.48, 1.479, 1.478, 1.477, 1.476, 1.475, 1.474, 1.474, 1.474, 1.473, 1.472, 1.472, 1.472, 1.472, 1.472, 1.472, 1.472, 1.472, 1.472, 1.471, 1.47, 1.47, 1.47, 1.469, 1.469, 1.468, 1.468, 1.468, 1.468, 1.466, 1.466, 1.466, 1.466, 1.466, 1.466, 1.468, 1.468, 1.468, 1.469, 1.469, 1.469, 1.468, 1.468, 1.468, 1.468, 1.466, 1.466, 1.466, 1.466, 1.464, 1.462, 1.462, 1.462, 1.462, 1.46, 1.46, 1.46, 1.462, 1.462, 1.462, 1.464, 1.464, 1.466, 1.466, 1.466, 1.466, 1.468, 1.468, 1.468, 1.468, 1.466, 1.466, 1.466, 1.464, 1.464, 1.462, 1.462, 1.462, 1.462, 1.462, 1.46, 1.46, 1.458, 1.458, 1.458, 1.458, 1.458, 1.458, 1.458, 1.458, 1.458, 1.46, 1.462, 1.462, 1.462, 1.462, 1.462, 1.462, 1.462, 1.462, 0, 
1.52, 1.52, 1.52, 1.52, 1.52, 1.52, 1.52, 1.521, 1.521, 1.522, 1.523, 1.523, 1.524, 1.524, 1.524, 1.524, 1.524, 1.525, 1.526, 1.526, 1.527, 1.528, 1.528, 1.528, 1.528, 1.527, 1.527, 1.526, 1.525, 1.525, 1.524, 1.524, 1.524, 1.524, 1.524, 1.524, 1.525, 1.526, 1.527, 1.528, 1.528, 1.531, 1.531, 1.531, 1.528, 1.528, 1.528, 1.527, 1.526, 1.525, 1.524, 1.523, 1.522, 1.521, 1.52, 1.519, 1.518, 1.517, 1.516, 1.516, 1.516, 1.517, 1.518, 1.519, 1.52, 1.521, 1.522, 1.523, 1.524, 1.524, 1.524, 1.524, 1.524, 1.524, 1.524, 1.523, 1.522, 1.521, 1.521, 1.521, 1.521, 1.522, 1.522, 1.522, 1.522, 1.522, 1.522, 1.521, 1.52, 1.519, 1.518, 1.517, 1.516, 1.516, 1.516, 1.517, 1.518, 1.519, 1.52, 1.521, 1.521, 1.522, 1.522, 1.521, 1.521, 1.521, 1.52, 1.52, 1.52, 1.52, 1.52, 1.519, 1.519, 1.519, 1.519, 1.52, 1.52, 1.52, 1.52, 1.52, 1.52, 1.519, 1.518, 1.517, 1.516, 1.516, 1.516, 1.516, 1.513, 1.512, 1.512, 1.511, 1.511, 1.511, 1.511, 1.51, 1.509, 1.509, 1.509, 1.51, 1.51, 1.511, 1.512, 1.512, 1.516, 1.516, 1.517, 1.518, 1.519, 1.52, 1.52, 1.52, 1.52, 1.52, 1.52, 1.52, 1.52, 1.519, 1.518, 1.517, 1.516, 1.516, 1.516, 1.512, 1.511, 1.511, 1.511, 1.51, 1.509, 1.509, 1.509, 1.509, 1.509, 1.509, 1.509, 1.509, 1.51, 1.511, 1.512, 1.512, 1.513, 1.516, 1.516, 1.516, 1.513, 1.513, 1.512, 1.512, 1.512, 1.511, 1.511, 1.511, 1.511, 1.51, 1.51, 1.509, 1.509, 1.509, 1.508, 1.507, 1.507, 1.507, 1.507, 1.507, 1.508, 1.509, 1.509, 1.509, 1.509, 1.509, 1.509, 1.509, 1.509, 1.509, 1.509, 1.509, 1.509, 1.509, 1.509, 1.508, 1.507, 1.507, 1.507, 1.506, 1.506, 1.505, 1.505, 1.505, 1.505, 1.505, 1.505, 1.505, 1.505, 1.505, 1.505, 1.505, 1.506, 1.506, 1.507, 1.507, 1.507, 1.507, 1.507, 1.507, 1.507, 1.507, 1.506, 1.505, 1.505, 1.505, 1.505, 1.505, 1.505, 1.505, 1.505, 1.505, 1.505, 1.505, 1.505, 1.505, 1.506, 1.507, 1.507, 1.507, 1.507, 1.507, 1.506, 1.506, 1.505, 1.505, 1.505, 1.505, 1.505, 1.505, 1.505, 1.505, 1.505, 1.505, 1.505, 1.505, 1.505, 1.506, 1.506, 1.506, 1.506, 1.506, 1.505, 1.505, 1.504, 1.503, 1.503, 1.502, 1.502, 1.501, 1.501, 1.501, 1.501, 1.501, 1.501, 1.5, 1.5, 1.499, 1.499, 1.496, 1.495, 1.494, 1.493, 1.492, 1.49, 1.489, 1.488, 1.488, 1.488, 1.488, 1.487, 1.487, 1.487, 1.484, 1.484, 1.483, 1.482, 1.481, 1.481, 1.48, 1.48, 1.48, 1.481, 1.482, 1.483, 1.483, 1.483, 1.486, 1.486, 1.486, 1.486, 1.486, 1.486, 1.486, 1.486, 1.486, 1.485, 1.484, 1.482, 1.481, 1.48, 1.479, 1.478, 1.478, 1.478, 1.478, 1.478, 1.478, 1.479, 1.479, 1.478, 1.478, 1.477, 1.476, 1.476, 1.476, 1.476, 1.476, 1.476, 1.476, 1.477, 1.478, 1.479, 1.48, 1.481, 1.482, 1.482, 1.483, 1.484, 1.484, 1.484, 1.484, 1.483, 1.483, 1.482, 1.481, 1.48, 1.479, 1.478, 1.476, 1.476, 1.475, 1.474, 1.474, 1.473, 1.472, 1.472, 1.472, 1.472, 1.472, 1.472, 1.472, 1.472, 1.472, 1.471, 1.47, 1.47, 1.47, 1.47, 1.469, 1.469, 1.468, 1.468, 1.468, 1.468, 1.466, 1.466, 1.466, 1.466, 1.468, 1.468, 1.468, 1.469, 1.469, 1.47, 1.469, 1.469, 1.468, 1.466, 1.466, 1.466, 1.466, 1.466, 1.464, 1.464, 1.462, 1.462, 1.462, 1.46, 1.46, 1.46, 1.46, 1.462, 1.462, 1.462, 1.464, 1.464, 1.466, 1.466, 1.466, 1.466, 1.468, 1.468, 1.468, 1.466, 1.466, 1.466, 1.466, 1.464, 1.462, 1.462, 1.462, 1.462, 1.462, 1.46, 1.46, 1.458, 1.458, 1.458, 1.458, 1.458, 1.458, 1.458, 1.458, 1.458, 1.458, 1.46, 1.462, 1.462, 1.462, 1.462, 1.462, 1.46, 1.46, 1.462, 0, 
1.52, 1.52, 1.52, 1.52, 1.52, 1.52, 1.52, 1.52, 1.52, 1.521, 1.522, 1.523, 1.524, 1.524, 1.524, 1.524, 1.524, 1.525, 1.526, 1.527, 1.527, 1.528, 1.528, 1.528, 1.528, 1.528, 1.528, 1.527, 1.526, 1.526, 1.525, 1.524, 1.524, 1.524, 1.524, 1.524, 1.525, 1.526, 1.527, 1.528, 1.528, 1.528, 1.531, 1.531, 1.528, 1.528, 1.527, 1.526, 1.525, 1.524, 1.523, 1.522, 1.521, 1.52, 1.519, 1.519, 1.518, 1.517, 1.516, 1.516, 1.516, 1.517, 1.518, 1.519, 1.52, 1.521, 1.522, 1.523, 1.523, 1.524, 1.524, 1.524, 1.524, 1.524, 1.523, 1.523, 1.522, 1.521, 1.52, 1.52, 1.521, 1.522, 1.522, 1.522, 1.522, 1.522, 1.522, 1.521, 1.52, 1.519, 1.518, 1.517, 1.516, 1.516, 1.517, 1.517, 1.519, 1.52, 1.521, 1.522, 1.522, 1.522, 1.522, 1.522, 1.522, 1.521, 1.521, 1.521, 1.52, 1.52, 1.52, 1.52, 1.52, 1.52, 1.52, 1.52, 1.52, 1.52, 1.52, 1.52, 1.52, 1.519, 1.518, 1.517, 1.516, 1.516, 1.516, 1.516, 1.513, 1.512, 1.511, 1.511, 1.511, 1.511, 1.511, 1.51, 1.509, 1.509, 1.51, 1.51, 1.511, 1.511, 1.512, 1.513, 1.516, 1.517, 1.518, 1.519, 1.52, 1.52, 1.52, 1.52, 1.52, 1.52, 1.52, 1.52, 1.519, 1.518, 1.517, 1.517, 1.516, 1.516, 1.516, 1.512, 1.511, 1.511, 1.511, 1.51, 1.509, 1.509, 1.509, 1.509, 1.509, 1.509, 1.509, 1.509, 1.51, 1.511, 1.512, 1.513, 1.516, 1.516, 1.516, 1.516, 1.516, 1.513, 1.513, 1.513, 1.512, 1.512, 1.512, 1.512, 1.511, 1.511, 1.51, 1.509, 1.509, 1.509, 1.508, 1.507, 1.507, 1.507, 1.507, 1.507, 1.508, 1.508, 1.509, 1.509, 1.509, 1.509, 1.509, 1.509, 1.509, 1.509, 1.509, 1.51, 1.51, 1.509, 1.509, 1.508, 1.508, 1.507, 1.507, 1.507, 1.506, 1.505, 1.505, 1.505, 1.505, 1.505, 1.505, 1.505, 1.505, 1.505, 1.505, 1.505, 1.505, 1.506, 1.506, 1.507, 1.507, 1.507, 1.507, 1.507, 1.507, 1.507, 1.506, 1.506, 1.505, 1.505, 1.505, 1.505, 1.505, 1.505, 1.505, 1.505, 1.505, 1.505, 1.505, 1.506, 1.506, 1.507, 1.507, 1.507, 1.507, 1.506, 1.506, 1.505, 1.505, 1.505, 1.505, 1.505, 1.505, 1.505, 1.505, 1.505, 1.505, 1.505, 1.505, 1.506, 1.506, 1.507, 1.507, 1.507, 1.507, 1.506, 1.506, 1.505, 1.504, 1.503, 1.502, 1.501, 1.501, 1.501, 1.501, 1.501, 1.501, 1.501, 1.5, 1.5, 1.499, 1.499, 1.499, 1.496, 1.495, 1.494, 1.493, 1.492, 1.491, 1.49, 1.489, 1.488, 1.488, 1.488, 1.488, 1.488, 1.488, 1.487, 1.486, 1.485, 1.484, 1.482, 1.482, 1.482, 1.482, 1.482, 1.482, 1.483, 1.484, 1.485, 1.486, 1.487, 1.488, 1.488, 1.488, 1.487, 1.487, 1.487, 1.486, 1.485, 1.484, 1.483, 1.482, 1.481, 1.48, 1.479, 1.478, 1.478, 1.478, 1.478, 1.478, 1.479, 1.479, 1.479, 1.478, 1.478, 1.477, 1.476, 1.476, 1.476, 1.476, 1.476, 1.476, 1.476, 1.476, 1.477, 1.478, 1.48, 1.481, 1.482, 1.482, 1.483, 1.484, 1.484, 1.485, 1.485, 1.484, 1.484, 1.483, 1.482, 1.481, 1.48, 1.478, 1.477, 1.476, 1.475, 1.474, 1.474, 1.473, 1.472, 1.472, 1.472, 1.472, 1.472, 1.472, 1.472, 1.471, 1.471, 1.471, 1.47, 1.47, 1.47, 1.47, 1.47, 1.469, 1.468, 1.468, 1.468, 1.468, 1.468, 1.468, 1.468, 1.468, 1.468, 1.468, 1.469, 1.469, 1.47, 1.47, 1.469, 1.469, 1.468, 1.466, 1.466, 1.466, 1.466, 1.464, 1.464, 1.462, 1.462, 1.462, 1.46, 1.46, 1.46, 1.46, 1.46, 1.46, 1.462, 1.462, 1.462, 1.464, 1.466, 1.466, 1.466, 1.466, 1.466, 1.466, 1.466, 1.466, 1.466, 1.466, 1.464, 1.464, 1.462, 1.462, 1.462, 1.462, 1.46, 1.46, 1.458, 1.458, 1.458, 1.456, 1.456, 1.456, 1.456, 1.456, 1.458, 1.458, 1.458, 1.46, 1.462, 1.462, 1.462, 1.462, 1.462, 1.46, 1.46, 1.46, 0, 
1.521, 1.52, 1.52, 1.52, 1.52, 1.52, 1.52, 1.52, 1.52, 1.521, 1.522, 1.522, 1.523, 1.524, 1.524, 1.524, 1.525, 1.525, 1.526, 1.527, 1.528, 1.528, 1.528, 1.528, 1.528, 1.528, 1.528, 1.528, 1.527, 1.527, 1.526, 1.525, 1.525, 1.524, 1.524, 1.524, 1.525, 1.526, 1.526, 1.527, 1.528, 1.528, 1.528, 1.528, 1.528, 1.528, 1.527, 1.526, 1.525, 1.524, 1.523, 1.522, 1.52, 1.52, 1.519, 1.518, 1.518, 1.517, 1.516, 1.516, 1.516, 1.517, 1.518, 1.519, 1.52, 1.52, 1.522, 1.522, 1.523, 1.523, 1.524, 1.524, 1.524, 1.523, 1.523, 1.522, 1.521, 1.521, 1.52, 1.52, 1.521, 1.522, 1.522, 1.522, 1.522, 1.522, 1.521, 1.52, 1.52, 1.518, 1.517, 1.516, 1.516, 1.516, 1.517, 1.518, 1.519, 1.52, 1.521, 1.523, 1.523, 1.523, 1.523, 1.522, 1.522, 1.522, 1.522, 1.521, 1.521, 1.521, 1.521, 1.52, 1.52, 1.52, 1.52, 1.52, 1.52, 1.52, 1.52, 1.52, 1.52, 1.519, 1.518, 1.517, 1.516, 1.516, 1.516, 1.516, 1.512, 1.512, 1.511, 1.511, 1.511, 1.511, 1.511, 1.51, 1.509, 1.51, 1.51, 1.511, 1.511, 1.512, 1.512, 1.516, 1.517, 1.518, 1.519, 1.52, 1.52, 1.52, 1.52, 1.52, 1.52, 1.52, 1.52, 1.519, 1.518, 1.518, 1.517, 1.516, 1.516, 1.516, 1.516, 1.512, 1.511, 1.511, 1.511, 1.51, 1.509, 1.509, 1.509, 1.509, 1.509, 1.509, 1.509, 1.509, 1.51, 1.511, 1.512, 1.513, 1.516, 1.516, 1.516, 1.516, 1.516, 1.513, 1.513, 1.513, 1.513, 1.513, 1.513, 1.512, 1.512, 1.511, 1.511, 1.51, 1.509, 1.509, 1.508, 1.507, 1.507, 1.507, 1.507, 1.507, 1.507, 1.508, 1.509, 1.509, 1.509, 1.509, 1.509, 1.509, 1.509, 1.509, 1.509, 1.509, 1.509, 1.51, 1.509, 1.509, 1.508, 1.507, 1.507, 1.507, 1.506, 1.505, 1.505, 1.505, 1.505, 1.505, 1.505, 1.505, 1.505, 1.505, 1.505, 1.505, 1.505, 1.505, 1.506, 1.506, 1.506, 1.507, 1.507, 1.507, 1.507, 1.507, 1.507, 1.506, 1.506, 1.505, 1.505, 1.505, 1.505, 1.505, 1.505, 1.505, 1.505, 1.505, 1.506, 1.506, 1.507, 1.507, 1.507, 1.507, 1.507, 1.506, 1.505, 1.505, 1.505, 1.505, 1.505, 1.505, 1.505, 1.505, 1.506, 1.506, 1.506, 1.506, 1.507, 1.507, 1.507, 1.507, 1.508, 1.508, 1.507, 1.507, 1.506, 1.505, 1.504, 1.503, 1.502, 1.501, 1.501, 1.501, 1.501, 1.5, 1.5, 1.5, 1.5, 1.499, 1.499, 1.499, 1.499, 1.499, 1.495, 1.494, 1.494, 1.493, 1.491, 1.49, 1.49, 1.489, 1.489, 1.489, 1.488, 1.488, 1.488, 1.488, 1.487, 1.486, 1.485, 1.484, 1.483, 1.482, 1.482, 1.483, 1.484, 1.484, 1.485, 1.487, 1.488, 1.488, 1.489, 1.489, 1.488, 1.488, 1.488, 1.487, 1.486, 1.485, 1.484, 1.482, 1.481, 1.48, 1.479, 1.478, 1.478, 1.478, 1.478, 1.478, 1.479, 1.479, 1.479, 1.479, 1.478, 1.478, 1.477, 1.476, 1.475, 1.475, 1.475, 1.475, 1.475, 1.476, 1.476, 1.477, 1.478, 1.479, 1.48, 1.482, 1.482, 1.484, 1.484, 1.485, 1.486, 1.485, 1.485, 1.485, 1.484, 1.483, 1.482, 1.481, 1.479, 1.478, 1.476, 1.475, 1.474, 1.474, 1.473, 1.472, 1.472, 1.472, 1.472, 1.472, 1.471, 1.471, 1.471, 1.47, 1.47, 1.47, 1.47, 1.47, 1.47, 1.47, 1.469, 1.468, 1.468, 1.468, 1.468, 1.468, 1.468, 1.468, 1.468, 1.468, 1.468, 1.469, 1.47, 1.47, 1.47, 1.469, 1.469, 1.468, 1.466, 1.466, 1.466, 1.466, 1.464, 1.464, 1.462, 1.462, 1.462, 1.46, 1.46, 1.46, 1.46, 1.46, 1.46, 1.46, 1.462, 1.462, 1.462, 1.464, 1.464, 1.466, 1.466, 1.466, 1.466, 1.466, 1.466, 1.466, 1.466, 1.464, 1.462, 1.462, 1.462, 1.462, 1.46, 1.46, 1.46, 1.458, 1.458, 1.458, 1.456, 1.456, 1.456, 1.456, 1.456, 1.456, 1.458, 1.458, 1.46, 1.46, 1.462, 1.46, 1.46, 1.46, 1.458, 1.458, 1.458, 0, 
1.522, 1.521, 1.521, 1.52, 1.52, 1.52, 1.52, 1.52, 1.52, 1.52, 1.521, 1.522, 1.523, 1.524, 1.524, 1.524, 1.525, 1.526, 1.527, 1.528, 1.528, 1.528, 1.531, 1.531, 1.531, 1.531, 1.531, 1.531, 1.528, 1.528, 1.527, 1.526, 1.525, 1.525, 1.524, 1.524, 1.524, 1.525, 1.526, 1.527, 1.528, 1.528, 1.528, 1.528, 1.528, 1.528, 1.527, 1.525, 1.524, 1.524, 1.522, 1.521, 1.52, 1.519, 1.518, 1.518, 1.517, 1.516, 1.516, 1.516, 1.516, 1.517, 1.518, 1.519, 1.52, 1.52, 1.522, 1.522, 1.522, 1.523, 1.523, 1.523, 1.523, 1.523, 1.522, 1.521, 1.521, 1.52, 1.52, 1.52, 1.521, 1.522, 1.522, 1.522, 1.522, 1.522, 1.522, 1.52, 1.52, 1.518, 1.517, 1.516, 1.516, 1.516, 1.517, 1.518, 1.519, 1.52, 1.522, 1.522, 1.523, 1.523, 1.523, 1.522, 1.522, 1.522, 1.522, 1.522, 1.522, 1.522, 1.522, 1.521, 1.521, 1.52, 1.52, 1.52, 1.52, 1.52, 1.52, 1.52, 1.52, 1.519, 1.518, 1.517, 1.516, 1.516, 1.516, 1.516, 1.513, 1.512, 1.511, 1.511, 1.511, 1.511, 1.511, 1.51, 1.51, 1.51, 1.511, 1.511, 1.511, 1.512, 1.513, 1.517, 1.517, 1.518, 1.519, 1.52, 1.52, 1.52, 1.52, 1.52, 1.52, 1.52, 1.519, 1.518, 1.518, 1.517, 1.516, 1.516, 1.516, 1.516, 1.516, 1.512, 1.511, 1.511, 1.511, 1.51, 1.51, 1.509, 1.509, 1.509, 1.509, 1.509, 1.509, 1.51, 1.511, 1.511, 1.512, 1.513, 1.516, 1.516, 1.516, 1.516, 1.516, 1.513, 1.513, 1.513, 1.513, 1.513, 1.513, 1.513, 1.513, 1.512, 1.511, 1.511, 1.51, 1.509, 1.509, 1.508, 1.507, 1.507, 1.507, 1.507, 1.507, 1.508, 1.508, 1.509, 1.509, 1.509, 1.509, 1.509, 1.509, 1.509, 1.509, 1.509, 1.509, 1.509, 1.509, 1.509, 1.508, 1.508, 1.507, 1.507, 1.506, 1.506, 1.505, 1.505, 1.505, 1.505, 1.505, 1.505, 1.505, 1.505, 1.505, 1.505, 1.505, 1.505, 1.505, 1.505, 1.506, 1.507, 1.507, 1.507, 1.507, 1.507, 1.507, 1.507, 1.506, 1.506, 1.506, 1.505, 1.505, 1.505, 1.505, 1.505, 1.505, 1.506, 1.506, 1.507, 1.507, 1.507, 1.507, 1.507, 1.506, 1.506, 1.505, 1.505, 1.505, 1.505, 1.505, 1.505, 1.505, 1.506, 1.506, 1.507, 1.507, 1.507, 1.507, 1.507, 1.508, 1.508, 1.509, 1.509, 1.508, 1.507, 1.506, 1.505, 1.504, 1.503, 1.502, 1.501, 1.5, 1.5, 1.5, 1.5, 1.499, 1.499, 1.499, 1.499, 1.499, 1.499, 1.499, 1.499, 1.496, 1.495, 1.494, 1.493, 1.492, 1.491, 1.49, 1.489, 1.489, 1.489, 1.489, 1.489, 1.489, 1.489, 1.488, 1.487, 1.486, 1.485, 1.484, 1.484, 1.484, 1.484, 1.485, 1.486, 1.487, 1.488, 1.489, 1.49, 1.49, 1.49, 1.489, 1.489, 1.488, 1.487, 1.486, 1.485, 1.483, 1.482, 1.481, 1.48, 1.479, 1.478, 1.478, 1.478, 1.478, 1.478, 1.479, 1.479, 1.479, 1.479, 1.478, 1.478, 1.477, 1.476, 1.475, 1.474, 1.474, 1.474, 1.475, 1.475, 1.476, 1.476, 1.478, 1.479, 1.48, 1.482, 1.482, 1.484, 1.484, 1.485, 1.486, 1.486, 1.486, 1.485, 1.484, 1.483, 1.482, 1.481, 1.48, 1.478, 1.476, 1.475, 1.474, 1.474, 1.472, 1.472, 1.472, 1.471, 1.471, 1.471, 1.471, 1.47, 1.47, 1.47, 1.47, 1.47, 1.469, 1.469, 1.469, 1.469, 1.469, 1.468, 1.468, 1.468, 1.468, 1.468, 1.468, 1.468, 1.468, 1.468, 1.469, 1.47, 1.47, 1.47, 1.47, 1.469, 1.469, 1.468, 1.466, 1.466, 1.466, 1.466, 1.464, 1.464, 1.462, 1.462, 1.462, 1.46, 1.46, 1.46, 1.46, 1.46, 1.46, 1.46, 1.462, 1.462, 1.462, 1.464, 1.464, 1.464, 1.466, 1.466, 1.466, 1.466, 1.466, 1.466, 1.466, 1.464, 1.462, 1.462, 1.462, 1.462, 1.46, 1.46, 1.46, 1.458, 1.458, 1.456, 1.456, 1.456, 1.456, 1.456, 1.456, 1.456, 1.458, 1.458, 1.46, 1.46, 1.46, 1.46, 1.46, 1.458, 1.458, 1.458, 1.458, 0, 
1.522, 1.522, 1.521, 1.521, 1.52, 1.52, 1.52, 1.52, 1.52, 1.52, 1.521, 1.522, 1.523, 1.524, 1.524, 1.524, 1.525, 1.526, 1.527, 1.528, 1.528, 1.531, 1.531, 1.532, 1.532, 1.532, 1.532, 1.531, 1.531, 1.528, 1.527, 1.527, 1.526, 1.525, 1.524, 1.524, 1.524, 1.525, 1.526, 1.527, 1.528, 1.528, 1.528, 1.528, 1.528, 1.527, 1.526, 1.525, 1.524, 1.523, 1.522, 1.521, 1.52, 1.519, 1.518, 1.518, 1.517, 1.516, 1.516, 1.516, 1.517, 1.518, 1.518, 1.519, 1.52, 1.52, 1.521, 1.522, 1.522, 1.522, 1.522, 1.522, 1.522, 1.522, 1.521, 1.52, 1.52, 1.52, 1.52, 1.52, 1.521, 1.522, 1.522, 1.523, 1.523, 1.523, 1.522, 1.52, 1.52, 1.518, 1.517, 1.516, 1.516, 1.516, 1.517, 1.518, 1.519, 1.52, 1.522, 1.523, 1.523, 1.523, 1.523, 1.522, 1.522, 1.522, 1.522, 1.522, 1.522, 1.522, 1.522, 1.522, 1.521, 1.521, 1.52, 1.52, 1.52, 1.52, 1.519, 1.519, 1.52, 1.519, 1.518, 1.518, 1.517, 1.516, 1.516, 1.516, 1.513, 1.512, 1.512, 1.511, 1.511, 1.511, 1.511, 1.511, 1.511, 1.511, 1.511, 1.511, 1.512, 1.512, 1.516, 1.517, 1.518, 1.519, 1.52, 1.52, 1.52, 1.52, 1.52, 1.52, 1.52, 1.519, 1.518, 1.518, 1.517, 1.516, 1.516, 1.516, 1.516, 1.516, 1.513, 1.512, 1.512, 1.511, 1.511, 1.51, 1.509, 1.509, 1.509, 1.509, 1.509, 1.509, 1.509, 1.51, 1.511, 1.511, 1.512, 1.513, 1.513, 1.516, 1.516, 1.516, 1.513, 1.513, 1.513, 1.513, 1.513, 1.513, 1.516, 1.513, 1.513, 1.513, 1.512, 1.511, 1.51, 1.509, 1.509, 1.508, 1.507, 1.507, 1.507, 1.507, 1.507, 1.507, 1.508, 1.509, 1.509, 1.509, 1.509, 1.509, 1.509, 1.509, 1.509, 1.509, 1.509, 1.509, 1.509, 1.509, 1.509, 1.508, 1.508, 1.508, 1.507, 1.507, 1.506, 1.506, 1.506, 1.505, 1.505, 1.505, 1.505, 1.505, 1.505, 1.505, 1.505, 1.505, 1.505, 1.505, 1.506, 1.507, 1.507, 1.507, 1.507, 1.507, 1.507, 1.507, 1.507, 1.507, 1.506, 1.506, 1.506, 1.506, 1.506, 1.505, 1.506, 1.506, 1.507, 1.507, 1.507, 1.507, 1.507, 1.506, 1.506, 1.505, 1.505, 1.505, 1.505, 1.505, 1.505, 1.505, 1.505, 1.506, 1.507, 1.507, 1.507, 1.507, 1.508, 1.508, 1.509, 1.509, 1.509, 1.509, 1.508, 1.508, 1.507, 1.506, 1.505, 1.503, 1.501, 1.5, 1.5, 1.499, 1.499, 1.499, 1.499, 1.499, 1.499, 1.499, 1.499, 1.499, 1.499, 1.499, 1.496, 1.496, 1.495, 1.495, 1.492, 1.491, 1.49, 1.49, 1.49, 1.49, 1.49, 1.49, 1.49, 1.49, 1.489, 1.488, 1.487, 1.486, 1.485, 1.484, 1.484, 1.485, 1.486, 1.487, 1.488, 1.489, 1.49, 1.491, 1.491, 1.491, 1.49, 1.489, 1.489, 1.487, 1.486, 1.484, 1.483, 1.481, 1.48, 1.479, 1.478, 1.478, 1.478, 1.478, 1.478, 1.478, 1.479, 1.479, 1.479, 1.478, 1.478, 1.478, 1.477, 1.476, 1.475, 1.474, 1.474, 1.474, 1.474, 1.475, 1.475, 1.476, 1.477, 1.478, 1.48, 1.481, 1.482, 1.484, 1.484, 1.485, 1.486, 1.486, 1.486, 1.485, 1.485, 1.484, 1.482, 1.481, 1.48, 1.478, 1.476, 1.475, 1.474, 1.473, 1.472, 1.471, 1.471, 1.471, 1.47, 1.47, 1.47, 1.47, 1.468, 1.468, 1.468, 1.468, 1.468, 1.468, 1.468, 1.469, 1.468, 1.468, 1.468, 1.468, 1.468, 1.468, 1.468, 1.468, 1.468, 1.468, 1.469, 1.47, 1.47, 1.47, 1.47, 1.469, 1.469, 1.468, 1.466, 1.466, 1.466, 1.466, 1.466, 1.464, 1.464, 1.462, 1.462, 1.46, 1.46, 1.46, 1.46, 1.46, 1.46, 1.46, 1.462, 1.462, 1.462, 1.464, 1.464, 1.464, 1.466, 1.466, 1.466, 1.466, 1.466, 1.466, 1.466, 1.464, 1.462, 1.462, 1.462, 1.462, 1.46, 1.46, 1.46, 1.458, 1.458, 1.456, 1.456, 1.456, 1.456, 1.456, 1.456, 1.456, 1.458, 1.458, 1.46, 1.46, 1.46, 1.458, 1.458, 1.458, 1.456, 1.456, 1.456, 0, 
1.523, 1.523, 1.522, 1.522, 1.521, 1.52, 1.52, 1.52, 1.52, 1.52, 1.52, 1.521, 1.522, 1.523, 1.524, 1.525, 1.526, 1.527, 1.528, 1.528, 1.531, 1.532, 1.532, 1.533, 1.533, 1.533, 1.532, 1.532, 1.531, 1.528, 1.528, 1.527, 1.526, 1.525, 1.524, 1.524, 1.524, 1.525, 1.525, 1.526, 1.527, 1.528, 1.528, 1.528, 1.528, 1.527, 1.526, 1.525, 1.524, 1.523, 1.522, 1.521, 1.52, 1.519, 1.518, 1.518, 1.517, 1.517, 1.517, 1.517, 1.517, 1.518, 1.519, 1.52, 1.52, 1.521, 1.521, 1.522, 1.522, 1.522, 1.522, 1.522, 1.522, 1.521, 1.521, 1.52, 1.52, 1.52, 1.52, 1.52, 1.521, 1.522, 1.523, 1.523, 1.523, 1.523, 1.522, 1.52, 1.52, 1.518, 1.517, 1.516, 1.516, 1.516, 1.517, 1.518, 1.52, 1.52, 1.522, 1.523, 1.524, 1.523, 1.523, 1.522, 1.522, 1.522, 1.522, 1.522, 1.522, 1.522, 1.523, 1.523, 1.522, 1.521, 1.52, 1.52, 1.52, 1.52, 1.519, 1.519, 1.52, 1.519, 1.518, 1.518, 1.517, 1.516, 1.516, 1.516, 1.513, 1.513, 1.512, 1.511, 1.511, 1.511, 1.511, 1.511, 1.511, 1.511, 1.511, 1.512, 1.512, 1.513, 1.516, 1.517, 1.518, 1.519, 1.52, 1.52, 1.52, 1.52, 1.52, 1.52, 1.519, 1.518, 1.518, 1.517, 1.516, 1.516, 1.516, 1.516, 1.516, 1.516, 1.513, 1.512, 1.511, 1.511, 1.511, 1.51, 1.509, 1.509, 1.509, 1.509, 1.509, 1.509, 1.509, 1.51, 1.511, 1.511, 1.512, 1.513, 1.513, 1.516, 1.516, 1.513, 1.513, 1.513, 1.513, 1.513, 1.513, 1.516, 1.516, 1.516, 1.516, 1.516, 1.513, 1.512, 1.511, 1.51, 1.509, 1.508, 1.508, 1.507, 1.507, 1.507, 1.507, 1.507, 1.508, 1.509, 1.509, 1.509, 1.509, 1.509, 1.509, 1.509, 1.509, 1.509, 1.509, 1.51, 1.51, 1.509, 1.509, 1.509, 1.509, 1.508, 1.508, 1.508, 1.507, 1.507, 1.506, 1.506, 1.506, 1.505, 1.505, 1.505, 1.505, 1.505, 1.505, 1.505, 1.505, 1.505, 1.506, 1.507, 1.507, 1.508, 1.508, 1.508, 1.508, 1.507, 1.507, 1.507, 1.507, 1.507, 1.507, 1.507, 1.506, 1.506, 1.506, 1.506, 1.507, 1.507, 1.507, 1.507, 1.506, 1.506, 1.505, 1.505, 1.505, 1.505, 1.505, 1.505, 1.505, 1.505, 1.506, 1.506, 1.507, 1.507, 1.507, 1.508, 1.508, 1.509, 1.509, 1.51, 1.51, 1.51, 1.509, 1.508, 1.507, 1.506, 1.505, 1.503, 1.501, 1.5, 1.499, 1.499, 1.499, 1.499, 1.499, 1.499, 1.499, 1.499, 1.499, 1.5, 1.499, 1.499, 1.499, 1.496, 1.496, 1.496, 1.492, 1.492, 1.491, 1.491, 1.491, 1.491, 1.491, 1.49, 1.49, 1.49, 1.49, 1.489, 1.488, 1.486, 1.486, 1.485, 1.485, 1.486, 1.486, 1.487, 1.489, 1.49, 1.491, 1.492, 1.492, 1.492, 1.491, 1.49, 1.489, 1.488, 1.486, 1.484, 1.482, 1.481, 1.479, 1.479, 1.478, 1.478, 1.478, 1.478, 1.478, 1.478, 1.479, 1.479, 1.479, 1.478, 1.478, 1.477, 1.477, 1.476, 1.475, 1.474, 1.474, 1.474, 1.474, 1.474, 1.475, 1.476, 1.477, 1.478, 1.48, 1.481, 1.482, 1.484, 1.484, 1.485, 1.486, 1.487, 1.486, 1.486, 1.485, 1.484, 1.482, 1.481, 1.479, 1.478, 1.476, 1.475, 1.474, 1.473, 1.472, 1.471, 1.47, 1.47, 1.47, 1.47, 1.468, 1.468, 1.468, 1.468, 1.468, 1.468, 1.468, 1.468, 1.468, 1.468, 1.468, 1.468, 1.468, 1.468, 1.468, 1.468, 1.468, 1.468, 1.468, 1.469, 1.47, 1.47, 1.47, 1.47, 1.47, 1.469, 1.469, 1.468, 1.466, 1.466, 1.466, 1.466, 1.466, 1.464, 1.464, 1.462, 1.462, 1.462, 1.46, 1.46, 1.46, 1.46, 1.46, 1.462, 1.462, 1.462, 1.462, 1.462, 1.464, 1.464, 1.464, 1.466, 1.466, 1.466, 1.466, 1.466, 1.466, 1.464, 1.462, 1.462, 1.462, 1.462, 1.46, 1.46, 1.46, 1.458, 1.458, 1.456, 1.456, 1.454, 1.454, 1.454, 1.456, 1.456, 1.458, 1.458, 1.458, 1.46, 1.458, 1.458, 1.458, 1.458, 1.456, 1.456, 1.456, 0, 
1.524, 1.524, 1.523, 1.522, 1.522, 1.521, 1.52, 1.52, 1.52, 1.52, 1.52, 1.521, 1.522, 1.523, 1.524, 1.525, 1.526, 1.527, 1.528, 1.531, 1.532, 1.532, 1.533, 1.533, 1.533, 1.533, 1.533, 1.532, 1.531, 1.531, 1.528, 1.527, 1.526, 1.525, 1.524, 1.524, 1.524, 1.524, 1.525, 1.526, 1.527, 1.528, 1.528, 1.528, 1.528, 1.527, 1.526, 1.525, 1.524, 1.523, 1.522, 1.521, 1.52, 1.519, 1.518, 1.518, 1.518, 1.518, 1.518, 1.518, 1.518, 1.519, 1.519, 1.52, 1.52, 1.521, 1.522, 1.522, 1.522, 1.522, 1.522, 1.522, 1.522, 1.521, 1.52, 1.52, 1.52, 1.52, 1.521, 1.521, 1.522, 1.522, 1.523, 1.524, 1.524, 1.523, 1.522, 1.52, 1.52, 1.518, 1.517, 1.516, 1.516, 1.516, 1.517, 1.518, 1.519, 1.52, 1.522, 1.523, 1.523, 1.523, 1.522, 1.522, 1.522, 1.521, 1.521, 1.521, 1.522, 1.522, 1.522, 1.523, 1.522, 1.521, 1.52, 1.52, 1.52, 1.52, 1.52, 1.52, 1.52, 1.52, 1.519, 1.518, 1.517, 1.517, 1.516, 1.516, 1.516, 1.513, 1.512, 1.512, 1.511, 1.511, 1.511, 1.511, 1.511, 1.511, 1.512, 1.512, 1.513, 1.513, 1.516, 1.517, 1.518, 1.519, 1.52, 1.52, 1.52, 1.52, 1.52, 1.52, 1.519, 1.518, 1.517, 1.516, 1.516, 1.516, 1.513, 1.513, 1.513, 1.513, 1.513, 1.512, 1.511, 1.511, 1.511, 1.51, 1.509, 1.509, 1.509, 1.509, 1.509, 1.509, 1.509, 1.51, 1.511, 1.511, 1.512, 1.513, 1.513, 1.513, 1.513, 1.513, 1.513, 1.513, 1.513, 1.513, 1.513, 1.513, 1.516, 1.516, 1.516, 1.516, 1.516, 1.513, 1.512, 1.511, 1.51, 1.509, 1.508, 1.507, 1.507, 1.507, 1.507, 1.507, 1.507, 1.508, 1.509, 1.509, 1.509, 1.509, 1.509, 1.509, 1.509, 1.509, 1.509, 1.51, 1.51, 1.51, 1.51, 1.509, 1.509, 1.509, 1.509, 1.509, 1.508, 1.508, 1.507, 1.507, 1.506, 1.506, 1.506, 1.505, 1.505, 1.505, 1.505, 1.505, 1.505, 1.505, 1.506, 1.507, 1.507, 1.508, 1.509, 1.509, 1.508, 1.508, 1.507, 1.507, 1.507, 1.507, 1.507, 1.507, 1.507, 1.506, 1.506, 1.506, 1.507, 1.507, 1.507, 1.506, 1.506, 1.505, 1.505, 1.505, 1.505, 1.505, 1.505, 1.505, 1.505, 1.505, 1.506, 1.506, 1.507, 1.507, 1.508, 1.508, 1.509, 1.51, 1.51, 1.511, 1.511, 1.511, 1.51, 1.509, 1.508, 1.507, 1.505, 1.503, 1.501, 1.5, 1.499, 1.499, 1.499, 1.499, 1.499, 1.499, 1.5, 1.5, 1.5, 1.5, 1.5, 1.5, 1.5, 1.499, 1.499, 1.496, 1.493, 1.493, 1.492, 1.492, 1.492, 1.492, 1.492, 1.491, 1.491, 1.49, 1.49, 1.489, 1.488, 1.487, 1.486, 1.486, 1.486, 1.486, 1.487, 1.488, 1.49, 1.491, 1.492, 1.493, 1.493, 1.493, 1.492, 1.491, 1.49, 1.487, 1.486, 1.484, 1.482, 1.48, 1.479, 1.478, 1.478, 1.478, 1.478, 1.478, 1.478, 1.478, 1.478, 1.478, 1.478, 1.478, 1.478, 1.477, 1.476, 1.476, 1.474, 1.474, 1.474, 1.474, 1.474, 1.474, 1.475, 1.476, 1.477, 1.478, 1.48, 1.481, 1.482, 1.484, 1.484, 1.485, 1.486, 1.487, 1.486, 1.485, 1.484, 1.483, 1.482, 1.48, 1.479, 1.477, 1.476, 1.474, 1.474, 1.472, 1.471, 1.471, 1.47, 1.47, 1.47, 1.468, 1.468, 1.468, 1.468, 1.468, 1.468, 1.468, 1.468, 1.468, 1.468, 1.468, 1.468, 1.468, 1.468, 1.468, 1.468, 1.468, 1.468, 1.468, 1.468, 1.469, 1.47, 1.47, 1.47, 1.47, 1.47, 1.469, 1.468, 1.468, 1.466, 1.466, 1.466, 1.466, 1.466, 1.464, 1.464, 1.462, 1.462, 1.462, 1.462, 1.46, 1.46, 1.46, 1.462, 1.462, 1.462, 1.462, 1.462, 1.462, 1.464, 1.464, 1.464, 1.464, 1.466, 1.466, 1.466, 1.466, 1.466, 1.464, 1.464, 1.462, 1.462, 1.462, 1.46, 1.46, 1.46, 1.458, 1.458, 1.456, 1.456, 1.454, 1.454, 1.454, 1.456, 1.456, 1.458, 1.458, 1.458, 1.46, 1.458, 1.458, 1.458, 1.458, 1.456, 1.456, 1.456, 0, 
1.524, 1.524, 1.524, 1.523, 1.522, 1.522, 1.521, 1.52, 1.52, 1.52, 1.52, 1.521, 1.522, 1.524, 1.524, 1.526, 1.527, 1.528, 1.532, 1.532, 1.532, 1.533, 1.533, 1.533, 1.533, 1.533, 1.533, 1.532, 1.532, 1.531, 1.528, 1.527, 1.526, 1.525, 1.524, 1.524, 1.524, 1.524, 1.525, 1.525, 1.526, 1.527, 1.528, 1.528, 1.528, 1.528, 1.527, 1.526, 1.524, 1.524, 1.522, 1.521, 1.52, 1.519, 1.519, 1.518, 1.518, 1.518, 1.518, 1.518, 1.519, 1.519, 1.52, 1.52, 1.52, 1.521, 1.522, 1.522, 1.522, 1.522, 1.522, 1.522, 1.522, 1.521, 1.52, 1.52, 1.52, 1.521, 1.521, 1.522, 1.522, 1.523, 1.524, 1.524, 1.524, 1.523, 1.522, 1.52, 1.52, 1.518, 1.517, 1.516, 1.516, 1.516, 1.517, 1.518, 1.519, 1.52, 1.521, 1.522, 1.523, 1.522, 1.522, 1.521, 1.521, 1.521, 1.52, 1.521, 1.521, 1.521, 1.521, 1.522, 1.521, 1.521, 1.52, 1.52, 1.52, 1.52, 1.52, 1.52, 1.52, 1.52, 1.519, 1.519, 1.518, 1.517, 1.517, 1.516, 1.516, 1.513, 1.513, 1.512, 1.512, 1.512, 1.511, 1.511, 1.511, 1.512, 1.512, 1.513, 1.513, 1.516, 1.516, 1.517, 1.518, 1.519, 1.52, 1.52, 1.52, 1.52, 1.519, 1.519, 1.518, 1.517, 1.516, 1.516, 1.516, 1.513, 1.513, 1.513, 1.513, 1.513, 1.513, 1.512, 1.511, 1.511, 1.51, 1.51, 1.509, 1.509, 1.509, 1.509, 1.509, 1.509, 1.509, 1.51, 1.511, 1.511, 1.512, 1.513, 1.513, 1.513, 1.513, 1.513, 1.512, 1.512, 1.512, 1.512, 1.512, 1.512, 1.516, 1.516, 1.516, 1.516, 1.516, 1.516, 1.512, 1.511, 1.51, 1.509, 1.508, 1.507, 1.507, 1.507, 1.507, 1.507, 1.507, 1.508, 1.509, 1.509, 1.509, 1.509, 1.509, 1.509, 1.509, 1.509, 1.509, 1.51, 1.511, 1.511, 1.51, 1.51, 1.51, 1.51, 1.509, 1.509, 1.509, 1.509, 1.508, 1.508, 1.507, 1.507, 1.506, 1.506, 1.505, 1.505, 1.505, 1.505, 1.505, 1.505, 1.506, 1.507, 1.507, 1.508, 1.509, 1.509, 1.509, 1.508, 1.507, 1.507, 1.507, 1.507, 1.507, 1.507, 1.507, 1.506, 1.506, 1.506, 1.506, 1.506, 1.506, 1.506, 1.505, 1.505, 1.505, 1.505, 1.505, 1.505, 1.505, 1.505, 1.505, 1.505, 1.505, 1.506, 1.507, 1.507, 1.508, 1.509, 1.51, 1.51, 1.511, 1.511, 1.511, 1.511, 1.511, 1.51, 1.508, 1.507, 1.505, 1.503, 1.501, 1.5, 1.499, 1.499, 1.499, 1.499, 1.499, 1.499, 1.5, 1.501, 1.501, 1.501, 1.501, 1.501, 1.5, 1.5, 1.499, 1.495, 1.495, 1.494, 1.493, 1.493, 1.493, 1.493, 1.492, 1.492, 1.492, 1.491, 1.49, 1.49, 1.489, 1.488, 1.487, 1.486, 1.486, 1.486, 1.488, 1.488, 1.49, 1.491, 1.492, 1.493, 1.494, 1.493, 1.492, 1.491, 1.49, 1.486, 1.485, 1.484, 1.482, 1.48, 1.479, 1.478, 1.478, 1.478, 1.478, 1.478, 1.478, 1.478, 1.478, 1.478, 1.478, 1.478, 1.477, 1.477, 1.476, 1.475, 1.474, 1.474, 1.473, 1.473, 1.474, 1.474, 1.475, 1.476, 1.477, 1.478, 1.48, 1.481, 1.482, 1.483, 1.484, 1.485, 1.486, 1.486, 1.486, 1.485, 1.484, 1.483, 1.482, 1.48, 1.478, 1.476, 1.475, 1.474, 1.473, 1.472, 1.471, 1.47, 1.47, 1.47, 1.468, 1.468, 1.468, 1.468, 1.468, 1.468, 1.468, 1.468, 1.468, 1.468, 1.468, 1.468, 1.468, 1.468, 1.468, 1.468, 1.468, 1.468, 1.468, 1.468, 1.469, 1.469, 1.47, 1.47, 1.47, 1.47, 1.47, 1.469, 1.469, 1.466, 1.466, 1.466, 1.466, 1.466, 1.466, 1.466, 1.464, 1.464, 1.464, 1.462, 1.462, 1.462, 1.462, 1.462, 1.462, 1.462, 1.462, 1.462, 1.462, 1.462, 1.462, 1.462, 1.464, 1.464, 1.464, 1.466, 1.466, 1.466, 1.464, 1.464, 1.464, 1.462, 1.462, 1.462, 1.462, 1.46, 1.46, 1.458, 1.458, 1.456, 1.456, 1.454, 1.454, 1.454, 1.456, 1.456, 1.458, 1.458, 1.458, 1.46, 1.46, 1.458, 1.458, 1.458, 1.456, 1.456, 1.456, 0, 
1.524, 1.524, 1.524, 1.524, 1.523, 1.522, 1.522, 1.521, 1.52, 1.52, 1.52, 1.521, 1.522, 1.524, 1.525, 1.526, 1.527, 1.532, 1.532, 1.533, 1.533, 1.533, 1.534, 1.534, 1.534, 1.533, 1.533, 1.533, 1.532, 1.528, 1.527, 1.526, 1.525, 1.524, 1.524, 1.524, 1.524, 1.524, 1.524, 1.525, 1.526, 1.527, 1.528, 1.528, 1.528, 1.528, 1.527, 1.526, 1.525, 1.524, 1.523, 1.522, 1.52, 1.52, 1.519, 1.519, 1.518, 1.518, 1.518, 1.519, 1.519, 1.52, 1.52, 1.52, 1.521, 1.521, 1.522, 1.522, 1.522, 1.522, 1.522, 1.522, 1.522, 1.521, 1.521, 1.52, 1.521, 1.521, 1.522, 1.523, 1.523, 1.524, 1.524, 1.524, 1.524, 1.523, 1.522, 1.52, 1.52, 1.518, 1.517, 1.516, 1.516, 1.516, 1.517, 1.518, 1.519, 1.52, 1.521, 1.521, 1.522, 1.521, 1.521, 1.52, 1.52, 1.52, 1.52, 1.52, 1.52, 1.52, 1.521, 1.521, 1.521, 1.52, 1.52, 1.52, 1.52, 1.52, 1.52, 1.52, 1.52, 1.52, 1.52, 1.519, 1.518, 1.518, 1.517, 1.516, 1.516, 1.516, 1.513, 1.513, 1.513, 1.512, 1.512, 1.512, 1.512, 1.512, 1.513, 1.513, 1.513, 1.516, 1.516, 1.516, 1.517, 1.518, 1.519, 1.519, 1.519, 1.519, 1.518, 1.518, 1.517, 1.516, 1.516, 1.516, 1.513, 1.513, 1.513, 1.513, 1.513, 1.513, 1.513, 1.512, 1.511, 1.511, 1.51, 1.509, 1.509, 1.509, 1.509, 1.509, 1.509, 1.509, 1.509, 1.51, 1.511, 1.511, 1.512, 1.513, 1.513, 1.513, 1.513, 1.513, 1.512, 1.511, 1.511, 1.511, 1.512, 1.512, 1.513, 1.516, 1.516, 1.516, 1.516, 1.516, 1.516, 1.512, 1.511, 1.51, 1.509, 1.508, 1.507, 1.507, 1.507, 1.507, 1.507, 1.508, 1.509, 1.509, 1.509, 1.509, 1.509, 1.509, 1.509, 1.509, 1.51, 1.51, 1.511, 1.511, 1.511, 1.511, 1.511, 1.511, 1.51, 1.51, 1.509, 1.509, 1.509, 1.508, 1.508, 1.507, 1.507, 1.506, 1.506, 1.505, 1.505, 1.505, 1.505, 1.505, 1.506, 1.507, 1.507, 1.508, 1.509, 1.509, 1.509, 1.508, 1.508, 1.507, 1.507, 1.507, 1.507, 1.507, 1.506, 1.506, 1.505, 1.505, 1.505, 1.505, 1.505, 1.505, 1.505, 1.505, 1.505, 1.505, 1.505, 1.505, 1.505, 1.505, 1.505, 1.505, 1.505, 1.506, 1.507, 1.507, 1.509, 1.509, 1.51, 1.511, 1.511, 1.512, 1.512, 1.512, 1.511, 1.51, 1.509, 1.507, 1.505, 1.503, 1.501, 1.5, 1.499, 1.499, 1.499, 1.499, 1.499, 1.5, 1.5, 1.501, 1.501, 1.502, 1.502, 1.501, 1.501, 1.5, 1.5, 1.496, 1.495, 1.495, 1.494, 1.494, 1.494, 1.494, 1.493, 1.493, 1.492, 1.492, 1.491, 1.49, 1.489, 1.488, 1.487, 1.487, 1.486, 1.487, 1.488, 1.488, 1.49, 1.491, 1.492, 1.493, 1.494, 1.493, 1.492, 1.491, 1.49, 1.486, 1.485, 1.484, 1.482, 1.48, 1.479, 1.478, 1.478, 1.478, 1.478, 1.478, 1.478, 1.478, 1.478, 1.478, 1.478, 1.477, 1.477, 1.476, 1.475, 1.475, 1.474, 1.473, 1.472, 1.473, 1.474, 1.474, 1.475, 1.476, 1.477, 1.478, 1.48, 1.481, 1.482, 1.483, 1.484, 1.485, 1.486, 1.486, 1.485, 1.484, 1.484, 1.482, 1.481, 1.48, 1.478, 1.476, 1.475, 1.474, 1.473, 1.472, 1.471, 1.47, 1.47, 1.468, 1.468, 1.468, 1.468, 1.468, 1.468, 1.468, 1.468, 1.468, 1.468, 1.468, 1.468, 1.468, 1.468, 1.468, 1.468, 1.468, 1.468, 1.468, 1.468, 1.468, 1.469, 1.469, 1.47, 1.47, 1.47, 1.47, 1.469, 1.469, 1.468, 1.466, 1.466, 1.466, 1.466, 1.466, 1.466, 1.466, 1.464, 1.464, 1.464, 1.464, 1.464, 1.462, 1.462, 1.462, 1.462, 1.462, 1.462, 1.462, 1.462, 1.462, 1.462, 1.462, 1.462, 1.464, 1.464, 1.464, 1.466, 1.466, 1.464, 1.464, 1.464, 1.462, 1.462, 1.462, 1.462, 1.46, 1.46, 1.458, 1.458, 1.456, 1.456, 1.454, 1.454, 1.454, 1.456, 1.456, 1.458, 1.458, 1.46, 1.46, 1.46, 1.458, 1.458, 1.458, 1.456, 1.456, 1.456, 0, 
1.525, 1.525, 1.525, 1.525, 1.524, 1.523, 1.522, 1.521, 1.521, 1.52, 1.52, 1.521, 1.523, 1.524, 1.526, 1.527, 1.528, 1.532, 1.533, 1.533, 1.534, 1.534, 1.535, 1.535, 1.534, 1.533, 1.533, 1.532, 1.532, 1.528, 1.527, 1.526, 1.525, 1.524, 1.523, 1.523, 1.523, 1.523, 1.523, 1.524, 1.525, 1.526, 1.527, 1.528, 1.528, 1.528, 1.528, 1.527, 1.526, 1.524, 1.523, 1.522, 1.521, 1.52, 1.52, 1.52, 1.519, 1.519, 1.519, 1.519, 1.52, 1.52, 1.52, 1.521, 1.522, 1.522, 1.522, 1.522, 1.522, 1.522, 1.522, 1.522, 1.522, 1.522, 1.521, 1.521, 1.521, 1.522, 1.523, 1.523, 1.524, 1.524, 1.524, 1.524, 1.524, 1.523, 1.522, 1.52, 1.519, 1.518, 1.517, 1.516, 1.516, 1.516, 1.517, 1.518, 1.519, 1.52, 1.52, 1.521, 1.521, 1.521, 1.52, 1.52, 1.52, 1.52, 1.52, 1.52, 1.52, 1.52, 1.52, 1.52, 1.52, 1.52, 1.52, 1.52, 1.52, 1.52, 1.52, 1.52, 1.52, 1.52, 1.52, 1.52, 1.519, 1.518, 1.517, 1.516, 1.516, 1.516, 1.516, 1.513, 1.513, 1.513, 1.513, 1.513, 1.513, 1.513, 1.513, 1.513, 1.513, 1.516, 1.516, 1.516, 1.517, 1.517, 1.518, 1.518, 1.518, 1.518, 1.517, 1.517, 1.516, 1.516, 1.516, 1.513, 1.513, 1.513, 1.513, 1.512, 1.512, 1.512, 1.512, 1.512, 1.511, 1.511, 1.51, 1.509, 1.509, 1.509, 1.509, 1.509, 1.509, 1.509, 1.509, 1.51, 1.511, 1.512, 1.513, 1.513, 1.513, 1.513, 1.513, 1.513, 1.512, 1.511, 1.511, 1.511, 1.511, 1.512, 1.512, 1.513, 1.516, 1.516, 1.516, 1.516, 1.516, 1.512, 1.511, 1.51, 1.509, 1.508, 1.507, 1.507, 1.507, 1.507, 1.507, 1.508, 1.509, 1.509, 1.509, 1.509, 1.509, 1.509, 1.509, 1.509, 1.51, 1.511, 1.511, 1.511, 1.511, 1.511, 1.511, 1.511, 1.511, 1.51, 1.51, 1.51, 1.509, 1.509, 1.509, 1.508, 1.508, 1.507, 1.506, 1.506, 1.505, 1.505, 1.505, 1.506, 1.506, 1.507, 1.507, 1.508, 1.509, 1.509, 1.509, 1.508, 1.508, 1.507, 1.507, 1.507, 1.507, 1.506, 1.506, 1.505, 1.505, 1.505, 1.505, 1.505, 1.505, 1.505, 1.505, 1.505, 1.505, 1.505, 1.505, 1.505, 1.505, 1.505, 1.505, 1.505, 1.505, 1.506, 1.507, 1.507, 1.509, 1.509, 1.51, 1.511, 1.511, 1.512, 1.512, 1.512, 1.511, 1.51, 1.509, 1.507, 1.505, 1.503, 1.501, 1.5, 1.499, 1.499, 1.499, 1.499, 1.499, 1.5, 1.501, 1.501, 1.501, 1.502, 1.502, 1.502, 1.501, 1.501, 1.5, 1.499, 1.496, 1.495, 1.495, 1.494, 1.494, 1.494, 1.493, 1.492, 1.492, 1.492, 1.491, 1.49, 1.489, 1.488, 1.488, 1.487, 1.486, 1.487, 1.488, 1.488, 1.49, 1.491, 1.492, 1.493, 1.494, 1.493, 1.492, 1.491, 1.49, 1.485, 1.484, 1.483, 1.482, 1.48, 1.479, 1.478, 1.478, 1.478, 1.478, 1.478, 1.478, 1.478, 1.478, 1.478, 1.477, 1.477, 1.476, 1.475, 1.475, 1.474, 1.473, 1.473, 1.472, 1.473, 1.474, 1.474, 1.475, 1.476, 1.477, 1.478, 1.479, 1.48, 1.482, 1.483, 1.484, 1.484, 1.485, 1.485, 1.485, 1.484, 1.483, 1.482, 1.48, 1.479, 1.477, 1.476, 1.474, 1.473, 1.472, 1.472, 1.471, 1.47, 1.47, 1.468, 1.468, 1.468, 1.468, 1.468, 1.468, 1.468, 1.468, 1.468, 1.468, 1.468, 1.468, 1.466, 1.466, 1.466, 1.466, 1.468, 1.468, 1.468, 1.468, 1.468, 1.469, 1.47, 1.47, 1.47, 1.47, 1.47, 1.469, 1.468, 1.468, 1.466, 1.466, 1.466, 1.466, 1.466, 1.466, 1.466, 1.466, 1.464, 1.464, 1.464, 1.464, 1.464, 1.462, 1.462, 1.462, 1.462, 1.462, 1.462, 1.462, 1.462, 1.462, 1.462, 1.462, 1.462, 1.464, 1.464, 1.464, 1.466, 1.464, 1.464, 1.464, 1.462, 1.462, 1.462, 1.462, 1.46, 1.46, 1.458, 1.458, 1.456, 1.456, 1.454, 1.454, 1.456, 1.456, 1.458, 1.458, 1.458, 1.46, 1.46, 1.46, 1.46, 1.46, 1.458, 1.458, 1.456, 1.456, 0, 
1.526, 1.526, 1.526, 1.526, 1.525, 1.524, 1.523, 1.522, 1.521, 1.521, 1.521, 1.522, 1.523, 1.524, 1.526, 1.527, 1.532, 1.532, 1.533, 1.534, 1.535, 1.535, 1.535, 1.535, 1.534, 1.533, 1.533, 1.532, 1.532, 1.528, 1.527, 1.526, 1.525, 1.524, 1.523, 1.522, 1.522, 1.522, 1.523, 1.524, 1.524, 1.526, 1.527, 1.528, 1.528, 1.528, 1.528, 1.527, 1.526, 1.525, 1.524, 1.522, 1.521, 1.52, 1.52, 1.52, 1.52, 1.52, 1.52, 1.52, 1.52, 1.52, 1.521, 1.522, 1.522, 1.523, 1.523, 1.523, 1.523, 1.522, 1.522, 1.522, 1.522, 1.522, 1.522, 1.522, 1.522, 1.523, 1.523, 1.524, 1.524, 1.524, 1.524, 1.524, 1.523, 1.522, 1.521, 1.52, 1.519, 1.518, 1.517, 1.516, 1.516, 1.516, 1.517, 1.518, 1.519, 1.52, 1.52, 1.52, 1.52, 1.52, 1.52, 1.52, 1.519, 1.519, 1.519, 1.519, 1.52, 1.52, 1.52, 1.52, 1.52, 1.52, 1.52, 1.52, 1.52, 1.52, 1.52, 1.52, 1.52, 1.52, 1.52, 1.52, 1.519, 1.518, 1.518, 1.517, 1.516, 1.516, 1.516, 1.516, 1.516, 1.516, 1.516, 1.513, 1.513, 1.513, 1.513, 1.513, 1.513, 1.516, 1.516, 1.516, 1.516, 1.516, 1.517, 1.517, 1.517, 1.517, 1.516, 1.516, 1.516, 1.516, 1.513, 1.513, 1.512, 1.512, 1.512, 1.512, 1.512, 1.511, 1.511, 1.511, 1.511, 1.51, 1.509, 1.509, 1.509, 1.509, 1.509, 1.509, 1.509, 1.509, 1.509, 1.51, 1.511, 1.512, 1.513, 1.513, 1.513, 1.513, 1.513, 1.512, 1.511, 1.511, 1.511, 1.511, 1.511, 1.511, 1.512, 1.513, 1.516, 1.516, 1.516, 1.516, 1.516, 1.512, 1.511, 1.51, 1.509, 1.508, 1.507, 1.507, 1.507, 1.507, 1.508, 1.508, 1.509, 1.509, 1.509, 1.509, 1.509, 1.509, 1.509, 1.509, 1.51, 1.511, 1.511, 1.511, 1.511, 1.511, 1.511, 1.511, 1.511, 1.511, 1.511, 1.511, 1.51, 1.51, 1.509, 1.509, 1.508, 1.508, 1.507, 1.506, 1.506, 1.506, 1.506, 1.506, 1.507, 1.507, 1.507, 1.508, 1.509, 1.509, 1.509, 1.508, 1.508, 1.507, 1.507, 1.507, 1.506, 1.506, 1.505, 1.505, 1.505, 1.505, 1.505, 1.505, 1.505, 1.505, 1.505, 1.505, 1.505, 1.505, 1.505, 1.505, 1.505, 1.505, 1.505, 1.505, 1.505, 1.506, 1.507, 1.507, 1.509, 1.509, 1.51, 1.511, 1.511, 1.512, 1.513, 1.512, 1.511, 1.51, 1.509, 1.507, 1.505, 1.503, 1.501, 1.5, 1.499, 1.499, 1.499, 1.499, 1.499, 1.5, 1.501, 1.501, 1.501, 1.502, 1.503, 1.502, 1.502, 1.501, 1.501, 1.5, 1.499, 1.496, 1.495, 1.495, 1.494, 1.494, 1.493, 1.492, 1.492, 1.491, 1.49, 1.49, 1.489, 1.488, 1.488, 1.487, 1.487, 1.487, 1.487, 1.488, 1.489, 1.49, 1.492, 1.493, 1.493, 1.493, 1.492, 1.49, 1.489, 1.485, 1.484, 1.483, 1.482, 1.48, 1.479, 1.479, 1.478, 1.478, 1.478, 1.478, 1.478, 1.478, 1.478, 1.478, 1.477, 1.476, 1.475, 1.475, 1.474, 1.473, 1.473, 1.472, 1.472, 1.473, 1.474, 1.474, 1.475, 1.476, 1.476, 1.478, 1.479, 1.48, 1.481, 1.482, 1.483, 1.484, 1.484, 1.484, 1.484, 1.483, 1.482, 1.481, 1.48, 1.478, 1.476, 1.475, 1.474, 1.473, 1.472, 1.472, 1.471, 1.47, 1.47, 1.468, 1.468, 1.468, 1.468, 1.468, 1.468, 1.468, 1.468, 1.468, 1.468, 1.468, 1.466, 1.466, 1.466, 1.466, 1.466, 1.468, 1.468, 1.468, 1.468, 1.469, 1.47, 1.47, 1.47, 1.47, 1.47, 1.47, 1.469, 1.468, 1.468, 1.466, 1.466, 1.466, 1.466, 1.466, 1.466, 1.466, 1.466, 1.466, 1.464, 1.464, 1.464, 1.464, 1.462, 1.462, 1.462, 1.462, 1.462, 1.46, 1.46, 1.462, 1.462, 1.462, 1.462, 1.462, 1.464, 1.464, 1.464, 1.466, 1.464, 1.464, 1.464, 1.464, 1.462, 1.462, 1.462, 1.462, 1.46, 1.458, 1.458, 1.456, 1.456, 1.456, 1.456, 1.456, 1.456, 1.458, 1.458, 1.46, 1.46, 1.462, 1.462, 1.46, 1.46, 1.458, 1.458, 1.458, 1.458, 0, 
1.526, 1.526, 1.527, 1.526, 1.525, 1.524, 1.523, 1.522, 1.522, 1.522, 1.522, 1.522, 1.523, 1.524, 1.527, 1.527, 1.532, 1.533, 1.534, 1.535, 1.535, 1.536, 1.535, 1.535, 1.534, 1.533, 1.532, 1.532, 1.528, 1.528, 1.527, 1.526, 1.525, 1.524, 1.523, 1.522, 1.522, 1.522, 1.523, 1.524, 1.524, 1.525, 1.526, 1.527, 1.528, 1.528, 1.528, 1.528, 1.527, 1.526, 1.524, 1.523, 1.522, 1.521, 1.52, 1.52, 1.52, 1.52, 1.52, 1.52, 1.52, 1.521, 1.522, 1.522, 1.523, 1.524, 1.524, 1.524, 1.523, 1.523, 1.523, 1.523, 1.523, 1.522, 1.522, 1.522, 1.523, 1.523, 1.524, 1.524, 1.524, 1.524, 1.524, 1.524, 1.523, 1.522, 1.521, 1.52, 1.519, 1.518, 1.517, 1.516, 1.516, 1.516, 1.517, 1.518, 1.518, 1.519, 1.52, 1.52, 1.52, 1.52, 1.52, 1.519, 1.518, 1.518, 1.518, 1.519, 1.519, 1.52, 1.52, 1.52, 1.52, 1.52, 1.52, 1.52, 1.52, 1.521, 1.521, 1.521, 1.521, 1.52, 1.52, 1.52, 1.519, 1.518, 1.518, 1.517, 1.516, 1.516, 1.516, 1.516, 1.516, 1.516, 1.516, 1.516, 1.516, 1.516, 1.516, 1.516, 1.516, 1.516, 1.516, 1.516, 1.516, 1.516, 1.516, 1.516, 1.516, 1.516, 1.516, 1.516, 1.516, 1.513, 1.513, 1.513, 1.512, 1.511, 1.511, 1.511, 1.511, 1.511, 1.511, 1.511, 1.511, 1.51, 1.509, 1.509, 1.509, 1.509, 1.509, 1.509, 1.509, 1.509, 1.51, 1.511, 1.512, 1.512, 1.513, 1.513, 1.513, 1.513, 1.513, 1.512, 1.511, 1.511, 1.51, 1.51, 1.51, 1.511, 1.512, 1.512, 1.513, 1.516, 1.516, 1.516, 1.516, 1.512, 1.511, 1.51, 1.509, 1.508, 1.507, 1.507, 1.507, 1.507, 1.508, 1.508, 1.509, 1.509, 1.509, 1.509, 1.509, 1.509, 1.509, 1.509, 1.51, 1.511, 1.511, 1.511, 1.511, 1.512, 1.512, 1.512, 1.512, 1.512, 1.512, 1.512, 1.511, 1.511, 1.51, 1.509, 1.509, 1.508, 1.508, 1.507, 1.507, 1.507, 1.507, 1.507, 1.507, 1.507, 1.507, 1.508, 1.509, 1.509, 1.509, 1.508, 1.507, 1.507, 1.507, 1.507, 1.506, 1.505, 1.505, 1.505, 1.505, 1.505, 1.505, 1.505, 1.505, 1.505, 1.505, 1.505, 1.505, 1.505, 1.505, 1.505, 1.505, 1.505, 1.505, 1.505, 1.505, 1.506, 1.507, 1.507, 1.509, 1.509, 1.51, 1.511, 1.511, 1.512, 1.512, 1.512, 1.511, 1.51, 1.509, 1.507, 1.505, 1.503, 1.501, 1.5, 1.499, 1.499, 1.499, 1.499, 1.499, 1.5, 1.501, 1.501, 1.502, 1.502, 1.503, 1.503, 1.502, 1.502, 1.501, 1.501, 1.5, 1.499, 1.496, 1.495, 1.494, 1.494, 1.493, 1.492, 1.492, 1.492, 1.49, 1.49, 1.489, 1.488, 1.488, 1.487, 1.487, 1.486, 1.487, 1.488, 1.489, 1.49, 1.491, 1.492, 1.493, 1.492, 1.491, 1.49, 1.489, 1.486, 1.484, 1.484, 1.482, 1.481, 1.48, 1.479, 1.478, 1.478, 1.478, 1.478, 1.478, 1.478, 1.478, 1.478, 1.477, 1.476, 1.475, 1.474, 1.474, 1.473, 1.472, 1.472, 1.472, 1.473, 1.474, 1.474, 1.475, 1.476, 1.476, 1.478, 1.478, 1.48, 1.481, 1.482, 1.482, 1.483, 1.483, 1.483, 1.483, 1.482, 1.481, 1.48, 1.479, 1.478, 1.476, 1.475, 1.474, 1.473, 1.472, 1.472, 1.471, 1.47, 1.47, 1.468, 1.468, 1.468, 1.468, 1.468, 1.468, 1.468, 1.468, 1.468, 1.468, 1.468, 1.466, 1.466, 1.466, 1.466, 1.466, 1.468, 1.468, 1.468, 1.468, 1.47, 1.47, 1.47, 1.47, 1.47, 1.47, 1.469, 1.469, 1.468, 1.468, 1.466, 1.466, 1.466, 1.466, 1.466, 1.466, 1.466, 1.466, 1.466, 1.466, 1.464, 1.464, 1.464, 1.464, 1.462, 1.462, 1.462, 1.462, 1.46, 1.46, 1.462, 1.462, 1.462, 1.462, 1.462, 1.464, 1.464, 1.464, 1.466, 1.466, 1.464, 1.464, 1.464, 1.462, 1.462, 1.462, 1.462, 1.46, 1.458, 1.458, 1.458, 1.456, 1.456, 1.456, 1.456, 1.456, 1.458, 1.458, 1.46, 1.46, 1.462, 1.462, 1.46, 1.46, 1.46, 1.458, 1.458, 1.458, 0, 
1.525, 1.526, 1.527, 1.527, 1.526, 1.524, 1.524, 1.523, 1.522, 1.522, 1.522, 1.523, 1.524, 1.524, 1.528, 1.528, 1.532, 1.533, 1.535, 1.535, 1.536, 1.536, 1.535, 1.535, 1.533, 1.533, 1.532, 1.531, 1.528, 1.527, 1.527, 1.526, 1.524, 1.524, 1.523, 1.522, 1.522, 1.522, 1.523, 1.524, 1.524, 1.525, 1.526, 1.527, 1.528, 1.531, 1.531, 1.528, 1.527, 1.526, 1.525, 1.524, 1.523, 1.522, 1.521, 1.52, 1.52, 1.52, 1.52, 1.52, 1.521, 1.522, 1.522, 1.523, 1.524, 1.524, 1.524, 1.524, 1.524, 1.524, 1.524, 1.523, 1.523, 1.523, 1.523, 1.524, 1.524, 1.524, 1.524, 1.524, 1.524, 1.524, 1.524, 1.524, 1.523, 1.522, 1.521, 1.52, 1.519, 1.518, 1.517, 1.516, 1.516, 1.516, 1.516, 1.517, 1.518, 1.519, 1.52, 1.52, 1.52, 1.52, 1.519, 1.518, 1.518, 1.518, 1.518, 1.518, 1.519, 1.519, 1.52, 1.52, 1.52, 1.52, 1.52, 1.52, 1.521, 1.521, 1.522, 1.522, 1.521, 1.521, 1.52, 1.52, 1.519, 1.518, 1.517, 1.516, 1.516, 1.516, 1.516, 1.516, 1.516, 1.516, 1.516, 1.516, 1.516, 1.516, 1.516, 1.516, 1.516, 1.516, 1.516, 1.516, 1.516, 1.516, 1.516, 1.516, 1.516, 1.516, 1.516, 1.516, 1.516, 1.513, 1.513, 1.512, 1.512, 1.511, 1.511, 1.511, 1.511, 1.511, 1.511, 1.511, 1.511, 1.51, 1.509, 1.509, 1.509, 1.508, 1.508, 1.508, 1.509, 1.509, 1.51, 1.511, 1.512, 1.513, 1.513, 1.513, 1.513, 1.513, 1.513, 1.512, 1.511, 1.51, 1.51, 1.509, 1.51, 1.51, 1.511, 1.512, 1.512, 1.516, 1.516, 1.516, 1.512, 1.512, 1.511, 1.51, 1.509, 1.508, 1.507, 1.507, 1.507, 1.507, 1.507, 1.508, 1.508, 1.509, 1.509, 1.509, 1.509, 1.509, 1.509, 1.509, 1.51, 1.511, 1.511, 1.511, 1.512, 1.512, 1.513, 1.513, 1.513, 1.513, 1.513, 1.513, 1.512, 1.511, 1.511, 1.51, 1.51, 1.509, 1.508, 1.508, 1.507, 1.507, 1.507, 1.507, 1.507, 1.507, 1.507, 1.508, 1.508, 1.509, 1.509, 1.508, 1.507, 1.507, 1.507, 1.506, 1.506, 1.505, 1.505, 1.505, 1.505, 1.505, 1.505, 1.505, 1.505, 1.505, 1.505, 1.505, 1.505, 1.505, 1.505, 1.505, 1.505, 1.505, 1.505, 1.505, 1.506, 1.506, 1.507, 1.507, 1.509, 1.509, 1.51, 1.51, 1.511, 1.511, 1.512, 1.511, 1.511, 1.51, 1.508, 1.507, 1.505, 1.503, 1.501, 1.5, 1.499, 1.499, 1.499, 1.499, 1.5, 1.5, 1.501, 1.501, 1.502, 1.502, 1.503, 1.503, 1.503, 1.502, 1.502, 1.501, 1.501, 1.5, 1.499, 1.495, 1.495, 1.494, 1.494, 1.493, 1.492, 1.492, 1.491, 1.49, 1.489, 1.488, 1.488, 1.487, 1.486, 1.486, 1.487, 1.487, 1.488, 1.489, 1.49, 1.491, 1.492, 1.491, 1.491, 1.49, 1.488, 1.486, 1.485, 1.484, 1.482, 1.481, 1.48, 1.48, 1.479, 1.479, 1.479, 1.478, 1.478, 1.478, 1.478, 1.477, 1.476, 1.475, 1.475, 1.474, 1.474, 1.473, 1.472, 1.472, 1.472, 1.473, 1.474, 1.474, 1.475, 1.476, 1.476, 1.477, 1.478, 1.479, 1.48, 1.481, 1.482, 1.482, 1.482, 1.482, 1.482, 1.481, 1.48, 1.479, 1.478, 1.477, 1.476, 1.474, 1.474, 1.473, 1.472, 1.472, 1.471, 1.47, 1.47, 1.47, 1.468, 1.468, 1.468, 1.468, 1.468, 1.468, 1.468, 1.468, 1.468, 1.468, 1.466, 1.466, 1.466, 1.466, 1.466, 1.468, 1.468, 1.468, 1.47, 1.47, 1.47, 1.47, 1.47, 1.47, 1.47, 1.469, 1.469, 1.468, 1.468, 1.466, 1.466, 1.466, 1.466, 1.466, 1.466, 1.466, 1.466, 1.466, 1.466, 1.466, 1.464, 1.464, 1.464, 1.462, 1.462, 1.462, 1.462, 1.462, 1.462, 1.462, 1.462, 1.462, 1.462, 1.462, 1.464, 1.464, 1.466, 1.466, 1.466, 1.464, 1.464, 1.464, 1.464, 1.462, 1.462, 1.462, 1.46, 1.458, 1.458, 1.458, 1.456, 1.456, 1.456, 1.456, 1.458, 1.458, 1.458, 1.46, 1.462, 1.462, 1.462, 1.46, 1.46, 1.46, 1.458, 1.458, 1.458, 0, 
1.525, 1.526, 1.527, 1.527, 1.526, 1.525, 1.524, 1.523, 1.522, 1.522, 1.522, 1.523, 1.524, 1.525, 1.528, 1.532, 1.533, 1.534, 1.535, 1.536, 1.537, 1.536, 1.535, 1.535, 1.533, 1.532, 1.532, 1.528, 1.528, 1.527, 1.526, 1.526, 1.525, 1.524, 1.523, 1.522, 1.522, 1.522, 1.523, 1.524, 1.524, 1.525, 1.526, 1.527, 1.531, 1.531, 1.531, 1.532, 1.528, 1.527, 1.526, 1.525, 1.523, 1.522, 1.522, 1.521, 1.52, 1.52, 1.52, 1.521, 1.521, 1.522, 1.523, 1.524, 1.524, 1.524, 1.524, 1.524, 1.524, 1.524, 1.524, 1.524, 1.524, 1.524, 1.524, 1.524, 1.524, 1.525, 1.525, 1.525, 1.525, 1.524, 1.524, 1.524, 1.523, 1.522, 1.52, 1.52, 1.519, 1.518, 1.517, 1.516, 1.516, 1.516, 1.516, 1.517, 1.518, 1.519, 1.519, 1.52, 1.52, 1.519, 1.518, 1.518, 1.517, 1.517, 1.517, 1.518, 1.518, 1.518, 1.519, 1.52, 1.52, 1.52, 1.52, 1.52, 1.521, 1.522, 1.522, 1.522, 1.521, 1.521, 1.52, 1.52, 1.519, 1.518, 1.517, 1.516, 1.516, 1.516, 1.516, 1.516, 1.516, 1.516, 1.516, 1.516, 1.516, 1.516, 1.516, 1.516, 1.516, 1.516, 1.516, 1.513, 1.513, 1.513, 1.513, 1.513, 1.513, 1.513, 1.516, 1.516, 1.513, 1.513, 1.513, 1.512, 1.511, 1.511, 1.511, 1.511, 1.511, 1.511, 1.511, 1.511, 1.511, 1.51, 1.509, 1.509, 1.509, 1.508, 1.508, 1.508, 1.509, 1.509, 1.51, 1.511, 1.512, 1.513, 1.513, 1.516, 1.513, 1.513, 1.513, 1.512, 1.511, 1.51, 1.509, 1.509, 1.509, 1.51, 1.51, 1.511, 1.511, 1.512, 1.512, 1.512, 1.512, 1.511, 1.51, 1.509, 1.508, 1.507, 1.507, 1.507, 1.507, 1.507, 1.507, 1.507, 1.508, 1.508, 1.509, 1.509, 1.508, 1.509, 1.509, 1.509, 1.51, 1.511, 1.511, 1.511, 1.512, 1.512, 1.513, 1.513, 1.513, 1.513, 1.513, 1.513, 1.513, 1.512, 1.512, 1.511, 1.51, 1.51, 1.509, 1.508, 1.507, 1.507, 1.507, 1.507, 1.507, 1.507, 1.507, 1.507, 1.508, 1.508, 1.508, 1.508, 1.507, 1.507, 1.507, 1.506, 1.505, 1.505, 1.505, 1.505, 1.505, 1.504, 1.504, 1.505, 1.505, 1.505, 1.505, 1.505, 1.505, 1.505, 1.505, 1.505, 1.505, 1.505, 1.505, 1.506, 1.506, 1.507, 1.507, 1.507, 1.508, 1.509, 1.509, 1.51, 1.511, 1.511, 1.511, 1.511, 1.51, 1.509, 1.508, 1.506, 1.505, 1.503, 1.501, 1.5, 1.499, 1.499, 1.499, 1.499, 1.5, 1.501, 1.501, 1.501, 1.502, 1.503, 1.503, 1.503, 1.503, 1.503, 1.503, 1.502, 1.501, 1.5, 1.5, 1.496, 1.495, 1.495, 1.494, 1.493, 1.492, 1.492, 1.491, 1.49, 1.489, 1.488, 1.487, 1.487, 1.486, 1.486, 1.486, 1.487, 1.487, 1.488, 1.489, 1.49, 1.49, 1.491, 1.49, 1.489, 1.488, 1.487, 1.486, 1.484, 1.483, 1.482, 1.481, 1.48, 1.48, 1.48, 1.479, 1.479, 1.479, 1.478, 1.478, 1.477, 1.476, 1.475, 1.474, 1.474, 1.474, 1.473, 1.472, 1.472, 1.472, 1.473, 1.474, 1.474, 1.475, 1.476, 1.476, 1.477, 1.478, 1.479, 1.479, 1.48, 1.481, 1.481, 1.481, 1.481, 1.481, 1.48, 1.479, 1.478, 1.477, 1.476, 1.475, 1.474, 1.474, 1.473, 1.472, 1.472, 1.471, 1.47, 1.47, 1.47, 1.468, 1.468, 1.468, 1.468, 1.468, 1.468, 1.468, 1.468, 1.468, 1.468, 1.468, 1.466, 1.466, 1.466, 1.466, 1.468, 1.468, 1.468, 1.47, 1.47, 1.47, 1.47, 1.47, 1.47, 1.47, 1.47, 1.468, 1.468, 1.466, 1.466, 1.466, 1.466, 1.466, 1.466, 1.466, 1.466, 1.466, 1.466, 1.466, 1.466, 1.464, 1.464, 1.464, 1.462, 1.462, 1.462, 1.46, 1.46, 1.46, 1.46, 1.462, 1.462, 1.462, 1.462, 1.464, 1.464, 1.466, 1.466, 1.466, 1.466, 1.464, 1.464, 1.464, 1.462, 1.462, 1.462, 1.46, 1.458, 1.458, 1.458, 1.456, 1.456, 1.456, 1.456, 1.458, 1.458, 1.458, 1.46, 1.462, 1.462, 1.462, 1.462, 1.462, 1.46, 1.458, 1.458, 1.458, 0, 
1.525, 1.526, 1.527, 1.526, 1.526, 1.525, 1.524, 1.523, 1.523, 1.522, 1.523, 1.523, 1.524, 1.527, 1.527, 1.532, 1.533, 1.535, 1.536, 1.537, 1.537, 1.537, 1.535, 1.535, 1.533, 1.532, 1.528, 1.528, 1.528, 1.527, 1.526, 1.526, 1.525, 1.524, 1.523, 1.523, 1.522, 1.522, 1.523, 1.524, 1.524, 1.526, 1.527, 1.528, 1.531, 1.532, 1.532, 1.532, 1.532, 1.528, 1.527, 1.526, 1.524, 1.523, 1.522, 1.522, 1.521, 1.521, 1.521, 1.521, 1.522, 1.522, 1.523, 1.524, 1.524, 1.524, 1.524, 1.524, 1.524, 1.524, 1.524, 1.524, 1.524, 1.524, 1.524, 1.524, 1.525, 1.525, 1.526, 1.526, 1.525, 1.524, 1.524, 1.523, 1.522, 1.521, 1.52, 1.52, 1.518, 1.518, 1.517, 1.516, 1.516, 1.516, 1.516, 1.517, 1.518, 1.518, 1.519, 1.519, 1.519, 1.518, 1.518, 1.517, 1.516, 1.516, 1.516, 1.517, 1.517, 1.518, 1.518, 1.519, 1.52, 1.52, 1.52, 1.521, 1.521, 1.522, 1.522, 1.522, 1.522, 1.521, 1.52, 1.519, 1.518, 1.517, 1.517, 1.516, 1.516, 1.516, 1.516, 1.516, 1.516, 1.516, 1.517, 1.517, 1.516, 1.516, 1.516, 1.516, 1.516, 1.516, 1.513, 1.513, 1.513, 1.513, 1.512, 1.513, 1.513, 1.513, 1.513, 1.513, 1.513, 1.513, 1.513, 1.512, 1.511, 1.511, 1.511, 1.511, 1.511, 1.511, 1.511, 1.511, 1.511, 1.51, 1.509, 1.509, 1.509, 1.509, 1.509, 1.509, 1.509, 1.509, 1.51, 1.511, 1.512, 1.513, 1.513, 1.516, 1.516, 1.513, 1.513, 1.512, 1.511, 1.51, 1.509, 1.509, 1.509, 1.509, 1.51, 1.51, 1.511, 1.511, 1.511, 1.511, 1.511, 1.51, 1.509, 1.509, 1.508, 1.507, 1.507, 1.507, 1.507, 1.507, 1.507, 1.507, 1.507, 1.508, 1.508, 1.508, 1.507, 1.508, 1.508, 1.508, 1.509, 1.51, 1.511, 1.511, 1.512, 1.512, 1.513, 1.513, 1.513, 1.513, 1.513, 1.513, 1.513, 1.513, 1.512, 1.512, 1.511, 1.51, 1.509, 1.509, 1.508, 1.507, 1.507, 1.507, 1.507, 1.507, 1.507, 1.507, 1.507, 1.507, 1.507, 1.507, 1.507, 1.507, 1.507, 1.506, 1.505, 1.505, 1.504, 1.504, 1.504, 1.504, 1.504, 1.504, 1.504, 1.505, 1.505, 1.505, 1.505, 1.505, 1.505, 1.505, 1.505, 1.505, 1.506, 1.506, 1.507, 1.507, 1.507, 1.507, 1.508, 1.509, 1.509, 1.51, 1.51, 1.511, 1.511, 1.51, 1.509, 1.508, 1.507, 1.506, 1.504, 1.503, 1.501, 1.501, 1.5, 1.499, 1.499, 1.5, 1.5, 1.501, 1.501, 1.501, 1.502, 1.503, 1.503, 1.503, 1.503, 1.503, 1.503, 1.503, 1.502, 1.501, 1.5, 1.499, 1.496, 1.495, 1.494, 1.494, 1.493, 1.492, 1.491, 1.49, 1.489, 1.488, 1.487, 1.486, 1.486, 1.486, 1.486, 1.486, 1.487, 1.487, 1.488, 1.489, 1.489, 1.49, 1.489, 1.489, 1.488, 1.487, 1.486, 1.485, 1.484, 1.483, 1.482, 1.481, 1.481, 1.48, 1.48, 1.48, 1.479, 1.478, 1.478, 1.477, 1.476, 1.475, 1.474, 1.474, 1.474, 1.473, 1.472, 1.472, 1.473, 1.473, 1.474, 1.474, 1.475, 1.476, 1.476, 1.476, 1.477, 1.478, 1.479, 1.479, 1.48, 1.48, 1.48, 1.48, 1.479, 1.479, 1.478, 1.477, 1.476, 1.476, 1.475, 1.474, 1.474, 1.473, 1.472, 1.472, 1.471, 1.471, 1.47, 1.47, 1.47, 1.468, 1.468, 1.468, 1.468, 1.468, 1.468, 1.468, 1.468, 1.468, 1.468, 1.466, 1.466, 1.468, 1.468, 1.468, 1.468, 1.47, 1.47, 1.47, 1.47, 1.47, 1.47, 1.47, 1.47, 1.47, 1.468, 1.468, 1.466, 1.466, 1.466, 1.466, 1.466, 1.466, 1.466, 1.466, 1.466, 1.466, 1.466, 1.466, 1.466, 1.464, 1.462, 1.462, 1.462, 1.462, 1.46, 1.46, 1.46, 1.46, 1.462, 1.462, 1.462, 1.462, 1.464, 1.464, 1.466, 1.466, 1.466, 1.466, 1.464, 1.464, 1.462, 1.462, 1.462, 1.462, 1.46, 1.458, 1.458, 1.458, 1.458, 1.456, 1.456, 1.456, 1.458, 1.458, 1.458, 1.46, 1.462, 1.462, 1.462, 1.462, 1.462, 1.462, 1.46, 1.46, 1.46, 0, 
1.525, 1.526, 1.527, 1.526, 1.526, 1.525, 1.524, 1.524, 1.523, 1.523, 1.523, 1.524, 1.524, 1.528, 1.528, 1.533, 1.534, 1.535, 1.537, 1.538, 1.538, 1.537, 1.536, 1.535, 1.532, 1.532, 1.528, 1.528, 1.527, 1.527, 1.526, 1.526, 1.525, 1.524, 1.524, 1.523, 1.523, 1.523, 1.523, 1.524, 1.525, 1.526, 1.527, 1.528, 1.532, 1.532, 1.533, 1.532, 1.532, 1.528, 1.527, 1.526, 1.525, 1.524, 1.523, 1.522, 1.521, 1.521, 1.521, 1.521, 1.522, 1.522, 1.523, 1.524, 1.524, 1.524, 1.524, 1.524, 1.524, 1.525, 1.525, 1.525, 1.525, 1.525, 1.525, 1.525, 1.525, 1.526, 1.526, 1.526, 1.525, 1.524, 1.524, 1.523, 1.522, 1.521, 1.52, 1.519, 1.518, 1.517, 1.516, 1.516, 1.516, 1.516, 1.516, 1.516, 1.517, 1.518, 1.518, 1.518, 1.518, 1.518, 1.517, 1.517, 1.516, 1.516, 1.516, 1.516, 1.517, 1.518, 1.518, 1.519, 1.52, 1.52, 1.52, 1.521, 1.522, 1.522, 1.522, 1.522, 1.521, 1.52, 1.52, 1.519, 1.518, 1.517, 1.516, 1.516, 1.516, 1.516, 1.516, 1.516, 1.516, 1.517, 1.517, 1.517, 1.517, 1.517, 1.516, 1.516, 1.516, 1.516, 1.513, 1.512, 1.512, 1.512, 1.512, 1.512, 1.512, 1.513, 1.513, 1.513, 1.513, 1.513, 1.513, 1.512, 1.511, 1.511, 1.511, 1.511, 1.511, 1.511, 1.511, 1.511, 1.511, 1.511, 1.51, 1.509, 1.509, 1.509, 1.509, 1.509, 1.509, 1.509, 1.51, 1.511, 1.512, 1.513, 1.516, 1.516, 1.516, 1.513, 1.513, 1.512, 1.511, 1.51, 1.509, 1.509, 1.509, 1.509, 1.509, 1.509, 1.51, 1.51, 1.511, 1.511, 1.51, 1.509, 1.509, 1.508, 1.507, 1.507, 1.506, 1.506, 1.506, 1.506, 1.506, 1.506, 1.507, 1.507, 1.507, 1.507, 1.507, 1.507, 1.507, 1.507, 1.508, 1.509, 1.51, 1.511, 1.511, 1.512, 1.512, 1.513, 1.513, 1.513, 1.513, 1.513, 1.513, 1.513, 1.513, 1.512, 1.512, 1.511, 1.509, 1.509, 1.508, 1.507, 1.507, 1.507, 1.506, 1.506, 1.506, 1.506, 1.507, 1.507, 1.507, 1.507, 1.507, 1.507, 1.506, 1.505, 1.505, 1.505, 1.504, 1.503, 1.503, 1.503, 1.503, 1.503, 1.503, 1.504, 1.504, 1.505, 1.505, 1.505, 1.505, 1.505, 1.505, 1.506, 1.506, 1.507, 1.507, 1.507, 1.507, 1.507, 1.508, 1.509, 1.509, 1.509, 1.51, 1.511, 1.511, 1.51, 1.509, 1.508, 1.507, 1.505, 1.504, 1.502, 1.501, 1.501, 1.5, 1.499, 1.5, 1.5, 1.501, 1.501, 1.501, 1.501, 1.502, 1.503, 1.503, 1.503, 1.504, 1.504, 1.503, 1.503, 1.502, 1.501, 1.501, 1.5, 1.496, 1.495, 1.495, 1.494, 1.493, 1.492, 1.491, 1.49, 1.489, 1.488, 1.487, 1.486, 1.486, 1.486, 1.485, 1.485, 1.486, 1.486, 1.487, 1.488, 1.488, 1.489, 1.488, 1.488, 1.488, 1.487, 1.486, 1.486, 1.485, 1.484, 1.483, 1.482, 1.482, 1.481, 1.481, 1.48, 1.479, 1.478, 1.478, 1.476, 1.475, 1.474, 1.474, 1.474, 1.474, 1.473, 1.473, 1.473, 1.473, 1.474, 1.474, 1.475, 1.475, 1.476, 1.476, 1.476, 1.477, 1.477, 1.478, 1.478, 1.479, 1.479, 1.479, 1.478, 1.478, 1.477, 1.477, 1.476, 1.475, 1.475, 1.474, 1.474, 1.474, 1.473, 1.472, 1.472, 1.472, 1.471, 1.471, 1.47, 1.47, 1.47, 1.468, 1.468, 1.468, 1.468, 1.468, 1.468, 1.468, 1.468, 1.468, 1.468, 1.468, 1.468, 1.468, 1.468, 1.468, 1.47, 1.47, 1.47, 1.47, 1.47, 1.47, 1.47, 1.47, 1.47, 1.468, 1.468, 1.466, 1.466, 1.466, 1.466, 1.466, 1.466, 1.466, 1.466, 1.466, 1.466, 1.466, 1.466, 1.464, 1.464, 1.462, 1.462, 1.462, 1.46, 1.46, 1.46, 1.46, 1.46, 1.46, 1.462, 1.462, 1.462, 1.464, 1.464, 1.466, 1.466, 1.466, 1.464, 1.464, 1.464, 1.462, 1.462, 1.462, 1.462, 1.46, 1.458, 1.458, 1.458, 1.458, 1.458, 1.458, 1.458, 1.458, 1.458, 1.46, 1.462, 1.462, 1.462, 1.462, 1.462, 1.462, 1.462, 1.46, 1.46, 1.46, 0, 
1.525, 1.526, 1.527, 1.527, 1.526, 1.525, 1.524, 1.524, 1.524, 1.524, 1.524, 1.524, 1.525, 1.528, 1.532, 1.533, 1.535, 1.536, 1.537, 1.538, 1.538, 1.537, 1.536, 1.535, 1.531, 1.531, 1.528, 1.528, 1.527, 1.527, 1.526, 1.526, 1.526, 1.525, 1.524, 1.524, 1.524, 1.524, 1.524, 1.524, 1.525, 1.526, 1.527, 1.528, 1.532, 1.532, 1.533, 1.533, 1.532, 1.532, 1.527, 1.526, 1.525, 1.524, 1.523, 1.522, 1.522, 1.521, 1.521, 1.521, 1.522, 1.522, 1.523, 1.524, 1.524, 1.524, 1.525, 1.525, 1.525, 1.525, 1.526, 1.526, 1.526, 1.526, 1.526, 1.526, 1.526, 1.526, 1.526, 1.526, 1.526, 1.525, 1.524, 1.523, 1.522, 1.521, 1.52, 1.519, 1.518, 1.517, 1.516, 1.516, 1.516, 1.516, 1.516, 1.516, 1.517, 1.517, 1.518, 1.518, 1.518, 1.518, 1.517, 1.516, 1.516, 1.516, 1.516, 1.516, 1.516, 1.517, 1.518, 1.519, 1.52, 1.52, 1.52, 1.521, 1.522, 1.522, 1.522, 1.521, 1.521, 1.52, 1.519, 1.518, 1.517, 1.516, 1.516, 1.516, 1.516, 1.516, 1.516, 1.516, 1.516, 1.517, 1.517, 1.518, 1.518, 1.517, 1.516, 1.516, 1.516, 1.516, 1.513, 1.512, 1.511, 1.511, 1.511, 1.511, 1.512, 1.512, 1.513, 1.513, 1.513, 1.513, 1.513, 1.512, 1.511, 1.511, 1.511, 1.511, 1.511, 1.511, 1.511, 1.511, 1.511, 1.511, 1.51, 1.509, 1.509, 1.509, 1.509, 1.509, 1.509, 1.509, 1.51, 1.511, 1.512, 1.513, 1.516, 1.516, 1.516, 1.513, 1.513, 1.512, 1.511, 1.511, 1.51, 1.509, 1.509, 1.509, 1.509, 1.509, 1.509, 1.51, 1.51, 1.51, 1.509, 1.509, 1.508, 1.507, 1.507, 1.506, 1.506, 1.505, 1.505, 1.505, 1.505, 1.506, 1.506, 1.506, 1.506, 1.506, 1.506, 1.506, 1.507, 1.507, 1.507, 1.508, 1.509, 1.51, 1.511, 1.511, 1.512, 1.512, 1.513, 1.513, 1.513, 1.513, 1.513, 1.513, 1.513, 1.513, 1.512, 1.511, 1.51, 1.509, 1.508, 1.507, 1.507, 1.506, 1.506, 1.505, 1.505, 1.506, 1.506, 1.507, 1.507, 1.507, 1.507, 1.507, 1.506, 1.505, 1.505, 1.504, 1.504, 1.503, 1.503, 1.503, 1.503, 1.503, 1.503, 1.503, 1.504, 1.504, 1.504, 1.505, 1.505, 1.505, 1.505, 1.506, 1.507, 1.507, 1.507, 1.507, 1.507, 1.507, 1.507, 1.508, 1.508, 1.509, 1.509, 1.51, 1.51, 1.509, 1.508, 1.507, 1.506, 1.505, 1.503, 1.502, 1.501, 1.501, 1.5, 1.5, 1.5, 1.501, 1.501, 1.501, 1.501, 1.501, 1.502, 1.502, 1.503, 1.503, 1.504, 1.504, 1.504, 1.503, 1.503, 1.502, 1.501, 1.5, 1.499, 1.496, 1.495, 1.494, 1.494, 1.493, 1.492, 1.49, 1.49, 1.488, 1.487, 1.486, 1.486, 1.485, 1.485, 1.484, 1.485, 1.486, 1.486, 1.487, 1.488, 1.488, 1.488, 1.488, 1.488, 1.488, 1.487, 1.486, 1.486, 1.485, 1.484, 1.483, 1.482, 1.482, 1.481, 1.48, 1.48, 1.478, 1.478, 1.476, 1.475, 1.474, 1.474, 1.474, 1.474, 1.474, 1.474, 1.474, 1.474, 1.474, 1.474, 1.475, 1.476, 1.476, 1.476, 1.476, 1.476, 1.476, 1.477, 1.477, 1.478, 1.478, 1.477, 1.477, 1.476, 1.476, 1.475, 1.475, 1.474, 1.474, 1.474, 1.474, 1.474, 1.473, 1.472, 1.472, 1.472, 1.472, 1.471, 1.471, 1.47, 1.47, 1.468, 1.468, 1.468, 1.468, 1.468, 1.468, 1.468, 1.468, 1.468, 1.468, 1.468, 1.468, 1.468, 1.468, 1.47, 1.47, 1.471, 1.471, 1.471, 1.471, 1.471, 1.47, 1.47, 1.47, 1.468, 1.468, 1.468, 1.466, 1.466, 1.466, 1.466, 1.466, 1.464, 1.464, 1.466, 1.466, 1.466, 1.466, 1.464, 1.464, 1.462, 1.462, 1.462, 1.46, 1.46, 1.46, 1.46, 1.46, 1.46, 1.462, 1.462, 1.462, 1.464, 1.464, 1.466, 1.466, 1.466, 1.464, 1.464, 1.462, 1.462, 1.462, 1.462, 1.462, 1.46, 1.458, 1.458, 1.458, 1.458, 1.458, 1.458, 1.458, 1.458, 1.458, 1.46, 1.462, 1.462, 1.462, 1.462, 1.462, 1.462, 1.462, 1.46, 1.46, 1.46, 0, 
1.525, 1.526, 1.527, 1.527, 1.526, 1.526, 1.525, 1.524, 1.524, 1.524, 1.524, 1.525, 1.526, 1.527, 1.532, 1.533, 1.535, 1.536, 1.538, 1.538, 1.538, 1.537, 1.535, 1.534, 1.531, 1.528, 1.528, 1.528, 1.527, 1.526, 1.526, 1.526, 1.526, 1.526, 1.525, 1.525, 1.524, 1.524, 1.524, 1.524, 1.525, 1.526, 1.527, 1.528, 1.532, 1.533, 1.533, 1.533, 1.532, 1.532, 1.528, 1.527, 1.526, 1.524, 1.523, 1.522, 1.522, 1.521, 1.52, 1.521, 1.521, 1.521, 1.522, 1.523, 1.524, 1.524, 1.525, 1.525, 1.526, 1.526, 1.526, 1.526, 1.526, 1.526, 1.526, 1.526, 1.526, 1.526, 1.526, 1.526, 1.526, 1.525, 1.524, 1.523, 1.522, 1.521, 1.52, 1.519, 1.518, 1.517, 1.516, 1.516, 1.516, 1.516, 1.516, 1.516, 1.516, 1.517, 1.518, 1.518, 1.518, 1.518, 1.517, 1.516, 1.516, 1.516, 1.516, 1.516, 1.516, 1.517, 1.517, 1.518, 1.519, 1.52, 1.52, 1.521, 1.521, 1.521, 1.521, 1.521, 1.52, 1.52, 1.518, 1.518, 1.517, 1.516, 1.516, 1.516, 1.516, 1.516, 1.516, 1.516, 1.516, 1.516, 1.517, 1.518, 1.518, 1.517, 1.516, 1.516, 1.516, 1.516, 1.512, 1.512, 1.511, 1.511, 1.511, 1.511, 1.511, 1.512, 1.513, 1.513, 1.513, 1.513, 1.513, 1.512, 1.512, 1.511, 1.511, 1.511, 1.511, 1.511, 1.511, 1.511, 1.511, 1.511, 1.511, 1.51, 1.509, 1.509, 1.509, 1.509, 1.509, 1.509, 1.51, 1.511, 1.512, 1.513, 1.516, 1.516, 1.516, 1.516, 1.513, 1.512, 1.511, 1.511, 1.51, 1.509, 1.509, 1.509, 1.509, 1.509, 1.509, 1.509, 1.509, 1.509, 1.508, 1.508, 1.507, 1.507, 1.506, 1.505, 1.505, 1.505, 1.505, 1.505, 1.505, 1.505, 1.505, 1.505, 1.505, 1.505, 1.505, 1.505, 1.506, 1.506, 1.507, 1.507, 1.508, 1.509, 1.51, 1.511, 1.511, 1.512, 1.513, 1.513, 1.513, 1.513, 1.513, 1.513, 1.513, 1.513, 1.512, 1.511, 1.51, 1.509, 1.508, 1.507, 1.507, 1.506, 1.505, 1.505, 1.505, 1.505, 1.506, 1.506, 1.507, 1.507, 1.507, 1.506, 1.506, 1.505, 1.505, 1.504, 1.503, 1.503, 1.503, 1.503, 1.503, 1.503, 1.503, 1.503, 1.503, 1.503, 1.504, 1.505, 1.505, 1.505, 1.506, 1.506, 1.507, 1.507, 1.507, 1.507, 1.507, 1.507, 1.507, 1.507, 1.507, 1.508, 1.508, 1.509, 1.509, 1.508, 1.508, 1.507, 1.506, 1.505, 1.503, 1.502, 1.501, 1.501, 1.501, 1.501, 1.501, 1.501, 1.501, 1.501, 1.501, 1.501, 1.501, 1.501, 1.502, 1.503, 1.503, 1.504, 1.504, 1.504, 1.503, 1.503, 1.502, 1.501, 1.5, 1.499, 1.495, 1.495, 1.494, 1.493, 1.492, 1.491, 1.49, 1.488, 1.487, 1.486, 1.485, 1.484, 1.484, 1.484, 1.484, 1.485, 1.486, 1.486, 1.487, 1.488, 1.488, 1.488, 1.488, 1.488, 1.488, 1.487, 1.487, 1.486, 1.485, 1.484, 1.483, 1.483, 1.482, 1.481, 1.48, 1.478, 1.478, 1.476, 1.475, 1.474, 1.474, 1.474, 1.474, 1.474, 1.474, 1.474, 1.474, 1.474, 1.475, 1.475, 1.476, 1.476, 1.475, 1.475, 1.476, 1.476, 1.476, 1.476, 1.476, 1.476, 1.476, 1.476, 1.475, 1.475, 1.474, 1.474, 1.474, 1.474, 1.474, 1.473, 1.473, 1.473, 1.472, 1.472, 1.472, 1.472, 1.472, 1.471, 1.471, 1.47, 1.47, 1.47, 1.469, 1.469, 1.468, 1.468, 1.468, 1.468, 1.468, 1.468, 1.468, 1.468, 1.468, 1.468, 1.47, 1.471, 1.471, 1.472, 1.472, 1.472, 1.471, 1.471, 1.47, 1.47, 1.47, 1.468, 1.468, 1.468, 1.466, 1.466, 1.466, 1.464, 1.464, 1.464, 1.464, 1.464, 1.464, 1.464, 1.464, 1.464, 1.462, 1.462, 1.462, 1.462, 1.46, 1.46, 1.46, 1.46, 1.462, 1.462, 1.462, 1.462, 1.464, 1.464, 1.466, 1.466, 1.464, 1.464, 1.464, 1.462, 1.462, 1.462, 1.462, 1.462, 1.46, 1.46, 1.458, 1.458, 1.458, 1.458, 1.458, 1.458, 1.458, 1.46, 1.462, 1.462, 1.462, 1.462, 1.462, 1.462, 1.462, 1.462, 1.46, 1.46, 1.46, 0, 
1.526, 1.526, 1.527, 1.527, 1.527, 1.526, 1.525, 1.525, 1.525, 1.525, 1.525, 1.526, 1.527, 1.528, 1.533, 1.534, 1.535, 1.537, 1.538, 1.538, 1.538, 1.536, 1.535, 1.533, 1.532, 1.528, 1.528, 1.528, 1.527, 1.526, 1.526, 1.527, 1.527, 1.527, 1.526, 1.526, 1.525, 1.525, 1.525, 1.525, 1.526, 1.527, 1.528, 1.528, 1.532, 1.533, 1.533, 1.533, 1.533, 1.532, 1.528, 1.527, 1.526, 1.524, 1.524, 1.522, 1.522, 1.521, 1.52, 1.52, 1.52, 1.521, 1.521, 1.522, 1.523, 1.524, 1.524, 1.525, 1.526, 1.526, 1.526, 1.527, 1.527, 1.527, 1.527, 1.527, 1.527, 1.527, 1.527, 1.527, 1.526, 1.525, 1.524, 1.523, 1.522, 1.521, 1.52, 1.519, 1.517, 1.517, 1.516, 1.516, 1.516, 1.516, 1.516, 1.516, 1.516, 1.517, 1.518, 1.518, 1.518, 1.518, 1.517, 1.516, 1.516, 1.516, 1.516, 1.516, 1.516, 1.516, 1.517, 1.518, 1.519, 1.519, 1.52, 1.52, 1.52, 1.52, 1.52, 1.52, 1.52, 1.519, 1.518, 1.517, 1.516, 1.516, 1.516, 1.513, 1.513, 1.513, 1.516, 1.516, 1.516, 1.516, 1.517, 1.517, 1.518, 1.517, 1.516, 1.516, 1.516, 1.516, 1.512, 1.512, 1.511, 1.511, 1.511, 1.511, 1.511, 1.512, 1.513, 1.513, 1.513, 1.513, 1.513, 1.513, 1.512, 1.511, 1.511, 1.511, 1.511, 1.511, 1.511, 1.511, 1.511, 1.511, 1.511, 1.51, 1.509, 1.509, 1.509, 1.509, 1.509, 1.509, 1.51, 1.511, 1.512, 1.513, 1.516, 1.516, 1.516, 1.516, 1.513, 1.513, 1.512, 1.511, 1.51, 1.509, 1.509, 1.509, 1.509, 1.508, 1.508, 1.508, 1.508, 1.508, 1.507, 1.507, 1.507, 1.506, 1.506, 1.505, 1.505, 1.504, 1.504, 1.504, 1.504, 1.505, 1.505, 1.505, 1.505, 1.505, 1.505, 1.505, 1.505, 1.505, 1.506, 1.507, 1.507, 1.509, 1.509, 1.51, 1.511, 1.512, 1.512, 1.512, 1.513, 1.513, 1.513, 1.513, 1.513, 1.512, 1.511, 1.51, 1.509, 1.509, 1.508, 1.507, 1.507, 1.506, 1.505, 1.505, 1.505, 1.505, 1.505, 1.506, 1.506, 1.506, 1.506, 1.506, 1.505, 1.505, 1.505, 1.504, 1.503, 1.503, 1.503, 1.503, 1.503, 1.503, 1.503, 1.503, 1.503, 1.503, 1.504, 1.505, 1.505, 1.505, 1.506, 1.507, 1.508, 1.508, 1.508, 1.508, 1.507, 1.507, 1.507, 1.507, 1.507, 1.507, 1.508, 1.508, 1.508, 1.508, 1.507, 1.507, 1.506, 1.505, 1.503, 1.502, 1.501, 1.501, 1.501, 1.501, 1.501, 1.501, 1.501, 1.501, 1.501, 1.501, 1.501, 1.501, 1.501, 1.502, 1.503, 1.503, 1.504, 1.504, 1.503, 1.503, 1.502, 1.501, 1.5, 1.5, 1.496, 1.495, 1.495, 1.494, 1.493, 1.491, 1.49, 1.488, 1.487, 1.486, 1.485, 1.484, 1.484, 1.483, 1.483, 1.484, 1.485, 1.486, 1.486, 1.487, 1.487, 1.488, 1.488, 1.488, 1.488, 1.488, 1.488, 1.487, 1.486, 1.485, 1.484, 1.484, 1.482, 1.481, 1.48, 1.479, 1.478, 1.476, 1.475, 1.474, 1.474, 1.474, 1.474, 1.474, 1.474, 1.475, 1.475, 1.475, 1.475, 1.475, 1.475, 1.475, 1.475, 1.474, 1.474, 1.474, 1.474, 1.475, 1.475, 1.475, 1.475, 1.474, 1.474, 1.474, 1.474, 1.473, 1.473, 1.473, 1.473, 1.473, 1.472, 1.472, 1.472, 1.472, 1.472, 1.472, 1.472, 1.472, 1.471, 1.471, 1.47, 1.47, 1.47, 1.469, 1.469, 1.468, 1.468, 1.468, 1.468, 1.468, 1.468, 1.468, 1.468, 1.468, 1.471, 1.471, 1.472, 1.472, 1.472, 1.472, 1.472, 1.471, 1.471, 1.47, 1.47, 1.47, 1.468, 1.468, 1.466, 1.466, 1.466, 1.464, 1.464, 1.464, 1.464, 1.464, 1.464, 1.464, 1.464, 1.464, 1.464, 1.462, 1.462, 1.462, 1.462, 1.462, 1.462, 1.462, 1.462, 1.462, 1.462, 1.462, 1.464, 1.464, 1.466, 1.466, 1.464, 1.464, 1.464, 1.462, 1.462, 1.462, 1.462, 1.462, 1.46, 1.46, 1.46, 1.458, 1.458, 1.458, 1.458, 1.46, 1.46, 1.46, 1.462, 1.462, 1.462, 1.462, 1.462, 1.462, 1.462, 1.462, 1.46, 1.46, 1.46, 0, 
1.526, 1.526, 1.527, 1.528, 1.527, 1.527, 1.526, 1.526, 1.526, 1.526, 1.526, 1.527, 1.528, 1.532, 1.533, 1.534, 1.536, 1.537, 1.538, 1.538, 1.537, 1.536, 1.534, 1.533, 1.532, 1.528, 1.528, 1.527, 1.527, 1.526, 1.527, 1.527, 1.528, 1.528, 1.527, 1.527, 1.526, 1.526, 1.526, 1.526, 1.527, 1.527, 1.528, 1.531, 1.532, 1.533, 1.533, 1.533, 1.533, 1.532, 1.531, 1.527, 1.526, 1.524, 1.524, 1.522, 1.522, 1.521, 1.52, 1.52, 1.52, 1.52, 1.521, 1.522, 1.522, 1.523, 1.524, 1.525, 1.525, 1.526, 1.526, 1.527, 1.528, 1.528, 1.528, 1.528, 1.528, 1.528, 1.528, 1.527, 1.526, 1.525, 1.524, 1.523, 1.522, 1.52, 1.519, 1.518, 1.517, 1.516, 1.516, 1.516, 1.516, 1.516, 1.516, 1.516, 1.516, 1.517, 1.518, 1.518, 1.518, 1.518, 1.517, 1.516, 1.516, 1.516, 1.516, 1.516, 1.516, 1.516, 1.517, 1.518, 1.518, 1.519, 1.52, 1.52, 1.52, 1.52, 1.52, 1.52, 1.519, 1.518, 1.517, 1.516, 1.516, 1.513, 1.513, 1.513, 1.513, 1.512, 1.513, 1.513, 1.516, 1.516, 1.516, 1.517, 1.517, 1.517, 1.516, 1.516, 1.516, 1.516, 1.512, 1.511, 1.511, 1.511, 1.511, 1.511, 1.511, 1.512, 1.512, 1.513, 1.513, 1.516, 1.513, 1.513, 1.513, 1.512, 1.511, 1.511, 1.511, 1.511, 1.511, 1.511, 1.511, 1.511, 1.511, 1.511, 1.51, 1.509, 1.509, 1.509, 1.509, 1.509, 1.51, 1.511, 1.512, 1.513, 1.513, 1.516, 1.516, 1.516, 1.513, 1.513, 1.512, 1.511, 1.51, 1.509, 1.509, 1.509, 1.508, 1.508, 1.507, 1.507, 1.507, 1.507, 1.507, 1.507, 1.506, 1.506, 1.505, 1.505, 1.505, 1.504, 1.503, 1.503, 1.504, 1.505, 1.505, 1.505, 1.505, 1.504, 1.504, 1.504, 1.505, 1.505, 1.505, 1.506, 1.507, 1.508, 1.509, 1.509, 1.51, 1.511, 1.511, 1.512, 1.512, 1.512, 1.512, 1.512, 1.512, 1.511, 1.511, 1.51, 1.509, 1.509, 1.508, 1.507, 1.506, 1.505, 1.505, 1.505, 1.505, 1.505, 1.505, 1.505, 1.505, 1.505, 1.505, 1.505, 1.505, 1.505, 1.504, 1.503, 1.503, 1.502, 1.502, 1.502, 1.502, 1.503, 1.503, 1.503, 1.503, 1.503, 1.504, 1.505, 1.505, 1.506, 1.507, 1.507, 1.508, 1.509, 1.509, 1.508, 1.507, 1.507, 1.507, 1.507, 1.507, 1.507, 1.507, 1.507, 1.507, 1.507, 1.507, 1.506, 1.505, 1.505, 1.503, 1.502, 1.501, 1.501, 1.501, 1.501, 1.501, 1.501, 1.5, 1.5, 1.5, 1.5, 1.5, 1.5, 1.501, 1.501, 1.502, 1.503, 1.503, 1.504, 1.504, 1.503, 1.503, 1.502, 1.501, 1.5, 1.499, 1.496, 1.495, 1.494, 1.493, 1.492, 1.49, 1.489, 1.487, 1.486, 1.485, 1.484, 1.484, 1.483, 1.483, 1.484, 1.484, 1.485, 1.485, 1.486, 1.487, 1.488, 1.488, 1.488, 1.489, 1.489, 1.489, 1.488, 1.487, 1.486, 1.486, 1.484, 1.483, 1.482, 1.48, 1.479, 1.478, 1.476, 1.476, 1.475, 1.474, 1.474, 1.475, 1.475, 1.475, 1.476, 1.476, 1.476, 1.476, 1.475, 1.475, 1.474, 1.474, 1.474, 1.474, 1.474, 1.474, 1.474, 1.474, 1.474, 1.473, 1.473, 1.473, 1.472, 1.472, 1.472, 1.472, 1.472, 1.472, 1.472, 1.472, 1.472, 1.472, 1.472, 1.472, 1.472, 1.472, 1.472, 1.472, 1.471, 1.47, 1.47, 1.47, 1.47, 1.469, 1.469, 1.468, 1.468, 1.468, 1.468, 1.468, 1.468, 1.468, 1.47, 1.471, 1.472, 1.472, 1.472, 1.472, 1.472, 1.472, 1.472, 1.471, 1.471, 1.47, 1.47, 1.468, 1.468, 1.466, 1.466, 1.466, 1.464, 1.464, 1.464, 1.464, 1.464, 1.464, 1.464, 1.464, 1.464, 1.464, 1.462, 1.462, 1.462, 1.462, 1.462, 1.462, 1.462, 1.462, 1.462, 1.462, 1.464, 1.464, 1.464, 1.466, 1.466, 1.464, 1.464, 1.464, 1.462, 1.462, 1.462, 1.462, 1.462, 1.462, 1.46, 1.46, 1.46, 1.46, 1.46, 1.46, 1.462, 1.462, 1.462, 1.462, 1.462, 1.462, 1.462, 1.462, 1.462, 1.462, 1.462, 1.46, 1.46, 1.46, 0, 
1.525, 1.526, 1.527, 1.527, 1.528, 1.527, 1.527, 1.526, 1.526, 1.526, 1.527, 1.527, 1.528, 1.532, 1.533, 1.535, 1.536, 1.537, 1.538, 1.537, 1.536, 1.535, 1.533, 1.532, 1.528, 1.528, 1.527, 1.527, 1.526, 1.526, 1.527, 1.528, 1.528, 1.528, 1.528, 1.528, 1.527, 1.527, 1.527, 1.527, 1.528, 1.528, 1.528, 1.531, 1.532, 1.533, 1.533, 1.533, 1.533, 1.532, 1.528, 1.527, 1.526, 1.525, 1.524, 1.522, 1.522, 1.521, 1.52, 1.52, 1.52, 1.52, 1.52, 1.521, 1.522, 1.522, 1.524, 1.524, 1.525, 1.526, 1.526, 1.527, 1.528, 1.528, 1.528, 1.528, 1.528, 1.528, 1.528, 1.527, 1.526, 1.525, 1.524, 1.523, 1.522, 1.52, 1.519, 1.518, 1.517, 1.516, 1.516, 1.516, 1.516, 1.516, 1.516, 1.516, 1.517, 1.517, 1.518, 1.518, 1.518, 1.518, 1.517, 1.517, 1.516, 1.516, 1.516, 1.516, 1.516, 1.516, 1.517, 1.518, 1.518, 1.519, 1.519, 1.52, 1.52, 1.52, 1.52, 1.519, 1.518, 1.517, 1.517, 1.516, 1.513, 1.512, 1.512, 1.512, 1.512, 1.512, 1.512, 1.512, 1.513, 1.513, 1.516, 1.516, 1.516, 1.516, 1.516, 1.516, 1.516, 1.513, 1.512, 1.511, 1.511, 1.51, 1.51, 1.51, 1.511, 1.511, 1.512, 1.513, 1.513, 1.516, 1.516, 1.513, 1.513, 1.512, 1.512, 1.511, 1.511, 1.511, 1.511, 1.512, 1.512, 1.512, 1.511, 1.511, 1.51, 1.51, 1.509, 1.509, 1.509, 1.509, 1.51, 1.511, 1.512, 1.513, 1.513, 1.516, 1.516, 1.516, 1.513, 1.513, 1.512, 1.511, 1.51, 1.509, 1.509, 1.509, 1.508, 1.507, 1.507, 1.507, 1.507, 1.507, 1.507, 1.506, 1.506, 1.505, 1.505, 1.505, 1.505, 1.504, 1.503, 1.504, 1.504, 1.505, 1.505, 1.504, 1.504, 1.503, 1.503, 1.503, 1.504, 1.504, 1.505, 1.505, 1.506, 1.507, 1.508, 1.509, 1.51, 1.511, 1.511, 1.511, 1.511, 1.511, 1.511, 1.511, 1.511, 1.511, 1.51, 1.509, 1.509, 1.508, 1.507, 1.507, 1.506, 1.505, 1.505, 1.505, 1.505, 1.505, 1.505, 1.505, 1.505, 1.505, 1.505, 1.505, 1.505, 1.505, 1.504, 1.503, 1.502, 1.502, 1.501, 1.501, 1.502, 1.502, 1.503, 1.503, 1.503, 1.503, 1.504, 1.505, 1.505, 1.506, 1.507, 1.507, 1.508, 1.509, 1.509, 1.508, 1.507, 1.507, 1.506, 1.506, 1.506, 1.506, 1.506, 1.507, 1.507, 1.507, 1.507, 1.506, 1.505, 1.505, 1.503, 1.502, 1.502, 1.501, 1.501, 1.501, 1.501, 1.5, 1.5, 1.499, 1.499, 1.499, 1.499, 1.499, 1.5, 1.501, 1.502, 1.502, 1.503, 1.504, 1.504, 1.504, 1.503, 1.502, 1.501, 1.5, 1.5, 1.496, 1.495, 1.495, 1.493, 1.492, 1.49, 1.489, 1.488, 1.486, 1.485, 1.484, 1.484, 1.483, 1.483, 1.483, 1.484, 1.484, 1.485, 1.486, 1.487, 1.488, 1.488, 1.489, 1.49, 1.49, 1.49, 1.489, 1.488, 1.488, 1.486, 1.485, 1.484, 1.482, 1.481, 1.48, 1.478, 1.477, 1.476, 1.475, 1.475, 1.475, 1.475, 1.476, 1.476, 1.476, 1.476, 1.476, 1.476, 1.475, 1.474, 1.474, 1.473, 1.473, 1.473, 1.472, 1.472, 1.472, 1.472, 1.472, 1.472, 1.472, 1.472, 1.472, 1.472, 1.472, 1.472, 1.472, 1.472, 1.472, 1.472, 1.472, 1.472, 1.472, 1.472, 1.473, 1.473, 1.472, 1.472, 1.471, 1.471, 1.47, 1.47, 1.47, 1.47, 1.469, 1.468, 1.468, 1.468, 1.468, 1.468, 1.468, 1.47, 1.471, 1.471, 1.472, 1.472, 1.472, 1.472, 1.472, 1.472, 1.472, 1.472, 1.471, 1.471, 1.47, 1.468, 1.468, 1.468, 1.466, 1.466, 1.464, 1.464, 1.464, 1.464, 1.464, 1.464, 1.464, 1.464, 1.464, 1.464, 1.464, 1.462, 1.462, 1.462, 1.462, 1.462, 1.462, 1.462, 1.462, 1.464, 1.464, 1.464, 1.464, 1.464, 1.464, 1.464, 1.464, 1.464, 1.462, 1.462, 1.462, 1.462, 1.462, 1.462, 1.462, 1.462, 1.462, 1.462, 1.462, 1.462, 1.462, 1.462, 1.462, 1.464, 1.464, 1.464, 1.464, 1.462, 1.462, 1.462, 1.46, 1.46, 1.46, 1.46, 0, 
1.525, 1.526, 1.526, 1.527, 1.528, 1.528, 1.528, 1.527, 1.527, 1.527, 1.528, 1.528, 1.532, 1.533, 1.534, 1.535, 1.536, 1.537, 1.537, 1.537, 1.536, 1.535, 1.532, 1.532, 1.528, 1.527, 1.527, 1.526, 1.526, 1.527, 1.527, 1.528, 1.528, 1.528, 1.528, 1.528, 1.528, 1.528, 1.528, 1.528, 1.528, 1.528, 1.528, 1.528, 1.532, 1.532, 1.533, 1.533, 1.532, 1.532, 1.528, 1.527, 1.526, 1.525, 1.524, 1.522, 1.522, 1.521, 1.52, 1.52, 1.52, 1.52, 1.52, 1.52, 1.521, 1.522, 1.523, 1.524, 1.524, 1.525, 1.526, 1.527, 1.528, 1.531, 1.531, 1.531, 1.528, 1.528, 1.528, 1.527, 1.526, 1.525, 1.524, 1.523, 1.522, 1.52, 1.519, 1.518, 1.517, 1.516, 1.516, 1.516, 1.516, 1.516, 1.516, 1.516, 1.517, 1.518, 1.518, 1.518, 1.518, 1.518, 1.518, 1.517, 1.516, 1.516, 1.516, 1.516, 1.516, 1.516, 1.517, 1.518, 1.518, 1.518, 1.519, 1.519, 1.519, 1.519, 1.519, 1.518, 1.517, 1.517, 1.516, 1.513, 1.512, 1.512, 1.511, 1.511, 1.511, 1.511, 1.511, 1.512, 1.512, 1.513, 1.516, 1.516, 1.516, 1.516, 1.516, 1.516, 1.516, 1.513, 1.512, 1.511, 1.511, 1.51, 1.509, 1.51, 1.511, 1.511, 1.512, 1.513, 1.513, 1.516, 1.516, 1.516, 1.513, 1.513, 1.512, 1.512, 1.512, 1.512, 1.512, 1.512, 1.513, 1.512, 1.511, 1.511, 1.511, 1.51, 1.51, 1.509, 1.509, 1.51, 1.51, 1.511, 1.512, 1.513, 1.513, 1.516, 1.516, 1.516, 1.513, 1.513, 1.512, 1.512, 1.51, 1.51, 1.509, 1.509, 1.508, 1.507, 1.507, 1.507, 1.507, 1.506, 1.506, 1.506, 1.505, 1.505, 1.505, 1.505, 1.505, 1.504, 1.504, 1.504, 1.505, 1.505, 1.505, 1.504, 1.503, 1.503, 1.503, 1.503, 1.503, 1.503, 1.504, 1.504, 1.505, 1.507, 1.507, 1.508, 1.509, 1.51, 1.511, 1.511, 1.511, 1.511, 1.511, 1.511, 1.511, 1.51, 1.509, 1.509, 1.509, 1.508, 1.507, 1.506, 1.506, 1.505, 1.505, 1.505, 1.505, 1.505, 1.505, 1.505, 1.505, 1.505, 1.505, 1.505, 1.505, 1.504, 1.503, 1.503, 1.502, 1.501, 1.501, 1.501, 1.501, 1.502, 1.503, 1.503, 1.503, 1.503, 1.504, 1.505, 1.505, 1.506, 1.507, 1.507, 1.508, 1.509, 1.509, 1.508, 1.507, 1.506, 1.506, 1.505, 1.505, 1.505, 1.506, 1.506, 1.507, 1.507, 1.506, 1.506, 1.505, 1.505, 1.503, 1.503, 1.502, 1.501, 1.501, 1.501, 1.5, 1.5, 1.499, 1.499, 1.496, 1.496, 1.496, 1.499, 1.499, 1.5, 1.501, 1.502, 1.503, 1.504, 1.504, 1.504, 1.503, 1.503, 1.501, 1.501, 1.5, 1.499, 1.496, 1.495, 1.494, 1.492, 1.491, 1.489, 1.488, 1.486, 1.485, 1.484, 1.484, 1.483, 1.482, 1.483, 1.483, 1.484, 1.485, 1.486, 1.486, 1.488, 1.489, 1.49, 1.49, 1.491, 1.491, 1.49, 1.49, 1.489, 1.488, 1.486, 1.485, 1.483, 1.482, 1.48, 1.479, 1.478, 1.477, 1.476, 1.476, 1.476, 1.476, 1.476, 1.476, 1.477, 1.476, 1.476, 1.476, 1.475, 1.474, 1.473, 1.472, 1.472, 1.472, 1.472, 1.472, 1.472, 1.472, 1.471, 1.471, 1.471, 1.471, 1.471, 1.471, 1.471, 1.472, 1.472, 1.472, 1.472, 1.472, 1.472, 1.472, 1.472, 1.473, 1.473, 1.473, 1.472, 1.472, 1.472, 1.471, 1.47, 1.47, 1.47, 1.47, 1.47, 1.47, 1.47, 1.47, 1.47, 1.47, 1.47, 1.471, 1.471, 1.472, 1.472, 1.472, 1.472, 1.472, 1.472, 1.472, 1.472, 1.472, 1.472, 1.471, 1.471, 1.47, 1.468, 1.468, 1.466, 1.466, 1.466, 1.464, 1.464, 1.464, 1.464, 1.464, 1.464, 1.464, 1.464, 1.464, 1.464, 1.464, 1.464, 1.464, 1.464, 1.464, 1.464, 1.464, 1.464, 1.464, 1.464, 1.464, 1.464, 1.464, 1.464, 1.464, 1.464, 1.464, 1.462, 1.462, 1.462, 1.462, 1.462, 1.462, 1.462, 1.462, 1.462, 1.462, 1.462, 1.462, 1.462, 1.464, 1.464, 1.464, 1.464, 1.464, 1.462, 1.462, 1.462, 1.46, 1.46, 1.458, 1.458, 1.458, 0, 
1.524, 1.525, 1.526, 1.527, 1.528, 1.528, 1.528, 1.528, 1.528, 1.528, 1.528, 1.528, 1.532, 1.533, 1.534, 1.535, 1.536, 1.537, 1.536, 1.536, 1.535, 1.535, 1.531, 1.531, 1.527, 1.527, 1.526, 1.526, 1.526, 1.527, 1.527, 1.528, 1.528, 1.531, 1.531, 1.528, 1.528, 1.528, 1.528, 1.528, 1.528, 1.528, 1.528, 1.528, 1.531, 1.532, 1.532, 1.532, 1.532, 1.531, 1.531, 1.527, 1.526, 1.525, 1.524, 1.523, 1.522, 1.521, 1.52, 1.52, 1.519, 1.519, 1.519, 1.519, 1.52, 1.521, 1.522, 1.523, 1.524, 1.525, 1.526, 1.527, 1.531, 1.531, 1.531, 1.531, 1.531, 1.528, 1.528, 1.527, 1.526, 1.525, 1.524, 1.522, 1.521, 1.52, 1.518, 1.517, 1.516, 1.516, 1.516, 1.516, 1.516, 1.516, 1.516, 1.516, 1.517, 1.518, 1.519, 1.519, 1.519, 1.519, 1.518, 1.518, 1.517, 1.517, 1.516, 1.516, 1.516, 1.516, 1.517, 1.518, 1.518, 1.518, 1.518, 1.518, 1.518, 1.518, 1.518, 1.517, 1.516, 1.516, 1.513, 1.512, 1.512, 1.511, 1.511, 1.511, 1.511, 1.511, 1.511, 1.511, 1.512, 1.512, 1.513, 1.516, 1.516, 1.516, 1.516, 1.516, 1.513, 1.513, 1.512, 1.511, 1.511, 1.51, 1.51, 1.51, 1.511, 1.511, 1.512, 1.513, 1.513, 1.516, 1.516, 1.516, 1.513, 1.513, 1.513, 1.513, 1.512, 1.513, 1.513, 1.513, 1.513, 1.512, 1.512, 1.511, 1.511, 1.511, 1.51, 1.51, 1.51, 1.51, 1.511, 1.511, 1.512, 1.513, 1.513, 1.513, 1.516, 1.516, 1.513, 1.513, 1.513, 1.512, 1.511, 1.51, 1.509, 1.509, 1.508, 1.507, 1.507, 1.507, 1.506, 1.506, 1.505, 1.505, 1.505, 1.505, 1.505, 1.505, 1.505, 1.504, 1.504, 1.505, 1.505, 1.505, 1.504, 1.504, 1.503, 1.503, 1.502, 1.502, 1.502, 1.502, 1.503, 1.504, 1.505, 1.506, 1.507, 1.508, 1.509, 1.51, 1.51, 1.511, 1.511, 1.511, 1.51, 1.51, 1.51, 1.509, 1.509, 1.509, 1.508, 1.507, 1.507, 1.506, 1.505, 1.505, 1.505, 1.505, 1.505, 1.505, 1.505, 1.505, 1.505, 1.505, 1.505, 1.505, 1.505, 1.504, 1.503, 1.503, 1.502, 1.501, 1.501, 1.501, 1.501, 1.502, 1.503, 1.503, 1.503, 1.503, 1.504, 1.505, 1.505, 1.506, 1.507, 1.507, 1.508, 1.509, 1.509, 1.508, 1.507, 1.506, 1.505, 1.505, 1.505, 1.505, 1.505, 1.506, 1.506, 1.506, 1.506, 1.505, 1.505, 1.504, 1.503, 1.503, 1.503, 1.502, 1.501, 1.501, 1.5, 1.499, 1.499, 1.496, 1.496, 1.496, 1.496, 1.496, 1.499, 1.5, 1.501, 1.502, 1.503, 1.504, 1.504, 1.504, 1.504, 1.503, 1.502, 1.501, 1.5, 1.499, 1.496, 1.495, 1.494, 1.493, 1.491, 1.49, 1.488, 1.486, 1.485, 1.484, 1.484, 1.483, 1.482, 1.482, 1.483, 1.484, 1.484, 1.486, 1.487, 1.488, 1.489, 1.49, 1.491, 1.492, 1.492, 1.491, 1.491, 1.49, 1.489, 1.488, 1.486, 1.484, 1.483, 1.481, 1.48, 1.479, 1.478, 1.477, 1.477, 1.477, 1.477, 1.477, 1.478, 1.478, 1.477, 1.477, 1.476, 1.475, 1.474, 1.473, 1.472, 1.471, 1.471, 1.471, 1.471, 1.471, 1.471, 1.471, 1.47, 1.47, 1.47, 1.47, 1.47, 1.471, 1.471, 1.472, 1.472, 1.472, 1.472, 1.472, 1.472, 1.472, 1.473, 1.474, 1.473, 1.472, 1.472, 1.472, 1.471, 1.47, 1.47, 1.47, 1.47, 1.47, 1.47, 1.47, 1.47, 1.47, 1.471, 1.471, 1.471, 1.472, 1.472, 1.472, 1.472, 1.472, 1.472, 1.472, 1.472, 1.472, 1.472, 1.472, 1.472, 1.471, 1.471, 1.468, 1.468, 1.468, 1.466, 1.466, 1.464, 1.464, 1.464, 1.464, 1.464, 1.464, 1.464, 1.464, 1.464, 1.464, 1.464, 1.464, 1.464, 1.464, 1.464, 1.464, 1.464, 1.464, 1.464, 1.464, 1.464, 1.464, 1.464, 1.464, 1.464, 1.464, 1.464, 1.464, 1.462, 1.462, 1.462, 1.462, 1.462, 1.462, 1.462, 1.462, 1.462, 1.464, 1.464, 1.464, 1.466, 1.466, 1.466, 1.464, 1.464, 1.462, 1.462, 1.46, 1.46, 1.458, 1.458, 1.458, 1.458, 0, 
1.523, 1.524, 1.526, 1.527, 1.528, 1.528, 1.528, 1.528, 1.528, 1.528, 1.528, 1.532, 1.532, 1.533, 1.534, 1.535, 1.535, 1.536, 1.536, 1.535, 1.534, 1.533, 1.532, 1.531, 1.527, 1.526, 1.526, 1.526, 1.526, 1.527, 1.527, 1.528, 1.528, 1.531, 1.531, 1.531, 1.528, 1.528, 1.528, 1.528, 1.528, 1.528, 1.528, 1.528, 1.531, 1.531, 1.532, 1.532, 1.532, 1.531, 1.531, 1.527, 1.526, 1.525, 1.524, 1.523, 1.522, 1.521, 1.52, 1.519, 1.518, 1.518, 1.518, 1.518, 1.519, 1.52, 1.521, 1.522, 1.524, 1.524, 1.526, 1.527, 1.531, 1.531, 1.531, 1.531, 1.531, 1.528, 1.528, 1.527, 1.526, 1.525, 1.524, 1.522, 1.521, 1.52, 1.518, 1.517, 1.516, 1.516, 1.513, 1.513, 1.513, 1.516, 1.516, 1.517, 1.518, 1.519, 1.519, 1.52, 1.52, 1.52, 1.519, 1.519, 1.518, 1.518, 1.517, 1.517, 1.517, 1.517, 1.517, 1.518, 1.518, 1.518, 1.518, 1.518, 1.518, 1.517, 1.517, 1.516, 1.516, 1.516, 1.512, 1.512, 1.511, 1.51, 1.51, 1.51, 1.51, 1.51, 1.51, 1.511, 1.511, 1.512, 1.513, 1.516, 1.516, 1.516, 1.516, 1.516, 1.513, 1.513, 1.512, 1.511, 1.511, 1.51, 1.51, 1.51, 1.511, 1.512, 1.513, 1.513, 1.516, 1.516, 1.516, 1.516, 1.516, 1.516, 1.513, 1.513, 1.513, 1.513, 1.513, 1.513, 1.513, 1.513, 1.512, 1.512, 1.511, 1.511, 1.511, 1.511, 1.511, 1.511, 1.511, 1.511, 1.512, 1.512, 1.513, 1.513, 1.516, 1.516, 1.513, 1.513, 1.513, 1.512, 1.511, 1.51, 1.509, 1.509, 1.508, 1.507, 1.507, 1.506, 1.506, 1.505, 1.505, 1.505, 1.505, 1.505, 1.505, 1.505, 1.505, 1.505, 1.505, 1.505, 1.505, 1.505, 1.504, 1.503, 1.503, 1.502, 1.502, 1.501, 1.501, 1.502, 1.502, 1.503, 1.504, 1.505, 1.506, 1.507, 1.508, 1.509, 1.509, 1.51, 1.51, 1.51, 1.51, 1.509, 1.509, 1.509, 1.509, 1.508, 1.508, 1.507, 1.506, 1.506, 1.505, 1.505, 1.505, 1.505, 1.505, 1.505, 1.505, 1.505, 1.505, 1.505, 1.505, 1.505, 1.505, 1.504, 1.503, 1.503, 1.502, 1.501, 1.501, 1.501, 1.501, 1.502, 1.503, 1.503, 1.503, 1.503, 1.504, 1.505, 1.505, 1.506, 1.507, 1.507, 1.508, 1.509, 1.508, 1.507, 1.506, 1.506, 1.505, 1.505, 1.505, 1.505, 1.505, 1.505, 1.505, 1.505, 1.505, 1.505, 1.505, 1.504, 1.503, 1.503, 1.503, 1.502, 1.502, 1.501, 1.5, 1.499, 1.499, 1.496, 1.496, 1.496, 1.496, 1.496, 1.496, 1.5, 1.5, 1.501, 1.503, 1.504, 1.505, 1.505, 1.504, 1.503, 1.502, 1.501, 1.5, 1.499, 1.496, 1.495, 1.495, 1.493, 1.492, 1.49, 1.488, 1.487, 1.486, 1.484, 1.484, 1.483, 1.482, 1.482, 1.483, 1.484, 1.484, 1.486, 1.487, 1.488, 1.49, 1.491, 1.492, 1.492, 1.492, 1.492, 1.492, 1.491, 1.49, 1.489, 1.488, 1.486, 1.484, 1.482, 1.481, 1.48, 1.479, 1.478, 1.478, 1.478, 1.478, 1.478, 1.479, 1.479, 1.478, 1.478, 1.477, 1.476, 1.474, 1.473, 1.472, 1.471, 1.468, 1.468, 1.468, 1.468, 1.468, 1.468, 1.468, 1.468, 1.468, 1.468, 1.47, 1.47, 1.471, 1.471, 1.472, 1.472, 1.472, 1.472, 1.472, 1.473, 1.473, 1.474, 1.473, 1.473, 1.472, 1.472, 1.471, 1.471, 1.47, 1.47, 1.47, 1.47, 1.47, 1.47, 1.47, 1.471, 1.471, 1.472, 1.472, 1.472, 1.472, 1.472, 1.472, 1.472, 1.472, 1.472, 1.472, 1.472, 1.472, 1.472, 1.472, 1.472, 1.471, 1.47, 1.468, 1.468, 1.466, 1.466, 1.464, 1.464, 1.464, 1.464, 1.464, 1.464, 1.464, 1.464, 1.464, 1.464, 1.464, 1.464, 1.464, 1.464, 1.464, 1.464, 1.464, 1.464, 1.464, 1.466, 1.466, 1.466, 1.466, 1.464, 1.464, 1.464, 1.464, 1.464, 1.464, 1.464, 1.464, 1.464, 1.464, 1.464, 1.464, 1.464, 1.464, 1.466, 1.466, 1.466, 1.466, 1.466, 1.464, 1.464, 1.462, 1.462, 1.46, 1.458, 1.458, 1.458, 1.458, 1.458, 1.458, 0, 
1.523, 1.524, 1.525, 1.526, 1.527, 1.528, 1.528, 1.528, 1.528, 1.528, 1.531, 1.532, 1.533, 1.533, 1.534, 1.535, 1.535, 1.535, 1.535, 1.534, 1.533, 1.532, 1.531, 1.527, 1.527, 1.526, 1.526, 1.526, 1.526, 1.526, 1.527, 1.528, 1.531, 1.531, 1.532, 1.532, 1.531, 1.528, 1.528, 1.528, 1.528, 1.528, 1.528, 1.528, 1.531, 1.531, 1.531, 1.531, 1.531, 1.531, 1.531, 1.527, 1.526, 1.525, 1.524, 1.523, 1.522, 1.52, 1.52, 1.519, 1.518, 1.517, 1.517, 1.517, 1.518, 1.519, 1.52, 1.522, 1.523, 1.524, 1.525, 1.527, 1.531, 1.531, 1.531, 1.531, 1.531, 1.528, 1.528, 1.527, 1.526, 1.524, 1.524, 1.522, 1.521, 1.52, 1.518, 1.517, 1.516, 1.516, 1.513, 1.513, 1.513, 1.516, 1.516, 1.517, 1.518, 1.519, 1.52, 1.52, 1.52, 1.52, 1.52, 1.519, 1.519, 1.518, 1.518, 1.518, 1.518, 1.518, 1.518, 1.518, 1.518, 1.518, 1.518, 1.518, 1.517, 1.517, 1.516, 1.516, 1.516, 1.513, 1.512, 1.511, 1.511, 1.51, 1.509, 1.509, 1.509, 1.509, 1.51, 1.511, 1.511, 1.512, 1.512, 1.516, 1.516, 1.516, 1.516, 1.516, 1.513, 1.513, 1.512, 1.511, 1.511, 1.511, 1.511, 1.511, 1.511, 1.512, 1.513, 1.513, 1.513, 1.516, 1.516, 1.516, 1.516, 1.516, 1.516, 1.513, 1.513, 1.513, 1.513, 1.516, 1.516, 1.516, 1.513, 1.512, 1.512, 1.511, 1.511, 1.511, 1.511, 1.511, 1.511, 1.511, 1.511, 1.512, 1.513, 1.513, 1.513, 1.513, 1.513, 1.513, 1.513, 1.512, 1.511, 1.511, 1.51, 1.509, 1.508, 1.507, 1.507, 1.506, 1.505, 1.505, 1.505, 1.505, 1.505, 1.505, 1.505, 1.505, 1.505, 1.505, 1.505, 1.505, 1.505, 1.505, 1.504, 1.503, 1.503, 1.502, 1.501, 1.501, 1.501, 1.501, 1.502, 1.503, 1.504, 1.505, 1.506, 1.507, 1.507, 1.508, 1.509, 1.509, 1.509, 1.509, 1.509, 1.508, 1.508, 1.508, 1.508, 1.507, 1.507, 1.506, 1.506, 1.505, 1.505, 1.505, 1.505, 1.505, 1.505, 1.505, 1.505, 1.505, 1.505, 1.505, 1.505, 1.505, 1.505, 1.504, 1.503, 1.503, 1.502, 1.501, 1.501, 1.501, 1.502, 1.502, 1.503, 1.503, 1.503, 1.503, 1.504, 1.505, 1.506, 1.507, 1.507, 1.507, 1.508, 1.509, 1.508, 1.507, 1.506, 1.505, 1.505, 1.504, 1.504, 1.504, 1.504, 1.504, 1.505, 1.505, 1.505, 1.505, 1.505, 1.504, 1.503, 1.503, 1.503, 1.503, 1.502, 1.501, 1.5, 1.499, 1.496, 1.496, 1.495, 1.495, 1.495, 1.495, 1.496, 1.496, 1.5, 1.501, 1.503, 1.504, 1.505, 1.505, 1.505, 1.504, 1.503, 1.502, 1.501, 1.5, 1.499, 1.496, 1.495, 1.494, 1.492, 1.491, 1.488, 1.487, 1.486, 1.485, 1.484, 1.483, 1.482, 1.483, 1.483, 1.484, 1.485, 1.486, 1.487, 1.488, 1.49, 1.491, 1.492, 1.493, 1.494, 1.494, 1.493, 1.492, 1.491, 1.49, 1.489, 1.487, 1.486, 1.484, 1.482, 1.481, 1.48, 1.48, 1.479, 1.479, 1.479, 1.479, 1.48, 1.48, 1.479, 1.478, 1.477, 1.476, 1.474, 1.473, 1.472, 1.471, 1.468, 1.468, 1.468, 1.468, 1.468, 1.468, 1.468, 1.468, 1.468, 1.468, 1.47, 1.47, 1.47, 1.471, 1.472, 1.472, 1.472, 1.472, 1.473, 1.473, 1.474, 1.474, 1.474, 1.473, 1.472, 1.472, 1.472, 1.471, 1.47, 1.47, 1.47, 1.47, 1.47, 1.471, 1.471, 1.471, 1.472, 1.472, 1.473, 1.473, 1.473, 1.473, 1.472, 1.472, 1.472, 1.472, 1.472, 1.472, 1.472, 1.472, 1.472, 1.472, 1.471, 1.471, 1.468, 1.468, 1.466, 1.466, 1.464, 1.464, 1.464, 1.464, 1.464, 1.464, 1.464, 1.464, 1.464, 1.464, 1.464, 1.464, 1.464, 1.464, 1.464, 1.464, 1.464, 1.466, 1.466, 1.466, 1.466, 1.466, 1.466, 1.466, 1.464, 1.464, 1.464, 1.464, 1.464, 1.464, 1.464, 1.464, 1.464, 1.464, 1.466, 1.466, 1.466, 1.466, 1.466, 1.466, 1.466, 1.466, 1.464, 1.462, 1.462, 1.46, 1.46, 1.458, 1.458, 1.458, 1.456, 1.456, 1.458, 0, 
1.523, 1.524, 1.525, 1.526, 1.527, 1.527, 1.528, 1.528, 1.528, 1.528, 1.531, 1.532, 1.533, 1.534, 1.535, 1.535, 1.535, 1.535, 1.535, 1.534, 1.533, 1.532, 1.531, 1.527, 1.526, 1.526, 1.525, 1.525, 1.526, 1.526, 1.527, 1.528, 1.531, 1.531, 1.532, 1.532, 1.531, 1.531, 1.528, 1.528, 1.528, 1.528, 1.528, 1.528, 1.531, 1.531, 1.531, 1.531, 1.531, 1.531, 1.528, 1.527, 1.526, 1.525, 1.524, 1.522, 1.521, 1.52, 1.519, 1.518, 1.517, 1.516, 1.516, 1.516, 1.517, 1.518, 1.519, 1.521, 1.522, 1.523, 1.524, 1.526, 1.531, 1.531, 1.531, 1.531, 1.531, 1.531, 1.528, 1.527, 1.526, 1.524, 1.524, 1.522, 1.52, 1.52, 1.518, 1.517, 1.516, 1.516, 1.513, 1.513, 1.513, 1.516, 1.516, 1.517, 1.518, 1.52, 1.521, 1.521, 1.521, 1.521, 1.52, 1.52, 1.52, 1.519, 1.518, 1.518, 1.518, 1.518, 1.518, 1.518, 1.518, 1.518, 1.518, 1.517, 1.517, 1.516, 1.516, 1.516, 1.513, 1.512, 1.512, 1.511, 1.51, 1.51, 1.509, 1.509, 1.509, 1.509, 1.509, 1.51, 1.511, 1.512, 1.512, 1.513, 1.516, 1.516, 1.516, 1.516, 1.513, 1.513, 1.512, 1.512, 1.511, 1.511, 1.511, 1.511, 1.512, 1.512, 1.513, 1.513, 1.513, 1.516, 1.516, 1.516, 1.516, 1.516, 1.516, 1.516, 1.516, 1.516, 1.516, 1.516, 1.516, 1.516, 1.516, 1.513, 1.512, 1.512, 1.511, 1.511, 1.511, 1.511, 1.511, 1.511, 1.511, 1.512, 1.512, 1.513, 1.513, 1.513, 1.513, 1.513, 1.513, 1.512, 1.511, 1.511, 1.51, 1.509, 1.509, 1.507, 1.507, 1.506, 1.505, 1.505, 1.505, 1.505, 1.505, 1.505, 1.505, 1.505, 1.505, 1.505, 1.505, 1.505, 1.505, 1.505, 1.504, 1.503, 1.503, 1.502, 1.501, 1.501, 1.501, 1.501, 1.502, 1.502, 1.503, 1.504, 1.505, 1.506, 1.507, 1.507, 1.507, 1.508, 1.508, 1.508, 1.507, 1.507, 1.507, 1.507, 1.507, 1.506, 1.506, 1.506, 1.505, 1.505, 1.505, 1.505, 1.505, 1.505, 1.505, 1.505, 1.505, 1.505, 1.505, 1.505, 1.505, 1.505, 1.505, 1.504, 1.503, 1.503, 1.502, 1.502, 1.502, 1.502, 1.502, 1.503, 1.503, 1.503, 1.503, 1.503, 1.504, 1.505, 1.506, 1.507, 1.507, 1.507, 1.508, 1.508, 1.508, 1.507, 1.506, 1.505, 1.504, 1.504, 1.503, 1.503, 1.503, 1.503, 1.504, 1.504, 1.504, 1.504, 1.504, 1.504, 1.503, 1.503, 1.503, 1.503, 1.502, 1.501, 1.5, 1.496, 1.496, 1.495, 1.495, 1.494, 1.494, 1.495, 1.495, 1.496, 1.5, 1.501, 1.503, 1.504, 1.505, 1.505, 1.505, 1.504, 1.503, 1.502, 1.501, 1.5, 1.499, 1.496, 1.495, 1.494, 1.493, 1.492, 1.488, 1.487, 1.486, 1.485, 1.484, 1.483, 1.483, 1.483, 1.484, 1.484, 1.485, 1.486, 1.487, 1.488, 1.491, 1.492, 1.493, 1.494, 1.495, 1.495, 1.494, 1.493, 1.492, 1.491, 1.49, 1.488, 1.487, 1.485, 1.484, 1.482, 1.482, 1.481, 1.48, 1.48, 1.48, 1.48, 1.48, 1.48, 1.48, 1.479, 1.478, 1.476, 1.475, 1.473, 1.472, 1.471, 1.468, 1.468, 1.466, 1.466, 1.466, 1.468, 1.468, 1.468, 1.468, 1.468, 1.47, 1.47, 1.47, 1.471, 1.472, 1.472, 1.473, 1.473, 1.474, 1.474, 1.474, 1.474, 1.474, 1.473, 1.472, 1.472, 1.472, 1.471, 1.471, 1.47, 1.47, 1.471, 1.471, 1.471, 1.472, 1.472, 1.473, 1.473, 1.473, 1.474, 1.474, 1.473, 1.472, 1.472, 1.472, 1.472, 1.472, 1.472, 1.472, 1.472, 1.472, 1.472, 1.471, 1.471, 1.468, 1.468, 1.466, 1.466, 1.464, 1.464, 1.464, 1.464, 1.464, 1.464, 1.464, 1.466, 1.466, 1.466, 1.464, 1.464, 1.464, 1.464, 1.464, 1.466, 1.466, 1.466, 1.466, 1.466, 1.466, 1.466, 1.466, 1.466, 1.466, 1.464, 1.464, 1.464, 1.466, 1.466, 1.466, 1.466, 1.466, 1.466, 1.466, 1.466, 1.466, 1.466, 1.466, 1.466, 1.466, 1.466, 1.464, 1.462, 1.462, 1.46, 1.458, 1.458, 1.458, 1.458, 1.456, 1.456, 1.458, 0, 
1.523, 1.524, 1.524, 1.526, 1.526, 1.527, 1.528, 1.528, 1.528, 1.531, 1.531, 1.532, 1.533, 1.534, 1.535, 1.535, 1.535, 1.535, 1.534, 1.533, 1.532, 1.531, 1.527, 1.527, 1.526, 1.526, 1.525, 1.525, 1.526, 1.526, 1.527, 1.528, 1.531, 1.531, 1.532, 1.532, 1.532, 1.531, 1.531, 1.528, 1.528, 1.528, 1.528, 1.528, 1.531, 1.531, 1.531, 1.531, 1.531, 1.531, 1.528, 1.527, 1.526, 1.525, 1.524, 1.522, 1.521, 1.52, 1.519, 1.518, 1.517, 1.516, 1.516, 1.516, 1.516, 1.517, 1.519, 1.52, 1.522, 1.522, 1.524, 1.526, 1.527, 1.531, 1.531, 1.531, 1.531, 1.528, 1.528, 1.527, 1.526, 1.524, 1.523, 1.522, 1.52, 1.52, 1.518, 1.517, 1.516, 1.516, 1.516, 1.516, 1.516, 1.516, 1.517, 1.518, 1.519, 1.521, 1.522, 1.522, 1.522, 1.522, 1.521, 1.521, 1.52, 1.519, 1.519, 1.518, 1.518, 1.518, 1.518, 1.518, 1.518, 1.518, 1.517, 1.517, 1.516, 1.516, 1.516, 1.513, 1.512, 1.512, 1.511, 1.511, 1.51, 1.509, 1.509, 1.509, 1.509, 1.509, 1.509, 1.51, 1.511, 1.511, 1.512, 1.513, 1.516, 1.516, 1.516, 1.516, 1.516, 1.513, 1.513, 1.512, 1.512, 1.512, 1.512, 1.512, 1.512, 1.513, 1.513, 1.513, 1.513, 1.513, 1.516, 1.516, 1.516, 1.516, 1.516, 1.516, 1.516, 1.516, 1.516, 1.516, 1.516, 1.516, 1.516, 1.516, 1.513, 1.512, 1.512, 1.511, 1.511, 1.511, 1.511, 1.511, 1.511, 1.511, 1.512, 1.513, 1.513, 1.513, 1.513, 1.513, 1.513, 1.512, 1.511, 1.511, 1.51, 1.509, 1.509, 1.508, 1.507, 1.506, 1.505, 1.505, 1.505, 1.505, 1.505, 1.505, 1.505, 1.505, 1.505, 1.505, 1.505, 1.505, 1.505, 1.505, 1.505, 1.504, 1.503, 1.502, 1.501, 1.501, 1.501, 1.501, 1.501, 1.502, 1.503, 1.504, 1.505, 1.506, 1.506, 1.507, 1.507, 1.507, 1.507, 1.506, 1.506, 1.506, 1.506, 1.506, 1.506, 1.505, 1.505, 1.505, 1.505, 1.505, 1.505, 1.505, 1.505, 1.505, 1.505, 1.504, 1.504, 1.504, 1.505, 1.505, 1.505, 1.505, 1.505, 1.505, 1.504, 1.503, 1.503, 1.503, 1.503, 1.503, 1.503, 1.503, 1.503, 1.503, 1.503, 1.503, 1.504, 1.505, 1.506, 1.506, 1.507, 1.507, 1.508, 1.508, 1.507, 1.506, 1.505, 1.505, 1.504, 1.503, 1.503, 1.503, 1.503, 1.503, 1.503, 1.503, 1.503, 1.503, 1.503, 1.503, 1.503, 1.503, 1.503, 1.502, 1.501, 1.501, 1.5, 1.496, 1.496, 1.495, 1.494, 1.494, 1.494, 1.494, 1.495, 1.496, 1.5, 1.501, 1.503, 1.505, 1.506, 1.506, 1.506, 1.505, 1.504, 1.503, 1.502, 1.5, 1.5, 1.499, 1.495, 1.495, 1.494, 1.493, 1.489, 1.488, 1.486, 1.485, 1.484, 1.483, 1.483, 1.484, 1.484, 1.484, 1.485, 1.486, 1.487, 1.488, 1.492, 1.492, 1.493, 1.494, 1.495, 1.495, 1.495, 1.494, 1.493, 1.492, 1.491, 1.49, 1.488, 1.486, 1.485, 1.484, 1.483, 1.482, 1.482, 1.482, 1.482, 1.482, 1.481, 1.481, 1.481, 1.48, 1.478, 1.477, 1.475, 1.474, 1.472, 1.471, 1.468, 1.468, 1.466, 1.466, 1.466, 1.468, 1.466, 1.466, 1.468, 1.468, 1.47, 1.47, 1.471, 1.471, 1.472, 1.473, 1.473, 1.474, 1.474, 1.474, 1.474, 1.474, 1.474, 1.473, 1.472, 1.472, 1.472, 1.472, 1.471, 1.471, 1.471, 1.471, 1.472, 1.472, 1.472, 1.473, 1.473, 1.474, 1.474, 1.474, 1.474, 1.473, 1.472, 1.472, 1.472, 1.472, 1.472, 1.472, 1.472, 1.472, 1.472, 1.472, 1.472, 1.471, 1.468, 1.468, 1.466, 1.466, 1.464, 1.464, 1.464, 1.464, 1.464, 1.464, 1.466, 1.466, 1.466, 1.466, 1.466, 1.466, 1.466, 1.466, 1.466, 1.466, 1.466, 1.466, 1.466, 1.466, 1.466, 1.466, 1.466, 1.466, 1.466, 1.466, 1.466, 1.466, 1.466, 1.466, 1.466, 1.466, 1.466, 1.466, 1.466, 1.466, 1.468, 1.468, 1.468, 1.468, 1.466, 1.466, 1.464, 1.462, 1.462, 1.46, 1.458, 1.458, 1.456, 1.456, 1.456, 1.456, 1.456, 0, 
1.523, 1.524, 1.524, 1.525, 1.526, 1.527, 1.527, 1.528, 1.528, 1.531, 1.532, 1.533, 1.534, 1.534, 1.535, 1.535, 1.535, 1.534, 1.533, 1.532, 1.531, 1.528, 1.527, 1.526, 1.526, 1.526, 1.525, 1.525, 1.526, 1.526, 1.527, 1.528, 1.531, 1.531, 1.532, 1.533, 1.532, 1.531, 1.531, 1.531, 1.531, 1.531, 1.531, 1.531, 1.531, 1.531, 1.531, 1.531, 1.531, 1.531, 1.528, 1.527, 1.526, 1.524, 1.524, 1.522, 1.521, 1.52, 1.518, 1.517, 1.516, 1.516, 1.516, 1.516, 1.516, 1.517, 1.518, 1.52, 1.521, 1.521, 1.525, 1.526, 1.527, 1.531, 1.531, 1.531, 1.531, 1.528, 1.527, 1.527, 1.525, 1.524, 1.523, 1.522, 1.52, 1.52, 1.518, 1.517, 1.516, 1.516, 1.516, 1.516, 1.516, 1.517, 1.518, 1.519, 1.52, 1.521, 1.523, 1.523, 1.523, 1.523, 1.522, 1.522, 1.521, 1.52, 1.519, 1.519, 1.518, 1.518, 1.518, 1.518, 1.518, 1.517, 1.517, 1.516, 1.516, 1.516, 1.516, 1.512, 1.512, 1.511, 1.511, 1.511, 1.51, 1.509, 1.509, 1.509, 1.509, 1.509, 1.509, 1.51, 1.511, 1.511, 1.512, 1.513, 1.516, 1.516, 1.516, 1.516, 1.516, 1.516, 1.513, 1.513, 1.513, 1.512, 1.512, 1.512, 1.512, 1.512, 1.513, 1.513, 1.513, 1.513, 1.516, 1.516, 1.516, 1.516, 1.516, 1.516, 1.516, 1.516, 1.516, 1.516, 1.516, 1.516, 1.516, 1.516, 1.516, 1.513, 1.512, 1.512, 1.511, 1.511, 1.511, 1.511, 1.511, 1.511, 1.512, 1.512, 1.513, 1.513, 1.513, 1.513, 1.513, 1.512, 1.511, 1.511, 1.51, 1.509, 1.509, 1.508, 1.507, 1.506, 1.506, 1.505, 1.505, 1.505, 1.505, 1.505, 1.505, 1.505, 1.505, 1.505, 1.505, 1.505, 1.505, 1.505, 1.505, 1.504, 1.503, 1.502, 1.501, 1.501, 1.501, 1.501, 1.501, 1.502, 1.503, 1.503, 1.504, 1.505, 1.505, 1.505, 1.506, 1.506, 1.506, 1.505, 1.505, 1.505, 1.505, 1.505, 1.505, 1.505, 1.505, 1.505, 1.505, 1.505, 1.505, 1.505, 1.505, 1.505, 1.505, 1.504, 1.503, 1.504, 1.504, 1.505, 1.505, 1.505, 1.505, 1.505, 1.504, 1.503, 1.503, 1.503, 1.503, 1.503, 1.503, 1.503, 1.503, 1.503, 1.503, 1.503, 1.504, 1.505, 1.505, 1.506, 1.507, 1.507, 1.507, 1.507, 1.506, 1.506, 1.505, 1.504, 1.503, 1.503, 1.502, 1.502, 1.502, 1.502, 1.503, 1.503, 1.503, 1.503, 1.503, 1.503, 1.503, 1.503, 1.503, 1.502, 1.501, 1.501, 1.5, 1.496, 1.496, 1.495, 1.494, 1.494, 1.494, 1.494, 1.495, 1.495, 1.5, 1.501, 1.503, 1.505, 1.506, 1.507, 1.507, 1.506, 1.505, 1.503, 1.502, 1.501, 1.5, 1.499, 1.496, 1.495, 1.494, 1.492, 1.49, 1.488, 1.487, 1.486, 1.485, 1.484, 1.484, 1.484, 1.484, 1.484, 1.485, 1.486, 1.488, 1.489, 1.492, 1.492, 1.493, 1.494, 1.495, 1.496, 1.495, 1.495, 1.494, 1.493, 1.492, 1.491, 1.49, 1.488, 1.487, 1.485, 1.484, 1.483, 1.483, 1.482, 1.482, 1.482, 1.482, 1.482, 1.481, 1.48, 1.479, 1.478, 1.476, 1.474, 1.472, 1.471, 1.468, 1.468, 1.466, 1.466, 1.466, 1.466, 1.466, 1.466, 1.468, 1.468, 1.47, 1.47, 1.471, 1.472, 1.473, 1.473, 1.474, 1.474, 1.474, 1.474, 1.474, 1.474, 1.473, 1.473, 1.472, 1.472, 1.472, 1.472, 1.472, 1.472, 1.472, 1.472, 1.472, 1.472, 1.473, 1.474, 1.474, 1.474, 1.474, 1.474, 1.474, 1.473, 1.472, 1.472, 1.472, 1.472, 1.472, 1.472, 1.472, 1.472, 1.472, 1.472, 1.472, 1.471, 1.47, 1.469, 1.466, 1.466, 1.466, 1.464, 1.464, 1.464, 1.464, 1.464, 1.466, 1.466, 1.466, 1.466, 1.466, 1.466, 1.464, 1.464, 1.466, 1.466, 1.466, 1.466, 1.466, 1.466, 1.466, 1.466, 1.466, 1.466, 1.466, 1.466, 1.466, 1.466, 1.466, 1.466, 1.466, 1.466, 1.466, 1.466, 1.468, 1.469, 1.469, 1.469, 1.469, 1.469, 1.466, 1.466, 1.464, 1.462, 1.46, 1.458, 1.458, 1.456, 1.456, 1.456, 1.454, 1.454, 1.456, 0, 
1.523, 1.524, 1.524, 1.525, 1.526, 1.526, 1.527, 1.528, 1.528, 1.531, 1.532, 1.533, 1.534, 1.535, 1.535, 1.535, 1.534, 1.533, 1.532, 1.531, 1.531, 1.528, 1.527, 1.526, 1.526, 1.526, 1.525, 1.525, 1.526, 1.526, 1.527, 1.528, 1.531, 1.531, 1.532, 1.532, 1.532, 1.531, 1.531, 1.531, 1.531, 1.531, 1.531, 1.531, 1.531, 1.531, 1.531, 1.531, 1.531, 1.531, 1.528, 1.527, 1.526, 1.524, 1.523, 1.522, 1.52, 1.52, 1.518, 1.517, 1.516, 1.516, 1.513, 1.513, 1.516, 1.517, 1.518, 1.519, 1.52, 1.52, 1.524, 1.525, 1.528, 1.531, 1.531, 1.531, 1.531, 1.528, 1.527, 1.526, 1.525, 1.524, 1.523, 1.522, 1.521, 1.52, 1.519, 1.518, 1.517, 1.517, 1.517, 1.517, 1.517, 1.517, 1.518, 1.52, 1.521, 1.522, 1.523, 1.524, 1.524, 1.524, 1.523, 1.522, 1.521, 1.52, 1.52, 1.519, 1.519, 1.518, 1.518, 1.518, 1.518, 1.517, 1.516, 1.516, 1.516, 1.513, 1.513, 1.512, 1.512, 1.511, 1.511, 1.511, 1.51, 1.509, 1.509, 1.509, 1.509, 1.509, 1.51, 1.51, 1.511, 1.512, 1.513, 1.513, 1.516, 1.516, 1.516, 1.516, 1.516, 1.516, 1.516, 1.513, 1.513, 1.513, 1.513, 1.512, 1.512, 1.512, 1.512, 1.513, 1.513, 1.513, 1.513, 1.516, 1.516, 1.516, 1.516, 1.516, 1.516, 1.516, 1.516, 1.516, 1.516, 1.517, 1.517, 1.516, 1.516, 1.516, 1.513, 1.512, 1.511, 1.511, 1.511, 1.511, 1.511, 1.511, 1.511, 1.512, 1.513, 1.513, 1.513, 1.513, 1.513, 1.512, 1.511, 1.511, 1.51, 1.509, 1.509, 1.508, 1.507, 1.507, 1.506, 1.505, 1.505, 1.505, 1.505, 1.505, 1.505, 1.505, 1.505, 1.505, 1.505, 1.505, 1.505, 1.505, 1.505, 1.504, 1.503, 1.502, 1.501, 1.501, 1.501, 1.501, 1.501, 1.502, 1.503, 1.503, 1.504, 1.505, 1.505, 1.505, 1.505, 1.505, 1.505, 1.505, 1.505, 1.505, 1.505, 1.505, 1.505, 1.505, 1.505, 1.505, 1.505, 1.505, 1.505, 1.505, 1.505, 1.505, 1.505, 1.504, 1.503, 1.503, 1.504, 1.504, 1.505, 1.505, 1.505, 1.505, 1.504, 1.504, 1.503, 1.503, 1.503, 1.503, 1.503, 1.503, 1.503, 1.503, 1.503, 1.503, 1.504, 1.505, 1.505, 1.506, 1.506, 1.507, 1.507, 1.506, 1.506, 1.505, 1.504, 1.504, 1.503, 1.502, 1.502, 1.501, 1.501, 1.502, 1.502, 1.502, 1.503, 1.503, 1.503, 1.503, 1.503, 1.503, 1.503, 1.502, 1.501, 1.501, 1.5, 1.496, 1.495, 1.495, 1.494, 1.494, 1.494, 1.494, 1.494, 1.495, 1.5, 1.501, 1.503, 1.505, 1.507, 1.507, 1.507, 1.506, 1.505, 1.504, 1.503, 1.501, 1.5, 1.499, 1.496, 1.495, 1.494, 1.492, 1.491, 1.489, 1.488, 1.486, 1.485, 1.484, 1.484, 1.484, 1.484, 1.485, 1.485, 1.486, 1.488, 1.49, 1.491, 1.492, 1.493, 1.494, 1.495, 1.496, 1.496, 1.495, 1.494, 1.494, 1.493, 1.492, 1.491, 1.489, 1.488, 1.486, 1.485, 1.484, 1.484, 1.484, 1.484, 1.484, 1.484, 1.483, 1.482, 1.481, 1.48, 1.478, 1.476, 1.475, 1.473, 1.471, 1.468, 1.468, 1.466, 1.466, 1.466, 1.466, 1.466, 1.466, 1.468, 1.468, 1.47, 1.47, 1.471, 1.472, 1.473, 1.474, 1.474, 1.474, 1.474, 1.474, 1.474, 1.474, 1.473, 1.472, 1.472, 1.472, 1.472, 1.472, 1.472, 1.472, 1.472, 1.472, 1.472, 1.473, 1.474, 1.474, 1.474, 1.474, 1.474, 1.474, 1.474, 1.473, 1.472, 1.472, 1.472, 1.472, 1.472, 1.472, 1.472, 1.472, 1.472, 1.472, 1.472, 1.471, 1.47, 1.469, 1.468, 1.466, 1.466, 1.464, 1.464, 1.464, 1.464, 1.464, 1.466, 1.466, 1.466, 1.466, 1.466, 1.466, 1.464, 1.464, 1.466, 1.466, 1.466, 1.466, 1.466, 1.466, 1.466, 1.466, 1.466, 1.466, 1.466, 1.466, 1.466, 1.466, 1.466, 1.466, 1.466, 1.466, 1.466, 1.468, 1.469, 1.469, 1.47, 1.47, 1.47, 1.469, 1.466, 1.466, 1.464, 1.462, 1.46, 1.458, 1.458, 1.456, 1.456, 1.456, 1.454, 1.454, 1.456, 0, 
1.524, 1.524, 1.524, 1.525, 1.526, 1.526, 1.527, 1.528, 1.528, 1.531, 1.532, 1.533, 1.534, 1.535, 1.535, 1.534, 1.533, 1.533, 1.532, 1.531, 1.531, 1.527, 1.527, 1.526, 1.526, 1.526, 1.525, 1.525, 1.526, 1.526, 1.527, 1.528, 1.531, 1.531, 1.532, 1.532, 1.532, 1.531, 1.531, 1.531, 1.531, 1.531, 1.531, 1.531, 1.531, 1.531, 1.531, 1.531, 1.531, 1.531, 1.528, 1.527, 1.526, 1.524, 1.523, 1.522, 1.52, 1.519, 1.518, 1.517, 1.516, 1.513, 1.513, 1.513, 1.516, 1.516, 1.517, 1.518, 1.52, 1.52, 1.523, 1.524, 1.528, 1.528, 1.531, 1.531, 1.528, 1.528, 1.527, 1.526, 1.525, 1.524, 1.523, 1.522, 1.52, 1.52, 1.519, 1.519, 1.518, 1.518, 1.518, 1.518, 1.518, 1.518, 1.519, 1.52, 1.521, 1.522, 1.523, 1.524, 1.524, 1.524, 1.524, 1.523, 1.522, 1.521, 1.52, 1.52, 1.519, 1.519, 1.518, 1.518, 1.518, 1.517, 1.516, 1.516, 1.516, 1.513, 1.513, 1.512, 1.511, 1.511, 1.511, 1.511, 1.51, 1.509, 1.509, 1.509, 1.509, 1.509, 1.51, 1.511, 1.511, 1.512, 1.513, 1.516, 1.516, 1.516, 1.516, 1.516, 1.516, 1.516, 1.516, 1.516, 1.513, 1.513, 1.513, 1.512, 1.512, 1.511, 1.512, 1.512, 1.513, 1.513, 1.513, 1.513, 1.516, 1.516, 1.516, 1.516, 1.516, 1.516, 1.516, 1.516, 1.516, 1.517, 1.517, 1.517, 1.516, 1.516, 1.516, 1.512, 1.511, 1.511, 1.511, 1.511, 1.511, 1.511, 1.511, 1.512, 1.512, 1.512, 1.513, 1.513, 1.512, 1.512, 1.511, 1.511, 1.51, 1.509, 1.509, 1.509, 1.508, 1.507, 1.506, 1.506, 1.506, 1.505, 1.505, 1.505, 1.505, 1.505, 1.505, 1.505, 1.505, 1.505, 1.505, 1.505, 1.505, 1.505, 1.504, 1.503, 1.502, 1.501, 1.501, 1.501, 1.501, 1.502, 1.503, 1.503, 1.504, 1.505, 1.505, 1.505, 1.505, 1.504, 1.504, 1.504, 1.503, 1.503, 1.504, 1.504, 1.505, 1.505, 1.505, 1.505, 1.505, 1.505, 1.505, 1.505, 1.505, 1.505, 1.505, 1.504, 1.503, 1.503, 1.503, 1.504, 1.504, 1.505, 1.505, 1.505, 1.505, 1.504, 1.504, 1.503, 1.503, 1.503, 1.503, 1.503, 1.503, 1.503, 1.503, 1.503, 1.504, 1.504, 1.505, 1.505, 1.506, 1.506, 1.506, 1.505, 1.505, 1.504, 1.504, 1.503, 1.502, 1.502, 1.501, 1.501, 1.501, 1.501, 1.501, 1.502, 1.502, 1.502, 1.503, 1.503, 1.503, 1.503, 1.503, 1.502, 1.501, 1.501, 1.5, 1.496, 1.495, 1.494, 1.494, 1.494, 1.494, 1.494, 1.494, 1.495, 1.5, 1.501, 1.503, 1.505, 1.506, 1.507, 1.508, 1.507, 1.505, 1.504, 1.503, 1.501, 1.5, 1.499, 1.496, 1.495, 1.494, 1.492, 1.491, 1.49, 1.488, 1.487, 1.486, 1.485, 1.484, 1.484, 1.485, 1.485, 1.486, 1.487, 1.488, 1.49, 1.491, 1.492, 1.493, 1.494, 1.495, 1.496, 1.496, 1.496, 1.495, 1.495, 1.494, 1.493, 1.492, 1.49, 1.489, 1.488, 1.486, 1.485, 1.485, 1.485, 1.485, 1.485, 1.484, 1.484, 1.483, 1.482, 1.481, 1.479, 1.478, 1.476, 1.474, 1.472, 1.471, 1.468, 1.466, 1.466, 1.466, 1.466, 1.466, 1.466, 1.468, 1.468, 1.47, 1.471, 1.472, 1.473, 1.474, 1.474, 1.475, 1.475, 1.474, 1.474, 1.474, 1.474, 1.473, 1.472, 1.472, 1.472, 1.472, 1.472, 1.472, 1.472, 1.472, 1.472, 1.473, 1.473, 1.474, 1.474, 1.474, 1.474, 1.474, 1.474, 1.473, 1.473, 1.472, 1.472, 1.472, 1.472, 1.472, 1.472, 1.472, 1.472, 1.472, 1.472, 1.472, 1.471, 1.47, 1.469, 1.468, 1.466, 1.466, 1.464, 1.464, 1.464, 1.464, 1.466, 1.466, 1.466, 1.466, 1.466, 1.466, 1.466, 1.466, 1.466, 1.466, 1.466, 1.466, 1.466, 1.466, 1.466, 1.466, 1.466, 1.466, 1.466, 1.466, 1.466, 1.466, 1.466, 1.466, 1.466, 1.466, 1.466, 1.468, 1.469, 1.469, 1.47, 1.47, 1.47, 1.47, 1.47, 1.466, 1.466, 1.464, 1.462, 1.46, 1.458, 1.458, 1.456, 1.456, 1.456, 1.454, 1.454, 1.456, 0, 
1.524, 1.524, 1.524, 1.525, 1.526, 1.526, 1.527, 1.528, 1.528, 1.532, 1.532, 1.533, 1.534, 1.535, 1.534, 1.534, 1.533, 1.532, 1.531, 1.531, 1.528, 1.527, 1.527, 1.526, 1.526, 1.526, 1.526, 1.526, 1.526, 1.526, 1.527, 1.528, 1.528, 1.531, 1.531, 1.531, 1.531, 1.531, 1.531, 1.531, 1.531, 1.531, 1.531, 1.531, 1.531, 1.531, 1.531, 1.531, 1.531, 1.531, 1.528, 1.527, 1.526, 1.524, 1.523, 1.522, 1.52, 1.519, 1.518, 1.517, 1.516, 1.513, 1.513, 1.513, 1.513, 1.516, 1.517, 1.518, 1.52, 1.521, 1.522, 1.523, 1.527, 1.528, 1.528, 1.528, 1.528, 1.528, 1.527, 1.526, 1.524, 1.523, 1.522, 1.521, 1.52, 1.52, 1.52, 1.519, 1.519, 1.518, 1.519, 1.519, 1.519, 1.52, 1.52, 1.521, 1.522, 1.523, 1.524, 1.524, 1.524, 1.524, 1.524, 1.524, 1.523, 1.522, 1.521, 1.52, 1.52, 1.519, 1.518, 1.518, 1.518, 1.517, 1.516, 1.516, 1.513, 1.513, 1.512, 1.512, 1.511, 1.511, 1.511, 1.511, 1.51, 1.51, 1.509, 1.509, 1.509, 1.51, 1.51, 1.511, 1.512, 1.512, 1.516, 1.516, 1.516, 1.516, 1.516, 1.516, 1.516, 1.516, 1.516, 1.516, 1.516, 1.513, 1.513, 1.512, 1.511, 1.511, 1.511, 1.512, 1.512, 1.513, 1.513, 1.513, 1.513, 1.513, 1.516, 1.516, 1.516, 1.516, 1.516, 1.516, 1.516, 1.517, 1.517, 1.517, 1.516, 1.516, 1.516, 1.512, 1.512, 1.511, 1.511, 1.511, 1.511, 1.511, 1.511, 1.511, 1.511, 1.511, 1.512, 1.512, 1.512, 1.511, 1.511, 1.51, 1.51, 1.509, 1.509, 1.509, 1.508, 1.508, 1.507, 1.507, 1.506, 1.506, 1.505, 1.505, 1.505, 1.505, 1.505, 1.505, 1.506, 1.506, 1.506, 1.505, 1.505, 1.505, 1.504, 1.503, 1.502, 1.501, 1.501, 1.502, 1.502, 1.502, 1.503, 1.503, 1.504, 1.504, 1.505, 1.505, 1.504, 1.504, 1.503, 1.503, 1.503, 1.503, 1.503, 1.503, 1.504, 1.505, 1.505, 1.505, 1.505, 1.506, 1.506, 1.506, 1.505, 1.505, 1.505, 1.504, 1.503, 1.503, 1.503, 1.503, 1.504, 1.505, 1.505, 1.505, 1.505, 1.505, 1.504, 1.504, 1.503, 1.503, 1.503, 1.503, 1.503, 1.503, 1.503, 1.503, 1.503, 1.504, 1.504, 1.505, 1.505, 1.505, 1.505, 1.504, 1.504, 1.503, 1.503, 1.503, 1.502, 1.501, 1.501, 1.501, 1.501, 1.501, 1.501, 1.501, 1.501, 1.502, 1.502, 1.503, 1.503, 1.503, 1.503, 1.502, 1.501, 1.501, 1.5, 1.496, 1.495, 1.494, 1.494, 1.493, 1.493, 1.493, 1.494, 1.495, 1.5, 1.501, 1.503, 1.505, 1.506, 1.507, 1.508, 1.507, 1.505, 1.504, 1.503, 1.501, 1.5, 1.499, 1.499, 1.495, 1.494, 1.492, 1.491, 1.49, 1.488, 1.487, 1.486, 1.485, 1.485, 1.485, 1.485, 1.486, 1.486, 1.487, 1.488, 1.49, 1.491, 1.492, 1.492, 1.493, 1.494, 1.495, 1.496, 1.496, 1.496, 1.495, 1.495, 1.494, 1.493, 1.491, 1.49, 1.488, 1.487, 1.486, 1.486, 1.486, 1.486, 1.486, 1.485, 1.485, 1.484, 1.483, 1.482, 1.48, 1.479, 1.476, 1.474, 1.473, 1.471, 1.468, 1.468, 1.466, 1.466, 1.468, 1.466, 1.466, 1.468, 1.47, 1.47, 1.471, 1.472, 1.473, 1.474, 1.475, 1.475, 1.475, 1.474, 1.474, 1.474, 1.473, 1.473, 1.472, 1.472, 1.472, 1.472, 1.472, 1.472, 1.472, 1.472, 1.472, 1.473, 1.474, 1.474, 1.474, 1.474, 1.474, 1.474, 1.474, 1.474, 1.473, 1.472, 1.472, 1.472, 1.472, 1.472, 1.472, 1.472, 1.472, 1.472, 1.472, 1.472, 1.471, 1.47, 1.469, 1.468, 1.466, 1.466, 1.466, 1.464, 1.464, 1.466, 1.466, 1.466, 1.466, 1.466, 1.466, 1.466, 1.466, 1.466, 1.466, 1.466, 1.466, 1.466, 1.468, 1.466, 1.466, 1.466, 1.466, 1.466, 1.466, 1.466, 1.466, 1.466, 1.466, 1.466, 1.466, 1.468, 1.468, 1.469, 1.469, 1.47, 1.47, 1.47, 1.47, 1.47, 1.47, 1.466, 1.466, 1.464, 1.462, 1.46, 1.458, 1.458, 1.458, 1.458, 1.458, 1.456, 1.456, 1.458, 0, 
1.524, 1.524, 1.524, 1.525, 1.526, 1.526, 1.527, 1.528, 1.528, 1.532, 1.533, 1.533, 1.534, 1.535, 1.534, 1.533, 1.532, 1.532, 1.531, 1.528, 1.528, 1.527, 1.526, 1.526, 1.526, 1.526, 1.526, 1.526, 1.526, 1.526, 1.527, 1.528, 1.528, 1.528, 1.531, 1.531, 1.531, 1.531, 1.531, 1.531, 1.531, 1.531, 1.532, 1.532, 1.532, 1.532, 1.532, 1.531, 1.531, 1.531, 1.527, 1.527, 1.525, 1.524, 1.522, 1.521, 1.52, 1.518, 1.517, 1.516, 1.513, 1.513, 1.513, 1.513, 1.513, 1.516, 1.517, 1.518, 1.52, 1.521, 1.522, 1.524, 1.526, 1.527, 1.528, 1.528, 1.528, 1.527, 1.526, 1.525, 1.524, 1.522, 1.522, 1.521, 1.52, 1.52, 1.52, 1.52, 1.52, 1.52, 1.52, 1.52, 1.52, 1.52, 1.521, 1.522, 1.523, 1.524, 1.524, 1.525, 1.525, 1.524, 1.524, 1.524, 1.523, 1.522, 1.521, 1.52, 1.52, 1.52, 1.519, 1.518, 1.518, 1.517, 1.516, 1.516, 1.513, 1.513, 1.512, 1.512, 1.511, 1.511, 1.511, 1.511, 1.511, 1.51, 1.509, 1.509, 1.51, 1.51, 1.511, 1.512, 1.512, 1.513, 1.516, 1.516, 1.516, 1.516, 1.517, 1.517, 1.517, 1.517, 1.516, 1.516, 1.516, 1.513, 1.512, 1.512, 1.511, 1.511, 1.511, 1.511, 1.511, 1.512, 1.512, 1.513, 1.513, 1.513, 1.513, 1.516, 1.516, 1.516, 1.516, 1.516, 1.516, 1.517, 1.517, 1.517, 1.516, 1.516, 1.516, 1.512, 1.512, 1.511, 1.511, 1.51, 1.51, 1.51, 1.51, 1.51, 1.511, 1.511, 1.511, 1.511, 1.511, 1.511, 1.51, 1.51, 1.509, 1.509, 1.509, 1.509, 1.509, 1.508, 1.508, 1.507, 1.507, 1.506, 1.506, 1.505, 1.505, 1.505, 1.505, 1.506, 1.506, 1.507, 1.506, 1.506, 1.505, 1.505, 1.505, 1.504, 1.503, 1.502, 1.502, 1.502, 1.503, 1.503, 1.503, 1.503, 1.504, 1.505, 1.505, 1.504, 1.504, 1.503, 1.503, 1.502, 1.502, 1.502, 1.502, 1.503, 1.504, 1.505, 1.505, 1.505, 1.506, 1.506, 1.507, 1.506, 1.506, 1.505, 1.505, 1.504, 1.503, 1.503, 1.503, 1.503, 1.504, 1.505, 1.505, 1.505, 1.505, 1.505, 1.505, 1.504, 1.504, 1.504, 1.503, 1.503, 1.503, 1.503, 1.503, 1.503, 1.503, 1.503, 1.504, 1.504, 1.504, 1.504, 1.504, 1.504, 1.503, 1.503, 1.503, 1.502, 1.501, 1.501, 1.501, 1.501, 1.501, 1.501, 1.501, 1.501, 1.501, 1.501, 1.502, 1.502, 1.503, 1.503, 1.503, 1.502, 1.501, 1.501, 1.5, 1.496, 1.495, 1.494, 1.493, 1.492, 1.492, 1.492, 1.493, 1.494, 1.5, 1.501, 1.503, 1.505, 1.506, 1.507, 1.507, 1.507, 1.505, 1.504, 1.503, 1.501, 1.5, 1.499, 1.499, 1.495, 1.494, 1.493, 1.492, 1.49, 1.489, 1.487, 1.486, 1.486, 1.486, 1.486, 1.486, 1.486, 1.486, 1.487, 1.488, 1.489, 1.49, 1.491, 1.492, 1.493, 1.494, 1.495, 1.496, 1.496, 1.496, 1.496, 1.495, 1.494, 1.494, 1.492, 1.49, 1.489, 1.488, 1.487, 1.486, 1.486, 1.486, 1.486, 1.486, 1.485, 1.485, 1.484, 1.483, 1.482, 1.48, 1.477, 1.476, 1.474, 1.472, 1.471, 1.468, 1.468, 1.468, 1.468, 1.468, 1.468, 1.468, 1.47, 1.47, 1.471, 1.472, 1.474, 1.474, 1.475, 1.476, 1.475, 1.474, 1.474, 1.474, 1.473, 1.473, 1.472, 1.472, 1.472, 1.472, 1.472, 1.472, 1.472, 1.472, 1.473, 1.474, 1.474, 1.475, 1.475, 1.475, 1.475, 1.475, 1.474, 1.474, 1.473, 1.472, 1.472, 1.472, 1.472, 1.472, 1.472, 1.472, 1.472, 1.472, 1.472, 1.472, 1.471, 1.47, 1.469, 1.468, 1.466, 1.466, 1.466, 1.466, 1.466, 1.466, 1.466, 1.466, 1.466, 1.466, 1.466, 1.466, 1.466, 1.466, 1.466, 1.466, 1.466, 1.466, 1.468, 1.468, 1.468, 1.466, 1.466, 1.466, 1.466, 1.466, 1.466, 1.466, 1.466, 1.466, 1.468, 1.468, 1.468, 1.469, 1.47, 1.47, 1.47, 1.47, 1.47, 1.469, 1.469, 1.466, 1.466, 1.464, 1.462, 1.46, 1.46, 1.458, 1.458, 1.458, 1.458, 1.458, 1.458, 1.458, 0, 
1.524, 1.524, 1.525, 1.525, 1.526, 1.527, 1.528, 1.528, 1.531, 1.532, 1.533, 1.534, 1.534, 1.534, 1.534, 1.533, 1.532, 1.531, 1.531, 1.528, 1.527, 1.527, 1.526, 1.526, 1.526, 1.526, 1.526, 1.526, 1.526, 1.526, 1.527, 1.527, 1.528, 1.528, 1.528, 1.528, 1.531, 1.531, 1.531, 1.531, 1.532, 1.532, 1.532, 1.533, 1.533, 1.533, 1.532, 1.531, 1.531, 1.531, 1.527, 1.526, 1.525, 1.524, 1.522, 1.521, 1.52, 1.518, 1.517, 1.516, 1.513, 1.512, 1.512, 1.512, 1.513, 1.513, 1.517, 1.518, 1.52, 1.521, 1.522, 1.524, 1.526, 1.527, 1.528, 1.528, 1.528, 1.527, 1.526, 1.524, 1.523, 1.522, 1.521, 1.52, 1.52, 1.52, 1.52, 1.52, 1.52, 1.52, 1.52, 1.521, 1.521, 1.521, 1.522, 1.523, 1.523, 1.524, 1.525, 1.526, 1.525, 1.525, 1.525, 1.524, 1.524, 1.523, 1.522, 1.521, 1.52, 1.52, 1.519, 1.518, 1.518, 1.517, 1.516, 1.516, 1.513, 1.513, 1.512, 1.511, 1.511, 1.511, 1.511, 1.511, 1.511, 1.51, 1.51, 1.51, 1.51, 1.511, 1.511, 1.512, 1.513, 1.513, 1.516, 1.516, 1.516, 1.517, 1.517, 1.518, 1.518, 1.517, 1.516, 1.516, 1.516, 1.513, 1.512, 1.511, 1.511, 1.51, 1.51, 1.51, 1.511, 1.511, 1.512, 1.512, 1.512, 1.513, 1.513, 1.513, 1.513, 1.516, 1.516, 1.516, 1.516, 1.517, 1.517, 1.517, 1.516, 1.516, 1.516, 1.513, 1.512, 1.511, 1.511, 1.51, 1.509, 1.509, 1.509, 1.51, 1.51, 1.51, 1.51, 1.511, 1.51, 1.51, 1.51, 1.509, 1.509, 1.509, 1.509, 1.509, 1.509, 1.509, 1.508, 1.508, 1.507, 1.507, 1.506, 1.506, 1.506, 1.506, 1.506, 1.506, 1.507, 1.507, 1.507, 1.506, 1.506, 1.505, 1.505, 1.504, 1.504, 1.503, 1.503, 1.503, 1.503, 1.503, 1.504, 1.504, 1.504, 1.505, 1.505, 1.504, 1.503, 1.503, 1.502, 1.501, 1.501, 1.501, 1.502, 1.502, 1.503, 1.504, 1.505, 1.505, 1.506, 1.507, 1.507, 1.507, 1.506, 1.505, 1.505, 1.504, 1.503, 1.503, 1.503, 1.503, 1.504, 1.505, 1.505, 1.505, 1.505, 1.505, 1.505, 1.505, 1.505, 1.504, 1.504, 1.503, 1.503, 1.503, 1.503, 1.503, 1.503, 1.503, 1.503, 1.503, 1.503, 1.503, 1.503, 1.503, 1.503, 1.503, 1.502, 1.502, 1.501, 1.501, 1.501, 1.501, 1.501, 1.501, 1.501, 1.501, 1.501, 1.501, 1.501, 1.502, 1.503, 1.503, 1.503, 1.502, 1.501, 1.5, 1.5, 1.496, 1.495, 1.494, 1.493, 1.492, 1.492, 1.492, 1.493, 1.493, 1.5, 1.501, 1.503, 1.504, 1.506, 1.507, 1.507, 1.506, 1.505, 1.504, 1.502, 1.501, 1.5, 1.499, 1.496, 1.495, 1.494, 1.493, 1.492, 1.491, 1.489, 1.488, 1.487, 1.486, 1.486, 1.486, 1.486, 1.486, 1.486, 1.487, 1.488, 1.489, 1.49, 1.491, 1.491, 1.492, 1.493, 1.494, 1.495, 1.496, 1.496, 1.496, 1.496, 1.495, 1.494, 1.493, 1.491, 1.49, 1.488, 1.487, 1.486, 1.486, 1.486, 1.486, 1.486, 1.486, 1.486, 1.485, 1.484, 1.483, 1.481, 1.478, 1.476, 1.474, 1.473, 1.471, 1.471, 1.468, 1.468, 1.468, 1.468, 1.468, 1.468, 1.47, 1.471, 1.472, 1.473, 1.474, 1.475, 1.476, 1.476, 1.475, 1.474, 1.474, 1.474, 1.473, 1.473, 1.472, 1.472, 1.472, 1.472, 1.472, 1.472, 1.472, 1.473, 1.473, 1.474, 1.475, 1.475, 1.476, 1.476, 1.476, 1.475, 1.474, 1.474, 1.473, 1.472, 1.472, 1.472, 1.472, 1.472, 1.472, 1.472, 1.472, 1.472, 1.472, 1.472, 1.471, 1.47, 1.469, 1.468, 1.466, 1.466, 1.466, 1.466, 1.466, 1.466, 1.466, 1.466, 1.466, 1.466, 1.466, 1.466, 1.466, 1.464, 1.464, 1.466, 1.466, 1.466, 1.468, 1.468, 1.468, 1.468, 1.468, 1.468, 1.468, 1.466, 1.466, 1.466, 1.466, 1.468, 1.468, 1.468, 1.468, 1.469, 1.469, 1.47, 1.47, 1.47, 1.47, 1.469, 1.469, 1.466, 1.466, 1.464, 1.462, 1.462, 1.46, 1.458, 1.458, 1.458, 1.458, 1.458, 1.458, 1.46, 0, 
1.524, 1.525, 1.525, 1.526, 1.526, 1.527, 1.528, 1.528, 1.531, 1.532, 1.533, 1.534, 1.535, 1.534, 1.533, 1.532, 1.532, 1.531, 1.528, 1.528, 1.527, 1.526, 1.526, 1.526, 1.526, 1.526, 1.526, 1.526, 1.526, 1.526, 1.526, 1.527, 1.527, 1.528, 1.528, 1.528, 1.528, 1.528, 1.531, 1.531, 1.532, 1.533, 1.533, 1.533, 1.533, 1.533, 1.532, 1.531, 1.531, 1.528, 1.527, 1.526, 1.525, 1.524, 1.522, 1.521, 1.52, 1.518, 1.517, 1.516, 1.512, 1.512, 1.511, 1.512, 1.513, 1.513, 1.517, 1.518, 1.52, 1.52, 1.522, 1.524, 1.526, 1.527, 1.528, 1.528, 1.527, 1.526, 1.525, 1.524, 1.522, 1.521, 1.52, 1.52, 1.52, 1.52, 1.52, 1.52, 1.521, 1.521, 1.521, 1.522, 1.522, 1.522, 1.523, 1.523, 1.524, 1.525, 1.526, 1.526, 1.526, 1.526, 1.525, 1.524, 1.524, 1.523, 1.522, 1.521, 1.52, 1.52, 1.519, 1.518, 1.518, 1.517, 1.516, 1.516, 1.513, 1.513, 1.512, 1.511, 1.511, 1.511, 1.511, 1.511, 1.511, 1.511, 1.51, 1.51, 1.511, 1.511, 1.512, 1.512, 1.513, 1.516, 1.516, 1.516, 1.516, 1.516, 1.517, 1.517, 1.518, 1.517, 1.516, 1.516, 1.516, 1.513, 1.512, 1.511, 1.51, 1.509, 1.509, 1.51, 1.51, 1.51, 1.511, 1.511, 1.512, 1.512, 1.513, 1.513, 1.513, 1.513, 1.516, 1.516, 1.516, 1.516, 1.517, 1.517, 1.516, 1.516, 1.516, 1.513, 1.512, 1.511, 1.511, 1.51, 1.509, 1.509, 1.509, 1.509, 1.509, 1.509, 1.509, 1.509, 1.509, 1.509, 1.509, 1.509, 1.509, 1.509, 1.509, 1.509, 1.509, 1.509, 1.509, 1.508, 1.508, 1.507, 1.507, 1.507, 1.507, 1.507, 1.507, 1.507, 1.507, 1.507, 1.507, 1.507, 1.507, 1.506, 1.505, 1.505, 1.504, 1.504, 1.504, 1.504, 1.504, 1.504, 1.504, 1.505, 1.505, 1.505, 1.505, 1.504, 1.503, 1.503, 1.502, 1.501, 1.501, 1.501, 1.501, 1.502, 1.503, 1.504, 1.505, 1.506, 1.507, 1.507, 1.507, 1.507, 1.506, 1.505, 1.505, 1.504, 1.503, 1.503, 1.503, 1.503, 1.504, 1.505, 1.505, 1.505, 1.505, 1.505, 1.505, 1.505, 1.505, 1.505, 1.504, 1.503, 1.503, 1.503, 1.503, 1.503, 1.503, 1.503, 1.503, 1.503, 1.503, 1.503, 1.503, 1.503, 1.503, 1.502, 1.502, 1.501, 1.501, 1.501, 1.501, 1.501, 1.501, 1.501, 1.501, 1.501, 1.501, 1.501, 1.501, 1.502, 1.502, 1.503, 1.503, 1.502, 1.501, 1.5, 1.499, 1.495, 1.494, 1.493, 1.492, 1.492, 1.492, 1.492, 1.492, 1.494, 1.495, 1.5, 1.502, 1.503, 1.505, 1.506, 1.506, 1.506, 1.505, 1.503, 1.501, 1.5, 1.499, 1.499, 1.496, 1.495, 1.494, 1.493, 1.492, 1.491, 1.49, 1.488, 1.488, 1.487, 1.486, 1.486, 1.486, 1.486, 1.486, 1.487, 1.488, 1.488, 1.489, 1.49, 1.491, 1.492, 1.492, 1.494, 1.494, 1.495, 1.496, 1.496, 1.496, 1.495, 1.494, 1.493, 1.492, 1.49, 1.488, 1.488, 1.486, 1.486, 1.486, 1.486, 1.486, 1.486, 1.486, 1.486, 1.485, 1.484, 1.483, 1.479, 1.477, 1.476, 1.474, 1.472, 1.471, 1.47, 1.47, 1.47, 1.468, 1.468, 1.47, 1.471, 1.471, 1.472, 1.474, 1.475, 1.475, 1.476, 1.476, 1.475, 1.475, 1.474, 1.474, 1.473, 1.473, 1.472, 1.472, 1.472, 1.472, 1.472, 1.472, 1.473, 1.473, 1.474, 1.474, 1.475, 1.476, 1.476, 1.476, 1.476, 1.475, 1.474, 1.474, 1.473, 1.472, 1.472, 1.472, 1.472, 1.472, 1.472, 1.472, 1.472, 1.472, 1.472, 1.472, 1.471, 1.47, 1.469, 1.468, 1.468, 1.466, 1.466, 1.466, 1.466, 1.466, 1.466, 1.466, 1.466, 1.466, 1.466, 1.466, 1.464, 1.464, 1.464, 1.466, 1.466, 1.466, 1.468, 1.468, 1.468, 1.468, 1.468, 1.468, 1.468, 1.468, 1.468, 1.468, 1.468, 1.468, 1.468, 1.468, 1.468, 1.468, 1.469, 1.47, 1.47, 1.47, 1.469, 1.469, 1.468, 1.466, 1.466, 1.464, 1.462, 1.462, 1.462, 1.46, 1.46, 1.46, 1.46, 1.46, 1.46, 1.46, 0, 
1.525, 1.525, 1.526, 1.526, 1.526, 1.527, 1.528, 1.528, 1.531, 1.532, 1.533, 1.534, 1.535, 1.534, 1.533, 1.532, 1.531, 1.531, 1.528, 1.528, 1.527, 1.526, 1.526, 1.526, 1.526, 1.526, 1.526, 1.526, 1.526, 1.526, 1.526, 1.526, 1.527, 1.527, 1.527, 1.528, 1.528, 1.528, 1.531, 1.532, 1.532, 1.533, 1.533, 1.533, 1.533, 1.533, 1.532, 1.531, 1.531, 1.528, 1.527, 1.526, 1.525, 1.524, 1.522, 1.52, 1.52, 1.518, 1.517, 1.516, 1.512, 1.512, 1.511, 1.512, 1.512, 1.513, 1.517, 1.518, 1.519, 1.52, 1.521, 1.524, 1.526, 1.527, 1.527, 1.527, 1.527, 1.526, 1.524, 1.523, 1.522, 1.521, 1.52, 1.52, 1.52, 1.52, 1.52, 1.521, 1.521, 1.522, 1.522, 1.523, 1.523, 1.524, 1.524, 1.524, 1.525, 1.525, 1.526, 1.526, 1.526, 1.526, 1.525, 1.525, 1.524, 1.524, 1.523, 1.522, 1.521, 1.52, 1.52, 1.519, 1.518, 1.517, 1.516, 1.516, 1.513, 1.513, 1.512, 1.511, 1.511, 1.511, 1.511, 1.511, 1.511, 1.511, 1.511, 1.511, 1.511, 1.511, 1.512, 1.513, 1.513, 1.516, 1.516, 1.516, 1.516, 1.516, 1.516, 1.517, 1.517, 1.517, 1.516, 1.516, 1.516, 1.512, 1.512, 1.511, 1.51, 1.509, 1.509, 1.509, 1.509, 1.51, 1.511, 1.511, 1.511, 1.511, 1.512, 1.512, 1.513, 1.513, 1.516, 1.516, 1.516, 1.516, 1.517, 1.517, 1.516, 1.516, 1.516, 1.513, 1.512, 1.512, 1.511, 1.51, 1.51, 1.509, 1.509, 1.509, 1.509, 1.509, 1.509, 1.509, 1.509, 1.509, 1.509, 1.509, 1.509, 1.509, 1.509, 1.509, 1.509, 1.509, 1.509, 1.509, 1.508, 1.508, 1.507, 1.507, 1.507, 1.507, 1.507, 1.507, 1.507, 1.507, 1.507, 1.507, 1.507, 1.506, 1.506, 1.505, 1.505, 1.505, 1.505, 1.505, 1.505, 1.505, 1.505, 1.505, 1.505, 1.505, 1.505, 1.504, 1.503, 1.503, 1.502, 1.501, 1.501, 1.501, 1.501, 1.502, 1.503, 1.505, 1.505, 1.506, 1.507, 1.507, 1.508, 1.507, 1.506, 1.505, 1.505, 1.504, 1.503, 1.503, 1.503, 1.503, 1.504, 1.505, 1.505, 1.505, 1.505, 1.505, 1.505, 1.505, 1.505, 1.505, 1.504, 1.504, 1.503, 1.503, 1.503, 1.503, 1.503, 1.503, 1.503, 1.503, 1.502, 1.502, 1.502, 1.502, 1.502, 1.502, 1.501, 1.501, 1.501, 1.501, 1.501, 1.501, 1.501, 1.501, 1.501, 1.501, 1.501, 1.501, 1.501, 1.501, 1.502, 1.503, 1.503, 1.502, 1.501, 1.5, 1.499, 1.495, 1.494, 1.493, 1.492, 1.491, 1.491, 1.491, 1.492, 1.493, 1.494, 1.495, 1.501, 1.503, 1.504, 1.505, 1.505, 1.505, 1.504, 1.502, 1.501, 1.5, 1.499, 1.499, 1.496, 1.495, 1.494, 1.494, 1.493, 1.492, 1.49, 1.489, 1.488, 1.487, 1.487, 1.486, 1.486, 1.486, 1.486, 1.487, 1.488, 1.488, 1.489, 1.489, 1.49, 1.491, 1.492, 1.493, 1.494, 1.495, 1.495, 1.496, 1.496, 1.496, 1.495, 1.494, 1.492, 1.49, 1.488, 1.487, 1.486, 1.486, 1.486, 1.486, 1.486, 1.486, 1.486, 1.486, 1.486, 1.485, 1.484, 1.48, 1.478, 1.476, 1.474, 1.473, 1.472, 1.471, 1.47, 1.47, 1.47, 1.47, 1.471, 1.471, 1.472, 1.473, 1.474, 1.475, 1.476, 1.476, 1.476, 1.475, 1.475, 1.474, 1.474, 1.473, 1.473, 1.472, 1.472, 1.472, 1.472, 1.472, 1.472, 1.473, 1.474, 1.474, 1.474, 1.475, 1.476, 1.476, 1.477, 1.476, 1.476, 1.474, 1.474, 1.473, 1.472, 1.472, 1.472, 1.472, 1.472, 1.472, 1.472, 1.472, 1.472, 1.472, 1.471, 1.471, 1.47, 1.469, 1.468, 1.468, 1.468, 1.466, 1.466, 1.466, 1.466, 1.466, 1.466, 1.466, 1.466, 1.464, 1.464, 1.464, 1.464, 1.464, 1.464, 1.466, 1.466, 1.468, 1.468, 1.468, 1.468, 1.468, 1.468, 1.468, 1.468, 1.468, 1.468, 1.468, 1.468, 1.468, 1.468, 1.468, 1.468, 1.469, 1.469, 1.47, 1.469, 1.469, 1.468, 1.466, 1.466, 1.464, 1.464, 1.462, 1.462, 1.462, 1.462, 1.462, 1.462, 1.462, 1.46, 1.46, 1.462, 0, 
1.525, 1.526, 1.526, 1.526, 1.526, 1.527, 1.528, 1.528, 1.532, 1.533, 1.533, 1.534, 1.535, 1.534, 1.533, 1.532, 1.531, 1.531, 1.528, 1.528, 1.527, 1.526, 1.526, 1.526, 1.526, 1.526, 1.526, 1.526, 1.526, 1.526, 1.526, 1.526, 1.526, 1.526, 1.527, 1.527, 1.528, 1.528, 1.528, 1.532, 1.532, 1.533, 1.533, 1.533, 1.533, 1.533, 1.532, 1.531, 1.531, 1.528, 1.527, 1.526, 1.524, 1.523, 1.522, 1.52, 1.52, 1.518, 1.517, 1.516, 1.512, 1.512, 1.511, 1.512, 1.512, 1.513, 1.516, 1.517, 1.52, 1.52, 1.52, 1.524, 1.525, 1.526, 1.527, 1.526, 1.526, 1.525, 1.524, 1.522, 1.521, 1.52, 1.52, 1.52, 1.52, 1.52, 1.52, 1.521, 1.522, 1.523, 1.523, 1.524, 1.524, 1.524, 1.524, 1.525, 1.525, 1.526, 1.526, 1.526, 1.526, 1.526, 1.526, 1.525, 1.524, 1.524, 1.523, 1.522, 1.521, 1.52, 1.52, 1.519, 1.518, 1.517, 1.516, 1.516, 1.513, 1.513, 1.512, 1.511, 1.511, 1.511, 1.511, 1.511, 1.511, 1.511, 1.511, 1.511, 1.511, 1.512, 1.512, 1.513, 1.516, 1.516, 1.516, 1.516, 1.516, 1.516, 1.516, 1.516, 1.516, 1.516, 1.516, 1.516, 1.513, 1.512, 1.511, 1.51, 1.509, 1.509, 1.509, 1.509, 1.509, 1.51, 1.511, 1.511, 1.511, 1.511, 1.511, 1.512, 1.512, 1.513, 1.513, 1.516, 1.516, 1.516, 1.516, 1.516, 1.516, 1.516, 1.516, 1.513, 1.513, 1.512, 1.511, 1.51, 1.509, 1.509, 1.509, 1.509, 1.509, 1.509, 1.509, 1.509, 1.508, 1.508, 1.508, 1.508, 1.509, 1.509, 1.509, 1.509, 1.509, 1.509, 1.509, 1.509, 1.509, 1.508, 1.507, 1.507, 1.507, 1.507, 1.507, 1.507, 1.507, 1.508, 1.508, 1.508, 1.507, 1.507, 1.506, 1.506, 1.506, 1.505, 1.505, 1.505, 1.505, 1.505, 1.505, 1.505, 1.505, 1.505, 1.505, 1.504, 1.503, 1.503, 1.502, 1.501, 1.501, 1.501, 1.502, 1.503, 1.504, 1.505, 1.505, 1.506, 1.507, 1.507, 1.508, 1.507, 1.506, 1.505, 1.504, 1.503, 1.503, 1.503, 1.503, 1.503, 1.504, 1.504, 1.505, 1.505, 1.505, 1.505, 1.505, 1.505, 1.505, 1.505, 1.505, 1.504, 1.503, 1.503, 1.503, 1.503, 1.503, 1.502, 1.502, 1.501, 1.501, 1.501, 1.501, 1.501, 1.501, 1.501, 1.501, 1.501, 1.501, 1.501, 1.501, 1.501, 1.501, 1.501, 1.501, 1.501, 1.501, 1.501, 1.501, 1.501, 1.502, 1.502, 1.502, 1.502, 1.501, 1.5, 1.499, 1.495, 1.494, 1.492, 1.491, 1.49, 1.49, 1.49, 1.491, 1.492, 1.493, 1.495, 1.5, 1.501, 1.502, 1.503, 1.503, 1.504, 1.503, 1.502, 1.501, 1.5, 1.499, 1.496, 1.495, 1.495, 1.494, 1.494, 1.493, 1.492, 1.491, 1.49, 1.489, 1.488, 1.487, 1.487, 1.486, 1.486, 1.486, 1.487, 1.488, 1.488, 1.488, 1.489, 1.489, 1.49, 1.491, 1.492, 1.493, 1.494, 1.495, 1.496, 1.496, 1.496, 1.495, 1.494, 1.492, 1.49, 1.488, 1.487, 1.486, 1.486, 1.486, 1.486, 1.486, 1.486, 1.486, 1.487, 1.486, 1.485, 1.484, 1.481, 1.479, 1.477, 1.475, 1.474, 1.472, 1.471, 1.471, 1.47, 1.47, 1.47, 1.471, 1.472, 1.472, 1.474, 1.475, 1.476, 1.476, 1.476, 1.476, 1.475, 1.475, 1.474, 1.474, 1.473, 1.472, 1.472, 1.472, 1.472, 1.472, 1.472, 1.473, 1.474, 1.474, 1.474, 1.475, 1.476, 1.476, 1.477, 1.477, 1.476, 1.476, 1.474, 1.474, 1.473, 1.472, 1.472, 1.472, 1.472, 1.471, 1.471, 1.471, 1.472, 1.472, 1.471, 1.471, 1.47, 1.47, 1.469, 1.468, 1.468, 1.468, 1.466, 1.466, 1.466, 1.466, 1.466, 1.466, 1.466, 1.466, 1.464, 1.464, 1.464, 1.464, 1.464, 1.464, 1.466, 1.466, 1.468, 1.468, 1.468, 1.468, 1.468, 1.469, 1.468, 1.468, 1.468, 1.468, 1.468, 1.468, 1.468, 1.468, 1.468, 1.468, 1.468, 1.469, 1.469, 1.468, 1.468, 1.466, 1.466, 1.466, 1.464, 1.462, 1.462, 1.462, 1.462, 1.462, 1.462, 1.462, 1.462, 1.462, 1.462, 1.462, 0, 
1.526, 1.526, 1.526, 1.526, 1.527, 1.527, 1.528, 1.528, 1.532, 1.533, 1.533, 1.534, 1.535, 1.534, 1.534, 1.533, 1.532, 1.531, 1.528, 1.528, 1.527, 1.527, 1.527, 1.526, 1.526, 1.526, 1.526, 1.526, 1.526, 1.526, 1.525, 1.525, 1.525, 1.525, 1.526, 1.527, 1.527, 1.528, 1.528, 1.532, 1.532, 1.533, 1.533, 1.533, 1.533, 1.532, 1.532, 1.531, 1.528, 1.527, 1.526, 1.525, 1.524, 1.523, 1.522, 1.52, 1.519, 1.518, 1.517, 1.516, 1.512, 1.512, 1.511, 1.512, 1.512, 1.513, 1.516, 1.516, 1.52, 1.52, 1.52, 1.523, 1.524, 1.525, 1.525, 1.525, 1.524, 1.524, 1.524, 1.521, 1.52, 1.52, 1.52, 1.52, 1.52, 1.52, 1.521, 1.522, 1.523, 1.524, 1.524, 1.524, 1.525, 1.525, 1.525, 1.526, 1.526, 1.526, 1.526, 1.526, 1.526, 1.526, 1.526, 1.525, 1.525, 1.524, 1.523, 1.522, 1.522, 1.52, 1.52, 1.519, 1.518, 1.517, 1.516, 1.516, 1.513, 1.513, 1.512, 1.511, 1.511, 1.511, 1.511, 1.511, 1.511, 1.511, 1.511, 1.511, 1.512, 1.512, 1.513, 1.516, 1.516, 1.516, 1.516, 1.516, 1.516, 1.516, 1.516, 1.516, 1.516, 1.516, 1.516, 1.516, 1.513, 1.512, 1.511, 1.51, 1.509, 1.509, 1.509, 1.509, 1.509, 1.51, 1.51, 1.511, 1.511, 1.511, 1.511, 1.511, 1.512, 1.512, 1.513, 1.513, 1.516, 1.516, 1.516, 1.516, 1.516, 1.516, 1.516, 1.516, 1.513, 1.512, 1.511, 1.51, 1.509, 1.509, 1.509, 1.508, 1.508, 1.508, 1.508, 1.507, 1.507, 1.507, 1.507, 1.507, 1.508, 1.508, 1.508, 1.509, 1.509, 1.509, 1.509, 1.509, 1.509, 1.508, 1.507, 1.507, 1.507, 1.507, 1.507, 1.507, 1.507, 1.508, 1.509, 1.508, 1.508, 1.508, 1.507, 1.507, 1.507, 1.507, 1.507, 1.507, 1.507, 1.507, 1.507, 1.506, 1.506, 1.505, 1.505, 1.505, 1.503, 1.503, 1.502, 1.501, 1.501, 1.502, 1.502, 1.503, 1.504, 1.505, 1.506, 1.507, 1.507, 1.507, 1.508, 1.507, 1.506, 1.505, 1.504, 1.503, 1.503, 1.503, 1.503, 1.503, 1.504, 1.504, 1.505, 1.505, 1.505, 1.505, 1.505, 1.505, 1.505, 1.505, 1.505, 1.504, 1.503, 1.503, 1.503, 1.503, 1.502, 1.502, 1.501, 1.501, 1.5, 1.5, 1.5, 1.5, 1.5, 1.5, 1.5, 1.501, 1.501, 1.501, 1.501, 1.501, 1.501, 1.501, 1.501, 1.501, 1.501, 1.501, 1.501, 1.501, 1.501, 1.502, 1.502, 1.501, 1.501, 1.5, 1.496, 1.495, 1.493, 1.492, 1.49, 1.49, 1.49, 1.49, 1.49, 1.491, 1.492, 1.494, 1.495, 1.5, 1.501, 1.501, 1.502, 1.502, 1.502, 1.501, 1.5, 1.499, 1.499, 1.496, 1.495, 1.495, 1.494, 1.494, 1.493, 1.492, 1.491, 1.49, 1.489, 1.488, 1.488, 1.487, 1.486, 1.486, 1.486, 1.487, 1.487, 1.488, 1.488, 1.488, 1.489, 1.49, 1.49, 1.491, 1.492, 1.494, 1.495, 1.495, 1.496, 1.496, 1.495, 1.493, 1.492, 1.49, 1.488, 1.487, 1.486, 1.486, 1.486, 1.486, 1.486, 1.486, 1.486, 1.487, 1.486, 1.485, 1.485, 1.481, 1.48, 1.478, 1.476, 1.474, 1.473, 1.472, 1.471, 1.471, 1.471, 1.471, 1.471, 1.472, 1.473, 1.474, 1.475, 1.476, 1.476, 1.476, 1.476, 1.475, 1.474, 1.474, 1.474, 1.473, 1.472, 1.472, 1.472, 1.472, 1.472, 1.472, 1.473, 1.474, 1.474, 1.474, 1.475, 1.476, 1.476, 1.477, 1.477, 1.477, 1.476, 1.475, 1.474, 1.473, 1.472, 1.472, 1.472, 1.472, 1.471, 1.471, 1.471, 1.471, 1.471, 1.471, 1.47, 1.47, 1.47, 1.469, 1.468, 1.468, 1.468, 1.466, 1.466, 1.466, 1.466, 1.466, 1.466, 1.466, 1.466, 1.464, 1.464, 1.464, 1.464, 1.464, 1.464, 1.466, 1.466, 1.468, 1.468, 1.468, 1.469, 1.469, 1.47, 1.47, 1.47, 1.468, 1.468, 1.468, 1.468, 1.468, 1.468, 1.468, 1.468, 1.468, 1.468, 1.468, 1.468, 1.466, 1.466, 1.466, 1.464, 1.464, 1.462, 1.462, 1.462, 1.462, 1.462, 1.462, 1.462, 1.462, 1.462, 1.462, 1.464, 0, 
1.526, 1.526, 1.526, 1.526, 1.527, 1.527, 1.528, 1.528, 1.532, 1.533, 1.533, 1.534, 1.535, 1.535, 1.534, 1.533, 1.532, 1.531, 1.528, 1.528, 1.528, 1.528, 1.527, 1.527, 1.527, 1.526, 1.526, 1.526, 1.526, 1.525, 1.525, 1.524, 1.524, 1.525, 1.525, 1.526, 1.527, 1.528, 1.528, 1.532, 1.532, 1.533, 1.533, 1.533, 1.532, 1.532, 1.531, 1.528, 1.527, 1.526, 1.526, 1.525, 1.524, 1.522, 1.521, 1.52, 1.519, 1.518, 1.517, 1.516, 1.513, 1.512, 1.511, 1.512, 1.513, 1.513, 1.516, 1.516, 1.52, 1.52, 1.521, 1.522, 1.523, 1.524, 1.524, 1.524, 1.524, 1.523, 1.522, 1.521, 1.52, 1.52, 1.52, 1.52, 1.52, 1.52, 1.521, 1.522, 1.523, 1.524, 1.524, 1.525, 1.526, 1.526, 1.526, 1.526, 1.526, 1.526, 1.526, 1.526, 1.526, 1.526, 1.526, 1.526, 1.525, 1.524, 1.523, 1.522, 1.522, 1.52, 1.52, 1.519, 1.518, 1.517, 1.516, 1.516, 1.513, 1.513, 1.512, 1.512, 1.512, 1.512, 1.512, 1.512, 1.512, 1.512, 1.512, 1.512, 1.512, 1.513, 1.516, 1.516, 1.516, 1.516, 1.516, 1.516, 1.516, 1.516, 1.516, 1.516, 1.516, 1.516, 1.516, 1.513, 1.513, 1.512, 1.511, 1.51, 1.509, 1.509, 1.509, 1.509, 1.509, 1.51, 1.51, 1.511, 1.511, 1.511, 1.511, 1.511, 1.511, 1.512, 1.512, 1.513, 1.513, 1.516, 1.516, 1.516, 1.516, 1.516, 1.516, 1.516, 1.513, 1.512, 1.511, 1.51, 1.509, 1.509, 1.508, 1.508, 1.507, 1.507, 1.507, 1.507, 1.507, 1.507, 1.507, 1.507, 1.507, 1.507, 1.508, 1.508, 1.509, 1.509, 1.509, 1.509, 1.508, 1.508, 1.507, 1.507, 1.507, 1.507, 1.507, 1.507, 1.508, 1.508, 1.509, 1.509, 1.509, 1.508, 1.508, 1.507, 1.507, 1.507, 1.507, 1.507, 1.507, 1.507, 1.507, 1.507, 1.506, 1.506, 1.505, 1.505, 1.504, 1.503, 1.503, 1.502, 1.502, 1.503, 1.503, 1.504, 1.505, 1.505, 1.506, 1.507, 1.507, 1.507, 1.507, 1.506, 1.505, 1.505, 1.504, 1.503, 1.503, 1.503, 1.503, 1.503, 1.504, 1.504, 1.505, 1.505, 1.505, 1.505, 1.505, 1.505, 1.505, 1.505, 1.505, 1.504, 1.503, 1.503, 1.503, 1.502, 1.502, 1.501, 1.5, 1.5, 1.5, 1.499, 1.499, 1.499, 1.499, 1.499, 1.5, 1.5, 1.501, 1.501, 1.501, 1.501, 1.501, 1.501, 1.501, 1.501, 1.501, 1.501, 1.501, 1.501, 1.501, 1.501, 1.501, 1.501, 1.5, 1.5, 1.495, 1.494, 1.492, 1.491, 1.49, 1.489, 1.489, 1.489, 1.489, 1.49, 1.491, 1.492, 1.494, 1.495, 1.5, 1.501, 1.501, 1.501, 1.501, 1.5, 1.499, 1.496, 1.496, 1.495, 1.495, 1.495, 1.494, 1.494, 1.493, 1.492, 1.492, 1.49, 1.49, 1.488, 1.488, 1.487, 1.486, 1.486, 1.486, 1.486, 1.487, 1.487, 1.487, 1.488, 1.488, 1.489, 1.49, 1.491, 1.492, 1.493, 1.494, 1.495, 1.495, 1.495, 1.494, 1.493, 1.491, 1.489, 1.488, 1.486, 1.485, 1.485, 1.485, 1.485, 1.486, 1.486, 1.486, 1.487, 1.486, 1.485, 1.484, 1.482, 1.48, 1.477, 1.476, 1.474, 1.473, 1.472, 1.472, 1.472, 1.472, 1.472, 1.472, 1.472, 1.474, 1.475, 1.476, 1.476, 1.476, 1.476, 1.476, 1.475, 1.474, 1.474, 1.473, 1.473, 1.472, 1.472, 1.472, 1.472, 1.472, 1.472, 1.473, 1.474, 1.474, 1.474, 1.475, 1.476, 1.476, 1.477, 1.477, 1.476, 1.476, 1.475, 1.474, 1.473, 1.472, 1.472, 1.472, 1.472, 1.471, 1.47, 1.471, 1.471, 1.471, 1.47, 1.47, 1.47, 1.47, 1.469, 1.468, 1.468, 1.468, 1.466, 1.466, 1.466, 1.466, 1.466, 1.466, 1.466, 1.464, 1.464, 1.464, 1.464, 1.464, 1.464, 1.464, 1.464, 1.466, 1.468, 1.468, 1.468, 1.469, 1.47, 1.47, 1.47, 1.47, 1.47, 1.469, 1.468, 1.468, 1.468, 1.468, 1.468, 1.468, 1.468, 1.468, 1.468, 1.466, 1.466, 1.466, 1.466, 1.464, 1.464, 1.462, 1.462, 1.462, 1.462, 1.462, 1.462, 1.462, 1.464, 1.464, 1.464, 1.466, 0, 
1.527, 1.527, 1.526, 1.526, 1.527, 1.527, 1.528, 1.528, 1.532, 1.533, 1.534, 1.535, 1.535, 1.535, 1.534, 1.533, 1.532, 1.531, 1.528, 1.528, 1.528, 1.528, 1.528, 1.528, 1.527, 1.527, 1.526, 1.526, 1.526, 1.525, 1.524, 1.524, 1.524, 1.524, 1.525, 1.525, 1.526, 1.527, 1.528, 1.531, 1.532, 1.532, 1.532, 1.532, 1.532, 1.532, 1.528, 1.528, 1.527, 1.526, 1.525, 1.524, 1.523, 1.522, 1.521, 1.52, 1.519, 1.518, 1.517, 1.516, 1.513, 1.512, 1.512, 1.512, 1.513, 1.516, 1.516, 1.517, 1.52, 1.52, 1.52, 1.522, 1.523, 1.524, 1.524, 1.523, 1.523, 1.522, 1.521, 1.52, 1.519, 1.519, 1.519, 1.519, 1.52, 1.52, 1.521, 1.522, 1.523, 1.524, 1.525, 1.525, 1.526, 1.526, 1.526, 1.525, 1.525, 1.525, 1.525, 1.526, 1.526, 1.526, 1.526, 1.526, 1.525, 1.524, 1.524, 1.522, 1.521, 1.52, 1.52, 1.519, 1.518, 1.517, 1.516, 1.516, 1.516, 1.513, 1.513, 1.513, 1.513, 1.512, 1.512, 1.512, 1.512, 1.513, 1.513, 1.513, 1.513, 1.516, 1.516, 1.516, 1.516, 1.516, 1.516, 1.516, 1.516, 1.516, 1.516, 1.516, 1.516, 1.516, 1.513, 1.513, 1.512, 1.512, 1.511, 1.51, 1.509, 1.509, 1.509, 1.509, 1.509, 1.51, 1.511, 1.511, 1.511, 1.511, 1.511, 1.511, 1.511, 1.511, 1.512, 1.512, 1.513, 1.516, 1.516, 1.516, 1.516, 1.516, 1.516, 1.516, 1.513, 1.512, 1.511, 1.51, 1.509, 1.509, 1.508, 1.507, 1.507, 1.507, 1.506, 1.506, 1.506, 1.506, 1.506, 1.506, 1.506, 1.507, 1.507, 1.507, 1.508, 1.508, 1.509, 1.509, 1.508, 1.507, 1.507, 1.507, 1.507, 1.507, 1.507, 1.507, 1.508, 1.509, 1.509, 1.509, 1.509, 1.509, 1.508, 1.508, 1.508, 1.508, 1.508, 1.508, 1.508, 1.508, 1.508, 1.508, 1.507, 1.506, 1.505, 1.505, 1.504, 1.504, 1.503, 1.503, 1.503, 1.503, 1.504, 1.504, 1.505, 1.506, 1.506, 1.507, 1.507, 1.507, 1.506, 1.505, 1.505, 1.504, 1.503, 1.503, 1.503, 1.503, 1.503, 1.503, 1.503, 1.504, 1.505, 1.505, 1.505, 1.505, 1.505, 1.505, 1.505, 1.505, 1.505, 1.504, 1.504, 1.503, 1.503, 1.502, 1.501, 1.501, 1.5, 1.499, 1.499, 1.499, 1.499, 1.499, 1.499, 1.499, 1.499, 1.5, 1.5, 1.501, 1.501, 1.501, 1.501, 1.501, 1.501, 1.501, 1.501, 1.501, 1.501, 1.501, 1.501, 1.501, 1.501, 1.501, 1.5, 1.495, 1.494, 1.493, 1.492, 1.49, 1.489, 1.488, 1.488, 1.488, 1.488, 1.489, 1.49, 1.492, 1.493, 1.494, 1.495, 1.5, 1.5, 1.5, 1.496, 1.495, 1.495, 1.495, 1.495, 1.495, 1.495, 1.495, 1.494, 1.494, 1.493, 1.492, 1.492, 1.49, 1.49, 1.488, 1.488, 1.487, 1.486, 1.486, 1.486, 1.486, 1.486, 1.486, 1.487, 1.487, 1.488, 1.488, 1.489, 1.49, 1.491, 1.492, 1.493, 1.494, 1.494, 1.494, 1.493, 1.492, 1.49, 1.488, 1.487, 1.486, 1.485, 1.484, 1.484, 1.484, 1.485, 1.486, 1.486, 1.486, 1.486, 1.485, 1.484, 1.482, 1.481, 1.477, 1.476, 1.474, 1.473, 1.472, 1.472, 1.472, 1.472, 1.472, 1.472, 1.473, 1.474, 1.475, 1.476, 1.476, 1.476, 1.476, 1.476, 1.475, 1.474, 1.474, 1.473, 1.472, 1.472, 1.472, 1.472, 1.472, 1.472, 1.472, 1.473, 1.474, 1.474, 1.474, 1.474, 1.475, 1.476, 1.476, 1.476, 1.476, 1.476, 1.475, 1.474, 1.473, 1.472, 1.472, 1.472, 1.472, 1.471, 1.47, 1.47, 1.47, 1.47, 1.47, 1.47, 1.47, 1.47, 1.468, 1.468, 1.468, 1.468, 1.466, 1.466, 1.466, 1.466, 1.466, 1.466, 1.464, 1.464, 1.464, 1.464, 1.464, 1.464, 1.464, 1.464, 1.464, 1.466, 1.468, 1.468, 1.469, 1.47, 1.47, 1.471, 1.471, 1.47, 1.47, 1.47, 1.469, 1.468, 1.468, 1.468, 1.468, 1.468, 1.468, 1.468, 1.466, 1.466, 1.466, 1.464, 1.464, 1.464, 1.462, 1.462, 1.462, 1.462, 1.462, 1.462, 1.462, 1.464, 1.464, 1.464, 1.464, 1.466, 0, 
1.528, 1.527, 1.527, 1.527, 1.527, 1.528, 1.528, 1.532, 1.532, 1.533, 1.534, 1.535, 1.535, 1.535, 1.535, 1.534, 1.533, 1.532, 1.531, 1.528, 1.528, 1.528, 1.528, 1.528, 1.528, 1.527, 1.527, 1.526, 1.526, 1.525, 1.524, 1.524, 1.524, 1.524, 1.524, 1.525, 1.526, 1.527, 1.528, 1.528, 1.531, 1.532, 1.532, 1.532, 1.532, 1.528, 1.527, 1.527, 1.526, 1.525, 1.524, 1.524, 1.523, 1.522, 1.521, 1.52, 1.519, 1.518, 1.517, 1.516, 1.513, 1.513, 1.513, 1.513, 1.513, 1.516, 1.517, 1.518, 1.519, 1.52, 1.52, 1.521, 1.522, 1.523, 1.523, 1.522, 1.522, 1.521, 1.52, 1.52, 1.519, 1.518, 1.518, 1.519, 1.52, 1.52, 1.521, 1.522, 1.523, 1.524, 1.525, 1.525, 1.526, 1.525, 1.525, 1.525, 1.524, 1.524, 1.525, 1.525, 1.525, 1.526, 1.526, 1.526, 1.525, 1.524, 1.523, 1.522, 1.521, 1.52, 1.52, 1.519, 1.518, 1.517, 1.516, 1.516, 1.516, 1.516, 1.516, 1.513, 1.513, 1.513, 1.513, 1.513, 1.513, 1.513, 1.513, 1.513, 1.516, 1.516, 1.516, 1.516, 1.516, 1.516, 1.516, 1.516, 1.516, 1.516, 1.516, 1.516, 1.513, 1.513, 1.513, 1.512, 1.512, 1.511, 1.511, 1.51, 1.509, 1.509, 1.509, 1.509, 1.51, 1.51, 1.511, 1.511, 1.511, 1.511, 1.511, 1.511, 1.511, 1.511, 1.511, 1.512, 1.513, 1.516, 1.516, 1.516, 1.517, 1.517, 1.516, 1.516, 1.513, 1.512, 1.511, 1.51, 1.509, 1.509, 1.508, 1.507, 1.506, 1.506, 1.505, 1.505, 1.505, 1.505, 1.505, 1.505, 1.506, 1.506, 1.506, 1.507, 1.507, 1.508, 1.508, 1.508, 1.508, 1.507, 1.507, 1.507, 1.507, 1.507, 1.507, 1.507, 1.508, 1.509, 1.509, 1.509, 1.509, 1.509, 1.509, 1.509, 1.509, 1.509, 1.509, 1.509, 1.509, 1.509, 1.509, 1.508, 1.507, 1.507, 1.505, 1.505, 1.505, 1.504, 1.504, 1.504, 1.504, 1.504, 1.505, 1.505, 1.506, 1.506, 1.507, 1.507, 1.507, 1.506, 1.505, 1.505, 1.504, 1.503, 1.503, 1.503, 1.503, 1.503, 1.503, 1.503, 1.503, 1.504, 1.505, 1.505, 1.505, 1.505, 1.505, 1.505, 1.505, 1.505, 1.505, 1.505, 1.504, 1.503, 1.503, 1.502, 1.501, 1.501, 1.5, 1.499, 1.499, 1.499, 1.496, 1.496, 1.496, 1.496, 1.499, 1.499, 1.5, 1.501, 1.501, 1.501, 1.501, 1.501, 1.501, 1.501, 1.501, 1.501, 1.501, 1.501, 1.501, 1.501, 1.501, 1.5, 1.5, 1.496, 1.493, 1.492, 1.49, 1.489, 1.488, 1.487, 1.487, 1.487, 1.487, 1.488, 1.49, 1.491, 1.492, 1.493, 1.494, 1.495, 1.495, 1.495, 1.495, 1.495, 1.494, 1.494, 1.494, 1.495, 1.495, 1.495, 1.495, 1.494, 1.494, 1.493, 1.492, 1.49, 1.49, 1.488, 1.488, 1.487, 1.486, 1.485, 1.485, 1.485, 1.485, 1.486, 1.486, 1.486, 1.487, 1.487, 1.488, 1.489, 1.49, 1.491, 1.492, 1.493, 1.494, 1.493, 1.492, 1.491, 1.489, 1.488, 1.486, 1.485, 1.484, 1.483, 1.483, 1.484, 1.484, 1.485, 1.486, 1.486, 1.486, 1.485, 1.484, 1.481, 1.481, 1.477, 1.476, 1.475, 1.474, 1.473, 1.472, 1.472, 1.472, 1.472, 1.472, 1.473, 1.474, 1.475, 1.476, 1.476, 1.476, 1.476, 1.476, 1.475, 1.474, 1.473, 1.473, 1.472, 1.472, 1.472, 1.472, 1.472, 1.472, 1.472, 1.473, 1.473, 1.474, 1.474, 1.474, 1.475, 1.475, 1.476, 1.476, 1.475, 1.475, 1.475, 1.474, 1.473, 1.473, 1.472, 1.472, 1.472, 1.471, 1.471, 1.47, 1.47, 1.47, 1.47, 1.47, 1.47, 1.47, 1.468, 1.468, 1.468, 1.468, 1.466, 1.466, 1.466, 1.466, 1.466, 1.466, 1.464, 1.464, 1.464, 1.464, 1.464, 1.464, 1.464, 1.464, 1.464, 1.466, 1.468, 1.468, 1.469, 1.47, 1.47, 1.471, 1.471, 1.471, 1.47, 1.47, 1.47, 1.469, 1.468, 1.468, 1.468, 1.468, 1.466, 1.466, 1.466, 1.466, 1.466, 1.464, 1.464, 1.462, 1.462, 1.462, 1.462, 1.462, 1.462, 1.462, 1.462, 1.464, 1.464, 1.464, 1.464, 1.466, 0, 
1.528, 1.528, 1.528, 1.527, 1.527, 1.528, 1.528, 1.532, 1.533, 1.533, 1.534, 1.535, 1.535, 1.535, 1.535, 1.534, 1.533, 1.532, 1.532, 1.531, 1.528, 1.528, 1.528, 1.528, 1.528, 1.528, 1.527, 1.527, 1.526, 1.525, 1.524, 1.524, 1.524, 1.524, 1.524, 1.525, 1.525, 1.526, 1.527, 1.528, 1.531, 1.531, 1.528, 1.528, 1.527, 1.527, 1.526, 1.526, 1.525, 1.524, 1.524, 1.524, 1.523, 1.522, 1.521, 1.521, 1.52, 1.518, 1.517, 1.516, 1.516, 1.513, 1.513, 1.513, 1.513, 1.516, 1.517, 1.518, 1.518, 1.519, 1.52, 1.52, 1.521, 1.522, 1.522, 1.521, 1.521, 1.52, 1.52, 1.519, 1.519, 1.518, 1.518, 1.519, 1.519, 1.52, 1.521, 1.522, 1.523, 1.524, 1.524, 1.525, 1.525, 1.525, 1.524, 1.524, 1.524, 1.524, 1.524, 1.524, 1.525, 1.526, 1.526, 1.526, 1.525, 1.524, 1.523, 1.522, 1.521, 1.52, 1.519, 1.518, 1.518, 1.517, 1.516, 1.516, 1.516, 1.516, 1.516, 1.516, 1.516, 1.516, 1.513, 1.513, 1.513, 1.516, 1.516, 1.516, 1.516, 1.516, 1.516, 1.516, 1.516, 1.516, 1.516, 1.516, 1.513, 1.513, 1.512, 1.512, 1.512, 1.512, 1.512, 1.512, 1.511, 1.511, 1.511, 1.51, 1.51, 1.51, 1.51, 1.51, 1.51, 1.511, 1.511, 1.511, 1.511, 1.511, 1.511, 1.511, 1.511, 1.511, 1.511, 1.512, 1.512, 1.516, 1.516, 1.516, 1.517, 1.517, 1.516, 1.516, 1.516, 1.512, 1.512, 1.511, 1.509, 1.509, 1.507, 1.507, 1.506, 1.505, 1.505, 1.505, 1.505, 1.505, 1.505, 1.505, 1.505, 1.505, 1.506, 1.506, 1.507, 1.507, 1.507, 1.507, 1.507, 1.507, 1.507, 1.507, 1.507, 1.507, 1.507, 1.508, 1.508, 1.509, 1.509, 1.509, 1.509, 1.509, 1.509, 1.509, 1.509, 1.509, 1.509, 1.509, 1.509, 1.509, 1.509, 1.508, 1.507, 1.507, 1.506, 1.505, 1.505, 1.505, 1.505, 1.505, 1.505, 1.505, 1.505, 1.506, 1.506, 1.507, 1.507, 1.507, 1.506, 1.505, 1.504, 1.504, 1.503, 1.502, 1.502, 1.502, 1.502, 1.502, 1.502, 1.503, 1.503, 1.504, 1.505, 1.505, 1.505, 1.505, 1.505, 1.505, 1.505, 1.505, 1.505, 1.505, 1.504, 1.503, 1.503, 1.502, 1.501, 1.501, 1.5, 1.499, 1.499, 1.499, 1.496, 1.496, 1.496, 1.496, 1.499, 1.499, 1.5, 1.501, 1.501, 1.501, 1.501, 1.501, 1.501, 1.501, 1.501, 1.501, 1.501, 1.501, 1.501, 1.501, 1.501, 1.5, 1.499, 1.496, 1.492, 1.492, 1.489, 1.488, 1.487, 1.487, 1.486, 1.486, 1.487, 1.488, 1.489, 1.49, 1.491, 1.492, 1.493, 1.493, 1.494, 1.494, 1.494, 1.494, 1.494, 1.494, 1.494, 1.495, 1.495, 1.496, 1.495, 1.495, 1.494, 1.493, 1.492, 1.491, 1.49, 1.488, 1.487, 1.486, 1.486, 1.485, 1.484, 1.484, 1.485, 1.485, 1.485, 1.486, 1.486, 1.487, 1.487, 1.488, 1.489, 1.49, 1.491, 1.492, 1.493, 1.493, 1.491, 1.49, 1.488, 1.486, 1.485, 1.484, 1.483, 1.482, 1.482, 1.483, 1.484, 1.485, 1.486, 1.486, 1.485, 1.485, 1.484, 1.481, 1.48, 1.476, 1.476, 1.475, 1.474, 1.473, 1.472, 1.472, 1.472, 1.472, 1.472, 1.473, 1.474, 1.474, 1.475, 1.476, 1.476, 1.476, 1.476, 1.475, 1.474, 1.473, 1.472, 1.472, 1.472, 1.472, 1.472, 1.472, 1.472, 1.472, 1.472, 1.473, 1.474, 1.474, 1.474, 1.474, 1.474, 1.475, 1.475, 1.474, 1.474, 1.474, 1.474, 1.474, 1.473, 1.472, 1.472, 1.472, 1.471, 1.471, 1.47, 1.47, 1.47, 1.47, 1.47, 1.47, 1.47, 1.469, 1.468, 1.468, 1.468, 1.466, 1.466, 1.466, 1.466, 1.466, 1.464, 1.464, 1.464, 1.464, 1.464, 1.464, 1.464, 1.464, 1.464, 1.464, 1.466, 1.468, 1.468, 1.469, 1.47, 1.47, 1.471, 1.472, 1.471, 1.47, 1.47, 1.47, 1.47, 1.469, 1.469, 1.468, 1.468, 1.466, 1.466, 1.466, 1.466, 1.464, 1.464, 1.462, 1.462, 1.462, 1.462, 1.462, 1.462, 1.462, 1.462, 1.462, 1.462, 1.464, 1.464, 1.464, 1.464, 0, 
1.528, 1.528, 1.528, 1.528, 1.528, 1.528, 1.528, 1.532, 1.533, 1.533, 1.535, 1.535, 1.536, 1.536, 1.535, 1.535, 1.534, 1.533, 1.532, 1.532, 1.532, 1.531, 1.531, 1.528, 1.528, 1.528, 1.528, 1.527, 1.526, 1.525, 1.524, 1.524, 1.524, 1.524, 1.524, 1.524, 1.525, 1.526, 1.527, 1.528, 1.528, 1.528, 1.527, 1.527, 1.526, 1.526, 1.525, 1.524, 1.524, 1.524, 1.524, 1.524, 1.523, 1.523, 1.522, 1.521, 1.52, 1.519, 1.518, 1.517, 1.516, 1.513, 1.513, 1.513, 1.513, 1.516, 1.517, 1.518, 1.518, 1.519, 1.52, 1.52, 1.521, 1.521, 1.521, 1.521, 1.52, 1.52, 1.52, 1.519, 1.518, 1.518, 1.518, 1.518, 1.519, 1.52, 1.52, 1.522, 1.523, 1.524, 1.524, 1.524, 1.524, 1.524, 1.524, 1.524, 1.524, 1.524, 1.524, 1.524, 1.524, 1.525, 1.526, 1.526, 1.525, 1.524, 1.523, 1.522, 1.521, 1.52, 1.519, 1.518, 1.517, 1.516, 1.516, 1.516, 1.516, 1.516, 1.516, 1.516, 1.516, 1.516, 1.516, 1.516, 1.516, 1.516, 1.516, 1.516, 1.516, 1.516, 1.516, 1.516, 1.516, 1.516, 1.516, 1.513, 1.512, 1.512, 1.512, 1.511, 1.511, 1.511, 1.511, 1.511, 1.511, 1.511, 1.511, 1.511, 1.511, 1.511, 1.511, 1.511, 1.511, 1.511, 1.511, 1.511, 1.511, 1.511, 1.511, 1.511, 1.511, 1.511, 1.511, 1.512, 1.512, 1.516, 1.516, 1.516, 1.517, 1.517, 1.516, 1.516, 1.516, 1.513, 1.512, 1.511, 1.509, 1.509, 1.507, 1.506, 1.505, 1.505, 1.504, 1.504, 1.504, 1.504, 1.505, 1.505, 1.505, 1.505, 1.505, 1.506, 1.506, 1.507, 1.507, 1.507, 1.507, 1.507, 1.507, 1.507, 1.507, 1.507, 1.507, 1.508, 1.509, 1.509, 1.509, 1.509, 1.509, 1.509, 1.509, 1.509, 1.509, 1.509, 1.509, 1.509, 1.509, 1.509, 1.509, 1.508, 1.507, 1.507, 1.506, 1.505, 1.505, 1.505, 1.505, 1.505, 1.505, 1.505, 1.505, 1.506, 1.507, 1.507, 1.507, 1.506, 1.505, 1.504, 1.503, 1.503, 1.502, 1.502, 1.501, 1.501, 1.501, 1.501, 1.502, 1.502, 1.503, 1.503, 1.504, 1.505, 1.505, 1.505, 1.505, 1.505, 1.505, 1.505, 1.505, 1.505, 1.504, 1.504, 1.503, 1.502, 1.501, 1.501, 1.5, 1.499, 1.499, 1.499, 1.496, 1.496, 1.496, 1.496, 1.499, 1.499, 1.5, 1.501, 1.501, 1.501, 1.501, 1.501, 1.501, 1.501, 1.501, 1.501, 1.501, 1.501, 1.501, 1.501, 1.5, 1.5, 1.496, 1.495, 1.492, 1.492, 1.488, 1.488, 1.487, 1.486, 1.485, 1.485, 1.486, 1.487, 1.488, 1.489, 1.49, 1.491, 1.491, 1.492, 1.492, 1.492, 1.493, 1.493, 1.493, 1.494, 1.494, 1.494, 1.495, 1.496, 1.496, 1.495, 1.494, 1.493, 1.492, 1.491, 1.49, 1.488, 1.487, 1.486, 1.485, 1.484, 1.484, 1.484, 1.484, 1.484, 1.485, 1.485, 1.485, 1.486, 1.487, 1.487, 1.488, 1.489, 1.49, 1.491, 1.492, 1.491, 1.49, 1.489, 1.487, 1.486, 1.484, 1.483, 1.482, 1.482, 1.482, 1.483, 1.484, 1.484, 1.485, 1.485, 1.485, 1.484, 1.484, 1.48, 1.479, 1.476, 1.476, 1.475, 1.474, 1.473, 1.472, 1.472, 1.472, 1.472, 1.472, 1.473, 1.473, 1.474, 1.475, 1.475, 1.476, 1.476, 1.475, 1.474, 1.474, 1.473, 1.472, 1.472, 1.472, 1.472, 1.472, 1.472, 1.472, 1.472, 1.472, 1.473, 1.474, 1.474, 1.474, 1.474, 1.474, 1.474, 1.474, 1.474, 1.474, 1.474, 1.474, 1.474, 1.473, 1.472, 1.472, 1.472, 1.472, 1.471, 1.47, 1.47, 1.47, 1.47, 1.47, 1.47, 1.47, 1.47, 1.468, 1.468, 1.468, 1.466, 1.466, 1.466, 1.466, 1.464, 1.464, 1.464, 1.464, 1.464, 1.464, 1.464, 1.464, 1.464, 1.464, 1.464, 1.466, 1.468, 1.468, 1.469, 1.47, 1.47, 1.471, 1.472, 1.471, 1.471, 1.47, 1.47, 1.47, 1.47, 1.469, 1.468, 1.468, 1.466, 1.466, 1.466, 1.466, 1.464, 1.462, 1.462, 1.462, 1.462, 1.462, 1.462, 1.462, 1.462, 1.462, 1.462, 1.462, 1.464, 1.464, 1.464, 1.464, 0, 
1.531, 1.528, 1.528, 1.528, 1.528, 1.528, 1.528, 1.532, 1.533, 1.533, 1.535, 1.536, 1.536, 1.536, 1.536, 1.535, 1.534, 1.534, 1.533, 1.533, 1.533, 1.532, 1.532, 1.532, 1.531, 1.528, 1.528, 1.527, 1.526, 1.524, 1.524, 1.523, 1.523, 1.523, 1.523, 1.524, 1.524, 1.525, 1.526, 1.527, 1.527, 1.527, 1.526, 1.526, 1.525, 1.524, 1.524, 1.524, 1.524, 1.523, 1.523, 1.523, 1.523, 1.523, 1.522, 1.522, 1.521, 1.52, 1.518, 1.517, 1.516, 1.516, 1.516, 1.516, 1.516, 1.516, 1.517, 1.518, 1.518, 1.519, 1.52, 1.52, 1.52, 1.521, 1.52, 1.52, 1.52, 1.52, 1.519, 1.519, 1.518, 1.518, 1.518, 1.518, 1.518, 1.519, 1.52, 1.521, 1.522, 1.523, 1.524, 1.524, 1.524, 1.524, 1.524, 1.523, 1.523, 1.524, 1.524, 1.524, 1.524, 1.525, 1.526, 1.526, 1.525, 1.524, 1.523, 1.522, 1.521, 1.52, 1.519, 1.518, 1.517, 1.516, 1.516, 1.516, 1.516, 1.516, 1.516, 1.516, 1.516, 1.516, 1.516, 1.516, 1.516, 1.516, 1.516, 1.516, 1.516, 1.516, 1.516, 1.516, 1.516, 1.516, 1.513, 1.512, 1.512, 1.511, 1.511, 1.511, 1.511, 1.511, 1.511, 1.511, 1.511, 1.511, 1.511, 1.511, 1.511, 1.511, 1.511, 1.511, 1.511, 1.511, 1.511, 1.511, 1.511, 1.511, 1.511, 1.511, 1.511, 1.511, 1.511, 1.511, 1.512, 1.516, 1.516, 1.516, 1.516, 1.517, 1.516, 1.516, 1.516, 1.512, 1.512, 1.511, 1.509, 1.509, 1.507, 1.506, 1.505, 1.504, 1.503, 1.503, 1.503, 1.504, 1.504, 1.505, 1.505, 1.505, 1.505, 1.505, 1.505, 1.506, 1.506, 1.507, 1.507, 1.507, 1.507, 1.507, 1.507, 1.507, 1.507, 1.508, 1.509, 1.509, 1.509, 1.509, 1.509, 1.509, 1.509, 1.509, 1.509, 1.509, 1.509, 1.509, 1.509, 1.509, 1.509, 1.508, 1.507, 1.507, 1.506, 1.505, 1.505, 1.505, 1.505, 1.505, 1.505, 1.505, 1.506, 1.506, 1.507, 1.507, 1.506, 1.505, 1.504, 1.503, 1.503, 1.502, 1.501, 1.501, 1.501, 1.501, 1.501, 1.501, 1.501, 1.501, 1.502, 1.503, 1.504, 1.505, 1.505, 1.505, 1.505, 1.505, 1.505, 1.505, 1.505, 1.505, 1.505, 1.504, 1.503, 1.502, 1.501, 1.501, 1.5, 1.5, 1.499, 1.499, 1.496, 1.496, 1.496, 1.499, 1.499, 1.499, 1.5, 1.501, 1.501, 1.501, 1.501, 1.501, 1.501, 1.501, 1.501, 1.501, 1.501, 1.501, 1.501, 1.501, 1.5, 1.5, 1.495, 1.494, 1.492, 1.491, 1.488, 1.487, 1.486, 1.485, 1.485, 1.485, 1.486, 1.486, 1.488, 1.488, 1.489, 1.49, 1.49, 1.491, 1.491, 1.492, 1.492, 1.492, 1.492, 1.493, 1.494, 1.494, 1.495, 1.496, 1.496, 1.495, 1.495, 1.494, 1.493, 1.491, 1.49, 1.488, 1.487, 1.486, 1.485, 1.484, 1.484, 1.484, 1.484, 1.484, 1.484, 1.484, 1.485, 1.486, 1.486, 1.487, 1.487, 1.488, 1.489, 1.49, 1.49, 1.49, 1.489, 1.488, 1.486, 1.485, 1.483, 1.482, 1.482, 1.482, 1.482, 1.482, 1.483, 1.484, 1.484, 1.485, 1.484, 1.484, 1.483, 1.48, 1.479, 1.476, 1.476, 1.475, 1.474, 1.473, 1.472, 1.472, 1.472, 1.472, 1.472, 1.472, 1.473, 1.474, 1.474, 1.475, 1.475, 1.475, 1.475, 1.474, 1.474, 1.473, 1.472, 1.472, 1.472, 1.472, 1.472, 1.472, 1.472, 1.472, 1.472, 1.473, 1.474, 1.474, 1.474, 1.474, 1.474, 1.474, 1.474, 1.474, 1.474, 1.474, 1.474, 1.474, 1.473, 1.472, 1.472, 1.472, 1.472, 1.471, 1.47, 1.47, 1.47, 1.47, 1.47, 1.47, 1.47, 1.47, 1.468, 1.468, 1.468, 1.466, 1.466, 1.466, 1.464, 1.464, 1.464, 1.464, 1.464, 1.464, 1.464, 1.464, 1.464, 1.464, 1.464, 1.464, 1.466, 1.468, 1.468, 1.469, 1.47, 1.47, 1.471, 1.472, 1.472, 1.471, 1.471, 1.47, 1.47, 1.47, 1.47, 1.469, 1.468, 1.468, 1.466, 1.466, 1.464, 1.464, 1.462, 1.462, 1.462, 1.462, 1.462, 1.462, 1.462, 1.462, 1.462, 1.462, 1.462, 1.462, 1.464, 1.464, 1.464, 0, 
1.531, 1.528, 1.528, 1.528, 1.528, 1.528, 1.531, 1.532, 1.533, 1.534, 1.535, 1.536, 1.537, 1.537, 1.536, 1.536, 1.535, 1.534, 1.534, 1.533, 1.533, 1.533, 1.533, 1.532, 1.532, 1.528, 1.527, 1.526, 1.525, 1.524, 1.523, 1.522, 1.522, 1.522, 1.523, 1.524, 1.524, 1.525, 1.526, 1.526, 1.526, 1.526, 1.525, 1.524, 1.524, 1.523, 1.522, 1.522, 1.522, 1.522, 1.522, 1.523, 1.523, 1.523, 1.522, 1.522, 1.521, 1.52, 1.519, 1.518, 1.517, 1.516, 1.516, 1.516, 1.516, 1.516, 1.517, 1.518, 1.518, 1.519, 1.52, 1.52, 1.52, 1.52, 1.52, 1.52, 1.52, 1.52, 1.519, 1.518, 1.517, 1.517, 1.517, 1.517, 1.518, 1.519, 1.52, 1.52, 1.522, 1.523, 1.524, 1.524, 1.524, 1.523, 1.523, 1.522, 1.522, 1.523, 1.523, 1.524, 1.524, 1.525, 1.525, 1.526, 1.525, 1.524, 1.523, 1.522, 1.52, 1.52, 1.518, 1.517, 1.517, 1.516, 1.516, 1.516, 1.516, 1.516, 1.517, 1.517, 1.517, 1.517, 1.517, 1.517, 1.517, 1.517, 1.517, 1.516, 1.516, 1.516, 1.516, 1.516, 1.516, 1.513, 1.512, 1.512, 1.511, 1.511, 1.511, 1.511, 1.511, 1.511, 1.511, 1.511, 1.511, 1.511, 1.511, 1.511, 1.511, 1.511, 1.512, 1.512, 1.512, 1.511, 1.511, 1.511, 1.511, 1.511, 1.511, 1.511, 1.511, 1.511, 1.511, 1.511, 1.512, 1.516, 1.516, 1.516, 1.516, 1.516, 1.516, 1.516, 1.516, 1.512, 1.511, 1.511, 1.509, 1.508, 1.507, 1.506, 1.505, 1.504, 1.503, 1.503, 1.503, 1.503, 1.504, 1.505, 1.505, 1.505, 1.505, 1.505, 1.505, 1.505, 1.506, 1.506, 1.507, 1.507, 1.507, 1.507, 1.507, 1.507, 1.508, 1.508, 1.509, 1.509, 1.509, 1.509, 1.509, 1.509, 1.509, 1.509, 1.509, 1.509, 1.509, 1.51, 1.51, 1.509, 1.509, 1.508, 1.507, 1.507, 1.506, 1.505, 1.505, 1.505, 1.505, 1.505, 1.505, 1.506, 1.506, 1.507, 1.507, 1.506, 1.505, 1.505, 1.503, 1.503, 1.502, 1.502, 1.501, 1.501, 1.501, 1.501, 1.501, 1.501, 1.501, 1.501, 1.502, 1.503, 1.504, 1.505, 1.505, 1.505, 1.505, 1.505, 1.505, 1.505, 1.505, 1.505, 1.505, 1.505, 1.504, 1.503, 1.502, 1.501, 1.501, 1.5, 1.499, 1.499, 1.499, 1.496, 1.496, 1.499, 1.499, 1.5, 1.5, 1.501, 1.501, 1.501, 1.501, 1.501, 1.501, 1.501, 1.501, 1.501, 1.501, 1.501, 1.501, 1.501, 1.5, 1.499, 1.496, 1.493, 1.492, 1.49, 1.488, 1.487, 1.486, 1.485, 1.484, 1.485, 1.486, 1.486, 1.487, 1.488, 1.488, 1.489, 1.489, 1.49, 1.49, 1.49, 1.491, 1.491, 1.492, 1.492, 1.493, 1.494, 1.495, 1.496, 1.496, 1.496, 1.495, 1.494, 1.493, 1.492, 1.49, 1.488, 1.487, 1.486, 1.485, 1.484, 1.484, 1.484, 1.484, 1.484, 1.484, 1.484, 1.485, 1.485, 1.486, 1.486, 1.487, 1.487, 1.488, 1.489, 1.489, 1.489, 1.488, 1.487, 1.485, 1.484, 1.482, 1.482, 1.481, 1.481, 1.481, 1.482, 1.482, 1.483, 1.484, 1.484, 1.484, 1.483, 1.482, 1.48, 1.478, 1.477, 1.476, 1.475, 1.474, 1.473, 1.473, 1.472, 1.472, 1.472, 1.472, 1.472, 1.472, 1.473, 1.473, 1.474, 1.474, 1.474, 1.474, 1.474, 1.474, 1.473, 1.472, 1.472, 1.472, 1.472, 1.472, 1.472, 1.472, 1.472, 1.472, 1.473, 1.474, 1.474, 1.474, 1.474, 1.474, 1.474, 1.474, 1.474, 1.474, 1.474, 1.474, 1.474, 1.473, 1.473, 1.472, 1.472, 1.472, 1.471, 1.471, 1.471, 1.47, 1.47, 1.47, 1.47, 1.47, 1.47, 1.468, 1.468, 1.468, 1.466, 1.466, 1.466, 1.464, 1.464, 1.464, 1.464, 1.464, 1.462, 1.462, 1.462, 1.464, 1.464, 1.464, 1.464, 1.466, 1.468, 1.468, 1.469, 1.47, 1.47, 1.471, 1.472, 1.472, 1.472, 1.471, 1.47, 1.47, 1.47, 1.47, 1.47, 1.468, 1.468, 1.466, 1.466, 1.464, 1.462, 1.462, 1.462, 1.462, 1.462, 1.462, 1.462, 1.462, 1.462, 1.462, 1.462, 1.462, 1.462, 1.462, 1.462, 1.464, 0, 
1.531, 1.528, 1.528, 1.528, 1.528, 1.528, 1.531, 1.532, 1.533, 1.534, 1.535, 1.536, 1.537, 1.537, 1.537, 1.536, 1.536, 1.535, 1.535, 1.534, 1.534, 1.533, 1.533, 1.533, 1.532, 1.528, 1.527, 1.526, 1.525, 1.524, 1.523, 1.522, 1.522, 1.522, 1.523, 1.524, 1.524, 1.525, 1.525, 1.526, 1.525, 1.525, 1.524, 1.523, 1.522, 1.521, 1.521, 1.521, 1.522, 1.522, 1.522, 1.522, 1.522, 1.523, 1.523, 1.522, 1.522, 1.52, 1.519, 1.518, 1.517, 1.517, 1.516, 1.516, 1.516, 1.517, 1.517, 1.518, 1.518, 1.519, 1.52, 1.52, 1.52, 1.52, 1.52, 1.52, 1.52, 1.519, 1.518, 1.518, 1.517, 1.516, 1.516, 1.517, 1.517, 1.518, 1.519, 1.52, 1.521, 1.522, 1.523, 1.523, 1.523, 1.522, 1.522, 1.522, 1.522, 1.522, 1.523, 1.523, 1.524, 1.524, 1.525, 1.526, 1.525, 1.524, 1.523, 1.522, 1.52, 1.519, 1.518, 1.517, 1.516, 1.516, 1.516, 1.516, 1.517, 1.517, 1.518, 1.518, 1.518, 1.518, 1.518, 1.518, 1.518, 1.518, 1.517, 1.517, 1.517, 1.516, 1.516, 1.516, 1.513, 1.512, 1.512, 1.511, 1.51, 1.51, 1.51, 1.51, 1.51, 1.51, 1.51, 1.51, 1.51, 1.511, 1.511, 1.511, 1.511, 1.512, 1.512, 1.513, 1.512, 1.512, 1.512, 1.511, 1.511, 1.511, 1.511, 1.511, 1.511, 1.511, 1.511, 1.511, 1.512, 1.513, 1.516, 1.516, 1.516, 1.516, 1.516, 1.516, 1.516, 1.512, 1.511, 1.511, 1.509, 1.508, 1.507, 1.506, 1.505, 1.504, 1.503, 1.503, 1.503, 1.503, 1.504, 1.505, 1.505, 1.505, 1.505, 1.505, 1.505, 1.505, 1.505, 1.506, 1.507, 1.507, 1.507, 1.507, 1.507, 1.507, 1.508, 1.509, 1.509, 1.509, 1.509, 1.509, 1.509, 1.509, 1.509, 1.509, 1.509, 1.509, 1.509, 1.509, 1.509, 1.509, 1.509, 1.508, 1.507, 1.506, 1.505, 1.505, 1.505, 1.505, 1.505, 1.505, 1.505, 1.506, 1.506, 1.506, 1.506, 1.506, 1.505, 1.504, 1.503, 1.502, 1.502, 1.501, 1.501, 1.501, 1.501, 1.501, 1.501, 1.501, 1.501, 1.501, 1.502, 1.503, 1.504, 1.505, 1.505, 1.505, 1.505, 1.505, 1.505, 1.505, 1.505, 1.505, 1.505, 1.505, 1.505, 1.504, 1.503, 1.502, 1.501, 1.5, 1.5, 1.499, 1.499, 1.499, 1.499, 1.499, 1.499, 1.5, 1.501, 1.501, 1.501, 1.501, 1.501, 1.501, 1.501, 1.501, 1.501, 1.501, 1.501, 1.501, 1.501, 1.5, 1.5, 1.499, 1.496, 1.492, 1.492, 1.489, 1.488, 1.487, 1.486, 1.485, 1.484, 1.485, 1.486, 1.486, 1.487, 1.488, 1.488, 1.488, 1.489, 1.489, 1.489, 1.49, 1.49, 1.49, 1.491, 1.492, 1.493, 1.494, 1.495, 1.496, 1.496, 1.496, 1.496, 1.495, 1.494, 1.492, 1.49, 1.488, 1.487, 1.486, 1.485, 1.484, 1.484, 1.484, 1.484, 1.484, 1.484, 1.484, 1.484, 1.485, 1.485, 1.486, 1.486, 1.487, 1.487, 1.488, 1.488, 1.488, 1.487, 1.486, 1.484, 1.483, 1.482, 1.481, 1.48, 1.48, 1.48, 1.481, 1.482, 1.482, 1.483, 1.483, 1.483, 1.482, 1.481, 1.48, 1.478, 1.477, 1.476, 1.476, 1.474, 1.474, 1.473, 1.473, 1.472, 1.472, 1.472, 1.472, 1.472, 1.472, 1.473, 1.474, 1.474, 1.474, 1.474, 1.474, 1.474, 1.473, 1.472, 1.472, 1.472, 1.472, 1.472, 1.472, 1.472, 1.472, 1.472, 1.473, 1.474, 1.474, 1.474, 1.474, 1.474, 1.474, 1.474, 1.474, 1.474, 1.474, 1.474, 1.474, 1.473, 1.473, 1.472, 1.472, 1.472, 1.472, 1.472, 1.471, 1.471, 1.471, 1.471, 1.471, 1.47, 1.47, 1.47, 1.47, 1.468, 1.468, 1.466, 1.466, 1.464, 1.464, 1.464, 1.464, 1.462, 1.462, 1.462, 1.462, 1.464, 1.464, 1.464, 1.464, 1.466, 1.468, 1.468, 1.469, 1.47, 1.47, 1.471, 1.472, 1.472, 1.472, 1.471, 1.471, 1.47, 1.47, 1.47, 1.47, 1.468, 1.468, 1.466, 1.466, 1.464, 1.462, 1.462, 1.462, 1.462, 1.462, 1.462, 1.46, 1.46, 1.462, 1.462, 1.462, 1.462, 1.462, 1.462, 1.462, 1.462, 0, 
1.531, 1.531, 1.528, 1.528, 1.528, 1.528, 1.531, 1.532, 1.533, 1.534, 1.535, 1.536, 1.537, 1.537, 1.537, 1.537, 1.536, 1.536, 1.536, 1.535, 1.535, 1.534, 1.533, 1.533, 1.532, 1.532, 1.527, 1.526, 1.525, 1.524, 1.523, 1.522, 1.522, 1.522, 1.523, 1.524, 1.524, 1.524, 1.525, 1.525, 1.525, 1.524, 1.523, 1.522, 1.522, 1.521, 1.52, 1.52, 1.521, 1.521, 1.521, 1.522, 1.522, 1.522, 1.523, 1.523, 1.522, 1.521, 1.52, 1.519, 1.518, 1.518, 1.517, 1.517, 1.517, 1.518, 1.518, 1.519, 1.519, 1.52, 1.52, 1.52, 1.52, 1.52, 1.52, 1.52, 1.52, 1.519, 1.518, 1.518, 1.517, 1.516, 1.516, 1.516, 1.517, 1.518, 1.519, 1.52, 1.52, 1.521, 1.522, 1.522, 1.522, 1.521, 1.521, 1.52, 1.521, 1.521, 1.522, 1.523, 1.524, 1.524, 1.525, 1.525, 1.525, 1.524, 1.522, 1.521, 1.52, 1.518, 1.517, 1.516, 1.516, 1.516, 1.516, 1.516, 1.517, 1.518, 1.518, 1.518, 1.518, 1.518, 1.518, 1.518, 1.518, 1.518, 1.518, 1.518, 1.517, 1.517, 1.516, 1.516, 1.513, 1.512, 1.511, 1.511, 1.51, 1.509, 1.509, 1.509, 1.509, 1.509, 1.509, 1.509, 1.51, 1.511, 1.511, 1.511, 1.512, 1.512, 1.513, 1.513, 1.513, 1.513, 1.512, 1.511, 1.511, 1.511, 1.511, 1.511, 1.511, 1.511, 1.511, 1.511, 1.512, 1.513, 1.513, 1.516, 1.516, 1.516, 1.516, 1.516, 1.516, 1.512, 1.511, 1.51, 1.509, 1.508, 1.507, 1.506, 1.505, 1.504, 1.503, 1.503, 1.503, 1.503, 1.504, 1.505, 1.505, 1.505, 1.505, 1.505, 1.505, 1.505, 1.505, 1.506, 1.507, 1.507, 1.507, 1.507, 1.507, 1.508, 1.509, 1.509, 1.509, 1.509, 1.509, 1.509, 1.509, 1.509, 1.509, 1.509, 1.509, 1.509, 1.509, 1.509, 1.509, 1.509, 1.509, 1.508, 1.507, 1.506, 1.505, 1.505, 1.505, 1.505, 1.505, 1.505, 1.505, 1.505, 1.506, 1.506, 1.506, 1.505, 1.504, 1.503, 1.502, 1.502, 1.501, 1.501, 1.501, 1.501, 1.501, 1.501, 1.501, 1.501, 1.501, 1.501, 1.502, 1.503, 1.504, 1.504, 1.505, 1.505, 1.505, 1.505, 1.505, 1.505, 1.505, 1.506, 1.506, 1.506, 1.506, 1.505, 1.504, 1.503, 1.502, 1.501, 1.5, 1.499, 1.499, 1.499, 1.499, 1.499, 1.499, 1.5, 1.501, 1.501, 1.501, 1.501, 1.501, 1.501, 1.501, 1.501, 1.501, 1.501, 1.501, 1.501, 1.501, 1.5, 1.499, 1.496, 1.495, 1.492, 1.492, 1.488, 1.488, 1.486, 1.486, 1.485, 1.485, 1.485, 1.486, 1.486, 1.487, 1.488, 1.488, 1.488, 1.488, 1.488, 1.489, 1.489, 1.49, 1.49, 1.491, 1.492, 1.493, 1.494, 1.494, 1.495, 1.496, 1.496, 1.496, 1.495, 1.494, 1.492, 1.49, 1.488, 1.487, 1.486, 1.485, 1.484, 1.484, 1.484, 1.484, 1.484, 1.484, 1.484, 1.484, 1.484, 1.485, 1.485, 1.486, 1.486, 1.487, 1.487, 1.488, 1.487, 1.486, 1.485, 1.483, 1.482, 1.481, 1.48, 1.479, 1.479, 1.479, 1.48, 1.481, 1.482, 1.482, 1.482, 1.482, 1.482, 1.481, 1.479, 1.478, 1.477, 1.476, 1.476, 1.475, 1.474, 1.474, 1.473, 1.473, 1.472, 1.472, 1.472, 1.472, 1.472, 1.473, 1.473, 1.474, 1.474, 1.474, 1.474, 1.474, 1.473, 1.473, 1.472, 1.472, 1.472, 1.472, 1.472, 1.472, 1.472, 1.473, 1.473, 1.474, 1.474, 1.474, 1.473, 1.473, 1.473, 1.473, 1.473, 1.474, 1.474, 1.474, 1.474, 1.473, 1.473, 1.472, 1.472, 1.472, 1.472, 1.472, 1.472, 1.472, 1.472, 1.471, 1.471, 1.471, 1.471, 1.47, 1.47, 1.468, 1.468, 1.466, 1.466, 1.464, 1.464, 1.464, 1.462, 1.462, 1.462, 1.462, 1.462, 1.462, 1.464, 1.464, 1.464, 1.466, 1.468, 1.468, 1.469, 1.47, 1.47, 1.471, 1.472, 1.472, 1.472, 1.472, 1.471, 1.471, 1.47, 1.47, 1.47, 1.47, 1.468, 1.466, 1.466, 1.464, 1.462, 1.462, 1.462, 1.46, 1.46, 1.46, 1.46, 1.46, 1.46, 1.46, 1.462, 1.462, 1.462, 1.462, 1.462, 1.462, 0, 
1.531, 1.531, 1.528, 1.528, 1.528, 1.528, 1.531, 1.532, 1.533, 1.533, 1.534, 1.535, 1.536, 1.536, 1.537, 1.537, 1.537, 1.537, 1.536, 1.536, 1.535, 1.535, 1.534, 1.533, 1.533, 1.532, 1.527, 1.526, 1.524, 1.524, 1.522, 1.522, 1.522, 1.522, 1.522, 1.524, 1.524, 1.524, 1.525, 1.525, 1.524, 1.523, 1.522, 1.522, 1.521, 1.52, 1.52, 1.52, 1.52, 1.52, 1.521, 1.522, 1.522, 1.523, 1.523, 1.523, 1.523, 1.522, 1.521, 1.52, 1.52, 1.519, 1.519, 1.518, 1.518, 1.519, 1.519, 1.52, 1.52, 1.52, 1.52, 1.52, 1.52, 1.52, 1.52, 1.52, 1.52, 1.519, 1.518, 1.518, 1.517, 1.516, 1.516, 1.516, 1.516, 1.517, 1.518, 1.519, 1.52, 1.52, 1.52, 1.521, 1.52, 1.52, 1.52, 1.52, 1.52, 1.52, 1.521, 1.522, 1.523, 1.524, 1.525, 1.525, 1.524, 1.524, 1.522, 1.52, 1.519, 1.518, 1.517, 1.516, 1.516, 1.516, 1.516, 1.517, 1.518, 1.518, 1.519, 1.519, 1.519, 1.519, 1.519, 1.519, 1.519, 1.519, 1.518, 1.518, 1.518, 1.517, 1.516, 1.513, 1.513, 1.512, 1.511, 1.51, 1.509, 1.509, 1.509, 1.509, 1.509, 1.509, 1.509, 1.509, 1.51, 1.511, 1.511, 1.511, 1.512, 1.513, 1.513, 1.513, 1.513, 1.513, 1.512, 1.512, 1.511, 1.511, 1.511, 1.511, 1.511, 1.511, 1.511, 1.511, 1.512, 1.512, 1.512, 1.512, 1.512, 1.516, 1.516, 1.516, 1.513, 1.512, 1.511, 1.51, 1.509, 1.508, 1.507, 1.506, 1.505, 1.504, 1.504, 1.504, 1.504, 1.504, 1.504, 1.505, 1.505, 1.505, 1.505, 1.505, 1.505, 1.505, 1.506, 1.506, 1.507, 1.507, 1.507, 1.507, 1.508, 1.508, 1.509, 1.509, 1.509, 1.509, 1.509, 1.509, 1.509, 1.509, 1.509, 1.509, 1.509, 1.509, 1.509, 1.509, 1.509, 1.509, 1.509, 1.508, 1.507, 1.506, 1.505, 1.505, 1.505, 1.505, 1.505, 1.505, 1.505, 1.505, 1.505, 1.505, 1.505, 1.505, 1.504, 1.503, 1.502, 1.501, 1.501, 1.501, 1.501, 1.501, 1.501, 1.501, 1.501, 1.501, 1.501, 1.501, 1.502, 1.503, 1.503, 1.504, 1.504, 1.505, 1.505, 1.505, 1.505, 1.505, 1.506, 1.506, 1.506, 1.507, 1.507, 1.506, 1.505, 1.504, 1.503, 1.501, 1.501, 1.5, 1.499, 1.499, 1.499, 1.499, 1.5, 1.5, 1.501, 1.501, 1.501, 1.501, 1.501, 1.501, 1.501, 1.501, 1.501, 1.501, 1.501, 1.501, 1.5, 1.5, 1.499, 1.495, 1.494, 1.492, 1.491, 1.488, 1.488, 1.486, 1.486, 1.486, 1.486, 1.486, 1.486, 1.486, 1.487, 1.488, 1.488, 1.488, 1.488, 1.488, 1.488, 1.489, 1.49, 1.49, 1.491, 1.492, 1.493, 1.494, 1.494, 1.495, 1.496, 1.496, 1.496, 1.495, 1.494, 1.492, 1.491, 1.489, 1.487, 1.486, 1.485, 1.485, 1.484, 1.484, 1.484, 1.484, 1.484, 1.484, 1.484, 1.484, 1.484, 1.485, 1.486, 1.486, 1.486, 1.487, 1.487, 1.486, 1.485, 1.484, 1.483, 1.482, 1.48, 1.479, 1.478, 1.478, 1.479, 1.48, 1.48, 1.481, 1.482, 1.482, 1.482, 1.481, 1.48, 1.479, 1.478, 1.477, 1.476, 1.476, 1.475, 1.474, 1.474, 1.474, 1.473, 1.472, 1.472, 1.472, 1.472, 1.472, 1.472, 1.473, 1.473, 1.474, 1.474, 1.474, 1.474, 1.474, 1.473, 1.472, 1.472, 1.472, 1.472, 1.472, 1.472, 1.473, 1.473, 1.474, 1.474, 1.474, 1.473, 1.473, 1.472, 1.472, 1.472, 1.473, 1.473, 1.474, 1.474, 1.474, 1.473, 1.473, 1.472, 1.472, 1.472, 1.472, 1.472, 1.472, 1.472, 1.472, 1.472, 1.472, 1.472, 1.471, 1.471, 1.47, 1.469, 1.468, 1.466, 1.466, 1.464, 1.464, 1.462, 1.462, 1.462, 1.462, 1.462, 1.462, 1.462, 1.464, 1.464, 1.464, 1.466, 1.468, 1.468, 1.469, 1.47, 1.47, 1.471, 1.472, 1.472, 1.472, 1.472, 1.472, 1.471, 1.471, 1.47, 1.47, 1.47, 1.468, 1.466, 1.466, 1.464, 1.462, 1.462, 1.46, 1.46, 1.46, 1.46, 1.46, 1.46, 1.46, 1.46, 1.46, 1.462, 1.462, 1.462, 1.462, 1.462, 0, 
1.531, 1.531, 1.528, 1.528, 1.528, 1.528, 1.528, 1.532, 1.532, 1.533, 1.534, 1.535, 1.535, 1.536, 1.537, 1.537, 1.537, 1.537, 1.537, 1.536, 1.536, 1.535, 1.534, 1.533, 1.533, 1.532, 1.527, 1.526, 1.524, 1.523, 1.522, 1.521, 1.521, 1.522, 1.522, 1.523, 1.524, 1.524, 1.525, 1.525, 1.524, 1.523, 1.522, 1.521, 1.52, 1.52, 1.52, 1.52, 1.52, 1.52, 1.521, 1.522, 1.522, 1.523, 1.524, 1.524, 1.524, 1.523, 1.522, 1.522, 1.52, 1.52, 1.52, 1.52, 1.52, 1.52, 1.52, 1.52, 1.52, 1.52, 1.52, 1.52, 1.52, 1.52, 1.52, 1.52, 1.52, 1.519, 1.518, 1.518, 1.517, 1.516, 1.516, 1.516, 1.516, 1.517, 1.518, 1.519, 1.519, 1.52, 1.52, 1.52, 1.52, 1.519, 1.519, 1.519, 1.519, 1.52, 1.52, 1.522, 1.523, 1.524, 1.524, 1.525, 1.524, 1.523, 1.522, 1.52, 1.519, 1.517, 1.516, 1.516, 1.516, 1.516, 1.516, 1.517, 1.518, 1.518, 1.519, 1.52, 1.52, 1.52, 1.52, 1.52, 1.52, 1.52, 1.519, 1.519, 1.518, 1.517, 1.517, 1.513, 1.512, 1.511, 1.511, 1.51, 1.509, 1.509, 1.509, 1.509, 1.509, 1.509, 1.509, 1.509, 1.51, 1.511, 1.511, 1.512, 1.512, 1.513, 1.513, 1.513, 1.513, 1.513, 1.513, 1.512, 1.511, 1.511, 1.511, 1.511, 1.511, 1.511, 1.511, 1.511, 1.511, 1.511, 1.511, 1.512, 1.512, 1.512, 1.512, 1.512, 1.512, 1.511, 1.511, 1.51, 1.509, 1.508, 1.507, 1.506, 1.505, 1.505, 1.505, 1.505, 1.505, 1.505, 1.505, 1.505, 1.505, 1.505, 1.505, 1.505, 1.505, 1.506, 1.506, 1.507, 1.507, 1.507, 1.507, 1.508, 1.508, 1.509, 1.509, 1.509, 1.509, 1.509, 1.509, 1.509, 1.509, 1.509, 1.509, 1.509, 1.509, 1.509, 1.509, 1.509, 1.509, 1.509, 1.509, 1.508, 1.507, 1.506, 1.505, 1.505, 1.505, 1.505, 1.505, 1.505, 1.505, 1.505, 1.505, 1.505, 1.505, 1.504, 1.503, 1.503, 1.502, 1.501, 1.501, 1.501, 1.501, 1.501, 1.501, 1.501, 1.501, 1.501, 1.501, 1.501, 1.501, 1.502, 1.503, 1.503, 1.504, 1.504, 1.504, 1.505, 1.505, 1.505, 1.506, 1.506, 1.507, 1.507, 1.507, 1.506, 1.505, 1.504, 1.503, 1.502, 1.501, 1.5, 1.499, 1.499, 1.5, 1.5, 1.5, 1.501, 1.501, 1.501, 1.501, 1.501, 1.5, 1.5, 1.5, 1.5, 1.5, 1.501, 1.501, 1.501, 1.5, 1.499, 1.499, 1.495, 1.494, 1.492, 1.49, 1.489, 1.488, 1.487, 1.486, 1.486, 1.486, 1.486, 1.486, 1.486, 1.487, 1.488, 1.488, 1.488, 1.488, 1.488, 1.488, 1.489, 1.49, 1.49, 1.491, 1.492, 1.493, 1.494, 1.495, 1.496, 1.496, 1.499, 1.499, 1.496, 1.495, 1.493, 1.492, 1.489, 1.488, 1.487, 1.486, 1.485, 1.484, 1.484, 1.484, 1.484, 1.484, 1.484, 1.484, 1.484, 1.484, 1.485, 1.485, 1.486, 1.486, 1.486, 1.486, 1.486, 1.485, 1.483, 1.482, 1.481, 1.48, 1.479, 1.478, 1.478, 1.479, 1.48, 1.48, 1.481, 1.482, 1.482, 1.482, 1.481, 1.48, 1.479, 1.478, 1.477, 1.476, 1.476, 1.475, 1.474, 1.474, 1.474, 1.473, 1.472, 1.472, 1.472, 1.472, 1.472, 1.472, 1.472, 1.473, 1.474, 1.474, 1.474, 1.474, 1.474, 1.473, 1.473, 1.473, 1.473, 1.473, 1.473, 1.473, 1.473, 1.474, 1.474, 1.474, 1.474, 1.473, 1.472, 1.472, 1.472, 1.472, 1.472, 1.473, 1.474, 1.474, 1.474, 1.473, 1.472, 1.472, 1.472, 1.472, 1.472, 1.472, 1.472, 1.472, 1.472, 1.472, 1.472, 1.472, 1.472, 1.471, 1.47, 1.47, 1.469, 1.466, 1.466, 1.464, 1.464, 1.462, 1.462, 1.462, 1.462, 1.462, 1.462, 1.464, 1.464, 1.464, 1.466, 1.466, 1.468, 1.468, 1.469, 1.47, 1.47, 1.471, 1.472, 1.472, 1.472, 1.472, 1.472, 1.472, 1.471, 1.471, 1.47, 1.47, 1.469, 1.468, 1.466, 1.464, 1.462, 1.462, 1.46, 1.46, 1.46, 1.46, 1.458, 1.458, 1.458, 1.46, 1.46, 1.46, 1.46, 1.46, 1.46, 1.462, 0, 
1.531, 1.531, 1.528, 1.528, 1.528, 1.528, 1.528, 1.531, 1.532, 1.533, 1.533, 1.534, 1.535, 1.535, 1.536, 1.537, 1.537, 1.537, 1.537, 1.537, 1.537, 1.536, 1.535, 1.533, 1.533, 1.532, 1.527, 1.526, 1.524, 1.523, 1.521, 1.52, 1.52, 1.521, 1.522, 1.523, 1.524, 1.524, 1.525, 1.524, 1.524, 1.522, 1.521, 1.52, 1.52, 1.519, 1.519, 1.519, 1.519, 1.52, 1.52, 1.521, 1.522, 1.523, 1.524, 1.524, 1.524, 1.524, 1.524, 1.523, 1.523, 1.522, 1.522, 1.52, 1.521, 1.521, 1.521, 1.52, 1.52, 1.52, 1.52, 1.52, 1.52, 1.52, 1.52, 1.52, 1.519, 1.519, 1.518, 1.518, 1.517, 1.516, 1.516, 1.516, 1.516, 1.517, 1.518, 1.518, 1.519, 1.519, 1.519, 1.519, 1.519, 1.518, 1.518, 1.518, 1.518, 1.519, 1.52, 1.521, 1.522, 1.523, 1.524, 1.524, 1.524, 1.524, 1.521, 1.52, 1.518, 1.517, 1.516, 1.516, 1.516, 1.516, 1.516, 1.517, 1.518, 1.519, 1.52, 1.52, 1.52, 1.52, 1.52, 1.52, 1.52, 1.52, 1.52, 1.519, 1.518, 1.518, 1.517, 1.513, 1.512, 1.511, 1.51, 1.509, 1.509, 1.509, 1.509, 1.509, 1.509, 1.509, 1.509, 1.509, 1.51, 1.511, 1.511, 1.512, 1.513, 1.513, 1.513, 1.513, 1.513, 1.513, 1.513, 1.512, 1.511, 1.511, 1.511, 1.511, 1.511, 1.511, 1.511, 1.511, 1.511, 1.511, 1.511, 1.511, 1.511, 1.511, 1.511, 1.511, 1.511, 1.511, 1.51, 1.509, 1.509, 1.508, 1.507, 1.506, 1.505, 1.505, 1.505, 1.505, 1.505, 1.505, 1.505, 1.505, 1.505, 1.505, 1.505, 1.505, 1.506, 1.506, 1.507, 1.507, 1.507, 1.507, 1.508, 1.508, 1.509, 1.509, 1.509, 1.509, 1.509, 1.509, 1.509, 1.509, 1.509, 1.509, 1.509, 1.509, 1.509, 1.509, 1.509, 1.509, 1.509, 1.509, 1.509, 1.508, 1.507, 1.506, 1.505, 1.505, 1.505, 1.505, 1.505, 1.505, 1.505, 1.505, 1.505, 1.505, 1.505, 1.504, 1.503, 1.503, 1.502, 1.501, 1.501, 1.501, 1.501, 1.501, 1.501, 1.501, 1.501, 1.501, 1.501, 1.501, 1.501, 1.502, 1.503, 1.503, 1.503, 1.503, 1.504, 1.504, 1.505, 1.505, 1.505, 1.506, 1.507, 1.507, 1.507, 1.506, 1.505, 1.505, 1.504, 1.503, 1.502, 1.501, 1.5, 1.5, 1.5, 1.501, 1.501, 1.501, 1.501, 1.501, 1.501, 1.5, 1.5, 1.499, 1.499, 1.499, 1.5, 1.5, 1.5, 1.5, 1.5, 1.499, 1.499, 1.496, 1.493, 1.492, 1.49, 1.488, 1.487, 1.486, 1.486, 1.486, 1.486, 1.486, 1.486, 1.486, 1.487, 1.488, 1.488, 1.488, 1.488, 1.488, 1.489, 1.489, 1.49, 1.491, 1.491, 1.492, 1.493, 1.494, 1.495, 1.496, 1.499, 1.499, 1.496, 1.496, 1.495, 1.494, 1.493, 1.489, 1.488, 1.487, 1.486, 1.485, 1.485, 1.484, 1.484, 1.484, 1.484, 1.484, 1.484, 1.484, 1.484, 1.484, 1.485, 1.486, 1.486, 1.486, 1.486, 1.485, 1.484, 1.483, 1.482, 1.481, 1.479, 1.479, 1.478, 1.478, 1.478, 1.479, 1.48, 1.481, 1.481, 1.481, 1.481, 1.48, 1.479, 1.478, 1.478, 1.477, 1.476, 1.476, 1.475, 1.474, 1.474, 1.474, 1.473, 1.473, 1.472, 1.472, 1.472, 1.472, 1.472, 1.472, 1.473, 1.474, 1.474, 1.474, 1.474, 1.474, 1.474, 1.474, 1.474, 1.474, 1.474, 1.474, 1.474, 1.474, 1.474, 1.474, 1.474, 1.474, 1.473, 1.472, 1.472, 1.472, 1.472, 1.472, 1.473, 1.474, 1.474, 1.474, 1.473, 1.472, 1.472, 1.472, 1.472, 1.472, 1.472, 1.472, 1.472, 1.472, 1.472, 1.472, 1.472, 1.472, 1.472, 1.471, 1.47, 1.469, 1.468, 1.466, 1.464, 1.464, 1.462, 1.462, 1.462, 1.462, 1.462, 1.462, 1.464, 1.464, 1.464, 1.466, 1.468, 1.468, 1.468, 1.469, 1.47, 1.47, 1.471, 1.472, 1.472, 1.472, 1.472, 1.472, 1.472, 1.472, 1.471, 1.471, 1.47, 1.469, 1.469, 1.466, 1.464, 1.462, 1.462, 1.46, 1.46, 1.46, 1.46, 1.458, 1.458, 1.458, 1.46, 1.46, 1.46, 1.46, 1.46, 1.46, 1.462, 0, 
1.531, 1.531, 1.528, 1.528, 1.528, 1.528, 1.528, 1.531, 1.532, 1.533, 1.533, 1.534, 1.534, 1.535, 1.535, 1.536, 1.536, 1.537, 1.537, 1.537, 1.537, 1.536, 1.535, 1.534, 1.533, 1.528, 1.528, 1.525, 1.524, 1.522, 1.521, 1.52, 1.52, 1.521, 1.522, 1.523, 1.524, 1.524, 1.525, 1.524, 1.523, 1.522, 1.521, 1.52, 1.52, 1.519, 1.518, 1.518, 1.519, 1.52, 1.52, 1.521, 1.522, 1.523, 1.524, 1.524, 1.525, 1.525, 1.525, 1.524, 1.524, 1.524, 1.523, 1.523, 1.522, 1.522, 1.522, 1.522, 1.521, 1.521, 1.52, 1.52, 1.52, 1.52, 1.52, 1.519, 1.519, 1.518, 1.518, 1.517, 1.516, 1.516, 1.516, 1.516, 1.516, 1.517, 1.517, 1.518, 1.518, 1.518, 1.518, 1.518, 1.518, 1.517, 1.517, 1.517, 1.517, 1.518, 1.52, 1.521, 1.522, 1.523, 1.524, 1.524, 1.524, 1.524, 1.52, 1.52, 1.517, 1.516, 1.516, 1.516, 1.516, 1.516, 1.516, 1.517, 1.518, 1.519, 1.52, 1.52, 1.52, 1.52, 1.52, 1.52, 1.52, 1.52, 1.52, 1.52, 1.519, 1.518, 1.517, 1.513, 1.512, 1.511, 1.51, 1.509, 1.509, 1.509, 1.509, 1.509, 1.509, 1.509, 1.509, 1.509, 1.51, 1.511, 1.511, 1.512, 1.513, 1.513, 1.516, 1.516, 1.513, 1.513, 1.513, 1.512, 1.512, 1.511, 1.511, 1.511, 1.511, 1.511, 1.51, 1.51, 1.51, 1.51, 1.51, 1.511, 1.511, 1.511, 1.511, 1.511, 1.51, 1.51, 1.509, 1.509, 1.509, 1.508, 1.507, 1.506, 1.505, 1.505, 1.505, 1.505, 1.505, 1.505, 1.505, 1.505, 1.505, 1.505, 1.505, 1.505, 1.506, 1.507, 1.507, 1.507, 1.507, 1.508, 1.508, 1.509, 1.509, 1.509, 1.509, 1.509, 1.509, 1.509, 1.509, 1.509, 1.509, 1.509, 1.509, 1.509, 1.509, 1.509, 1.509, 1.509, 1.509, 1.509, 1.508, 1.508, 1.507, 1.505, 1.505, 1.505, 1.505, 1.504, 1.504, 1.504, 1.504, 1.504, 1.504, 1.504, 1.504, 1.504, 1.503, 1.503, 1.502, 1.502, 1.501, 1.501, 1.501, 1.501, 1.501, 1.501, 1.501, 1.501, 1.501, 1.501, 1.501, 1.501, 1.502, 1.502, 1.503, 1.503, 1.503, 1.504, 1.504, 1.505, 1.505, 1.505, 1.506, 1.507, 1.507, 1.506, 1.506, 1.505, 1.504, 1.503, 1.502, 1.501, 1.501, 1.501, 1.501, 1.501, 1.501, 1.501, 1.501, 1.501, 1.5, 1.5, 1.499, 1.499, 1.499, 1.499, 1.499, 1.499, 1.5, 1.5, 1.499, 1.499, 1.499, 1.496, 1.492, 1.491, 1.49, 1.488, 1.487, 1.486, 1.486, 1.486, 1.486, 1.486, 1.486, 1.486, 1.487, 1.488, 1.488, 1.488, 1.488, 1.488, 1.489, 1.49, 1.491, 1.491, 1.492, 1.493, 1.494, 1.494, 1.495, 1.496, 1.496, 1.499, 1.496, 1.496, 1.495, 1.494, 1.494, 1.49, 1.489, 1.488, 1.487, 1.486, 1.485, 1.484, 1.484, 1.484, 1.484, 1.484, 1.484, 1.484, 1.484, 1.484, 1.484, 1.485, 1.486, 1.486, 1.486, 1.485, 1.484, 1.482, 1.481, 1.48, 1.479, 1.478, 1.478, 1.478, 1.478, 1.479, 1.48, 1.48, 1.48, 1.48, 1.48, 1.479, 1.479, 1.478, 1.477, 1.477, 1.476, 1.475, 1.475, 1.474, 1.474, 1.474, 1.473, 1.473, 1.472, 1.472, 1.472, 1.472, 1.472, 1.473, 1.473, 1.474, 1.474, 1.474, 1.474, 1.474, 1.474, 1.474, 1.474, 1.474, 1.474, 1.474, 1.474, 1.474, 1.474, 1.474, 1.474, 1.474, 1.473, 1.472, 1.472, 1.472, 1.472, 1.473, 1.473, 1.474, 1.474, 1.473, 1.473, 1.472, 1.472, 1.472, 1.472, 1.472, 1.472, 1.472, 1.472, 1.472, 1.472, 1.472, 1.472, 1.472, 1.472, 1.471, 1.47, 1.469, 1.468, 1.466, 1.464, 1.464, 1.462, 1.462, 1.462, 1.462, 1.462, 1.464, 1.464, 1.464, 1.464, 1.466, 1.468, 1.468, 1.468, 1.469, 1.47, 1.47, 1.471, 1.471, 1.472, 1.472, 1.472, 1.472, 1.472, 1.472, 1.472, 1.471, 1.47, 1.47, 1.469, 1.466, 1.464, 1.462, 1.462, 1.462, 1.46, 1.46, 1.46, 1.458, 1.458, 1.458, 1.46, 1.46, 1.46, 1.46, 1.46, 1.46, 1.46, 0, 
1.531, 1.531, 1.528, 1.528, 1.528, 1.528, 1.528, 1.528, 1.531, 1.532, 1.533, 1.533, 1.534, 1.534, 1.535, 1.535, 1.535, 1.536, 1.536, 1.536, 1.536, 1.536, 1.535, 1.534, 1.533, 1.528, 1.528, 1.524, 1.523, 1.522, 1.521, 1.52, 1.52, 1.521, 1.522, 1.523, 1.524, 1.524, 1.524, 1.524, 1.523, 1.522, 1.521, 1.52, 1.52, 1.519, 1.518, 1.518, 1.519, 1.52, 1.52, 1.521, 1.522, 1.523, 1.524, 1.525, 1.525, 1.526, 1.526, 1.526, 1.525, 1.525, 1.524, 1.524, 1.524, 1.523, 1.523, 1.522, 1.522, 1.521, 1.52, 1.52, 1.52, 1.52, 1.519, 1.519, 1.518, 1.518, 1.517, 1.517, 1.516, 1.516, 1.516, 1.516, 1.516, 1.516, 1.517, 1.518, 1.518, 1.518, 1.518, 1.518, 1.517, 1.517, 1.516, 1.516, 1.517, 1.518, 1.519, 1.52, 1.521, 1.524, 1.524, 1.524, 1.524, 1.523, 1.52, 1.52, 1.516, 1.516, 1.516, 1.516, 1.516, 1.516, 1.516, 1.517, 1.518, 1.519, 1.52, 1.52, 1.52, 1.52, 1.521, 1.521, 1.521, 1.52, 1.52, 1.52, 1.519, 1.518, 1.517, 1.513, 1.512, 1.511, 1.51, 1.509, 1.509, 1.509, 1.509, 1.509, 1.509, 1.509, 1.509, 1.509, 1.51, 1.511, 1.512, 1.513, 1.513, 1.513, 1.516, 1.516, 1.516, 1.513, 1.513, 1.512, 1.511, 1.511, 1.511, 1.51, 1.51, 1.51, 1.509, 1.509, 1.509, 1.509, 1.509, 1.509, 1.51, 1.51, 1.51, 1.51, 1.51, 1.509, 1.509, 1.509, 1.509, 1.508, 1.507, 1.507, 1.506, 1.506, 1.505, 1.505, 1.505, 1.505, 1.505, 1.505, 1.505, 1.505, 1.505, 1.505, 1.506, 1.507, 1.507, 1.507, 1.508, 1.508, 1.509, 1.509, 1.509, 1.509, 1.509, 1.509, 1.509, 1.509, 1.509, 1.509, 1.509, 1.509, 1.509, 1.509, 1.509, 1.509, 1.509, 1.509, 1.509, 1.509, 1.508, 1.507, 1.506, 1.505, 1.504, 1.504, 1.504, 1.504, 1.504, 1.504, 1.504, 1.504, 1.504, 1.504, 1.503, 1.503, 1.503, 1.503, 1.503, 1.502, 1.502, 1.501, 1.501, 1.501, 1.501, 1.501, 1.501, 1.501, 1.501, 1.501, 1.501, 1.501, 1.501, 1.501, 1.502, 1.502, 1.502, 1.503, 1.503, 1.504, 1.504, 1.505, 1.506, 1.507, 1.507, 1.506, 1.506, 1.505, 1.505, 1.504, 1.503, 1.502, 1.502, 1.501, 1.501, 1.501, 1.501, 1.501, 1.501, 1.501, 1.5, 1.499, 1.499, 1.499, 1.499, 1.499, 1.499, 1.499, 1.499, 1.499, 1.499, 1.499, 1.496, 1.495, 1.492, 1.492, 1.489, 1.488, 1.487, 1.486, 1.486, 1.486, 1.486, 1.486, 1.486, 1.486, 1.487, 1.488, 1.488, 1.488, 1.489, 1.489, 1.49, 1.491, 1.491, 1.492, 1.492, 1.493, 1.494, 1.494, 1.495, 1.496, 1.496, 1.496, 1.496, 1.496, 1.496, 1.495, 1.494, 1.491, 1.49, 1.488, 1.487, 1.486, 1.485, 1.485, 1.484, 1.484, 1.484, 1.484, 1.484, 1.484, 1.484, 1.484, 1.484, 1.485, 1.486, 1.486, 1.485, 1.484, 1.483, 1.482, 1.481, 1.48, 1.479, 1.478, 1.478, 1.478, 1.478, 1.478, 1.479, 1.48, 1.48, 1.48, 1.479, 1.479, 1.478, 1.477, 1.477, 1.476, 1.476, 1.475, 1.474, 1.474, 1.474, 1.474, 1.474, 1.473, 1.472, 1.472, 1.472, 1.472, 1.472, 1.473, 1.474, 1.474, 1.474, 1.475, 1.475, 1.475, 1.475, 1.475, 1.475, 1.475, 1.475, 1.475, 1.475, 1.474, 1.474, 1.474, 1.474, 1.474, 1.473, 1.473, 1.472, 1.472, 1.472, 1.473, 1.473, 1.474, 1.473, 1.473, 1.472, 1.472, 1.472, 1.472, 1.472, 1.472, 1.472, 1.472, 1.472, 1.472, 1.472, 1.472, 1.472, 1.472, 1.472, 1.471, 1.47, 1.469, 1.468, 1.466, 1.464, 1.464, 1.462, 1.462, 1.462, 1.462, 1.464, 1.464, 1.464, 1.464, 1.466, 1.466, 1.468, 1.468, 1.468, 1.469, 1.47, 1.47, 1.47, 1.471, 1.472, 1.472, 1.472, 1.472, 1.472, 1.472, 1.472, 1.471, 1.471, 1.47, 1.469, 1.466, 1.466, 1.462, 1.462, 1.462, 1.46, 1.46, 1.46, 1.458, 1.458, 1.458, 1.46, 1.46, 1.46, 1.46, 1.46, 1.46, 1.46, 0, 
1.531, 1.531, 1.528, 1.528, 1.528, 1.528, 1.528, 1.528, 1.531, 1.532, 1.533, 1.533, 1.533, 1.533, 1.534, 1.534, 1.535, 1.535, 1.535, 1.536, 1.536, 1.535, 1.535, 1.534, 1.533, 1.528, 1.527, 1.524, 1.522, 1.521, 1.52, 1.52, 1.52, 1.521, 1.522, 1.523, 1.524, 1.524, 1.524, 1.524, 1.523, 1.522, 1.521, 1.52, 1.52, 1.519, 1.518, 1.518, 1.519, 1.52, 1.52, 1.521, 1.522, 1.523, 1.524, 1.525, 1.526, 1.526, 1.526, 1.526, 1.526, 1.526, 1.526, 1.525, 1.524, 1.524, 1.524, 1.523, 1.523, 1.522, 1.521, 1.52, 1.52, 1.52, 1.519, 1.518, 1.518, 1.518, 1.517, 1.516, 1.516, 1.516, 1.516, 1.516, 1.516, 1.516, 1.517, 1.518, 1.518, 1.518, 1.518, 1.517, 1.517, 1.516, 1.516, 1.516, 1.516, 1.517, 1.518, 1.52, 1.52, 1.524, 1.524, 1.524, 1.523, 1.522, 1.521, 1.52, 1.516, 1.516, 1.516, 1.516, 1.516, 1.516, 1.516, 1.517, 1.518, 1.519, 1.52, 1.52, 1.52, 1.52, 1.521, 1.522, 1.521, 1.52, 1.52, 1.52, 1.519, 1.518, 1.517, 1.513, 1.512, 1.511, 1.51, 1.509, 1.509, 1.509, 1.509, 1.509, 1.509, 1.509, 1.509, 1.509, 1.51, 1.511, 1.512, 1.513, 1.513, 1.513, 1.516, 1.516, 1.516, 1.513, 1.513, 1.512, 1.511, 1.511, 1.51, 1.51, 1.509, 1.509, 1.509, 1.509, 1.509, 1.509, 1.509, 1.509, 1.509, 1.509, 1.509, 1.509, 1.509, 1.509, 1.509, 1.509, 1.509, 1.508, 1.508, 1.507, 1.507, 1.506, 1.506, 1.506, 1.505, 1.505, 1.505, 1.505, 1.505, 1.505, 1.505, 1.506, 1.506, 1.507, 1.507, 1.508, 1.508, 1.509, 1.51, 1.51, 1.51, 1.51, 1.509, 1.509, 1.509, 1.509, 1.509, 1.509, 1.509, 1.509, 1.509, 1.509, 1.509, 1.509, 1.509, 1.509, 1.508, 1.508, 1.508, 1.507, 1.506, 1.505, 1.504, 1.503, 1.503, 1.503, 1.503, 1.503, 1.503, 1.503, 1.503, 1.503, 1.503, 1.503, 1.503, 1.503, 1.503, 1.503, 1.503, 1.502, 1.502, 1.501, 1.501, 1.501, 1.501, 1.501, 1.501, 1.501, 1.501, 1.501, 1.501, 1.501, 1.501, 1.501, 1.501, 1.502, 1.502, 1.503, 1.504, 1.504, 1.505, 1.506, 1.507, 1.506, 1.506, 1.505, 1.505, 1.504, 1.503, 1.503, 1.503, 1.502, 1.502, 1.502, 1.502, 1.501, 1.501, 1.501, 1.5, 1.499, 1.499, 1.499, 1.499, 1.499, 1.499, 1.499, 1.499, 1.499, 1.499, 1.499, 1.495, 1.494, 1.493, 1.492, 1.489, 1.488, 1.487, 1.486, 1.486, 1.485, 1.485, 1.486, 1.486, 1.486, 1.487, 1.488, 1.488, 1.489, 1.489, 1.49, 1.491, 1.491, 1.492, 1.492, 1.493, 1.493, 1.494, 1.494, 1.495, 1.496, 1.496, 1.496, 1.496, 1.496, 1.496, 1.495, 1.494, 1.492, 1.49, 1.489, 1.488, 1.487, 1.486, 1.485, 1.484, 1.484, 1.484, 1.484, 1.484, 1.484, 1.484, 1.484, 1.484, 1.485, 1.485, 1.486, 1.485, 1.484, 1.483, 1.482, 1.481, 1.48, 1.478, 1.478, 1.477, 1.477, 1.478, 1.478, 1.479, 1.479, 1.479, 1.479, 1.479, 1.478, 1.478, 1.477, 1.476, 1.476, 1.475, 1.475, 1.474, 1.474, 1.474, 1.474, 1.474, 1.473, 1.473, 1.472, 1.472, 1.473, 1.473, 1.473, 1.474, 1.474, 1.474, 1.475, 1.476, 1.476, 1.476, 1.476, 1.476, 1.476, 1.476, 1.476, 1.475, 1.474, 1.474, 1.474, 1.474, 1.473, 1.473, 1.472, 1.472, 1.472, 1.472, 1.473, 1.473, 1.473, 1.473, 1.472, 1.472, 1.472, 1.472, 1.471, 1.471, 1.471, 1.471, 1.472, 1.472, 1.472, 1.472, 1.473, 1.473, 1.473, 1.472, 1.471, 1.47, 1.469, 1.468, 1.466, 1.466, 1.464, 1.464, 1.462, 1.462, 1.462, 1.464, 1.464, 1.464, 1.466, 1.466, 1.468, 1.468, 1.468, 1.469, 1.47, 1.47, 1.47, 1.47, 1.471, 1.471, 1.472, 1.472, 1.472, 1.472, 1.472, 1.472, 1.472, 1.471, 1.47, 1.469, 1.466, 1.466, 1.464, 1.462, 1.462, 1.46, 1.46, 1.46, 1.46, 1.46, 1.46, 1.46, 1.46, 1.46, 1.46, 1.46, 1.46, 1.46, 0, 
1.531, 1.531, 1.528, 1.528, 1.528, 1.528, 1.528, 1.528, 1.531, 1.531, 1.532, 1.533, 1.533, 1.533, 1.533, 1.534, 1.534, 1.535, 1.535, 1.535, 1.535, 1.535, 1.535, 1.534, 1.533, 1.527, 1.526, 1.524, 1.523, 1.521, 1.52, 1.52, 1.52, 1.521, 1.522, 1.523, 1.524, 1.524, 1.524, 1.524, 1.523, 1.522, 1.521, 1.52, 1.52, 1.519, 1.519, 1.519, 1.519, 1.52, 1.52, 1.521, 1.522, 1.524, 1.524, 1.525, 1.526, 1.527, 1.527, 1.527, 1.527, 1.527, 1.527, 1.526, 1.525, 1.525, 1.524, 1.524, 1.523, 1.522, 1.521, 1.52, 1.52, 1.519, 1.518, 1.518, 1.518, 1.517, 1.517, 1.516, 1.516, 1.516, 1.516, 1.516, 1.516, 1.516, 1.517, 1.517, 1.518, 1.518, 1.517, 1.517, 1.516, 1.516, 1.516, 1.516, 1.516, 1.517, 1.518, 1.519, 1.52, 1.523, 1.524, 1.524, 1.523, 1.522, 1.52, 1.519, 1.516, 1.516, 1.516, 1.516, 1.516, 1.516, 1.516, 1.517, 1.518, 1.519, 1.52, 1.52, 1.52, 1.52, 1.521, 1.522, 1.521, 1.52, 1.52, 1.52, 1.519, 1.518, 1.517, 1.513, 1.512, 1.511, 1.51, 1.509, 1.509, 1.509, 1.509, 1.509, 1.509, 1.509, 1.509, 1.509, 1.51, 1.511, 1.512, 1.513, 1.513, 1.516, 1.516, 1.516, 1.516, 1.516, 1.513, 1.512, 1.511, 1.51, 1.51, 1.509, 1.509, 1.509, 1.508, 1.508, 1.507, 1.507, 1.507, 1.507, 1.507, 1.507, 1.508, 1.508, 1.508, 1.508, 1.508, 1.508, 1.508, 1.509, 1.508, 1.508, 1.508, 1.507, 1.507, 1.507, 1.506, 1.506, 1.505, 1.505, 1.505, 1.505, 1.505, 1.506, 1.507, 1.507, 1.508, 1.508, 1.509, 1.51, 1.51, 1.511, 1.511, 1.51, 1.509, 1.509, 1.509, 1.509, 1.509, 1.509, 1.509, 1.508, 1.508, 1.509, 1.509, 1.509, 1.509, 1.508, 1.508, 1.507, 1.507, 1.506, 1.505, 1.505, 1.504, 1.503, 1.503, 1.503, 1.503, 1.503, 1.503, 1.503, 1.503, 1.503, 1.503, 1.503, 1.503, 1.503, 1.503, 1.503, 1.503, 1.503, 1.503, 1.502, 1.502, 1.501, 1.501, 1.501, 1.501, 1.501, 1.501, 1.501, 1.501, 1.501, 1.501, 1.501, 1.501, 1.501, 1.501, 1.502, 1.503, 1.503, 1.504, 1.505, 1.506, 1.506, 1.505, 1.505, 1.505, 1.504, 1.503, 1.503, 1.503, 1.503, 1.503, 1.503, 1.503, 1.502, 1.501, 1.501, 1.5, 1.5, 1.499, 1.499, 1.499, 1.499, 1.499, 1.499, 1.499, 1.499, 1.499, 1.499, 1.495, 1.494, 1.493, 1.492, 1.488, 1.488, 1.486, 1.486, 1.485, 1.485, 1.485, 1.486, 1.486, 1.486, 1.487, 1.488, 1.489, 1.49, 1.49, 1.49, 1.491, 1.492, 1.492, 1.493, 1.493, 1.494, 1.494, 1.494, 1.495, 1.496, 1.496, 1.496, 1.496, 1.496, 1.496, 1.495, 1.494, 1.492, 1.491, 1.49, 1.488, 1.487, 1.486, 1.485, 1.484, 1.484, 1.484, 1.484, 1.484, 1.484, 1.484, 1.484, 1.484, 1.485, 1.485, 1.486, 1.485, 1.484, 1.483, 1.482, 1.48, 1.48, 1.478, 1.478, 1.477, 1.477, 1.477, 1.478, 1.478, 1.478, 1.478, 1.478, 1.478, 1.478, 1.477, 1.476, 1.476, 1.475, 1.475, 1.474, 1.474, 1.474, 1.474, 1.474, 1.474, 1.474, 1.473, 1.473, 1.473, 1.473, 1.474, 1.474, 1.474, 1.474, 1.475, 1.476, 1.476, 1.476, 1.476, 1.476, 1.476, 1.476, 1.476, 1.476, 1.475, 1.475, 1.474, 1.474, 1.474, 1.473, 1.472, 1.472, 1.472, 1.472, 1.472, 1.472, 1.472, 1.472, 1.472, 1.472, 1.472, 1.472, 1.471, 1.471, 1.47, 1.47, 1.471, 1.472, 1.472, 1.472, 1.473, 1.473, 1.474, 1.473, 1.472, 1.471, 1.47, 1.469, 1.468, 1.466, 1.466, 1.464, 1.464, 1.464, 1.464, 1.464, 1.464, 1.464, 1.466, 1.466, 1.468, 1.468, 1.468, 1.469, 1.469, 1.47, 1.47, 1.47, 1.47, 1.47, 1.471, 1.471, 1.472, 1.472, 1.472, 1.472, 1.472, 1.472, 1.471, 1.47, 1.469, 1.468, 1.466, 1.464, 1.462, 1.462, 1.462, 1.46, 1.46, 1.46, 1.46, 1.46, 1.46, 1.46, 1.46, 1.46, 1.46, 1.46, 1.46, 0, 
1.531, 1.531, 1.528, 1.528, 1.528, 1.528, 1.528, 1.528, 1.528, 1.531, 1.531, 1.532, 1.532, 1.533, 1.533, 1.533, 1.533, 1.534, 1.535, 1.535, 1.535, 1.535, 1.534, 1.533, 1.533, 1.527, 1.526, 1.524, 1.523, 1.521, 1.52, 1.52, 1.52, 1.521, 1.522, 1.523, 1.524, 1.524, 1.525, 1.524, 1.524, 1.522, 1.521, 1.52, 1.52, 1.52, 1.52, 1.52, 1.52, 1.52, 1.521, 1.522, 1.523, 1.524, 1.524, 1.526, 1.527, 1.527, 1.528, 1.528, 1.528, 1.528, 1.528, 1.527, 1.526, 1.525, 1.524, 1.524, 1.523, 1.522, 1.521, 1.52, 1.52, 1.519, 1.518, 1.518, 1.517, 1.517, 1.517, 1.516, 1.516, 1.516, 1.516, 1.516, 1.516, 1.516, 1.517, 1.517, 1.518, 1.518, 1.517, 1.516, 1.516, 1.516, 1.516, 1.516, 1.516, 1.517, 1.518, 1.52, 1.52, 1.522, 1.523, 1.523, 1.522, 1.521, 1.52, 1.518, 1.517, 1.516, 1.513, 1.513, 1.516, 1.516, 1.516, 1.517, 1.518, 1.519, 1.52, 1.52, 1.52, 1.52, 1.521, 1.521, 1.521, 1.52, 1.52, 1.52, 1.519, 1.518, 1.517, 1.516, 1.512, 1.512, 1.511, 1.51, 1.509, 1.509, 1.509, 1.509, 1.509, 1.509, 1.509, 1.51, 1.51, 1.511, 1.512, 1.513, 1.513, 1.516, 1.516, 1.516, 1.516, 1.516, 1.513, 1.512, 1.511, 1.51, 1.509, 1.509, 1.509, 1.508, 1.507, 1.507, 1.507, 1.507, 1.506, 1.506, 1.506, 1.506, 1.507, 1.507, 1.507, 1.507, 1.507, 1.507, 1.508, 1.509, 1.509, 1.509, 1.508, 1.508, 1.507, 1.507, 1.507, 1.506, 1.505, 1.505, 1.505, 1.505, 1.505, 1.506, 1.507, 1.507, 1.508, 1.509, 1.51, 1.51, 1.511, 1.511, 1.511, 1.51, 1.509, 1.509, 1.509, 1.509, 1.508, 1.508, 1.508, 1.508, 1.508, 1.508, 1.508, 1.508, 1.508, 1.508, 1.507, 1.507, 1.507, 1.506, 1.505, 1.504, 1.503, 1.503, 1.503, 1.503, 1.503, 1.503, 1.503, 1.503, 1.503, 1.503, 1.503, 1.503, 1.503, 1.503, 1.503, 1.503, 1.503, 1.503, 1.503, 1.503, 1.502, 1.502, 1.501, 1.501, 1.501, 1.501, 1.501, 1.5, 1.5, 1.5, 1.5, 1.5, 1.5, 1.5, 1.5, 1.501, 1.502, 1.502, 1.503, 1.504, 1.505, 1.505, 1.505, 1.505, 1.504, 1.504, 1.503, 1.503, 1.503, 1.503, 1.503, 1.503, 1.503, 1.503, 1.502, 1.502, 1.501, 1.5, 1.499, 1.499, 1.499, 1.499, 1.499, 1.499, 1.499, 1.499, 1.499, 1.499, 1.495, 1.494, 1.493, 1.492, 1.488, 1.488, 1.486, 1.486, 1.485, 1.484, 1.485, 1.485, 1.486, 1.486, 1.488, 1.488, 1.489, 1.49, 1.491, 1.491, 1.492, 1.493, 1.493, 1.494, 1.494, 1.494, 1.494, 1.494, 1.495, 1.495, 1.496, 1.496, 1.496, 1.496, 1.496, 1.496, 1.495, 1.493, 1.492, 1.49, 1.489, 1.488, 1.487, 1.485, 1.484, 1.484, 1.483, 1.483, 1.483, 1.484, 1.484, 1.484, 1.484, 1.485, 1.485, 1.486, 1.485, 1.484, 1.483, 1.482, 1.481, 1.48, 1.478, 1.478, 1.477, 1.476, 1.477, 1.477, 1.478, 1.478, 1.478, 1.478, 1.478, 1.477, 1.476, 1.476, 1.475, 1.474, 1.474, 1.474, 1.474, 1.474, 1.475, 1.474, 1.474, 1.474, 1.474, 1.474, 1.474, 1.474, 1.474, 1.474, 1.475, 1.475, 1.475, 1.476, 1.476, 1.476, 1.476, 1.476, 1.476, 1.476, 1.476, 1.476, 1.476, 1.475, 1.474, 1.474, 1.474, 1.473, 1.472, 1.472, 1.472, 1.472, 1.472, 1.472, 1.472, 1.472, 1.472, 1.472, 1.472, 1.472, 1.471, 1.47, 1.47, 1.47, 1.471, 1.471, 1.472, 1.472, 1.473, 1.474, 1.474, 1.473, 1.472, 1.471, 1.47, 1.469, 1.468, 1.466, 1.466, 1.464, 1.464, 1.464, 1.464, 1.464, 1.464, 1.464, 1.466, 1.466, 1.468, 1.468, 1.469, 1.469, 1.47, 1.47, 1.47, 1.47, 1.47, 1.47, 1.47, 1.471, 1.471, 1.472, 1.472, 1.472, 1.472, 1.472, 1.471, 1.47, 1.469, 1.468, 1.466, 1.464, 1.462, 1.462, 1.462, 1.46, 1.46, 1.46, 1.46, 1.46, 1.46, 1.46, 1.46, 1.46, 1.46, 1.46, 1.46, 0, 
1.531, 1.528, 1.528, 1.528, 1.528, 1.528, 1.528, 1.528, 1.528, 1.528, 1.531, 1.531, 1.532, 1.532, 1.532, 1.533, 1.533, 1.534, 1.534, 1.535, 1.535, 1.535, 1.534, 1.533, 1.532, 1.527, 1.526, 1.524, 1.522, 1.521, 1.52, 1.52, 1.52, 1.521, 1.522, 1.524, 1.524, 1.525, 1.525, 1.525, 1.524, 1.523, 1.522, 1.521, 1.52, 1.52, 1.52, 1.52, 1.52, 1.52, 1.521, 1.522, 1.523, 1.524, 1.525, 1.526, 1.527, 1.528, 1.528, 1.528, 1.528, 1.528, 1.528, 1.527, 1.526, 1.525, 1.524, 1.524, 1.523, 1.522, 1.521, 1.52, 1.52, 1.518, 1.518, 1.517, 1.517, 1.516, 1.516, 1.516, 1.516, 1.516, 1.516, 1.516, 1.516, 1.516, 1.517, 1.517, 1.518, 1.517, 1.517, 1.516, 1.516, 1.516, 1.516, 1.516, 1.516, 1.516, 1.517, 1.52, 1.521, 1.522, 1.523, 1.523, 1.522, 1.521, 1.52, 1.518, 1.517, 1.516, 1.513, 1.513, 1.513, 1.516, 1.516, 1.517, 1.518, 1.519, 1.52, 1.52, 1.52, 1.52, 1.52, 1.521, 1.521, 1.52, 1.52, 1.52, 1.519, 1.518, 1.517, 1.517, 1.513, 1.512, 1.511, 1.51, 1.509, 1.509, 1.509, 1.509, 1.509, 1.509, 1.509, 1.51, 1.511, 1.511, 1.512, 1.513, 1.513, 1.516, 1.516, 1.516, 1.516, 1.516, 1.513, 1.512, 1.511, 1.51, 1.509, 1.509, 1.508, 1.507, 1.507, 1.506, 1.506, 1.506, 1.505, 1.505, 1.505, 1.505, 1.506, 1.506, 1.506, 1.506, 1.507, 1.507, 1.508, 1.508, 1.509, 1.509, 1.509, 1.509, 1.508, 1.508, 1.507, 1.507, 1.506, 1.505, 1.505, 1.505, 1.506, 1.506, 1.507, 1.508, 1.509, 1.509, 1.51, 1.511, 1.511, 1.511, 1.511, 1.51, 1.509, 1.509, 1.509, 1.509, 1.508, 1.507, 1.507, 1.507, 1.507, 1.507, 1.507, 1.507, 1.507, 1.507, 1.507, 1.507, 1.507, 1.506, 1.505, 1.504, 1.503, 1.503, 1.503, 1.503, 1.503, 1.503, 1.503, 1.503, 1.503, 1.503, 1.503, 1.503, 1.503, 1.503, 1.503, 1.504, 1.503, 1.503, 1.503, 1.503, 1.503, 1.502, 1.501, 1.501, 1.501, 1.501, 1.5, 1.5, 1.499, 1.499, 1.499, 1.499, 1.499, 1.499, 1.5, 1.5, 1.501, 1.501, 1.502, 1.503, 1.504, 1.505, 1.505, 1.504, 1.504, 1.503, 1.503, 1.503, 1.503, 1.503, 1.503, 1.503, 1.503, 1.503, 1.503, 1.502, 1.501, 1.5, 1.5, 1.499, 1.499, 1.499, 1.499, 1.499, 1.499, 1.499, 1.499, 1.496, 1.495, 1.494, 1.493, 1.492, 1.488, 1.488, 1.486, 1.485, 1.484, 1.484, 1.484, 1.485, 1.486, 1.486, 1.488, 1.488, 1.49, 1.491, 1.491, 1.492, 1.493, 1.494, 1.494, 1.494, 1.494, 1.494, 1.494, 1.494, 1.495, 1.495, 1.496, 1.496, 1.496, 1.496, 1.496, 1.496, 1.495, 1.494, 1.492, 1.491, 1.489, 1.488, 1.487, 1.486, 1.484, 1.484, 1.483, 1.482, 1.483, 1.483, 1.483, 1.484, 1.484, 1.484, 1.485, 1.486, 1.485, 1.485, 1.484, 1.482, 1.481, 1.48, 1.478, 1.478, 1.477, 1.476, 1.476, 1.477, 1.477, 1.477, 1.477, 1.477, 1.477, 1.476, 1.476, 1.475, 1.474, 1.474, 1.474, 1.474, 1.474, 1.475, 1.475, 1.474, 1.474, 1.474, 1.474, 1.474, 1.474, 1.474, 1.475, 1.475, 1.475, 1.476, 1.476, 1.476, 1.476, 1.476, 1.476, 1.476, 1.476, 1.476, 1.476, 1.476, 1.476, 1.475, 1.474, 1.474, 1.474, 1.473, 1.473, 1.472, 1.472, 1.472, 1.472, 1.472, 1.472, 1.472, 1.472, 1.472, 1.472, 1.471, 1.47, 1.47, 1.47, 1.47, 1.47, 1.471, 1.472, 1.472, 1.473, 1.474, 1.474, 1.473, 1.472, 1.471, 1.47, 1.469, 1.468, 1.466, 1.466, 1.464, 1.464, 1.464, 1.464, 1.464, 1.464, 1.466, 1.466, 1.468, 1.468, 1.468, 1.469, 1.47, 1.47, 1.47, 1.47, 1.47, 1.47, 1.47, 1.47, 1.47, 1.471, 1.471, 1.472, 1.472, 1.472, 1.472, 1.471, 1.47, 1.469, 1.468, 1.466, 1.464, 1.464, 1.462, 1.462, 1.462, 1.46, 1.46, 1.46, 1.46, 1.46, 1.46, 1.46, 1.462, 1.46, 1.46, 1.462, 0, 
1.531, 1.528, 1.528, 1.528, 1.528, 1.528, 1.528, 1.528, 1.528, 1.528, 1.528, 1.531, 1.531, 1.531, 1.532, 1.532, 1.533, 1.533, 1.534, 1.534, 1.535, 1.535, 1.534, 1.533, 1.532, 1.528, 1.525, 1.524, 1.522, 1.521, 1.52, 1.52, 1.52, 1.521, 1.522, 1.524, 1.524, 1.525, 1.526, 1.525, 1.524, 1.524, 1.523, 1.522, 1.521, 1.521, 1.52, 1.52, 1.52, 1.521, 1.522, 1.523, 1.524, 1.524, 1.525, 1.526, 1.527, 1.528, 1.528, 1.528, 1.528, 1.527, 1.527, 1.527, 1.526, 1.525, 1.524, 1.524, 1.523, 1.522, 1.521, 1.52, 1.519, 1.518, 1.517, 1.517, 1.516, 1.516, 1.516, 1.516, 1.516, 1.516, 1.516, 1.516, 1.516, 1.516, 1.517, 1.517, 1.518, 1.517, 1.517, 1.516, 1.516, 1.516, 1.513, 1.513, 1.513, 1.516, 1.516, 1.52, 1.52, 1.522, 1.523, 1.523, 1.522, 1.52, 1.519, 1.518, 1.517, 1.516, 1.513, 1.513, 1.513, 1.516, 1.516, 1.516, 1.517, 1.518, 1.519, 1.52, 1.52, 1.52, 1.52, 1.52, 1.52, 1.52, 1.52, 1.52, 1.519, 1.518, 1.518, 1.517, 1.513, 1.512, 1.511, 1.51, 1.509, 1.509, 1.509, 1.509, 1.509, 1.509, 1.51, 1.51, 1.511, 1.512, 1.512, 1.513, 1.513, 1.516, 1.516, 1.516, 1.516, 1.513, 1.513, 1.512, 1.511, 1.51, 1.509, 1.508, 1.507, 1.507, 1.506, 1.505, 1.505, 1.505, 1.505, 1.505, 1.505, 1.505, 1.505, 1.505, 1.505, 1.506, 1.506, 1.507, 1.507, 1.508, 1.509, 1.509, 1.509, 1.509, 1.509, 1.508, 1.507, 1.507, 1.506, 1.505, 1.505, 1.505, 1.506, 1.507, 1.507, 1.508, 1.509, 1.51, 1.511, 1.511, 1.511, 1.511, 1.511, 1.51, 1.509, 1.509, 1.509, 1.508, 1.507, 1.507, 1.507, 1.507, 1.507, 1.507, 1.507, 1.507, 1.507, 1.507, 1.507, 1.507, 1.506, 1.505, 1.505, 1.504, 1.503, 1.503, 1.503, 1.503, 1.503, 1.503, 1.503, 1.503, 1.503, 1.503, 1.503, 1.503, 1.503, 1.503, 1.503, 1.504, 1.503, 1.503, 1.503, 1.503, 1.503, 1.502, 1.501, 1.501, 1.501, 1.5, 1.5, 1.499, 1.499, 1.496, 1.496, 1.496, 1.496, 1.496, 1.496, 1.499, 1.5, 1.5, 1.501, 1.502, 1.503, 1.504, 1.504, 1.504, 1.503, 1.503, 1.503, 1.503, 1.504, 1.504, 1.504, 1.504, 1.504, 1.503, 1.503, 1.503, 1.502, 1.501, 1.5, 1.5, 1.499, 1.499, 1.499, 1.499, 1.499, 1.499, 1.499, 1.496, 1.495, 1.494, 1.493, 1.492, 1.488, 1.488, 1.485, 1.485, 1.484, 1.484, 1.484, 1.484, 1.485, 1.486, 1.488, 1.488, 1.49, 1.491, 1.492, 1.493, 1.494, 1.495, 1.495, 1.495, 1.495, 1.495, 1.495, 1.495, 1.495, 1.495, 1.496, 1.496, 1.496, 1.496, 1.496, 1.496, 1.495, 1.494, 1.493, 1.491, 1.49, 1.489, 1.488, 1.486, 1.484, 1.483, 1.482, 1.482, 1.482, 1.482, 1.483, 1.483, 1.484, 1.484, 1.485, 1.486, 1.486, 1.485, 1.484, 1.482, 1.481, 1.48, 1.478, 1.478, 1.477, 1.476, 1.476, 1.476, 1.476, 1.476, 1.476, 1.476, 1.476, 1.476, 1.475, 1.474, 1.474, 1.474, 1.474, 1.474, 1.474, 1.475, 1.474, 1.474, 1.474, 1.474, 1.474, 1.474, 1.474, 1.475, 1.475, 1.476, 1.476, 1.476, 1.476, 1.476, 1.476, 1.476, 1.476, 1.476, 1.476, 1.476, 1.476, 1.476, 1.476, 1.475, 1.474, 1.474, 1.474, 1.474, 1.473, 1.472, 1.472, 1.472, 1.472, 1.472, 1.472, 1.472, 1.472, 1.472, 1.471, 1.471, 1.47, 1.47, 1.47, 1.47, 1.47, 1.471, 1.472, 1.472, 1.473, 1.474, 1.474, 1.473, 1.472, 1.471, 1.47, 1.469, 1.468, 1.466, 1.466, 1.464, 1.464, 1.464, 1.464, 1.464, 1.464, 1.466, 1.466, 1.468, 1.468, 1.469, 1.469, 1.47, 1.47, 1.47, 1.47, 1.47, 1.47, 1.47, 1.47, 1.47, 1.47, 1.471, 1.471, 1.471, 1.472, 1.471, 1.47, 1.47, 1.469, 1.468, 1.466, 1.464, 1.464, 1.462, 1.462, 1.462, 1.462, 1.46, 1.46, 1.46, 1.46, 1.46, 1.462, 1.462, 1.46, 1.46, 1.462, 0, 
1.528, 1.528, 1.528, 1.528, 1.528, 1.528, 1.528, 1.528, 1.528, 1.528, 1.528, 1.528, 1.528, 1.531, 1.531, 1.532, 1.532, 1.532, 1.533, 1.533, 1.534, 1.534, 1.533, 1.532, 1.531, 1.528, 1.524, 1.523, 1.522, 1.521, 1.52, 1.52, 1.52, 1.521, 1.522, 1.524, 1.524, 1.525, 1.526, 1.525, 1.525, 1.524, 1.523, 1.523, 1.522, 1.522, 1.521, 1.521, 1.521, 1.522, 1.523, 1.524, 1.524, 1.525, 1.526, 1.526, 1.527, 1.527, 1.527, 1.527, 1.527, 1.527, 1.526, 1.526, 1.526, 1.525, 1.524, 1.524, 1.523, 1.522, 1.521, 1.52, 1.519, 1.518, 1.517, 1.516, 1.516, 1.516, 1.516, 1.516, 1.516, 1.516, 1.516, 1.516, 1.516, 1.516, 1.517, 1.517, 1.518, 1.517, 1.517, 1.516, 1.516, 1.513, 1.513, 1.513, 1.513, 1.516, 1.516, 1.519, 1.52, 1.521, 1.522, 1.522, 1.521, 1.52, 1.519, 1.518, 1.517, 1.516, 1.513, 1.513, 1.516, 1.516, 1.516, 1.516, 1.517, 1.518, 1.518, 1.519, 1.519, 1.519, 1.52, 1.52, 1.52, 1.52, 1.52, 1.52, 1.519, 1.518, 1.518, 1.517, 1.513, 1.512, 1.511, 1.511, 1.51, 1.509, 1.509, 1.509, 1.51, 1.51, 1.511, 1.511, 1.511, 1.512, 1.513, 1.513, 1.516, 1.516, 1.516, 1.516, 1.516, 1.513, 1.513, 1.512, 1.511, 1.509, 1.509, 1.508, 1.507, 1.506, 1.505, 1.505, 1.505, 1.505, 1.505, 1.505, 1.505, 1.505, 1.505, 1.505, 1.505, 1.505, 1.506, 1.506, 1.507, 1.508, 1.509, 1.509, 1.509, 1.509, 1.509, 1.508, 1.507, 1.507, 1.506, 1.505, 1.505, 1.505, 1.506, 1.507, 1.507, 1.508, 1.509, 1.51, 1.511, 1.511, 1.511, 1.511, 1.51, 1.51, 1.509, 1.509, 1.508, 1.508, 1.507, 1.507, 1.507, 1.507, 1.507, 1.507, 1.507, 1.507, 1.507, 1.507, 1.507, 1.507, 1.506, 1.505, 1.504, 1.503, 1.503, 1.502, 1.502, 1.502, 1.502, 1.502, 1.502, 1.503, 1.503, 1.503, 1.503, 1.503, 1.503, 1.503, 1.503, 1.504, 1.503, 1.503, 1.503, 1.503, 1.503, 1.502, 1.501, 1.501, 1.501, 1.5, 1.499, 1.499, 1.496, 1.496, 1.496, 1.495, 1.495, 1.495, 1.495, 1.496, 1.496, 1.5, 1.501, 1.501, 1.502, 1.503, 1.503, 1.503, 1.503, 1.503, 1.503, 1.503, 1.504, 1.505, 1.505, 1.505, 1.504, 1.504, 1.503, 1.503, 1.502, 1.501, 1.501, 1.5, 1.499, 1.499, 1.499, 1.499, 1.499, 1.499, 1.499, 1.496, 1.495, 1.494, 1.492, 1.491, 1.488, 1.488, 1.484, 1.484, 1.484, 1.484, 1.484, 1.484, 1.485, 1.486, 1.488, 1.488, 1.49, 1.492, 1.493, 1.494, 1.495, 1.495, 1.496, 1.496, 1.496, 1.496, 1.496, 1.495, 1.495, 1.495, 1.495, 1.496, 1.496, 1.496, 1.496, 1.499, 1.495, 1.494, 1.493, 1.492, 1.491, 1.49, 1.489, 1.485, 1.484, 1.483, 1.481, 1.481, 1.481, 1.482, 1.482, 1.483, 1.484, 1.484, 1.485, 1.486, 1.486, 1.485, 1.484, 1.483, 1.481, 1.48, 1.478, 1.477, 1.476, 1.476, 1.476, 1.476, 1.476, 1.476, 1.476, 1.476, 1.475, 1.475, 1.474, 1.474, 1.473, 1.473, 1.473, 1.474, 1.474, 1.474, 1.474, 1.474, 1.474, 1.474, 1.474, 1.474, 1.475, 1.475, 1.476, 1.476, 1.476, 1.476, 1.476, 1.476, 1.476, 1.476, 1.476, 1.476, 1.476, 1.476, 1.476, 1.476, 1.475, 1.475, 1.474, 1.474, 1.474, 1.474, 1.473, 1.472, 1.472, 1.472, 1.472, 1.472, 1.472, 1.472, 1.471, 1.471, 1.471, 1.47, 1.47, 1.47, 1.47, 1.47, 1.47, 1.471, 1.472, 1.472, 1.473, 1.473, 1.474, 1.473, 1.472, 1.471, 1.47, 1.469, 1.468, 1.466, 1.466, 1.466, 1.464, 1.464, 1.464, 1.464, 1.464, 1.466, 1.466, 1.468, 1.468, 1.469, 1.47, 1.47, 1.47, 1.47, 1.47, 1.469, 1.469, 1.468, 1.468, 1.468, 1.47, 1.47, 1.47, 1.471, 1.471, 1.471, 1.47, 1.469, 1.469, 1.468, 1.466, 1.464, 1.464, 1.462, 1.462, 1.462, 1.462, 1.462, 1.462, 1.462, 1.462, 1.462, 1.462, 1.462, 1.462, 1.462, 1.462, 0, 
1.528, 1.528, 1.528, 1.528, 1.528, 1.528, 1.528, 1.528, 1.528, 1.528, 1.528, 1.528, 1.528, 1.528, 1.528, 1.528, 1.531, 1.532, 1.532, 1.532, 1.533, 1.533, 1.532, 1.532, 1.528, 1.528, 1.524, 1.523, 1.522, 1.521, 1.521, 1.521, 1.521, 1.522, 1.523, 1.524, 1.525, 1.526, 1.526, 1.526, 1.525, 1.524, 1.524, 1.523, 1.523, 1.522, 1.522, 1.522, 1.522, 1.523, 1.524, 1.524, 1.524, 1.525, 1.526, 1.526, 1.526, 1.526, 1.526, 1.526, 1.526, 1.526, 1.526, 1.526, 1.526, 1.525, 1.524, 1.524, 1.523, 1.522, 1.52, 1.52, 1.519, 1.517, 1.517, 1.516, 1.516, 1.516, 1.516, 1.516, 1.516, 1.516, 1.516, 1.516, 1.516, 1.516, 1.517, 1.517, 1.518, 1.518, 1.517, 1.516, 1.516, 1.513, 1.513, 1.513, 1.513, 1.516, 1.517, 1.518, 1.52, 1.52, 1.521, 1.521, 1.52, 1.52, 1.518, 1.517, 1.516, 1.516, 1.516, 1.516, 1.516, 1.516, 1.516, 1.516, 1.516, 1.517, 1.518, 1.518, 1.518, 1.518, 1.519, 1.519, 1.519, 1.52, 1.52, 1.52, 1.519, 1.518, 1.517, 1.517, 1.513, 1.512, 1.511, 1.511, 1.51, 1.509, 1.509, 1.51, 1.51, 1.511, 1.511, 1.511, 1.511, 1.512, 1.513, 1.513, 1.516, 1.516, 1.516, 1.516, 1.516, 1.513, 1.512, 1.511, 1.51, 1.509, 1.509, 1.507, 1.506, 1.505, 1.505, 1.505, 1.505, 1.505, 1.505, 1.505, 1.505, 1.505, 1.505, 1.505, 1.505, 1.505, 1.505, 1.506, 1.507, 1.508, 1.509, 1.509, 1.509, 1.509, 1.509, 1.508, 1.507, 1.506, 1.505, 1.505, 1.505, 1.505, 1.506, 1.507, 1.507, 1.508, 1.509, 1.51, 1.51, 1.511, 1.511, 1.511, 1.51, 1.509, 1.509, 1.508, 1.508, 1.507, 1.507, 1.507, 1.507, 1.507, 1.507, 1.507, 1.507, 1.507, 1.507, 1.507, 1.507, 1.507, 1.506, 1.505, 1.504, 1.503, 1.503, 1.502, 1.501, 1.501, 1.501, 1.501, 1.502, 1.502, 1.503, 1.503, 1.503, 1.503, 1.503, 1.503, 1.504, 1.504, 1.504, 1.503, 1.503, 1.503, 1.503, 1.502, 1.501, 1.501, 1.5, 1.5, 1.499, 1.496, 1.496, 1.495, 1.495, 1.494, 1.494, 1.494, 1.494, 1.495, 1.495, 1.496, 1.5, 1.501, 1.501, 1.502, 1.503, 1.503, 1.503, 1.503, 1.503, 1.503, 1.504, 1.505, 1.505, 1.505, 1.505, 1.505, 1.504, 1.504, 1.503, 1.502, 1.501, 1.501, 1.5, 1.499, 1.499, 1.499, 1.499, 1.499, 1.499, 1.496, 1.495, 1.494, 1.492, 1.491, 1.488, 1.487, 1.484, 1.484, 1.483, 1.483, 1.483, 1.484, 1.485, 1.486, 1.488, 1.489, 1.49, 1.492, 1.493, 1.495, 1.496, 1.496, 1.496, 1.496, 1.496, 1.496, 1.496, 1.496, 1.496, 1.495, 1.495, 1.496, 1.496, 1.496, 1.499, 1.499, 1.496, 1.495, 1.494, 1.493, 1.491, 1.49, 1.489, 1.484, 1.484, 1.482, 1.481, 1.481, 1.481, 1.481, 1.482, 1.482, 1.484, 1.484, 1.486, 1.486, 1.486, 1.486, 1.485, 1.483, 1.482, 1.481, 1.478, 1.477, 1.476, 1.476, 1.475, 1.475, 1.475, 1.475, 1.474, 1.474, 1.474, 1.474, 1.474, 1.473, 1.472, 1.472, 1.473, 1.473, 1.473, 1.474, 1.474, 1.474, 1.474, 1.474, 1.474, 1.474, 1.475, 1.476, 1.476, 1.476, 1.476, 1.476, 1.476, 1.476, 1.476, 1.476, 1.476, 1.476, 1.476, 1.476, 1.476, 1.476, 1.475, 1.474, 1.474, 1.474, 1.474, 1.474, 1.473, 1.472, 1.472, 1.472, 1.472, 1.472, 1.472, 1.471, 1.471, 1.47, 1.47, 1.468, 1.468, 1.468, 1.468, 1.47, 1.47, 1.471, 1.472, 1.472, 1.472, 1.473, 1.473, 1.473, 1.472, 1.471, 1.47, 1.469, 1.468, 1.466, 1.466, 1.466, 1.464, 1.464, 1.464, 1.464, 1.464, 1.466, 1.466, 1.468, 1.468, 1.469, 1.47, 1.47, 1.47, 1.47, 1.47, 1.469, 1.468, 1.468, 1.468, 1.468, 1.468, 1.47, 1.47, 1.47, 1.47, 1.47, 1.47, 1.469, 1.468, 1.468, 1.466, 1.466, 1.464, 1.462, 1.462, 1.462, 1.462, 1.462, 1.462, 1.462, 1.462, 1.462, 1.462, 1.462, 1.462, 1.462, 1.462, 0, 
1.528, 1.528, 1.528, 1.528, 1.528, 1.528, 1.528, 1.528, 1.528, 1.528, 1.528, 1.528, 1.528, 1.528, 1.528, 1.528, 1.528, 1.531, 1.531, 1.531, 1.532, 1.532, 1.531, 1.531, 1.528, 1.527, 1.524, 1.524, 1.523, 1.522, 1.522, 1.522, 1.522, 1.523, 1.523, 1.524, 1.525, 1.526, 1.527, 1.526, 1.526, 1.525, 1.524, 1.524, 1.524, 1.524, 1.524, 1.524, 1.524, 1.524, 1.524, 1.524, 1.525, 1.526, 1.526, 1.526, 1.526, 1.526, 1.526, 1.526, 1.526, 1.526, 1.526, 1.526, 1.525, 1.524, 1.524, 1.523, 1.522, 1.521, 1.52, 1.519, 1.518, 1.517, 1.516, 1.516, 1.516, 1.516, 1.516, 1.516, 1.516, 1.516, 1.516, 1.516, 1.516, 1.516, 1.517, 1.517, 1.518, 1.518, 1.517, 1.516, 1.516, 1.513, 1.513, 1.513, 1.513, 1.516, 1.517, 1.518, 1.519, 1.52, 1.52, 1.52, 1.52, 1.519, 1.518, 1.517, 1.516, 1.516, 1.516, 1.516, 1.516, 1.516, 1.516, 1.516, 1.516, 1.516, 1.517, 1.517, 1.518, 1.518, 1.518, 1.518, 1.519, 1.519, 1.519, 1.519, 1.519, 1.518, 1.517, 1.516, 1.513, 1.512, 1.511, 1.511, 1.51, 1.509, 1.51, 1.51, 1.511, 1.511, 1.511, 1.511, 1.512, 1.512, 1.513, 1.513, 1.516, 1.516, 1.516, 1.516, 1.513, 1.513, 1.512, 1.511, 1.51, 1.509, 1.508, 1.507, 1.506, 1.505, 1.504, 1.504, 1.504, 1.504, 1.504, 1.504, 1.505, 1.505, 1.505, 1.505, 1.505, 1.505, 1.505, 1.506, 1.507, 1.508, 1.509, 1.509, 1.509, 1.509, 1.508, 1.508, 1.507, 1.506, 1.505, 1.505, 1.505, 1.505, 1.506, 1.507, 1.507, 1.508, 1.509, 1.509, 1.51, 1.51, 1.51, 1.51, 1.51, 1.509, 1.508, 1.508, 1.507, 1.506, 1.506, 1.506, 1.506, 1.506, 1.506, 1.507, 1.507, 1.507, 1.507, 1.507, 1.507, 1.506, 1.505, 1.505, 1.504, 1.503, 1.502, 1.502, 1.501, 1.501, 1.501, 1.501, 1.501, 1.502, 1.503, 1.503, 1.503, 1.503, 1.503, 1.504, 1.504, 1.505, 1.504, 1.503, 1.503, 1.503, 1.502, 1.502, 1.501, 1.501, 1.5, 1.499, 1.499, 1.496, 1.495, 1.495, 1.494, 1.494, 1.494, 1.494, 1.494, 1.494, 1.494, 1.495, 1.499, 1.5, 1.501, 1.501, 1.502, 1.503, 1.503, 1.503, 1.503, 1.503, 1.504, 1.505, 1.505, 1.505, 1.505, 1.505, 1.505, 1.504, 1.503, 1.502, 1.501, 1.501, 1.5, 1.499, 1.499, 1.499, 1.499, 1.499, 1.499, 1.496, 1.495, 1.494, 1.492, 1.491, 1.488, 1.487, 1.484, 1.484, 1.483, 1.482, 1.483, 1.484, 1.485, 1.486, 1.487, 1.488, 1.49, 1.492, 1.494, 1.495, 1.496, 1.496, 1.499, 1.496, 1.496, 1.496, 1.496, 1.496, 1.496, 1.495, 1.495, 1.496, 1.496, 1.496, 1.499, 1.499, 1.496, 1.495, 1.494, 1.493, 1.492, 1.49, 1.489, 1.484, 1.484, 1.481, 1.481, 1.48, 1.48, 1.481, 1.481, 1.482, 1.484, 1.485, 1.486, 1.486, 1.487, 1.486, 1.485, 1.484, 1.483, 1.481, 1.478, 1.477, 1.476, 1.475, 1.475, 1.474, 1.474, 1.474, 1.474, 1.474, 1.474, 1.473, 1.473, 1.472, 1.472, 1.472, 1.472, 1.472, 1.473, 1.473, 1.474, 1.474, 1.474, 1.474, 1.474, 1.474, 1.475, 1.476, 1.476, 1.476, 1.476, 1.476, 1.476, 1.476, 1.476, 1.476, 1.476, 1.476, 1.475, 1.475, 1.475, 1.475, 1.475, 1.474, 1.474, 1.474, 1.474, 1.474, 1.473, 1.472, 1.472, 1.472, 1.472, 1.471, 1.471, 1.47, 1.47, 1.47, 1.468, 1.468, 1.468, 1.468, 1.468, 1.469, 1.47, 1.47, 1.471, 1.472, 1.472, 1.472, 1.472, 1.472, 1.472, 1.471, 1.47, 1.469, 1.468, 1.468, 1.466, 1.466, 1.464, 1.464, 1.464, 1.464, 1.464, 1.466, 1.466, 1.468, 1.468, 1.469, 1.469, 1.47, 1.47, 1.469, 1.469, 1.469, 1.468, 1.468, 1.468, 1.468, 1.468, 1.468, 1.468, 1.47, 1.47, 1.47, 1.469, 1.468, 1.468, 1.468, 1.466, 1.466, 1.464, 1.464, 1.462, 1.462, 1.462, 1.462, 1.462, 1.462, 1.462, 1.462, 1.462, 1.462, 1.462, 1.462, 1.462, 0, 
1.528, 1.528, 1.528, 1.528, 1.528, 1.528, 1.528, 1.528, 1.528, 1.528, 1.528, 1.528, 1.528, 1.528, 1.528, 1.528, 1.528, 1.528, 1.528, 1.531, 1.531, 1.531, 1.531, 1.528, 1.527, 1.526, 1.525, 1.524, 1.523, 1.523, 1.522, 1.522, 1.523, 1.523, 1.524, 1.525, 1.526, 1.527, 1.527, 1.527, 1.526, 1.526, 1.525, 1.525, 1.525, 1.524, 1.524, 1.524, 1.524, 1.525, 1.525, 1.525, 1.526, 1.526, 1.526, 1.526, 1.526, 1.526, 1.526, 1.526, 1.525, 1.525, 1.525, 1.525, 1.524, 1.524, 1.523, 1.522, 1.521, 1.52, 1.52, 1.518, 1.517, 1.517, 1.516, 1.516, 1.516, 1.516, 1.516, 1.516, 1.516, 1.516, 1.516, 1.516, 1.516, 1.516, 1.517, 1.517, 1.518, 1.518, 1.517, 1.517, 1.516, 1.516, 1.513, 1.513, 1.513, 1.516, 1.517, 1.518, 1.519, 1.52, 1.52, 1.52, 1.52, 1.519, 1.518, 1.517, 1.516, 1.516, 1.516, 1.516, 1.516, 1.516, 1.516, 1.516, 1.516, 1.516, 1.516, 1.516, 1.517, 1.517, 1.517, 1.517, 1.518, 1.518, 1.518, 1.518, 1.518, 1.517, 1.517, 1.513, 1.512, 1.512, 1.511, 1.51, 1.51, 1.509, 1.51, 1.511, 1.511, 1.511, 1.511, 1.511, 1.512, 1.512, 1.513, 1.513, 1.516, 1.516, 1.516, 1.513, 1.513, 1.513, 1.512, 1.511, 1.51, 1.509, 1.508, 1.507, 1.505, 1.505, 1.504, 1.503, 1.503, 1.503, 1.503, 1.504, 1.505, 1.505, 1.505, 1.505, 1.505, 1.505, 1.505, 1.506, 1.507, 1.507, 1.508, 1.509, 1.509, 1.509, 1.508, 1.507, 1.507, 1.506, 1.505, 1.505, 1.505, 1.505, 1.506, 1.507, 1.507, 1.508, 1.509, 1.509, 1.509, 1.509, 1.509, 1.509, 1.509, 1.509, 1.508, 1.507, 1.506, 1.506, 1.505, 1.505, 1.505, 1.505, 1.506, 1.506, 1.507, 1.507, 1.507, 1.507, 1.507, 1.506, 1.505, 1.505, 1.503, 1.503, 1.502, 1.501, 1.501, 1.501, 1.501, 1.501, 1.501, 1.502, 1.503, 1.503, 1.503, 1.503, 1.504, 1.504, 1.505, 1.505, 1.504, 1.503, 1.503, 1.503, 1.502, 1.501, 1.501, 1.5, 1.5, 1.499, 1.496, 1.495, 1.495, 1.494, 1.493, 1.493, 1.493, 1.493, 1.493, 1.493, 1.494, 1.495, 1.495, 1.499, 1.5, 1.501, 1.501, 1.502, 1.502, 1.503, 1.503, 1.503, 1.504, 1.504, 1.505, 1.505, 1.505, 1.505, 1.505, 1.505, 1.504, 1.503, 1.502, 1.501, 1.5, 1.5, 1.499, 1.499, 1.499, 1.499, 1.499, 1.496, 1.495, 1.494, 1.492, 1.49, 1.488, 1.486, 1.485, 1.484, 1.483, 1.482, 1.483, 1.483, 1.484, 1.486, 1.487, 1.488, 1.49, 1.492, 1.494, 1.495, 1.496, 1.499, 1.496, 1.496, 1.496, 1.496, 1.496, 1.496, 1.496, 1.496, 1.496, 1.496, 1.496, 1.496, 1.499, 1.499, 1.496, 1.496, 1.495, 1.494, 1.492, 1.49, 1.489, 1.485, 1.484, 1.481, 1.48, 1.48, 1.48, 1.48, 1.481, 1.482, 1.484, 1.485, 1.486, 1.487, 1.488, 1.487, 1.486, 1.485, 1.484, 1.482, 1.478, 1.477, 1.476, 1.475, 1.474, 1.474, 1.474, 1.473, 1.473, 1.473, 1.473, 1.472, 1.472, 1.472, 1.472, 1.472, 1.472, 1.472, 1.472, 1.473, 1.473, 1.474, 1.474, 1.474, 1.474, 1.474, 1.475, 1.476, 1.476, 1.476, 1.476, 1.476, 1.476, 1.476, 1.476, 1.475, 1.475, 1.475, 1.475, 1.475, 1.474, 1.474, 1.474, 1.474, 1.474, 1.474, 1.474, 1.473, 1.473, 1.472, 1.472, 1.472, 1.472, 1.471, 1.47, 1.47, 1.47, 1.468, 1.468, 1.468, 1.468, 1.468, 1.468, 1.469, 1.47, 1.47, 1.471, 1.472, 1.472, 1.472, 1.472, 1.472, 1.472, 1.471, 1.47, 1.469, 1.469, 1.468, 1.466, 1.466, 1.464, 1.464, 1.464, 1.464, 1.464, 1.464, 1.466, 1.466, 1.468, 1.468, 1.469, 1.469, 1.469, 1.469, 1.468, 1.468, 1.468, 1.468, 1.466, 1.466, 1.468, 1.468, 1.468, 1.468, 1.47, 1.47, 1.468, 1.468, 1.468, 1.466, 1.466, 1.466, 1.464, 1.464, 1.462, 1.462, 1.462, 1.462, 1.462, 1.462, 1.462, 1.462, 1.462, 1.464, 1.462, 1.462, 1.464, 0, 
1.528, 1.528, 1.528, 1.528, 1.528, 1.528, 1.528, 1.528, 1.528, 1.528, 1.528, 1.528, 1.528, 1.528, 1.528, 1.527, 1.528, 1.528, 1.528, 1.528, 1.531, 1.531, 1.528, 1.528, 1.527, 1.526, 1.525, 1.524, 1.524, 1.524, 1.524, 1.524, 1.524, 1.524, 1.525, 1.526, 1.527, 1.528, 1.528, 1.528, 1.527, 1.527, 1.526, 1.526, 1.526, 1.526, 1.526, 1.526, 1.526, 1.526, 1.526, 1.526, 1.526, 1.526, 1.526, 1.526, 1.525, 1.525, 1.525, 1.525, 1.525, 1.524, 1.524, 1.524, 1.524, 1.523, 1.522, 1.521, 1.52, 1.52, 1.519, 1.518, 1.517, 1.516, 1.516, 1.516, 1.516, 1.516, 1.516, 1.516, 1.516, 1.516, 1.516, 1.516, 1.516, 1.516, 1.517, 1.517, 1.518, 1.518, 1.518, 1.517, 1.516, 1.516, 1.513, 1.513, 1.513, 1.516, 1.517, 1.518, 1.519, 1.519, 1.52, 1.52, 1.519, 1.518, 1.517, 1.516, 1.516, 1.516, 1.516, 1.516, 1.516, 1.516, 1.516, 1.516, 1.516, 1.516, 1.516, 1.516, 1.516, 1.516, 1.516, 1.516, 1.517, 1.517, 1.517, 1.517, 1.517, 1.517, 1.516, 1.513, 1.512, 1.511, 1.51, 1.51, 1.509, 1.51, 1.51, 1.511, 1.511, 1.511, 1.511, 1.512, 1.512, 1.513, 1.513, 1.513, 1.516, 1.516, 1.513, 1.513, 1.513, 1.512, 1.511, 1.51, 1.509, 1.509, 1.507, 1.506, 1.505, 1.504, 1.503, 1.503, 1.503, 1.503, 1.503, 1.504, 1.505, 1.505, 1.505, 1.505, 1.505, 1.505, 1.506, 1.506, 1.507, 1.507, 1.508, 1.509, 1.508, 1.508, 1.508, 1.507, 1.506, 1.505, 1.505, 1.505, 1.505, 1.505, 1.505, 1.506, 1.507, 1.508, 1.509, 1.509, 1.509, 1.509, 1.509, 1.509, 1.509, 1.508, 1.507, 1.506, 1.506, 1.505, 1.505, 1.505, 1.505, 1.505, 1.505, 1.506, 1.506, 1.507, 1.507, 1.507, 1.506, 1.506, 1.505, 1.504, 1.503, 1.503, 1.502, 1.501, 1.501, 1.501, 1.501, 1.501, 1.501, 1.502, 1.503, 1.503, 1.503, 1.503, 1.504, 1.505, 1.505, 1.505, 1.504, 1.503, 1.503, 1.502, 1.501, 1.501, 1.501, 1.5, 1.499, 1.499, 1.496, 1.495, 1.494, 1.494, 1.493, 1.492, 1.492, 1.492, 1.492, 1.492, 1.493, 1.494, 1.495, 1.496, 1.499, 1.5, 1.501, 1.501, 1.502, 1.502, 1.503, 1.503, 1.503, 1.504, 1.505, 1.505, 1.505, 1.505, 1.505, 1.504, 1.504, 1.503, 1.502, 1.501, 1.501, 1.5, 1.5, 1.5, 1.5, 1.499, 1.499, 1.496, 1.495, 1.494, 1.492, 1.49, 1.488, 1.486, 1.485, 1.484, 1.483, 1.482, 1.482, 1.483, 1.484, 1.486, 1.487, 1.487, 1.491, 1.492, 1.494, 1.495, 1.496, 1.499, 1.496, 1.496, 1.496, 1.496, 1.496, 1.496, 1.496, 1.496, 1.496, 1.496, 1.496, 1.499, 1.499, 1.499, 1.499, 1.496, 1.495, 1.494, 1.492, 1.49, 1.489, 1.486, 1.484, 1.48, 1.48, 1.48, 1.48, 1.48, 1.48, 1.481, 1.485, 1.486, 1.487, 1.488, 1.488, 1.488, 1.487, 1.486, 1.484, 1.483, 1.479, 1.477, 1.476, 1.475, 1.474, 1.473, 1.473, 1.473, 1.472, 1.472, 1.472, 1.472, 1.472, 1.471, 1.471, 1.471, 1.471, 1.472, 1.472, 1.472, 1.472, 1.473, 1.473, 1.474, 1.474, 1.474, 1.475, 1.476, 1.476, 1.476, 1.476, 1.476, 1.476, 1.476, 1.475, 1.475, 1.474, 1.474, 1.474, 1.474, 1.474, 1.474, 1.474, 1.474, 1.474, 1.474, 1.473, 1.473, 1.472, 1.472, 1.472, 1.472, 1.471, 1.47, 1.47, 1.47, 1.468, 1.468, 1.468, 1.468, 1.468, 1.468, 1.468, 1.469, 1.47, 1.47, 1.471, 1.472, 1.472, 1.472, 1.472, 1.472, 1.472, 1.471, 1.47, 1.47, 1.469, 1.468, 1.466, 1.466, 1.466, 1.464, 1.464, 1.464, 1.464, 1.464, 1.464, 1.466, 1.468, 1.468, 1.468, 1.468, 1.468, 1.468, 1.468, 1.468, 1.468, 1.466, 1.466, 1.466, 1.466, 1.468, 1.468, 1.468, 1.468, 1.468, 1.468, 1.468, 1.468, 1.466, 1.466, 1.466, 1.464, 1.464, 1.462, 1.462, 1.462, 1.462, 1.462, 1.462, 1.464, 1.464, 1.464, 1.464, 1.464, 1.464, 1.466, 0, 
1.528, 1.528, 1.528, 1.528, 1.528, 1.528, 1.528, 1.528, 1.528, 1.528, 1.528, 1.528, 1.528, 1.527, 1.527, 1.527, 1.527, 1.527, 1.527, 1.528, 1.528, 1.528, 1.528, 1.527, 1.527, 1.526, 1.525, 1.524, 1.524, 1.524, 1.524, 1.524, 1.524, 1.525, 1.526, 1.527, 1.528, 1.528, 1.528, 1.528, 1.528, 1.528, 1.527, 1.527, 1.527, 1.526, 1.526, 1.526, 1.526, 1.526, 1.526, 1.526, 1.526, 1.526, 1.526, 1.526, 1.525, 1.524, 1.524, 1.524, 1.524, 1.524, 1.524, 1.524, 1.524, 1.523, 1.522, 1.521, 1.52, 1.519, 1.518, 1.517, 1.516, 1.516, 1.516, 1.516, 1.516, 1.516, 1.516, 1.516, 1.516, 1.516, 1.516, 1.516, 1.516, 1.516, 1.517, 1.518, 1.518, 1.518, 1.518, 1.517, 1.517, 1.516, 1.516, 1.516, 1.516, 1.516, 1.517, 1.518, 1.518, 1.519, 1.519, 1.519, 1.518, 1.517, 1.517, 1.516, 1.516, 1.516, 1.516, 1.516, 1.516, 1.516, 1.516, 1.516, 1.516, 1.516, 1.516, 1.516, 1.516, 1.516, 1.516, 1.516, 1.516, 1.516, 1.516, 1.516, 1.516, 1.516, 1.513, 1.512, 1.511, 1.511, 1.51, 1.509, 1.509, 1.51, 1.51, 1.511, 1.511, 1.511, 1.512, 1.512, 1.513, 1.513, 1.513, 1.516, 1.516, 1.513, 1.513, 1.513, 1.513, 1.512, 1.511, 1.51, 1.509, 1.508, 1.507, 1.506, 1.505, 1.504, 1.503, 1.503, 1.503, 1.503, 1.503, 1.504, 1.505, 1.505, 1.505, 1.505, 1.506, 1.506, 1.506, 1.507, 1.507, 1.508, 1.508, 1.508, 1.508, 1.507, 1.507, 1.507, 1.506, 1.505, 1.505, 1.505, 1.505, 1.505, 1.505, 1.506, 1.507, 1.507, 1.508, 1.509, 1.509, 1.509, 1.509, 1.509, 1.508, 1.507, 1.506, 1.506, 1.505, 1.505, 1.505, 1.505, 1.505, 1.505, 1.505, 1.505, 1.506, 1.507, 1.507, 1.507, 1.506, 1.505, 1.505, 1.504, 1.503, 1.502, 1.501, 1.501, 1.501, 1.501, 1.501, 1.501, 1.501, 1.502, 1.503, 1.503, 1.503, 1.504, 1.504, 1.505, 1.505, 1.505, 1.504, 1.503, 1.503, 1.502, 1.501, 1.501, 1.5, 1.499, 1.499, 1.499, 1.495, 1.495, 1.494, 1.493, 1.493, 1.492, 1.492, 1.492, 1.492, 1.492, 1.493, 1.494, 1.495, 1.495, 1.499, 1.5, 1.501, 1.501, 1.501, 1.502, 1.502, 1.503, 1.503, 1.504, 1.504, 1.505, 1.505, 1.505, 1.504, 1.504, 1.503, 1.502, 1.501, 1.501, 1.501, 1.501, 1.5, 1.5, 1.5, 1.499, 1.499, 1.496, 1.495, 1.494, 1.492, 1.49, 1.488, 1.487, 1.484, 1.484, 1.483, 1.482, 1.482, 1.483, 1.484, 1.486, 1.486, 1.487, 1.491, 1.492, 1.494, 1.495, 1.496, 1.499, 1.499, 1.496, 1.496, 1.496, 1.496, 1.496, 1.496, 1.496, 1.496, 1.496, 1.496, 1.496, 1.499, 1.499, 1.499, 1.495, 1.494, 1.493, 1.492, 1.49, 1.489, 1.486, 1.483, 1.48, 1.48, 1.48, 1.48, 1.48, 1.48, 1.481, 1.484, 1.485, 1.488, 1.488, 1.489, 1.489, 1.488, 1.486, 1.484, 1.483, 1.479, 1.478, 1.476, 1.475, 1.474, 1.473, 1.472, 1.472, 1.472, 1.472, 1.472, 1.471, 1.471, 1.471, 1.47, 1.47, 1.471, 1.471, 1.471, 1.472, 1.472, 1.472, 1.473, 1.474, 1.474, 1.474, 1.475, 1.475, 1.476, 1.476, 1.476, 1.476, 1.476, 1.475, 1.475, 1.474, 1.474, 1.474, 1.474, 1.474, 1.474, 1.474, 1.474, 1.474, 1.474, 1.473, 1.473, 1.472, 1.472, 1.472, 1.472, 1.471, 1.471, 1.47, 1.47, 1.47, 1.468, 1.468, 1.468, 1.468, 1.468, 1.468, 1.468, 1.468, 1.469, 1.47, 1.471, 1.472, 1.472, 1.472, 1.472, 1.471, 1.471, 1.471, 1.47, 1.47, 1.469, 1.468, 1.466, 1.466, 1.466, 1.464, 1.464, 1.464, 1.464, 1.464, 1.464, 1.466, 1.466, 1.468, 1.468, 1.468, 1.468, 1.468, 1.468, 1.468, 1.466, 1.466, 1.466, 1.466, 1.466, 1.466, 1.468, 1.468, 1.468, 1.468, 1.468, 1.468, 1.466, 1.466, 1.466, 1.466, 1.464, 1.464, 1.464, 1.464, 1.462, 1.462, 1.464, 1.464, 1.464, 1.464, 1.464, 1.466, 1.466, 1.466, 1.466, 0, 
1.531, 1.528, 1.528, 1.528, 1.528, 1.528, 1.528, 1.528, 1.528, 1.528, 1.528, 1.528, 1.528, 1.527, 1.526, 1.526, 1.526, 1.526, 1.527, 1.527, 1.527, 1.527, 1.527, 1.527, 1.526, 1.526, 1.525, 1.524, 1.524, 1.524, 1.524, 1.525, 1.525, 1.526, 1.526, 1.527, 1.528, 1.528, 1.528, 1.528, 1.528, 1.528, 1.528, 1.528, 1.528, 1.527, 1.527, 1.527, 1.527, 1.527, 1.527, 1.527, 1.527, 1.526, 1.526, 1.525, 1.525, 1.524, 1.524, 1.524, 1.524, 1.524, 1.524, 1.524, 1.524, 1.523, 1.522, 1.52, 1.52, 1.519, 1.518, 1.517, 1.516, 1.516, 1.516, 1.516, 1.516, 1.516, 1.516, 1.516, 1.516, 1.516, 1.516, 1.516, 1.516, 1.516, 1.517, 1.518, 1.518, 1.519, 1.518, 1.518, 1.517, 1.517, 1.516, 1.516, 1.516, 1.516, 1.516, 1.517, 1.518, 1.518, 1.518, 1.518, 1.517, 1.517, 1.516, 1.516, 1.513, 1.513, 1.513, 1.516, 1.516, 1.516, 1.516, 1.516, 1.516, 1.516, 1.516, 1.516, 1.516, 1.516, 1.516, 1.516, 1.516, 1.516, 1.516, 1.516, 1.516, 1.513, 1.512, 1.511, 1.511, 1.51, 1.509, 1.509, 1.509, 1.51, 1.511, 1.511, 1.512, 1.512, 1.512, 1.513, 1.513, 1.516, 1.516, 1.516, 1.513, 1.513, 1.513, 1.513, 1.512, 1.511, 1.51, 1.509, 1.509, 1.508, 1.507, 1.506, 1.505, 1.504, 1.503, 1.503, 1.503, 1.503, 1.504, 1.504, 1.505, 1.505, 1.506, 1.506, 1.507, 1.507, 1.507, 1.507, 1.507, 1.508, 1.508, 1.508, 1.508, 1.507, 1.507, 1.507, 1.506, 1.505, 1.505, 1.505, 1.505, 1.505, 1.505, 1.506, 1.507, 1.507, 1.508, 1.508, 1.509, 1.509, 1.509, 1.508, 1.507, 1.507, 1.506, 1.505, 1.504, 1.504, 1.504, 1.504, 1.504, 1.504, 1.504, 1.505, 1.506, 1.506, 1.507, 1.507, 1.506, 1.505, 1.505, 1.504, 1.503, 1.502, 1.501, 1.501, 1.501, 1.501, 1.501, 1.501, 1.501, 1.502, 1.503, 1.503, 1.503, 1.504, 1.505, 1.505, 1.505, 1.505, 1.504, 1.503, 1.502, 1.501, 1.501, 1.5, 1.499, 1.499, 1.499, 1.496, 1.495, 1.494, 1.494, 1.493, 1.492, 1.492, 1.492, 1.492, 1.492, 1.492, 1.493, 1.494, 1.494, 1.495, 1.499, 1.499, 1.5, 1.501, 1.501, 1.501, 1.502, 1.503, 1.503, 1.503, 1.504, 1.505, 1.504, 1.504, 1.504, 1.503, 1.503, 1.502, 1.501, 1.501, 1.501, 1.501, 1.5, 1.5, 1.5, 1.499, 1.499, 1.496, 1.495, 1.494, 1.492, 1.49, 1.488, 1.487, 1.484, 1.484, 1.483, 1.482, 1.482, 1.483, 1.484, 1.486, 1.486, 1.487, 1.492, 1.493, 1.494, 1.495, 1.496, 1.499, 1.499, 1.496, 1.496, 1.496, 1.496, 1.496, 1.496, 1.496, 1.496, 1.496, 1.496, 1.496, 1.496, 1.496, 1.496, 1.495, 1.494, 1.493, 1.492, 1.49, 1.489, 1.485, 1.482, 1.48, 1.48, 1.479, 1.479, 1.479, 1.48, 1.48, 1.484, 1.484, 1.488, 1.488, 1.489, 1.489, 1.488, 1.486, 1.484, 1.483, 1.48, 1.478, 1.476, 1.475, 1.474, 1.473, 1.472, 1.472, 1.472, 1.472, 1.471, 1.471, 1.47, 1.47, 1.47, 1.47, 1.47, 1.47, 1.471, 1.472, 1.472, 1.472, 1.473, 1.474, 1.474, 1.474, 1.474, 1.475, 1.476, 1.476, 1.476, 1.476, 1.475, 1.475, 1.474, 1.474, 1.474, 1.474, 1.474, 1.474, 1.474, 1.474, 1.474, 1.474, 1.473, 1.473, 1.472, 1.472, 1.472, 1.472, 1.472, 1.471, 1.47, 1.47, 1.47, 1.468, 1.468, 1.468, 1.468, 1.468, 1.468, 1.468, 1.468, 1.468, 1.469, 1.47, 1.47, 1.471, 1.471, 1.471, 1.471, 1.471, 1.47, 1.47, 1.47, 1.47, 1.469, 1.468, 1.466, 1.466, 1.466, 1.464, 1.464, 1.464, 1.464, 1.464, 1.464, 1.464, 1.464, 1.466, 1.468, 1.468, 1.468, 1.468, 1.468, 1.466, 1.466, 1.466, 1.466, 1.466, 1.466, 1.466, 1.466, 1.466, 1.466, 1.468, 1.468, 1.468, 1.466, 1.466, 1.466, 1.466, 1.464, 1.464, 1.464, 1.464, 1.464, 1.464, 1.464, 1.464, 1.464, 1.466, 1.466, 1.466, 1.466, 1.466, 1.466, 0, 
1.531, 1.528, 1.528, 1.528, 1.528, 1.528, 1.528, 1.528, 1.528, 1.528, 1.528, 1.528, 1.527, 1.527, 1.526, 1.526, 1.526, 1.526, 1.526, 1.526, 1.526, 1.526, 1.526, 1.526, 1.526, 1.526, 1.525, 1.525, 1.525, 1.525, 1.525, 1.526, 1.526, 1.527, 1.527, 1.528, 1.528, 1.528, 1.528, 1.528, 1.528, 1.528, 1.528, 1.528, 1.528, 1.528, 1.528, 1.528, 1.528, 1.528, 1.528, 1.528, 1.527, 1.526, 1.526, 1.525, 1.524, 1.524, 1.524, 1.524, 1.524, 1.524, 1.524, 1.524, 1.523, 1.522, 1.521, 1.52, 1.519, 1.518, 1.517, 1.516, 1.516, 1.516, 1.513, 1.513, 1.516, 1.516, 1.516, 1.516, 1.517, 1.517, 1.517, 1.517, 1.517, 1.517, 1.517, 1.518, 1.518, 1.519, 1.519, 1.519, 1.518, 1.517, 1.517, 1.516, 1.516, 1.516, 1.516, 1.517, 1.517, 1.518, 1.517, 1.517, 1.517, 1.516, 1.516, 1.513, 1.513, 1.513, 1.513, 1.513, 1.516, 1.516, 1.516, 1.516, 1.516, 1.516, 1.516, 1.516, 1.516, 1.516, 1.516, 1.516, 1.516, 1.516, 1.516, 1.513, 1.512, 1.512, 1.511, 1.511, 1.51, 1.509, 1.509, 1.509, 1.509, 1.51, 1.511, 1.511, 1.512, 1.513, 1.516, 1.516, 1.516, 1.516, 1.516, 1.516, 1.513, 1.513, 1.513, 1.512, 1.512, 1.511, 1.51, 1.509, 1.509, 1.507, 1.507, 1.505, 1.505, 1.504, 1.503, 1.503, 1.503, 1.503, 1.504, 1.505, 1.506, 1.506, 1.507, 1.507, 1.507, 1.507, 1.507, 1.508, 1.508, 1.508, 1.509, 1.508, 1.508, 1.507, 1.507, 1.507, 1.506, 1.505, 1.505, 1.505, 1.505, 1.505, 1.505, 1.506, 1.507, 1.507, 1.507, 1.508, 1.508, 1.508, 1.508, 1.508, 1.507, 1.506, 1.505, 1.504, 1.504, 1.503, 1.503, 1.503, 1.503, 1.503, 1.504, 1.504, 1.505, 1.506, 1.507, 1.506, 1.506, 1.505, 1.505, 1.503, 1.503, 1.502, 1.501, 1.501, 1.501, 1.501, 1.501, 1.501, 1.502, 1.502, 1.503, 1.503, 1.504, 1.504, 1.505, 1.505, 1.505, 1.504, 1.503, 1.502, 1.501, 1.501, 1.5, 1.499, 1.499, 1.499, 1.496, 1.496, 1.495, 1.494, 1.494, 1.493, 1.492, 1.492, 1.492, 1.492, 1.492, 1.492, 1.493, 1.494, 1.494, 1.495, 1.499, 1.499, 1.5, 1.501, 1.501, 1.501, 1.502, 1.503, 1.503, 1.503, 1.504, 1.504, 1.504, 1.503, 1.503, 1.503, 1.502, 1.501, 1.501, 1.501, 1.5, 1.5, 1.5, 1.499, 1.499, 1.499, 1.499, 1.496, 1.495, 1.494, 1.492, 1.49, 1.489, 1.488, 1.484, 1.484, 1.483, 1.483, 1.483, 1.483, 1.484, 1.486, 1.487, 1.487, 1.492, 1.493, 1.494, 1.495, 1.496, 1.496, 1.499, 1.499, 1.496, 1.496, 1.496, 1.496, 1.496, 1.496, 1.496, 1.496, 1.496, 1.496, 1.496, 1.496, 1.495, 1.495, 1.494, 1.493, 1.492, 1.49, 1.489, 1.485, 1.482, 1.48, 1.48, 1.479, 1.478, 1.479, 1.48, 1.48, 1.484, 1.484, 1.487, 1.488, 1.489, 1.488, 1.487, 1.486, 1.484, 1.482, 1.481, 1.478, 1.476, 1.475, 1.474, 1.473, 1.472, 1.472, 1.472, 1.472, 1.471, 1.47, 1.47, 1.47, 1.47, 1.47, 1.47, 1.47, 1.471, 1.472, 1.472, 1.472, 1.473, 1.473, 1.474, 1.474, 1.474, 1.475, 1.475, 1.476, 1.476, 1.475, 1.475, 1.474, 1.474, 1.474, 1.474, 1.474, 1.474, 1.474, 1.474, 1.474, 1.473, 1.473, 1.473, 1.472, 1.472, 1.472, 1.472, 1.472, 1.472, 1.471, 1.47, 1.47, 1.468, 1.468, 1.468, 1.468, 1.468, 1.468, 1.468, 1.468, 1.468, 1.468, 1.469, 1.47, 1.47, 1.47, 1.47, 1.47, 1.47, 1.47, 1.47, 1.47, 1.47, 1.47, 1.469, 1.468, 1.466, 1.466, 1.466, 1.464, 1.464, 1.464, 1.464, 1.464, 1.464, 1.464, 1.464, 1.466, 1.466, 1.468, 1.468, 1.468, 1.468, 1.466, 1.466, 1.466, 1.466, 1.466, 1.466, 1.466, 1.466, 1.466, 1.466, 1.466, 1.468, 1.468, 1.466, 1.466, 1.466, 1.466, 1.466, 1.464, 1.464, 1.464, 1.464, 1.464, 1.464, 1.466, 1.466, 1.466, 1.466, 1.468, 1.466, 1.466, 1.468, 0, 
1.531, 1.528, 1.528, 1.528, 1.528, 1.528, 1.528, 1.528, 1.528, 1.528, 1.528, 1.528, 1.527, 1.526, 1.526, 1.526, 1.526, 1.526, 1.526, 1.526, 1.526, 1.526, 1.526, 1.526, 1.526, 1.526, 1.526, 1.526, 1.526, 1.526, 1.526, 1.527, 1.527, 1.527, 1.528, 1.528, 1.528, 1.528, 1.528, 1.528, 1.528, 1.528, 1.528, 1.528, 1.528, 1.528, 1.528, 1.528, 1.528, 1.528, 1.528, 1.528, 1.527, 1.526, 1.526, 1.525, 1.524, 1.524, 1.524, 1.524, 1.524, 1.524, 1.524, 1.524, 1.523, 1.522, 1.521, 1.52, 1.519, 1.518, 1.517, 1.516, 1.516, 1.513, 1.513, 1.513, 1.516, 1.516, 1.517, 1.517, 1.517, 1.518, 1.518, 1.518, 1.518, 1.518, 1.518, 1.518, 1.519, 1.519, 1.52, 1.519, 1.519, 1.518, 1.517, 1.517, 1.516, 1.516, 1.516, 1.517, 1.517, 1.517, 1.517, 1.516, 1.516, 1.516, 1.513, 1.513, 1.513, 1.513, 1.513, 1.513, 1.516, 1.516, 1.516, 1.516, 1.516, 1.516, 1.516, 1.516, 1.516, 1.516, 1.516, 1.516, 1.516, 1.516, 1.513, 1.512, 1.512, 1.511, 1.511, 1.51, 1.509, 1.509, 1.509, 1.509, 1.509, 1.51, 1.511, 1.511, 1.512, 1.513, 1.516, 1.516, 1.516, 1.516, 1.516, 1.516, 1.513, 1.513, 1.512, 1.512, 1.511, 1.51, 1.509, 1.509, 1.508, 1.507, 1.507, 1.505, 1.505, 1.504, 1.503, 1.503, 1.503, 1.504, 1.504, 1.505, 1.506, 1.507, 1.508, 1.508, 1.508, 1.508, 1.508, 1.509, 1.509, 1.509, 1.509, 1.508, 1.508, 1.507, 1.507, 1.507, 1.506, 1.505, 1.505, 1.505, 1.505, 1.505, 1.505, 1.506, 1.507, 1.507, 1.507, 1.507, 1.507, 1.507, 1.507, 1.507, 1.506, 1.505, 1.505, 1.504, 1.503, 1.503, 1.503, 1.503, 1.503, 1.503, 1.503, 1.504, 1.505, 1.505, 1.506, 1.506, 1.505, 1.505, 1.504, 1.503, 1.503, 1.502, 1.501, 1.501, 1.501, 1.501, 1.501, 1.501, 1.502, 1.503, 1.503, 1.503, 1.504, 1.505, 1.505, 1.505, 1.505, 1.504, 1.503, 1.502, 1.501, 1.5, 1.499, 1.496, 1.496, 1.496, 1.495, 1.495, 1.495, 1.494, 1.493, 1.493, 1.492, 1.492, 1.492, 1.492, 1.492, 1.493, 1.493, 1.494, 1.495, 1.495, 1.499, 1.499, 1.5, 1.501, 1.501, 1.501, 1.502, 1.503, 1.503, 1.503, 1.503, 1.503, 1.503, 1.503, 1.503, 1.502, 1.501, 1.501, 1.5, 1.5, 1.5, 1.499, 1.499, 1.499, 1.499, 1.499, 1.499, 1.499, 1.495, 1.494, 1.492, 1.491, 1.489, 1.488, 1.485, 1.485, 1.484, 1.484, 1.484, 1.484, 1.485, 1.486, 1.487, 1.488, 1.492, 1.493, 1.494, 1.495, 1.496, 1.496, 1.499, 1.499, 1.499, 1.496, 1.496, 1.496, 1.496, 1.496, 1.496, 1.496, 1.496, 1.496, 1.496, 1.496, 1.495, 1.494, 1.493, 1.492, 1.491, 1.49, 1.488, 1.484, 1.482, 1.481, 1.48, 1.479, 1.479, 1.479, 1.48, 1.48, 1.484, 1.485, 1.486, 1.487, 1.488, 1.488, 1.487, 1.486, 1.484, 1.482, 1.481, 1.477, 1.476, 1.475, 1.474, 1.473, 1.472, 1.472, 1.472, 1.472, 1.471, 1.47, 1.47, 1.47, 1.47, 1.47, 1.47, 1.47, 1.471, 1.472, 1.472, 1.472, 1.473, 1.473, 1.474, 1.474, 1.474, 1.474, 1.475, 1.475, 1.475, 1.475, 1.474, 1.474, 1.474, 1.474, 1.474, 1.474, 1.474, 1.474, 1.473, 1.473, 1.473, 1.472, 1.472, 1.472, 1.472, 1.472, 1.472, 1.472, 1.471, 1.471, 1.47, 1.47, 1.468, 1.468, 1.468, 1.468, 1.468, 1.468, 1.468, 1.468, 1.468, 1.468, 1.469, 1.47, 1.47, 1.47, 1.47, 1.47, 1.47, 1.47, 1.47, 1.47, 1.47, 1.47, 1.469, 1.469, 1.468, 1.466, 1.466, 1.464, 1.464, 1.462, 1.462, 1.462, 1.462, 1.464, 1.464, 1.464, 1.466, 1.466, 1.468, 1.468, 1.466, 1.466, 1.466, 1.464, 1.464, 1.464, 1.464, 1.466, 1.466, 1.466, 1.466, 1.466, 1.466, 1.466, 1.466, 1.466, 1.466, 1.466, 1.466, 1.464, 1.464, 1.464, 1.464, 1.464, 1.466, 1.466, 1.466, 1.466, 1.468, 1.468, 1.466, 1.466, 1.468, 0, 
1.531, 1.531, 1.528, 1.528, 1.528, 1.528, 1.528, 1.528, 1.528, 1.528, 1.528, 1.528, 1.527, 1.526, 1.526, 1.525, 1.525, 1.525, 1.525, 1.525, 1.525, 1.525, 1.525, 1.525, 1.525, 1.526, 1.526, 1.526, 1.526, 1.526, 1.527, 1.527, 1.528, 1.528, 1.528, 1.528, 1.528, 1.528, 1.528, 1.528, 1.528, 1.528, 1.528, 1.528, 1.528, 1.528, 1.528, 1.528, 1.528, 1.528, 1.528, 1.528, 1.527, 1.526, 1.525, 1.524, 1.524, 1.524, 1.524, 1.524, 1.524, 1.524, 1.524, 1.524, 1.523, 1.522, 1.521, 1.52, 1.518, 1.518, 1.517, 1.516, 1.513, 1.513, 1.513, 1.513, 1.516, 1.517, 1.517, 1.518, 1.518, 1.518, 1.518, 1.518, 1.518, 1.518, 1.518, 1.518, 1.519, 1.52, 1.52, 1.52, 1.519, 1.519, 1.518, 1.518, 1.517, 1.517, 1.517, 1.516, 1.516, 1.516, 1.516, 1.516, 1.513, 1.513, 1.513, 1.513, 1.513, 1.513, 1.513, 1.513, 1.516, 1.516, 1.516, 1.516, 1.516, 1.516, 1.516, 1.516, 1.516, 1.516, 1.516, 1.516, 1.516, 1.513, 1.512, 1.512, 1.511, 1.511, 1.51, 1.509, 1.509, 1.509, 1.509, 1.509, 1.509, 1.51, 1.511, 1.511, 1.512, 1.513, 1.516, 1.516, 1.516, 1.516, 1.516, 1.513, 1.513, 1.512, 1.512, 1.511, 1.51, 1.51, 1.509, 1.509, 1.508, 1.507, 1.507, 1.505, 1.505, 1.504, 1.503, 1.503, 1.503, 1.504, 1.505, 1.506, 1.507, 1.508, 1.508, 1.509, 1.509, 1.509, 1.509, 1.509, 1.509, 1.509, 1.509, 1.509, 1.508, 1.507, 1.507, 1.507, 1.506, 1.506, 1.505, 1.505, 1.505, 1.505, 1.506, 1.506, 1.507, 1.507, 1.507, 1.507, 1.507, 1.507, 1.507, 1.507, 1.506, 1.505, 1.504, 1.503, 1.503, 1.502, 1.502, 1.502, 1.502, 1.503, 1.503, 1.503, 1.504, 1.505, 1.505, 1.506, 1.505, 1.505, 1.504, 1.503, 1.503, 1.502, 1.501, 1.501, 1.501, 1.501, 1.501, 1.501, 1.502, 1.503, 1.503, 1.504, 1.504, 1.505, 1.505, 1.505, 1.504, 1.503, 1.502, 1.501, 1.5, 1.499, 1.496, 1.496, 1.495, 1.495, 1.494, 1.494, 1.494, 1.494, 1.493, 1.492, 1.492, 1.492, 1.492, 1.492, 1.493, 1.493, 1.494, 1.494, 1.495, 1.496, 1.499, 1.499, 1.5, 1.501, 1.501, 1.501, 1.502, 1.503, 1.503, 1.503, 1.503, 1.503, 1.503, 1.502, 1.502, 1.501, 1.501, 1.5, 1.499, 1.499, 1.499, 1.499, 1.499, 1.499, 1.499, 1.499, 1.496, 1.496, 1.495, 1.494, 1.493, 1.492, 1.49, 1.488, 1.487, 1.486, 1.485, 1.485, 1.484, 1.485, 1.485, 1.486, 1.487, 1.488, 1.492, 1.492, 1.494, 1.495, 1.495, 1.496, 1.496, 1.496, 1.496, 1.496, 1.496, 1.496, 1.496, 1.496, 1.495, 1.495, 1.495, 1.495, 1.495, 1.495, 1.494, 1.493, 1.493, 1.492, 1.49, 1.489, 1.487, 1.484, 1.482, 1.481, 1.48, 1.48, 1.479, 1.479, 1.48, 1.48, 1.484, 1.484, 1.486, 1.487, 1.488, 1.487, 1.486, 1.485, 1.484, 1.482, 1.481, 1.477, 1.476, 1.475, 1.474, 1.473, 1.473, 1.472, 1.472, 1.472, 1.471, 1.471, 1.471, 1.47, 1.47, 1.47, 1.47, 1.47, 1.471, 1.472, 1.472, 1.472, 1.473, 1.473, 1.474, 1.474, 1.474, 1.474, 1.474, 1.474, 1.474, 1.474, 1.474, 1.474, 1.474, 1.474, 1.474, 1.474, 1.473, 1.473, 1.473, 1.472, 1.472, 1.472, 1.472, 1.472, 1.472, 1.472, 1.472, 1.472, 1.472, 1.471, 1.47, 1.47, 1.468, 1.468, 1.468, 1.468, 1.468, 1.468, 1.468, 1.468, 1.468, 1.468, 1.469, 1.47, 1.47, 1.47, 1.47, 1.47, 1.47, 1.47, 1.47, 1.47, 1.47, 1.47, 1.47, 1.469, 1.468, 1.466, 1.466, 1.464, 1.464, 1.462, 1.462, 1.462, 1.462, 1.462, 1.464, 1.464, 1.466, 1.466, 1.466, 1.466, 1.466, 1.466, 1.464, 1.464, 1.464, 1.464, 1.464, 1.464, 1.464, 1.466, 1.466, 1.466, 1.466, 1.466, 1.466, 1.466, 1.466, 1.466, 1.466, 1.464, 1.464, 1.464, 1.464, 1.466, 1.466, 1.466, 1.468, 1.468, 1.468, 1.468, 1.468, 1.468, 1.468, 0, 
1.531, 1.531, 1.528, 1.528, 1.528, 1.528, 1.528, 1.528, 1.528, 1.528, 1.528, 1.528, 1.527, 1.526, 1.526, 1.525, 1.524, 1.524, 1.524, 1.524, 1.524, 1.524, 1.524, 1.524, 1.525, 1.525, 1.526, 1.526, 1.526, 1.527, 1.528, 1.528, 1.528, 1.528, 1.528, 1.528, 1.528, 1.528, 1.528, 1.528, 1.527, 1.527, 1.527, 1.527, 1.528, 1.528, 1.528, 1.528, 1.528, 1.528, 1.528, 1.528, 1.527, 1.526, 1.525, 1.524, 1.524, 1.524, 1.524, 1.524, 1.524, 1.524, 1.524, 1.524, 1.523, 1.522, 1.521, 1.52, 1.518, 1.518, 1.517, 1.516, 1.513, 1.513, 1.513, 1.516, 1.516, 1.517, 1.518, 1.519, 1.519, 1.519, 1.518, 1.518, 1.518, 1.518, 1.518, 1.519, 1.52, 1.52, 1.52, 1.52, 1.52, 1.519, 1.519, 1.518, 1.518, 1.518, 1.517, 1.517, 1.516, 1.516, 1.516, 1.516, 1.513, 1.513, 1.513, 1.513, 1.512, 1.513, 1.513, 1.513, 1.513, 1.516, 1.516, 1.516, 1.516, 1.516, 1.516, 1.516, 1.516, 1.516, 1.516, 1.516, 1.516, 1.513, 1.512, 1.511, 1.511, 1.51, 1.509, 1.509, 1.509, 1.508, 1.508, 1.509, 1.509, 1.51, 1.511, 1.512, 1.512, 1.516, 1.516, 1.516, 1.516, 1.516, 1.516, 1.513, 1.512, 1.512, 1.511, 1.51, 1.51, 1.509, 1.509, 1.509, 1.508, 1.507, 1.507, 1.505, 1.505, 1.504, 1.504, 1.503, 1.504, 1.505, 1.506, 1.507, 1.507, 1.508, 1.509, 1.509, 1.509, 1.509, 1.509, 1.509, 1.509, 1.509, 1.509, 1.509, 1.508, 1.508, 1.507, 1.507, 1.507, 1.506, 1.506, 1.506, 1.506, 1.506, 1.506, 1.507, 1.507, 1.507, 1.507, 1.507, 1.507, 1.507, 1.507, 1.506, 1.505, 1.505, 1.504, 1.503, 1.502, 1.502, 1.501, 1.501, 1.502, 1.502, 1.503, 1.503, 1.504, 1.505, 1.505, 1.505, 1.505, 1.505, 1.505, 1.504, 1.503, 1.502, 1.502, 1.501, 1.501, 1.501, 1.501, 1.502, 1.502, 1.503, 1.503, 1.504, 1.505, 1.505, 1.505, 1.505, 1.504, 1.503, 1.502, 1.501, 1.5, 1.499, 1.496, 1.495, 1.494, 1.494, 1.494, 1.494, 1.493, 1.493, 1.492, 1.492, 1.492, 1.492, 1.493, 1.493, 1.493, 1.494, 1.494, 1.495, 1.495, 1.499, 1.499, 1.499, 1.5, 1.501, 1.501, 1.501, 1.502, 1.503, 1.503, 1.503, 1.503, 1.503, 1.503, 1.502, 1.501, 1.501, 1.5, 1.499, 1.499, 1.499, 1.499, 1.499, 1.499, 1.499, 1.499, 1.499, 1.496, 1.496, 1.496, 1.495, 1.494, 1.492, 1.491, 1.489, 1.488, 1.487, 1.486, 1.486, 1.486, 1.486, 1.486, 1.487, 1.488, 1.489, 1.491, 1.492, 1.493, 1.494, 1.495, 1.496, 1.496, 1.496, 1.496, 1.496, 1.496, 1.496, 1.496, 1.495, 1.495, 1.494, 1.494, 1.494, 1.494, 1.494, 1.493, 1.493, 1.492, 1.491, 1.49, 1.488, 1.487, 1.484, 1.483, 1.482, 1.481, 1.48, 1.48, 1.48, 1.48, 1.481, 1.483, 1.484, 1.485, 1.486, 1.487, 1.487, 1.486, 1.485, 1.484, 1.482, 1.482, 1.478, 1.477, 1.476, 1.475, 1.474, 1.473, 1.472, 1.472, 1.472, 1.472, 1.472, 1.471, 1.471, 1.471, 1.47, 1.47, 1.47, 1.471, 1.472, 1.472, 1.472, 1.473, 1.473, 1.474, 1.474, 1.474, 1.474, 1.474, 1.474, 1.474, 1.474, 1.474, 1.474, 1.474, 1.474, 1.474, 1.474, 1.473, 1.472, 1.472, 1.472, 1.472, 1.472, 1.472, 1.472, 1.472, 1.472, 1.472, 1.472, 1.472, 1.471, 1.47, 1.47, 1.47, 1.468, 1.468, 1.468, 1.468, 1.468, 1.468, 1.468, 1.468, 1.468, 1.469, 1.47, 1.47, 1.47, 1.47, 1.47, 1.47, 1.47, 1.47, 1.47, 1.47, 1.47, 1.47, 1.469, 1.469, 1.466, 1.466, 1.464, 1.464, 1.462, 1.462, 1.462, 1.462, 1.462, 1.462, 1.464, 1.464, 1.466, 1.466, 1.466, 1.466, 1.466, 1.464, 1.464, 1.464, 1.464, 1.464, 1.464, 1.464, 1.464, 1.466, 1.466, 1.466, 1.466, 1.466, 1.466, 1.466, 1.466, 1.466, 1.466, 1.466, 1.466, 1.466, 1.466, 1.466, 1.468, 1.468, 1.468, 1.468, 1.468, 1.468, 1.468, 1.469, 0, 
1.531, 1.531, 1.528, 1.528, 1.528, 1.528, 1.528, 1.528, 1.528, 1.528, 1.528, 1.528, 1.527, 1.526, 1.526, 1.525, 1.524, 1.524, 1.524, 1.524, 1.524, 1.524, 1.524, 1.524, 1.524, 1.525, 1.526, 1.526, 1.526, 1.527, 1.528, 1.528, 1.528, 1.528, 1.528, 1.528, 1.528, 1.528, 1.528, 1.527, 1.527, 1.526, 1.526, 1.527, 1.527, 1.528, 1.528, 1.528, 1.528, 1.528, 1.528, 1.528, 1.527, 1.526, 1.525, 1.524, 1.524, 1.524, 1.524, 1.524, 1.524, 1.524, 1.524, 1.524, 1.524, 1.523, 1.52, 1.52, 1.518, 1.518, 1.517, 1.516, 1.516, 1.516, 1.516, 1.516, 1.517, 1.518, 1.519, 1.52, 1.52, 1.519, 1.519, 1.519, 1.519, 1.519, 1.519, 1.519, 1.52, 1.52, 1.52, 1.52, 1.52, 1.52, 1.52, 1.519, 1.519, 1.518, 1.517, 1.517, 1.516, 1.516, 1.516, 1.513, 1.513, 1.512, 1.512, 1.512, 1.512, 1.512, 1.512, 1.513, 1.513, 1.513, 1.516, 1.516, 1.516, 1.516, 1.516, 1.516, 1.516, 1.516, 1.516, 1.516, 1.516, 1.512, 1.512, 1.511, 1.511, 1.51, 1.509, 1.509, 1.508, 1.508, 1.508, 1.509, 1.509, 1.51, 1.511, 1.512, 1.513, 1.516, 1.516, 1.516, 1.516, 1.516, 1.513, 1.512, 1.512, 1.511, 1.51, 1.51, 1.509, 1.509, 1.509, 1.509, 1.508, 1.507, 1.507, 1.505, 1.505, 1.505, 1.504, 1.504, 1.505, 1.505, 1.506, 1.507, 1.508, 1.509, 1.509, 1.509, 1.509, 1.509, 1.509, 1.509, 1.509, 1.509, 1.509, 1.509, 1.509, 1.509, 1.508, 1.508, 1.507, 1.507, 1.507, 1.507, 1.507, 1.507, 1.507, 1.507, 1.507, 1.507, 1.507, 1.507, 1.507, 1.507, 1.507, 1.506, 1.505, 1.505, 1.503, 1.503, 1.502, 1.501, 1.501, 1.501, 1.501, 1.502, 1.503, 1.503, 1.504, 1.505, 1.505, 1.505, 1.505, 1.505, 1.505, 1.504, 1.503, 1.503, 1.502, 1.502, 1.502, 1.502, 1.502, 1.502, 1.503, 1.503, 1.503, 1.504, 1.505, 1.505, 1.505, 1.505, 1.504, 1.503, 1.501, 1.5, 1.5, 1.496, 1.495, 1.494, 1.494, 1.493, 1.493, 1.492, 1.492, 1.492, 1.492, 1.492, 1.492, 1.493, 1.493, 1.494, 1.494, 1.495, 1.495, 1.495, 1.499, 1.499, 1.499, 1.499, 1.5, 1.501, 1.501, 1.502, 1.503, 1.503, 1.503, 1.503, 1.503, 1.503, 1.502, 1.501, 1.501, 1.5, 1.5, 1.499, 1.499, 1.499, 1.496, 1.496, 1.496, 1.496, 1.496, 1.496, 1.496, 1.496, 1.496, 1.495, 1.494, 1.493, 1.492, 1.491, 1.49, 1.488, 1.487, 1.487, 1.486, 1.486, 1.487, 1.487, 1.488, 1.49, 1.491, 1.492, 1.493, 1.494, 1.495, 1.495, 1.496, 1.496, 1.496, 1.496, 1.496, 1.496, 1.495, 1.495, 1.494, 1.494, 1.494, 1.494, 1.493, 1.493, 1.493, 1.492, 1.492, 1.491, 1.49, 1.488, 1.486, 1.485, 1.484, 1.483, 1.482, 1.481, 1.481, 1.481, 1.481, 1.482, 1.483, 1.484, 1.485, 1.486, 1.486, 1.486, 1.485, 1.484, 1.484, 1.482, 1.482, 1.478, 1.477, 1.476, 1.475, 1.475, 1.474, 1.473, 1.472, 1.472, 1.472, 1.472, 1.472, 1.472, 1.471, 1.471, 1.471, 1.471, 1.471, 1.472, 1.472, 1.472, 1.473, 1.473, 1.474, 1.474, 1.474, 1.474, 1.474, 1.474, 1.474, 1.474, 1.474, 1.474, 1.474, 1.474, 1.474, 1.473, 1.473, 1.472, 1.472, 1.472, 1.472, 1.472, 1.472, 1.472, 1.472, 1.472, 1.472, 1.472, 1.472, 1.471, 1.471, 1.47, 1.47, 1.468, 1.468, 1.468, 1.468, 1.468, 1.468, 1.468, 1.468, 1.469, 1.47, 1.47, 1.47, 1.47, 1.47, 1.47, 1.47, 1.47, 1.47, 1.47, 1.47, 1.47, 1.47, 1.469, 1.469, 1.466, 1.466, 1.464, 1.464, 1.462, 1.462, 1.462, 1.462, 1.462, 1.462, 1.462, 1.464, 1.466, 1.466, 1.466, 1.466, 1.466, 1.464, 1.464, 1.464, 1.464, 1.464, 1.464, 1.464, 1.464, 1.466, 1.466, 1.466, 1.466, 1.466, 1.466, 1.466, 1.466, 1.466, 1.466, 1.466, 1.466, 1.466, 1.466, 1.468, 1.468, 1.468, 1.468, 1.468, 1.468, 1.468, 1.468, 1.469, 0, 
1.531, 1.531, 1.528, 1.528, 1.528, 1.528, 1.528, 1.528, 1.528, 1.528, 1.528, 1.528, 1.527, 1.526, 1.526, 1.525, 1.524, 1.524, 1.524, 1.524, 1.524, 1.524, 1.524, 1.524, 1.524, 1.525, 1.526, 1.526, 1.527, 1.527, 1.528, 1.528, 1.528, 1.528, 1.528, 1.528, 1.528, 1.528, 1.527, 1.527, 1.526, 1.526, 1.526, 1.526, 1.527, 1.528, 1.528, 1.528, 1.528, 1.528, 1.528, 1.527, 1.526, 1.526, 1.525, 1.524, 1.524, 1.524, 1.524, 1.524, 1.524, 1.524, 1.524, 1.524, 1.524, 1.524, 1.52, 1.52, 1.519, 1.518, 1.517, 1.516, 1.516, 1.516, 1.516, 1.516, 1.517, 1.519, 1.52, 1.52, 1.52, 1.52, 1.52, 1.52, 1.52, 1.52, 1.52, 1.52, 1.52, 1.52, 1.52, 1.52, 1.52, 1.52, 1.52, 1.52, 1.519, 1.518, 1.517, 1.516, 1.516, 1.516, 1.516, 1.513, 1.513, 1.512, 1.511, 1.511, 1.511, 1.511, 1.512, 1.512, 1.513, 1.513, 1.513, 1.516, 1.516, 1.516, 1.516, 1.516, 1.516, 1.516, 1.516, 1.516, 1.516, 1.512, 1.511, 1.511, 1.51, 1.509, 1.509, 1.509, 1.508, 1.507, 1.508, 1.509, 1.509, 1.51, 1.511, 1.512, 1.516, 1.516, 1.516, 1.516, 1.516, 1.516, 1.513, 1.512, 1.511, 1.51, 1.51, 1.509, 1.509, 1.509, 1.509, 1.508, 1.508, 1.507, 1.507, 1.506, 1.505, 1.505, 1.505, 1.505, 1.505, 1.506, 1.507, 1.508, 1.509, 1.509, 1.51, 1.51, 1.51, 1.51, 1.509, 1.509, 1.509, 1.509, 1.509, 1.509, 1.509, 1.509, 1.509, 1.509, 1.508, 1.508, 1.507, 1.507, 1.507, 1.507, 1.507, 1.507, 1.507, 1.507, 1.507, 1.507, 1.507, 1.507, 1.506, 1.506, 1.505, 1.505, 1.503, 1.503, 1.502, 1.501, 1.501, 1.501, 1.501, 1.502, 1.503, 1.503, 1.503, 1.504, 1.505, 1.505, 1.505, 1.505, 1.505, 1.504, 1.504, 1.503, 1.503, 1.503, 1.503, 1.503, 1.503, 1.503, 1.503, 1.503, 1.504, 1.504, 1.505, 1.505, 1.505, 1.504, 1.503, 1.502, 1.501, 1.5, 1.499, 1.495, 1.495, 1.494, 1.493, 1.492, 1.492, 1.492, 1.492, 1.492, 1.492, 1.492, 1.492, 1.493, 1.494, 1.495, 1.495, 1.496, 1.496, 1.499, 1.499, 1.5, 1.5, 1.5, 1.5, 1.501, 1.501, 1.502, 1.503, 1.503, 1.503, 1.503, 1.503, 1.503, 1.502, 1.501, 1.5, 1.5, 1.499, 1.496, 1.496, 1.496, 1.496, 1.496, 1.496, 1.496, 1.496, 1.496, 1.496, 1.499, 1.496, 1.495, 1.495, 1.494, 1.493, 1.492, 1.491, 1.49, 1.488, 1.488, 1.488, 1.488, 1.488, 1.488, 1.488, 1.49, 1.49, 1.492, 1.492, 1.494, 1.494, 1.495, 1.495, 1.496, 1.496, 1.496, 1.496, 1.496, 1.495, 1.494, 1.494, 1.493, 1.493, 1.493, 1.492, 1.492, 1.492, 1.491, 1.491, 1.49, 1.489, 1.488, 1.487, 1.486, 1.484, 1.483, 1.482, 1.482, 1.482, 1.482, 1.482, 1.482, 1.483, 1.484, 1.484, 1.485, 1.485, 1.485, 1.484, 1.484, 1.483, 1.482, 1.481, 1.478, 1.478, 1.477, 1.476, 1.475, 1.474, 1.473, 1.472, 1.472, 1.472, 1.472, 1.472, 1.472, 1.472, 1.472, 1.472, 1.472, 1.472, 1.472, 1.472, 1.472, 1.473, 1.473, 1.474, 1.474, 1.474, 1.474, 1.474, 1.474, 1.474, 1.474, 1.474, 1.474, 1.474, 1.474, 1.474, 1.473, 1.472, 1.472, 1.472, 1.472, 1.472, 1.472, 1.472, 1.472, 1.472, 1.472, 1.472, 1.472, 1.472, 1.472, 1.471, 1.47, 1.47, 1.47, 1.468, 1.468, 1.468, 1.468, 1.468, 1.468, 1.468, 1.469, 1.47, 1.47, 1.47, 1.47, 1.47, 1.47, 1.47, 1.47, 1.47, 1.47, 1.47, 1.47, 1.47, 1.469, 1.469, 1.468, 1.466, 1.464, 1.464, 1.462, 1.462, 1.462, 1.462, 1.462, 1.462, 1.462, 1.464, 1.466, 1.466, 1.466, 1.466, 1.466, 1.464, 1.464, 1.464, 1.464, 1.464, 1.464, 1.464, 1.464, 1.466, 1.466, 1.466, 1.466, 1.466, 1.466, 1.466, 1.466, 1.466, 1.466, 1.466, 1.466, 1.466, 1.466, 1.468, 1.468, 1.468, 1.468, 1.468, 1.469, 1.468, 1.469, 1.469, 0, 
1.531, 1.531, 1.528, 1.528, 1.528, 1.528, 1.528, 1.528, 1.528, 1.528, 1.528, 1.528, 1.528, 1.527, 1.526, 1.525, 1.524, 1.524, 1.524, 1.524, 1.524, 1.524, 1.524, 1.524, 1.524, 1.525, 1.526, 1.526, 1.527, 1.528, 1.528, 1.528, 1.528, 1.528, 1.528, 1.528, 1.528, 1.528, 1.527, 1.526, 1.526, 1.526, 1.526, 1.526, 1.526, 1.527, 1.528, 1.528, 1.528, 1.528, 1.528, 1.527, 1.526, 1.525, 1.524, 1.524, 1.524, 1.524, 1.524, 1.524, 1.524, 1.524, 1.524, 1.524, 1.524, 1.524, 1.521, 1.52, 1.519, 1.518, 1.518, 1.517, 1.517, 1.517, 1.517, 1.517, 1.518, 1.519, 1.52, 1.52, 1.52, 1.52, 1.52, 1.52, 1.52, 1.52, 1.52, 1.52, 1.52, 1.52, 1.52, 1.52, 1.52, 1.52, 1.52, 1.52, 1.519, 1.518, 1.517, 1.516, 1.516, 1.516, 1.513, 1.513, 1.512, 1.512, 1.511, 1.511, 1.511, 1.511, 1.511, 1.512, 1.512, 1.512, 1.513, 1.513, 1.513, 1.513, 1.516, 1.516, 1.516, 1.516, 1.516, 1.516, 1.516, 1.512, 1.511, 1.511, 1.51, 1.509, 1.509, 1.509, 1.508, 1.507, 1.508, 1.509, 1.509, 1.511, 1.511, 1.512, 1.516, 1.516, 1.516, 1.516, 1.516, 1.513, 1.512, 1.511, 1.511, 1.51, 1.509, 1.509, 1.509, 1.509, 1.509, 1.509, 1.508, 1.507, 1.507, 1.506, 1.505, 1.505, 1.505, 1.505, 1.505, 1.506, 1.507, 1.508, 1.509, 1.51, 1.51, 1.511, 1.511, 1.51, 1.51, 1.509, 1.509, 1.509, 1.509, 1.509, 1.509, 1.509, 1.509, 1.509, 1.509, 1.509, 1.508, 1.508, 1.508, 1.508, 1.507, 1.507, 1.507, 1.507, 1.507, 1.507, 1.507, 1.507, 1.506, 1.505, 1.505, 1.504, 1.503, 1.503, 1.502, 1.501, 1.501, 1.501, 1.501, 1.502, 1.502, 1.503, 1.503, 1.504, 1.505, 1.506, 1.506, 1.505, 1.505, 1.505, 1.504, 1.503, 1.503, 1.503, 1.503, 1.503, 1.503, 1.503, 1.503, 1.503, 1.504, 1.504, 1.505, 1.505, 1.505, 1.504, 1.503, 1.502, 1.501, 1.5, 1.496, 1.495, 1.494, 1.493, 1.492, 1.492, 1.491, 1.491, 1.491, 1.491, 1.491, 1.492, 1.492, 1.493, 1.494, 1.495, 1.499, 1.499, 1.499, 1.5, 1.5, 1.501, 1.501, 1.501, 1.501, 1.501, 1.502, 1.503, 1.503, 1.503, 1.503, 1.503, 1.503, 1.502, 1.501, 1.501, 1.5, 1.499, 1.499, 1.496, 1.496, 1.496, 1.496, 1.496, 1.496, 1.496, 1.496, 1.496, 1.499, 1.499, 1.496, 1.496, 1.495, 1.494, 1.494, 1.493, 1.492, 1.491, 1.49, 1.489, 1.488, 1.488, 1.488, 1.488, 1.489, 1.49, 1.49, 1.491, 1.492, 1.493, 1.494, 1.494, 1.495, 1.495, 1.495, 1.495, 1.495, 1.495, 1.494, 1.493, 1.493, 1.492, 1.492, 1.492, 1.491, 1.491, 1.491, 1.49, 1.49, 1.49, 1.489, 1.488, 1.487, 1.486, 1.485, 1.484, 1.483, 1.483, 1.482, 1.482, 1.482, 1.483, 1.483, 1.484, 1.484, 1.484, 1.484, 1.484, 1.483, 1.483, 1.482, 1.481, 1.48, 1.479, 1.478, 1.477, 1.476, 1.475, 1.474, 1.473, 1.472, 1.472, 1.472, 1.472, 1.472, 1.472, 1.472, 1.472, 1.472, 1.472, 1.472, 1.472, 1.472, 1.472, 1.473, 1.474, 1.474, 1.474, 1.474, 1.474, 1.474, 1.474, 1.474, 1.474, 1.474, 1.474, 1.474, 1.474, 1.474, 1.473, 1.472, 1.472, 1.472, 1.472, 1.472, 1.472, 1.472, 1.472, 1.472, 1.472, 1.472, 1.472, 1.472, 1.472, 1.471, 1.471, 1.47, 1.47, 1.468, 1.468, 1.468, 1.468, 1.468, 1.468, 1.469, 1.469, 1.47, 1.47, 1.47, 1.471, 1.471, 1.471, 1.471, 1.47, 1.47, 1.47, 1.47, 1.47, 1.47, 1.47, 1.469, 1.468, 1.466, 1.466, 1.464, 1.464, 1.462, 1.462, 1.462, 1.462, 1.462, 1.462, 1.464, 1.466, 1.466, 1.466, 1.466, 1.466, 1.464, 1.464, 1.464, 1.464, 1.464, 1.464, 1.464, 1.464, 1.466, 1.466, 1.466, 1.466, 1.466, 1.466, 1.466, 1.466, 1.466, 1.466, 1.466, 1.466, 1.466, 1.468, 1.468, 1.468, 1.468, 1.468, 1.468, 1.469, 1.468, 1.469, 1.469, 0, 
1.531, 1.531, 1.528, 1.528, 1.528, 1.528, 1.528, 1.528, 1.528, 1.528, 1.528, 1.528, 1.528, 1.527, 1.526, 1.526, 1.525, 1.524, 1.524, 1.524, 1.524, 1.524, 1.524, 1.524, 1.524, 1.525, 1.526, 1.527, 1.527, 1.528, 1.528, 1.528, 1.528, 1.528, 1.528, 1.528, 1.528, 1.527, 1.526, 1.526, 1.526, 1.526, 1.526, 1.526, 1.526, 1.527, 1.528, 1.528, 1.528, 1.528, 1.528, 1.527, 1.526, 1.525, 1.524, 1.524, 1.523, 1.523, 1.524, 1.524, 1.524, 1.524, 1.525, 1.525, 1.524, 1.524, 1.522, 1.521, 1.52, 1.519, 1.518, 1.518, 1.518, 1.518, 1.518, 1.518, 1.519, 1.52, 1.521, 1.521, 1.521, 1.521, 1.521, 1.52, 1.52, 1.52, 1.52, 1.52, 1.52, 1.52, 1.52, 1.52, 1.52, 1.52, 1.52, 1.52, 1.519, 1.518, 1.517, 1.516, 1.516, 1.516, 1.513, 1.513, 1.512, 1.511, 1.511, 1.511, 1.511, 1.511, 1.511, 1.511, 1.511, 1.512, 1.512, 1.513, 1.513, 1.513, 1.516, 1.516, 1.516, 1.516, 1.516, 1.516, 1.516, 1.512, 1.511, 1.511, 1.51, 1.509, 1.509, 1.509, 1.508, 1.508, 1.508, 1.509, 1.51, 1.511, 1.512, 1.512, 1.516, 1.516, 1.516, 1.516, 1.516, 1.513, 1.512, 1.511, 1.51, 1.509, 1.509, 1.509, 1.509, 1.509, 1.509, 1.509, 1.508, 1.507, 1.507, 1.506, 1.505, 1.505, 1.505, 1.505, 1.506, 1.507, 1.508, 1.509, 1.509, 1.51, 1.511, 1.511, 1.511, 1.511, 1.51, 1.509, 1.509, 1.509, 1.509, 1.509, 1.509, 1.509, 1.509, 1.509, 1.509, 1.509, 1.509, 1.509, 1.509, 1.508, 1.508, 1.508, 1.507, 1.507, 1.507, 1.507, 1.507, 1.506, 1.506, 1.505, 1.505, 1.504, 1.503, 1.503, 1.502, 1.501, 1.501, 1.501, 1.501, 1.501, 1.502, 1.503, 1.503, 1.504, 1.505, 1.505, 1.505, 1.505, 1.505, 1.505, 1.504, 1.503, 1.503, 1.503, 1.503, 1.503, 1.503, 1.503, 1.503, 1.503, 1.504, 1.505, 1.505, 1.505, 1.504, 1.503, 1.502, 1.501, 1.5, 1.5, 1.495, 1.495, 1.494, 1.493, 1.492, 1.491, 1.49, 1.49, 1.49, 1.49, 1.491, 1.491, 1.492, 1.494, 1.495, 1.495, 1.499, 1.5, 1.5, 1.501, 1.501, 1.501, 1.501, 1.501, 1.502, 1.502, 1.502, 1.503, 1.503, 1.503, 1.503, 1.503, 1.503, 1.502, 1.501, 1.501, 1.5, 1.499, 1.499, 1.496, 1.496, 1.496, 1.495, 1.495, 1.496, 1.496, 1.496, 1.496, 1.499, 1.499, 1.496, 1.496, 1.496, 1.495, 1.494, 1.494, 1.493, 1.492, 1.491, 1.49, 1.489, 1.488, 1.488, 1.488, 1.488, 1.489, 1.49, 1.491, 1.491, 1.492, 1.493, 1.494, 1.494, 1.494, 1.494, 1.494, 1.494, 1.494, 1.493, 1.493, 1.492, 1.491, 1.491, 1.49, 1.49, 1.49, 1.49, 1.49, 1.49, 1.49, 1.489, 1.488, 1.487, 1.486, 1.486, 1.485, 1.484, 1.484, 1.484, 1.483, 1.483, 1.484, 1.484, 1.484, 1.484, 1.483, 1.483, 1.482, 1.482, 1.481, 1.481, 1.48, 1.479, 1.478, 1.478, 1.477, 1.476, 1.476, 1.474, 1.474, 1.473, 1.472, 1.472, 1.472, 1.472, 1.472, 1.472, 1.472, 1.472, 1.472, 1.472, 1.472, 1.472, 1.472, 1.473, 1.474, 1.474, 1.474, 1.474, 1.474, 1.474, 1.474, 1.474, 1.474, 1.474, 1.474, 1.474, 1.474, 1.473, 1.473, 1.472, 1.472, 1.472, 1.472, 1.472, 1.472, 1.472, 1.472, 1.472, 1.472, 1.472, 1.472, 1.472, 1.472, 1.472, 1.471, 1.47, 1.47, 1.469, 1.468, 1.468, 1.468, 1.468, 1.468, 1.469, 1.469, 1.47, 1.47, 1.47, 1.471, 1.472, 1.471, 1.471, 1.471, 1.471, 1.47, 1.47, 1.47, 1.47, 1.47, 1.469, 1.468, 1.468, 1.466, 1.464, 1.464, 1.464, 1.462, 1.462, 1.462, 1.462, 1.462, 1.464, 1.466, 1.466, 1.466, 1.466, 1.466, 1.466, 1.464, 1.464, 1.464, 1.464, 1.464, 1.464, 1.464, 1.466, 1.466, 1.466, 1.466, 1.466, 1.466, 1.468, 1.466, 1.466, 1.466, 1.466, 1.466, 1.468, 1.468, 1.468, 1.468, 1.468, 1.468, 1.469, 1.469, 1.469, 1.469, 1.469, 0, 
1.531, 1.531, 1.528, 1.528, 1.528, 1.528, 1.528, 1.528, 1.528, 1.528, 1.528, 1.528, 1.528, 1.527, 1.526, 1.526, 1.525, 1.524, 1.524, 1.524, 1.524, 1.524, 1.524, 1.524, 1.524, 1.525, 1.526, 1.527, 1.528, 1.528, 1.528, 1.528, 1.528, 1.528, 1.528, 1.528, 1.527, 1.527, 1.526, 1.526, 1.526, 1.526, 1.526, 1.526, 1.526, 1.526, 1.527, 1.528, 1.528, 1.528, 1.528, 1.527, 1.526, 1.525, 1.524, 1.524, 1.523, 1.523, 1.524, 1.524, 1.524, 1.525, 1.525, 1.526, 1.525, 1.524, 1.523, 1.522, 1.52, 1.52, 1.519, 1.518, 1.518, 1.518, 1.518, 1.519, 1.52, 1.521, 1.522, 1.522, 1.522, 1.522, 1.521, 1.52, 1.52, 1.52, 1.52, 1.52, 1.52, 1.52, 1.52, 1.52, 1.52, 1.52, 1.52, 1.52, 1.519, 1.518, 1.517, 1.516, 1.516, 1.516, 1.513, 1.513, 1.512, 1.511, 1.511, 1.511, 1.511, 1.511, 1.511, 1.511, 1.511, 1.511, 1.512, 1.512, 1.513, 1.513, 1.516, 1.516, 1.516, 1.516, 1.516, 1.516, 1.516, 1.512, 1.511, 1.511, 1.51, 1.509, 1.509, 1.509, 1.509, 1.509, 1.509, 1.509, 1.51, 1.511, 1.512, 1.513, 1.516, 1.516, 1.516, 1.516, 1.513, 1.512, 1.511, 1.511, 1.51, 1.509, 1.509, 1.509, 1.509, 1.509, 1.509, 1.509, 1.508, 1.507, 1.507, 1.506, 1.506, 1.506, 1.506, 1.506, 1.506, 1.507, 1.508, 1.509, 1.51, 1.511, 1.511, 1.511, 1.511, 1.511, 1.51, 1.509, 1.509, 1.509, 1.509, 1.51, 1.51, 1.51, 1.51, 1.51, 1.51, 1.509, 1.509, 1.509, 1.509, 1.509, 1.509, 1.508, 1.507, 1.507, 1.507, 1.507, 1.506, 1.506, 1.505, 1.505, 1.505, 1.505, 1.504, 1.503, 1.502, 1.501, 1.501, 1.501, 1.501, 1.501, 1.502, 1.503, 1.503, 1.503, 1.504, 1.505, 1.505, 1.505, 1.505, 1.504, 1.504, 1.503, 1.503, 1.503, 1.503, 1.503, 1.503, 1.503, 1.503, 1.503, 1.504, 1.505, 1.505, 1.505, 1.504, 1.503, 1.502, 1.501, 1.5, 1.499, 1.495, 1.494, 1.494, 1.492, 1.491, 1.491, 1.49, 1.49, 1.49, 1.49, 1.49, 1.491, 1.492, 1.494, 1.495, 1.496, 1.5, 1.5, 1.501, 1.502, 1.502, 1.503, 1.503, 1.503, 1.503, 1.503, 1.503, 1.503, 1.503, 1.503, 1.503, 1.503, 1.503, 1.502, 1.501, 1.5, 1.499, 1.499, 1.496, 1.496, 1.495, 1.495, 1.495, 1.495, 1.495, 1.495, 1.496, 1.496, 1.496, 1.499, 1.499, 1.499, 1.496, 1.496, 1.495, 1.495, 1.494, 1.493, 1.491, 1.49, 1.489, 1.488, 1.488, 1.488, 1.488, 1.489, 1.489, 1.49, 1.491, 1.491, 1.492, 1.493, 1.494, 1.494, 1.494, 1.494, 1.494, 1.493, 1.492, 1.492, 1.491, 1.49, 1.49, 1.49, 1.49, 1.49, 1.49, 1.489, 1.489, 1.489, 1.488, 1.488, 1.487, 1.486, 1.486, 1.485, 1.485, 1.484, 1.484, 1.484, 1.484, 1.484, 1.484, 1.484, 1.483, 1.483, 1.482, 1.482, 1.481, 1.48, 1.48, 1.479, 1.478, 1.478, 1.478, 1.477, 1.476, 1.476, 1.474, 1.474, 1.473, 1.472, 1.472, 1.472, 1.472, 1.472, 1.472, 1.472, 1.472, 1.472, 1.472, 1.472, 1.472, 1.473, 1.473, 1.474, 1.474, 1.474, 1.474, 1.474, 1.474, 1.474, 1.474, 1.474, 1.474, 1.474, 1.474, 1.474, 1.473, 1.472, 1.472, 1.472, 1.472, 1.472, 1.472, 1.472, 1.472, 1.472, 1.472, 1.472, 1.472, 1.472, 1.472, 1.472, 1.472, 1.471, 1.471, 1.47, 1.469, 1.469, 1.468, 1.468, 1.468, 1.468, 1.469, 1.47, 1.47, 1.47, 1.471, 1.471, 1.472, 1.472, 1.472, 1.472, 1.471, 1.47, 1.47, 1.47, 1.47, 1.47, 1.469, 1.469, 1.468, 1.466, 1.466, 1.464, 1.464, 1.464, 1.462, 1.462, 1.462, 1.464, 1.464, 1.466, 1.466, 1.466, 1.466, 1.466, 1.466, 1.464, 1.464, 1.464, 1.464, 1.464, 1.464, 1.464, 1.466, 1.466, 1.466, 1.466, 1.468, 1.468, 1.468, 1.466, 1.466, 1.466, 1.466, 1.466, 1.468, 1.468, 1.468, 1.468, 1.468, 1.469, 1.469, 1.469, 1.469, 1.469, 1.469, 0, 
1.531, 1.531, 1.528, 1.528, 1.528, 1.528, 1.528, 1.528, 1.528, 1.528, 1.528, 1.528, 1.528, 1.527, 1.526, 1.526, 1.525, 1.524, 1.524, 1.524, 1.524, 1.524, 1.524, 1.524, 1.525, 1.526, 1.526, 1.527, 1.528, 1.528, 1.528, 1.531, 1.528, 1.528, 1.528, 1.528, 1.527, 1.526, 1.526, 1.526, 1.525, 1.525, 1.525, 1.525, 1.525, 1.526, 1.527, 1.527, 1.528, 1.528, 1.528, 1.527, 1.526, 1.525, 1.524, 1.524, 1.524, 1.524, 1.524, 1.524, 1.524, 1.525, 1.526, 1.526, 1.526, 1.525, 1.524, 1.523, 1.52, 1.52, 1.52, 1.519, 1.519, 1.519, 1.519, 1.52, 1.52, 1.521, 1.522, 1.523, 1.522, 1.522, 1.521, 1.52, 1.52, 1.52, 1.52, 1.52, 1.52, 1.52, 1.52, 1.52, 1.52, 1.52, 1.52, 1.52, 1.519, 1.518, 1.517, 1.516, 1.516, 1.516, 1.513, 1.512, 1.512, 1.511, 1.511, 1.511, 1.511, 1.511, 1.511, 1.511, 1.511, 1.511, 1.511, 1.512, 1.513, 1.513, 1.513, 1.516, 1.516, 1.516, 1.516, 1.516, 1.516, 1.513, 1.512, 1.511, 1.51, 1.509, 1.509, 1.509, 1.509, 1.509, 1.509, 1.51, 1.51, 1.511, 1.512, 1.516, 1.516, 1.516, 1.516, 1.516, 1.513, 1.512, 1.511, 1.511, 1.51, 1.509, 1.509, 1.509, 1.509, 1.509, 1.509, 1.509, 1.509, 1.508, 1.507, 1.507, 1.507, 1.507, 1.507, 1.507, 1.507, 1.508, 1.509, 1.509, 1.51, 1.511, 1.511, 1.511, 1.511, 1.511, 1.51, 1.51, 1.509, 1.509, 1.51, 1.51, 1.511, 1.511, 1.511, 1.511, 1.511, 1.51, 1.51, 1.509, 1.509, 1.509, 1.509, 1.508, 1.507, 1.507, 1.506, 1.506, 1.505, 1.505, 1.505, 1.505, 1.505, 1.505, 1.504, 1.503, 1.503, 1.502, 1.501, 1.501, 1.501, 1.501, 1.501, 1.502, 1.503, 1.503, 1.503, 1.504, 1.504, 1.504, 1.504, 1.504, 1.503, 1.503, 1.503, 1.503, 1.502, 1.502, 1.503, 1.503, 1.503, 1.503, 1.504, 1.505, 1.505, 1.504, 1.504, 1.503, 1.501, 1.501, 1.5, 1.496, 1.495, 1.494, 1.493, 1.492, 1.491, 1.49, 1.49, 1.49, 1.49, 1.49, 1.49, 1.491, 1.491, 1.494, 1.499, 1.5, 1.5, 1.501, 1.502, 1.503, 1.503, 1.503, 1.503, 1.503, 1.503, 1.503, 1.503, 1.503, 1.503, 1.503, 1.503, 1.503, 1.502, 1.501, 1.5, 1.5, 1.499, 1.496, 1.495, 1.495, 1.494, 1.494, 1.494, 1.494, 1.494, 1.495, 1.495, 1.496, 1.496, 1.499, 1.499, 1.499, 1.499, 1.499, 1.499, 1.495, 1.495, 1.493, 1.492, 1.491, 1.49, 1.489, 1.488, 1.488, 1.488, 1.488, 1.489, 1.489, 1.49, 1.49, 1.491, 1.492, 1.493, 1.493, 1.494, 1.493, 1.493, 1.492, 1.491, 1.491, 1.49, 1.489, 1.489, 1.489, 1.489, 1.489, 1.489, 1.489, 1.488, 1.488, 1.488, 1.488, 1.487, 1.486, 1.486, 1.486, 1.485, 1.485, 1.485, 1.484, 1.484, 1.484, 1.484, 1.483, 1.483, 1.482, 1.481, 1.481, 1.48, 1.479, 1.479, 1.478, 1.478, 1.478, 1.477, 1.477, 1.476, 1.475, 1.474, 1.474, 1.473, 1.472, 1.472, 1.472, 1.472, 1.472, 1.472, 1.472, 1.472, 1.472, 1.472, 1.472, 1.472, 1.473, 1.474, 1.474, 1.474, 1.474, 1.474, 1.474, 1.474, 1.474, 1.474, 1.474, 1.474, 1.474, 1.474, 1.474, 1.473, 1.472, 1.472, 1.472, 1.472, 1.472, 1.472, 1.472, 1.472, 1.472, 1.472, 1.472, 1.472, 1.473, 1.473, 1.473, 1.472, 1.472, 1.471, 1.47, 1.47, 1.469, 1.469, 1.468, 1.468, 1.469, 1.469, 1.47, 1.47, 1.47, 1.471, 1.472, 1.472, 1.472, 1.472, 1.472, 1.471, 1.47, 1.47, 1.47, 1.47, 1.47, 1.469, 1.469, 1.468, 1.468, 1.466, 1.464, 1.464, 1.464, 1.464, 1.464, 1.464, 1.464, 1.464, 1.466, 1.466, 1.466, 1.466, 1.466, 1.466, 1.466, 1.464, 1.464, 1.464, 1.464, 1.464, 1.464, 1.466, 1.466, 1.466, 1.466, 1.466, 1.466, 1.468, 1.466, 1.466, 1.466, 1.466, 1.466, 1.468, 1.468, 1.468, 1.468, 1.468, 1.469, 1.469, 1.469, 1.469, 1.468, 1.469, 0, 
1.531, 1.531, 1.528, 1.528, 1.528, 1.528, 1.528, 1.528, 1.528, 1.528, 1.528, 1.528, 1.528, 1.528, 1.527, 1.526, 1.525, 1.524, 1.524, 1.524, 1.524, 1.524, 1.524, 1.524, 1.525, 1.526, 1.527, 1.528, 1.528, 1.528, 1.528, 1.528, 1.528, 1.528, 1.528, 1.527, 1.527, 1.526, 1.526, 1.526, 1.525, 1.524, 1.524, 1.524, 1.525, 1.525, 1.526, 1.527, 1.527, 1.528, 1.528, 1.527, 1.526, 1.525, 1.524, 1.524, 1.524, 1.524, 1.524, 1.524, 1.524, 1.525, 1.526, 1.526, 1.526, 1.525, 1.524, 1.524, 1.521, 1.521, 1.52, 1.52, 1.52, 1.52, 1.52, 1.52, 1.521, 1.522, 1.523, 1.523, 1.523, 1.522, 1.521, 1.52, 1.52, 1.52, 1.519, 1.519, 1.519, 1.519, 1.52, 1.52, 1.52, 1.52, 1.52, 1.519, 1.518, 1.518, 1.517, 1.516, 1.516, 1.516, 1.513, 1.512, 1.512, 1.511, 1.511, 1.511, 1.511, 1.511, 1.511, 1.511, 1.511, 1.511, 1.511, 1.512, 1.512, 1.513, 1.513, 1.516, 1.516, 1.516, 1.516, 1.516, 1.516, 1.513, 1.512, 1.511, 1.51, 1.509, 1.509, 1.509, 1.509, 1.509, 1.509, 1.51, 1.511, 1.512, 1.512, 1.516, 1.516, 1.516, 1.516, 1.516, 1.513, 1.512, 1.511, 1.51, 1.509, 1.509, 1.509, 1.509, 1.509, 1.509, 1.509, 1.509, 1.509, 1.508, 1.507, 1.507, 1.507, 1.507, 1.507, 1.507, 1.507, 1.508, 1.509, 1.51, 1.511, 1.511, 1.512, 1.511, 1.511, 1.511, 1.51, 1.51, 1.509, 1.51, 1.51, 1.511, 1.511, 1.511, 1.511, 1.511, 1.511, 1.511, 1.511, 1.51, 1.509, 1.509, 1.509, 1.508, 1.507, 1.506, 1.506, 1.505, 1.505, 1.505, 1.505, 1.505, 1.505, 1.505, 1.504, 1.503, 1.503, 1.502, 1.501, 1.501, 1.501, 1.501, 1.501, 1.502, 1.502, 1.503, 1.503, 1.503, 1.503, 1.503, 1.503, 1.503, 1.503, 1.503, 1.503, 1.502, 1.502, 1.502, 1.502, 1.503, 1.503, 1.503, 1.504, 1.505, 1.505, 1.504, 1.503, 1.502, 1.501, 1.5, 1.5, 1.496, 1.495, 1.494, 1.493, 1.492, 1.491, 1.49, 1.49, 1.49, 1.49, 1.49, 1.49, 1.491, 1.492, 1.495, 1.499, 1.5, 1.501, 1.502, 1.503, 1.504, 1.505, 1.505, 1.505, 1.505, 1.504, 1.504, 1.504, 1.504, 1.504, 1.504, 1.503, 1.503, 1.502, 1.501, 1.5, 1.499, 1.496, 1.495, 1.494, 1.494, 1.494, 1.494, 1.494, 1.494, 1.494, 1.494, 1.495, 1.496, 1.496, 1.499, 1.499, 1.499, 1.499, 1.499, 1.499, 1.499, 1.495, 1.494, 1.492, 1.491, 1.49, 1.489, 1.488, 1.488, 1.488, 1.488, 1.488, 1.488, 1.489, 1.49, 1.49, 1.491, 1.492, 1.492, 1.493, 1.493, 1.492, 1.492, 1.491, 1.49, 1.489, 1.488, 1.488, 1.488, 1.488, 1.488, 1.488, 1.488, 1.488, 1.488, 1.488, 1.488, 1.487, 1.487, 1.486, 1.486, 1.486, 1.486, 1.485, 1.485, 1.484, 1.484, 1.484, 1.483, 1.482, 1.481, 1.481, 1.48, 1.479, 1.478, 1.478, 1.478, 1.478, 1.477, 1.477, 1.476, 1.476, 1.475, 1.474, 1.474, 1.473, 1.473, 1.472, 1.472, 1.472, 1.472, 1.472, 1.472, 1.472, 1.472, 1.472, 1.472, 1.473, 1.474, 1.474, 1.474, 1.474, 1.474, 1.474, 1.474, 1.474, 1.474, 1.474, 1.474, 1.474, 1.474, 1.474, 1.474, 1.473, 1.473, 1.473, 1.473, 1.473, 1.472, 1.472, 1.472, 1.472, 1.473, 1.473, 1.473, 1.473, 1.473, 1.474, 1.473, 1.472, 1.472, 1.472, 1.471, 1.47, 1.47, 1.469, 1.468, 1.469, 1.469, 1.47, 1.47, 1.47, 1.47, 1.471, 1.472, 1.472, 1.472, 1.472, 1.471, 1.471, 1.47, 1.47, 1.47, 1.47, 1.47, 1.469, 1.468, 1.468, 1.468, 1.466, 1.466, 1.464, 1.464, 1.464, 1.464, 1.464, 1.464, 1.466, 1.466, 1.466, 1.466, 1.466, 1.466, 1.466, 1.466, 1.466, 1.466, 1.464, 1.464, 1.464, 1.464, 1.464, 1.466, 1.466, 1.466, 1.466, 1.466, 1.466, 1.466, 1.466, 1.466, 1.466, 1.466, 1.466, 1.468, 1.468, 1.468, 1.468, 1.468, 1.468, 1.469, 1.468, 1.468, 1.468, 0, 
1.531, 1.528, 1.528, 1.528, 1.528, 1.528, 1.528, 1.528, 1.528, 1.528, 1.528, 1.528, 1.528, 1.528, 1.527, 1.526, 1.526, 1.525, 1.525, 1.524, 1.524, 1.524, 1.524, 1.525, 1.526, 1.526, 1.527, 1.528, 1.528, 1.528, 1.528, 1.528, 1.528, 1.528, 1.527, 1.527, 1.526, 1.526, 1.526, 1.525, 1.525, 1.524, 1.524, 1.524, 1.524, 1.525, 1.526, 1.526, 1.527, 1.528, 1.527, 1.527, 1.526, 1.525, 1.524, 1.524, 1.524, 1.524, 1.524, 1.524, 1.524, 1.525, 1.526, 1.527, 1.527, 1.526, 1.524, 1.524, 1.522, 1.522, 1.522, 1.521, 1.521, 1.521, 1.521, 1.521, 1.522, 1.523, 1.524, 1.523, 1.523, 1.522, 1.521, 1.52, 1.52, 1.519, 1.518, 1.518, 1.518, 1.519, 1.519, 1.519, 1.519, 1.519, 1.519, 1.519, 1.518, 1.517, 1.516, 1.516, 1.516, 1.516, 1.513, 1.513, 1.512, 1.511, 1.511, 1.511, 1.511, 1.511, 1.511, 1.511, 1.511, 1.511, 1.511, 1.511, 1.512, 1.513, 1.513, 1.516, 1.516, 1.516, 1.516, 1.516, 1.516, 1.513, 1.512, 1.511, 1.51, 1.51, 1.509, 1.509, 1.509, 1.509, 1.51, 1.511, 1.511, 1.512, 1.516, 1.516, 1.516, 1.516, 1.516, 1.516, 1.513, 1.512, 1.511, 1.51, 1.509, 1.509, 1.509, 1.509, 1.509, 1.509, 1.509, 1.509, 1.509, 1.509, 1.508, 1.507, 1.507, 1.507, 1.507, 1.507, 1.508, 1.508, 1.509, 1.51, 1.511, 1.511, 1.512, 1.511, 1.511, 1.511, 1.51, 1.51, 1.509, 1.51, 1.511, 1.511, 1.511, 1.512, 1.512, 1.512, 1.512, 1.512, 1.511, 1.511, 1.509, 1.509, 1.509, 1.508, 1.507, 1.506, 1.505, 1.505, 1.505, 1.505, 1.505, 1.505, 1.505, 1.505, 1.504, 1.504, 1.503, 1.502, 1.501, 1.501, 1.501, 1.501, 1.501, 1.501, 1.502, 1.502, 1.503, 1.503, 1.503, 1.503, 1.503, 1.503, 1.503, 1.503, 1.502, 1.502, 1.501, 1.501, 1.502, 1.502, 1.503, 1.503, 1.504, 1.505, 1.505, 1.504, 1.503, 1.502, 1.501, 1.5, 1.499, 1.495, 1.495, 1.494, 1.493, 1.492, 1.491, 1.49, 1.49, 1.49, 1.49, 1.49, 1.491, 1.491, 1.492, 1.496, 1.5, 1.5, 1.502, 1.503, 1.504, 1.505, 1.506, 1.505, 1.505, 1.505, 1.505, 1.505, 1.505, 1.505, 1.505, 1.504, 1.503, 1.502, 1.501, 1.5, 1.5, 1.499, 1.495, 1.494, 1.493, 1.493, 1.492, 1.493, 1.493, 1.493, 1.493, 1.494, 1.495, 1.495, 1.496, 1.499, 1.499, 1.5, 1.5, 1.5, 1.5, 1.499, 1.495, 1.494, 1.493, 1.491, 1.49, 1.489, 1.488, 1.488, 1.488, 1.488, 1.488, 1.488, 1.488, 1.489, 1.49, 1.49, 1.491, 1.492, 1.492, 1.492, 1.492, 1.491, 1.49, 1.489, 1.488, 1.488, 1.488, 1.488, 1.488, 1.488, 1.488, 1.488, 1.488, 1.488, 1.488, 1.488, 1.487, 1.487, 1.486, 1.486, 1.486, 1.486, 1.486, 1.485, 1.484, 1.484, 1.483, 1.483, 1.482, 1.481, 1.48, 1.479, 1.478, 1.478, 1.478, 1.477, 1.477, 1.476, 1.476, 1.476, 1.476, 1.475, 1.474, 1.474, 1.474, 1.473, 1.473, 1.473, 1.472, 1.472, 1.472, 1.472, 1.472, 1.472, 1.472, 1.473, 1.473, 1.474, 1.474, 1.474, 1.474, 1.474, 1.474, 1.474, 1.474, 1.474, 1.474, 1.474, 1.474, 1.474, 1.474, 1.474, 1.474, 1.474, 1.474, 1.474, 1.473, 1.473, 1.473, 1.473, 1.473, 1.473, 1.473, 1.474, 1.474, 1.474, 1.474, 1.473, 1.472, 1.472, 1.472, 1.471, 1.47, 1.47, 1.469, 1.469, 1.469, 1.469, 1.47, 1.47, 1.47, 1.47, 1.471, 1.472, 1.472, 1.472, 1.472, 1.471, 1.47, 1.47, 1.47, 1.47, 1.469, 1.469, 1.469, 1.468, 1.468, 1.468, 1.466, 1.466, 1.466, 1.466, 1.466, 1.466, 1.466, 1.466, 1.466, 1.466, 1.466, 1.466, 1.466, 1.466, 1.466, 1.466, 1.466, 1.466, 1.464, 1.464, 1.464, 1.464, 1.464, 1.466, 1.466, 1.466, 1.466, 1.466, 1.466, 1.466, 1.466, 1.466, 1.466, 1.466, 1.466, 1.466, 1.468, 1.468, 1.468, 1.468, 1.468, 1.468, 1.468, 1.468, 1.468, 0, 
1.531, 1.528, 1.528, 1.528, 1.528, 1.528, 1.528, 1.528, 1.528, 1.528, 1.528, 1.528, 1.528, 1.528, 1.527, 1.527, 1.526, 1.526, 1.525, 1.525, 1.525, 1.525, 1.525, 1.525, 1.526, 1.527, 1.527, 1.528, 1.528, 1.528, 1.528, 1.528, 1.528, 1.527, 1.527, 1.526, 1.526, 1.526, 1.526, 1.525, 1.524, 1.524, 1.524, 1.524, 1.524, 1.524, 1.525, 1.526, 1.526, 1.527, 1.527, 1.526, 1.526, 1.525, 1.524, 1.524, 1.524, 1.524, 1.524, 1.524, 1.524, 1.525, 1.526, 1.526, 1.527, 1.526, 1.525, 1.524, 1.524, 1.523, 1.523, 1.522, 1.522, 1.522, 1.522, 1.522, 1.523, 1.524, 1.524, 1.523, 1.522, 1.522, 1.521, 1.52, 1.52, 1.519, 1.518, 1.518, 1.518, 1.518, 1.518, 1.518, 1.518, 1.518, 1.518, 1.518, 1.517, 1.517, 1.516, 1.516, 1.516, 1.516, 1.513, 1.513, 1.512, 1.512, 1.512, 1.511, 1.511, 1.511, 1.511, 1.511, 1.511, 1.511, 1.511, 1.511, 1.512, 1.513, 1.513, 1.516, 1.516, 1.516, 1.516, 1.516, 1.516, 1.513, 1.513, 1.512, 1.511, 1.51, 1.51, 1.51, 1.51, 1.51, 1.511, 1.511, 1.512, 1.513, 1.516, 1.516, 1.516, 1.516, 1.516, 1.516, 1.512, 1.511, 1.511, 1.51, 1.509, 1.509, 1.509, 1.509, 1.509, 1.509, 1.509, 1.509, 1.509, 1.509, 1.508, 1.508, 1.507, 1.507, 1.507, 1.507, 1.508, 1.509, 1.509, 1.51, 1.511, 1.511, 1.511, 1.511, 1.511, 1.51, 1.51, 1.509, 1.509, 1.51, 1.51, 1.511, 1.511, 1.512, 1.513, 1.513, 1.513, 1.513, 1.512, 1.511, 1.51, 1.509, 1.508, 1.507, 1.506, 1.505, 1.505, 1.505, 1.505, 1.505, 1.505, 1.505, 1.505, 1.505, 1.505, 1.504, 1.503, 1.503, 1.502, 1.501, 1.501, 1.501, 1.501, 1.501, 1.501, 1.502, 1.502, 1.503, 1.503, 1.503, 1.503, 1.503, 1.503, 1.502, 1.502, 1.501, 1.501, 1.501, 1.501, 1.502, 1.503, 1.503, 1.504, 1.504, 1.504, 1.503, 1.502, 1.501, 1.5, 1.5, 1.499, 1.495, 1.494, 1.494, 1.493, 1.492, 1.492, 1.491, 1.491, 1.49, 1.49, 1.49, 1.491, 1.492, 1.492, 1.496, 1.5, 1.501, 1.502, 1.503, 1.505, 1.505, 1.506, 1.506, 1.506, 1.506, 1.506, 1.505, 1.505, 1.505, 1.505, 1.504, 1.503, 1.502, 1.501, 1.5, 1.499, 1.495, 1.494, 1.493, 1.492, 1.492, 1.492, 1.492, 1.492, 1.492, 1.493, 1.494, 1.494, 1.495, 1.496, 1.499, 1.499, 1.5, 1.5, 1.5, 1.5, 1.499, 1.495, 1.494, 1.493, 1.492, 1.49, 1.489, 1.489, 1.488, 1.488, 1.488, 1.488, 1.488, 1.488, 1.488, 1.489, 1.49, 1.49, 1.491, 1.491, 1.491, 1.491, 1.49, 1.489, 1.489, 1.488, 1.488, 1.488, 1.488, 1.488, 1.488, 1.488, 1.488, 1.488, 1.488, 1.488, 1.488, 1.487, 1.487, 1.486, 1.486, 1.486, 1.486, 1.486, 1.485, 1.484, 1.484, 1.483, 1.482, 1.481, 1.48, 1.479, 1.478, 1.478, 1.477, 1.477, 1.477, 1.476, 1.476, 1.476, 1.476, 1.476, 1.475, 1.474, 1.474, 1.474, 1.474, 1.474, 1.473, 1.472, 1.472, 1.472, 1.472, 1.472, 1.473, 1.473, 1.473, 1.474, 1.474, 1.474, 1.474, 1.475, 1.475, 1.475, 1.474, 1.474, 1.474, 1.474, 1.474, 1.474, 1.474, 1.474, 1.474, 1.474, 1.474, 1.474, 1.474, 1.474, 1.474, 1.474, 1.474, 1.474, 1.474, 1.474, 1.474, 1.474, 1.474, 1.473, 1.473, 1.472, 1.472, 1.472, 1.471, 1.47, 1.47, 1.47, 1.469, 1.469, 1.47, 1.47, 1.47, 1.47, 1.471, 1.471, 1.472, 1.472, 1.472, 1.471, 1.471, 1.47, 1.47, 1.469, 1.469, 1.468, 1.468, 1.468, 1.468, 1.468, 1.468, 1.468, 1.466, 1.466, 1.466, 1.466, 1.466, 1.466, 1.466, 1.466, 1.466, 1.466, 1.466, 1.466, 1.466, 1.466, 1.466, 1.466, 1.464, 1.464, 1.464, 1.464, 1.464, 1.464, 1.466, 1.466, 1.466, 1.466, 1.466, 1.466, 1.466, 1.464, 1.464, 1.464, 1.464, 1.466, 1.466, 1.466, 1.468, 1.468, 1.468, 1.468, 1.468, 1.468, 1.468, 1.468, 0, 
1.531, 1.528, 1.528, 1.528, 1.528, 1.528, 1.528, 1.528, 1.528, 1.528, 1.528, 1.528, 1.528, 1.528, 1.528, 1.527, 1.527, 1.526, 1.526, 1.526, 1.526, 1.526, 1.526, 1.526, 1.527, 1.527, 1.528, 1.528, 1.528, 1.528, 1.528, 1.528, 1.527, 1.527, 1.526, 1.526, 1.526, 1.526, 1.526, 1.525, 1.524, 1.524, 1.524, 1.524, 1.524, 1.524, 1.524, 1.525, 1.526, 1.526, 1.527, 1.526, 1.526, 1.525, 1.524, 1.524, 1.524, 1.524, 1.524, 1.524, 1.524, 1.525, 1.526, 1.526, 1.527, 1.526, 1.525, 1.524, 1.524, 1.524, 1.524, 1.523, 1.523, 1.523, 1.523, 1.523, 1.524, 1.524, 1.524, 1.523, 1.522, 1.522, 1.52, 1.52, 1.519, 1.518, 1.517, 1.517, 1.517, 1.517, 1.517, 1.517, 1.517, 1.518, 1.518, 1.517, 1.517, 1.516, 1.516, 1.516, 1.516, 1.516, 1.513, 1.513, 1.513, 1.512, 1.512, 1.512, 1.512, 1.511, 1.511, 1.511, 1.511, 1.511, 1.511, 1.512, 1.512, 1.513, 1.513, 1.516, 1.516, 1.516, 1.516, 1.516, 1.516, 1.516, 1.513, 1.512, 1.512, 1.511, 1.511, 1.511, 1.511, 1.511, 1.511, 1.512, 1.512, 1.516, 1.516, 1.516, 1.516, 1.516, 1.516, 1.516, 1.512, 1.511, 1.511, 1.51, 1.509, 1.509, 1.509, 1.509, 1.509, 1.51, 1.51, 1.51, 1.51, 1.509, 1.509, 1.508, 1.508, 1.508, 1.508, 1.508, 1.508, 1.509, 1.51, 1.511, 1.511, 1.511, 1.511, 1.511, 1.51, 1.51, 1.509, 1.509, 1.509, 1.509, 1.51, 1.511, 1.511, 1.512, 1.513, 1.513, 1.513, 1.513, 1.512, 1.511, 1.51, 1.509, 1.508, 1.507, 1.506, 1.505, 1.505, 1.505, 1.504, 1.505, 1.505, 1.505, 1.505, 1.505, 1.505, 1.504, 1.503, 1.503, 1.502, 1.501, 1.501, 1.501, 1.501, 1.501, 1.501, 1.501, 1.501, 1.502, 1.502, 1.502, 1.502, 1.502, 1.502, 1.502, 1.501, 1.501, 1.501, 1.501, 1.501, 1.502, 1.503, 1.503, 1.503, 1.504, 1.503, 1.503, 1.502, 1.501, 1.5, 1.499, 1.496, 1.495, 1.494, 1.494, 1.494, 1.493, 1.492, 1.492, 1.491, 1.491, 1.491, 1.491, 1.492, 1.492, 1.493, 1.496, 1.5, 1.501, 1.502, 1.503, 1.505, 1.506, 1.507, 1.507, 1.507, 1.507, 1.506, 1.506, 1.506, 1.505, 1.505, 1.504, 1.503, 1.501, 1.501, 1.5, 1.499, 1.495, 1.494, 1.492, 1.492, 1.491, 1.491, 1.491, 1.492, 1.492, 1.492, 1.493, 1.494, 1.495, 1.495, 1.496, 1.499, 1.5, 1.5, 1.5, 1.5, 1.499, 1.495, 1.494, 1.493, 1.492, 1.49, 1.49, 1.489, 1.488, 1.488, 1.488, 1.488, 1.488, 1.488, 1.488, 1.488, 1.489, 1.49, 1.49, 1.49, 1.49, 1.49, 1.49, 1.489, 1.488, 1.488, 1.488, 1.488, 1.488, 1.488, 1.488, 1.488, 1.488, 1.488, 1.488, 1.488, 1.488, 1.488, 1.487, 1.486, 1.486, 1.486, 1.486, 1.485, 1.485, 1.484, 1.483, 1.482, 1.481, 1.48, 1.48, 1.479, 1.478, 1.477, 1.477, 1.476, 1.476, 1.476, 1.476, 1.476, 1.476, 1.476, 1.475, 1.474, 1.474, 1.474, 1.474, 1.474, 1.473, 1.472, 1.472, 1.472, 1.472, 1.473, 1.473, 1.473, 1.474, 1.474, 1.474, 1.474, 1.475, 1.475, 1.475, 1.475, 1.474, 1.474, 1.474, 1.474, 1.474, 1.474, 1.474, 1.474, 1.474, 1.474, 1.474, 1.474, 1.474, 1.474, 1.474, 1.474, 1.474, 1.474, 1.474, 1.474, 1.474, 1.474, 1.474, 1.473, 1.472, 1.472, 1.472, 1.472, 1.471, 1.471, 1.47, 1.47, 1.47, 1.47, 1.47, 1.47, 1.47, 1.47, 1.471, 1.472, 1.472, 1.472, 1.472, 1.471, 1.47, 1.47, 1.47, 1.469, 1.468, 1.468, 1.468, 1.468, 1.468, 1.468, 1.468, 1.468, 1.468, 1.468, 1.466, 1.466, 1.466, 1.466, 1.466, 1.466, 1.468, 1.468, 1.468, 1.468, 1.466, 1.466, 1.466, 1.466, 1.464, 1.464, 1.464, 1.464, 1.464, 1.464, 1.464, 1.466, 1.466, 1.466, 1.466, 1.466, 1.464, 1.464, 1.464, 1.464, 1.464, 1.466, 1.466, 1.466, 1.466, 1.468, 1.468, 1.468, 1.468, 1.468, 1.468, 1.468, 0, 
1.531, 1.528, 1.528, 1.528, 1.528, 1.528, 1.528, 1.528, 1.528, 1.528, 1.528, 1.528, 1.528, 1.528, 1.528, 1.528, 1.527, 1.527, 1.527, 1.526, 1.526, 1.526, 1.526, 1.527, 1.527, 1.528, 1.528, 1.528, 1.528, 1.528, 1.528, 1.527, 1.527, 1.526, 1.526, 1.526, 1.526, 1.526, 1.525, 1.525, 1.524, 1.524, 1.524, 1.524, 1.524, 1.524, 1.524, 1.525, 1.525, 1.526, 1.526, 1.526, 1.526, 1.524, 1.524, 1.524, 1.523, 1.523, 1.523, 1.524, 1.524, 1.524, 1.525, 1.526, 1.526, 1.526, 1.525, 1.525, 1.524, 1.524, 1.524, 1.524, 1.524, 1.524, 1.524, 1.524, 1.524, 1.524, 1.524, 1.523, 1.522, 1.521, 1.52, 1.52, 1.519, 1.518, 1.517, 1.516, 1.516, 1.516, 1.516, 1.516, 1.516, 1.517, 1.517, 1.516, 1.516, 1.516, 1.516, 1.516, 1.516, 1.516, 1.516, 1.513, 1.513, 1.513, 1.513, 1.513, 1.512, 1.512, 1.512, 1.511, 1.511, 1.512, 1.512, 1.512, 1.513, 1.513, 1.513, 1.516, 1.516, 1.516, 1.516, 1.516, 1.516, 1.516, 1.513, 1.513, 1.512, 1.512, 1.511, 1.511, 1.511, 1.511, 1.512, 1.512, 1.513, 1.516, 1.516, 1.516, 1.516, 1.516, 1.516, 1.516, 1.512, 1.511, 1.51, 1.509, 1.509, 1.509, 1.509, 1.509, 1.51, 1.51, 1.511, 1.511, 1.51, 1.51, 1.509, 1.509, 1.509, 1.509, 1.509, 1.509, 1.509, 1.509, 1.51, 1.511, 1.511, 1.511, 1.511, 1.51, 1.51, 1.509, 1.509, 1.509, 1.509, 1.509, 1.51, 1.511, 1.511, 1.512, 1.513, 1.513, 1.513, 1.513, 1.512, 1.511, 1.51, 1.509, 1.507, 1.506, 1.505, 1.504, 1.504, 1.504, 1.504, 1.504, 1.504, 1.504, 1.505, 1.505, 1.505, 1.505, 1.504, 1.503, 1.502, 1.501, 1.501, 1.501, 1.5, 1.5, 1.5, 1.5, 1.501, 1.501, 1.501, 1.501, 1.501, 1.501, 1.501, 1.501, 1.501, 1.501, 1.501, 1.501, 1.501, 1.502, 1.502, 1.503, 1.503, 1.503, 1.503, 1.502, 1.501, 1.5, 1.499, 1.499, 1.496, 1.495, 1.494, 1.494, 1.494, 1.493, 1.493, 1.492, 1.492, 1.492, 1.492, 1.492, 1.493, 1.493, 1.494, 1.495, 1.5, 1.501, 1.502, 1.503, 1.505, 1.506, 1.507, 1.507, 1.507, 1.507, 1.507, 1.506, 1.506, 1.505, 1.504, 1.503, 1.502, 1.501, 1.5, 1.5, 1.495, 1.494, 1.493, 1.492, 1.491, 1.49, 1.49, 1.49, 1.491, 1.491, 1.492, 1.493, 1.494, 1.494, 1.495, 1.496, 1.496, 1.499, 1.499, 1.499, 1.499, 1.496, 1.495, 1.494, 1.493, 1.492, 1.491, 1.49, 1.489, 1.488, 1.488, 1.488, 1.488, 1.488, 1.488, 1.488, 1.488, 1.488, 1.489, 1.489, 1.489, 1.489, 1.489, 1.489, 1.488, 1.488, 1.488, 1.488, 1.488, 1.488, 1.488, 1.488, 1.488, 1.488, 1.488, 1.488, 1.488, 1.488, 1.488, 1.487, 1.486, 1.486, 1.486, 1.485, 1.485, 1.484, 1.483, 1.483, 1.482, 1.481, 1.48, 1.479, 1.478, 1.477, 1.476, 1.476, 1.476, 1.476, 1.476, 1.476, 1.476, 1.476, 1.476, 1.475, 1.474, 1.474, 1.474, 1.474, 1.473, 1.473, 1.472, 1.472, 1.472, 1.472, 1.473, 1.473, 1.473, 1.474, 1.474, 1.474, 1.474, 1.475, 1.475, 1.475, 1.475, 1.474, 1.474, 1.473, 1.473, 1.473, 1.473, 1.473, 1.474, 1.474, 1.474, 1.474, 1.474, 1.474, 1.474, 1.474, 1.474, 1.474, 1.474, 1.474, 1.474, 1.474, 1.474, 1.473, 1.473, 1.472, 1.472, 1.472, 1.472, 1.472, 1.471, 1.47, 1.47, 1.47, 1.47, 1.47, 1.47, 1.47, 1.471, 1.471, 1.472, 1.472, 1.472, 1.471, 1.471, 1.47, 1.47, 1.469, 1.469, 1.468, 1.468, 1.468, 1.468, 1.468, 1.468, 1.469, 1.468, 1.468, 1.468, 1.468, 1.468, 1.468, 1.468, 1.468, 1.468, 1.468, 1.468, 1.468, 1.468, 1.466, 1.466, 1.466, 1.466, 1.464, 1.464, 1.464, 1.464, 1.464, 1.464, 1.464, 1.464, 1.464, 1.464, 1.464, 1.464, 1.464, 1.464, 1.464, 1.464, 1.464, 1.464, 1.466, 1.466, 1.466, 1.468, 1.468, 1.468, 1.468, 1.468, 1.468, 1.468, 0, 
1.531, 1.528, 1.528, 1.528, 1.528, 1.528, 1.528, 1.528, 1.528, 1.528, 1.528, 1.528, 1.528, 1.528, 1.528, 1.528, 1.528, 1.528, 1.528, 1.527, 1.527, 1.527, 1.527, 1.528, 1.528, 1.528, 1.528, 1.528, 1.528, 1.528, 1.527, 1.527, 1.526, 1.526, 1.526, 1.526, 1.526, 1.526, 1.525, 1.525, 1.524, 1.524, 1.524, 1.524, 1.524, 1.524, 1.524, 1.524, 1.525, 1.526, 1.526, 1.526, 1.525, 1.524, 1.524, 1.524, 1.523, 1.522, 1.523, 1.523, 1.524, 1.524, 1.525, 1.526, 1.526, 1.526, 1.526, 1.525, 1.524, 1.524, 1.524, 1.524, 1.524, 1.524, 1.524, 1.524, 1.524, 1.524, 1.524, 1.523, 1.522, 1.521, 1.52, 1.519, 1.518, 1.517, 1.516, 1.516, 1.516, 1.516, 1.516, 1.516, 1.516, 1.516, 1.516, 1.516, 1.516, 1.516, 1.516, 1.516, 1.516, 1.516, 1.516, 1.516, 1.513, 1.513, 1.513, 1.513, 1.513, 1.513, 1.512, 1.512, 1.512, 1.512, 1.513, 1.513, 1.513, 1.513, 1.513, 1.516, 1.516, 1.516, 1.517, 1.517, 1.517, 1.517, 1.516, 1.513, 1.513, 1.513, 1.512, 1.512, 1.512, 1.512, 1.513, 1.513, 1.513, 1.516, 1.516, 1.516, 1.516, 1.516, 1.516, 1.513, 1.512, 1.511, 1.51, 1.509, 1.509, 1.509, 1.509, 1.509, 1.51, 1.511, 1.511, 1.511, 1.511, 1.51, 1.51, 1.509, 1.509, 1.509, 1.509, 1.509, 1.509, 1.51, 1.51, 1.511, 1.511, 1.511, 1.51, 1.51, 1.509, 1.509, 1.509, 1.509, 1.509, 1.509, 1.51, 1.511, 1.511, 1.512, 1.513, 1.513, 1.513, 1.513, 1.512, 1.511, 1.509, 1.509, 1.507, 1.506, 1.505, 1.504, 1.503, 1.503, 1.503, 1.503, 1.503, 1.504, 1.504, 1.505, 1.505, 1.505, 1.504, 1.503, 1.503, 1.502, 1.501, 1.501, 1.5, 1.499, 1.499, 1.499, 1.5, 1.5, 1.501, 1.501, 1.501, 1.501, 1.5, 1.5, 1.5, 1.5, 1.5, 1.501, 1.501, 1.501, 1.502, 1.503, 1.503, 1.503, 1.502, 1.501, 1.5, 1.5, 1.499, 1.496, 1.496, 1.495, 1.494, 1.494, 1.494, 1.494, 1.494, 1.494, 1.493, 1.493, 1.493, 1.493, 1.493, 1.494, 1.495, 1.495, 1.5, 1.501, 1.502, 1.503, 1.505, 1.506, 1.507, 1.507, 1.507, 1.507, 1.506, 1.506, 1.505, 1.505, 1.504, 1.503, 1.502, 1.501, 1.5, 1.495, 1.494, 1.493, 1.492, 1.491, 1.49, 1.49, 1.49, 1.49, 1.49, 1.491, 1.492, 1.492, 1.493, 1.494, 1.495, 1.495, 1.496, 1.499, 1.499, 1.499, 1.496, 1.496, 1.495, 1.494, 1.493, 1.492, 1.491, 1.49, 1.489, 1.488, 1.488, 1.488, 1.488, 1.488, 1.488, 1.488, 1.488, 1.488, 1.488, 1.488, 1.488, 1.488, 1.488, 1.488, 1.488, 1.488, 1.488, 1.488, 1.488, 1.488, 1.488, 1.488, 1.488, 1.489, 1.489, 1.489, 1.489, 1.488, 1.488, 1.487, 1.486, 1.486, 1.485, 1.485, 1.484, 1.484, 1.483, 1.482, 1.481, 1.48, 1.48, 1.479, 1.478, 1.477, 1.476, 1.476, 1.476, 1.476, 1.476, 1.476, 1.476, 1.476, 1.476, 1.475, 1.474, 1.474, 1.474, 1.473, 1.473, 1.472, 1.472, 1.472, 1.472, 1.472, 1.472, 1.473, 1.473, 1.473, 1.474, 1.474, 1.474, 1.474, 1.474, 1.474, 1.474, 1.474, 1.473, 1.473, 1.472, 1.472, 1.472, 1.472, 1.473, 1.473, 1.474, 1.474, 1.474, 1.474, 1.474, 1.475, 1.474, 1.474, 1.474, 1.474, 1.474, 1.474, 1.473, 1.473, 1.472, 1.472, 1.472, 1.472, 1.472, 1.472, 1.471, 1.47, 1.47, 1.47, 1.47, 1.47, 1.47, 1.471, 1.471, 1.472, 1.472, 1.472, 1.472, 1.471, 1.47, 1.47, 1.47, 1.469, 1.468, 1.466, 1.466, 1.468, 1.468, 1.468, 1.468, 1.468, 1.468, 1.468, 1.468, 1.468, 1.468, 1.468, 1.468, 1.468, 1.468, 1.468, 1.468, 1.468, 1.468, 1.466, 1.466, 1.466, 1.464, 1.464, 1.464, 1.462, 1.462, 1.462, 1.462, 1.464, 1.464, 1.464, 1.462, 1.462, 1.464, 1.462, 1.462, 1.462, 1.462, 1.462, 1.464, 1.464, 1.466, 1.466, 1.466, 1.468, 1.468, 1.468, 1.466, 1.466, 1.468, 0, 
1.531, 1.528, 1.528, 1.527, 1.527, 1.527, 1.527, 1.527, 1.527, 1.528, 1.528, 1.528, 1.528, 1.528, 1.528, 1.528, 1.528, 1.528, 1.528, 1.528, 1.528, 1.528, 1.528, 1.528, 1.528, 1.528, 1.528, 1.528, 1.528, 1.527, 1.527, 1.526, 1.526, 1.526, 1.526, 1.526, 1.526, 1.526, 1.525, 1.525, 1.524, 1.524, 1.524, 1.523, 1.523, 1.523, 1.523, 1.524, 1.524, 1.525, 1.526, 1.526, 1.525, 1.524, 1.524, 1.524, 1.523, 1.522, 1.522, 1.523, 1.524, 1.524, 1.524, 1.525, 1.526, 1.526, 1.526, 1.525, 1.525, 1.525, 1.525, 1.525, 1.525, 1.525, 1.525, 1.525, 1.525, 1.524, 1.524, 1.523, 1.522, 1.521, 1.52, 1.519, 1.518, 1.517, 1.516, 1.516, 1.516, 1.516, 1.516, 1.516, 1.516, 1.516, 1.516, 1.516, 1.516, 1.516, 1.516, 1.516, 1.517, 1.517, 1.516, 1.516, 1.516, 1.516, 1.513, 1.513, 1.513, 1.513, 1.513, 1.513, 1.513, 1.513, 1.513, 1.513, 1.513, 1.513, 1.516, 1.516, 1.516, 1.517, 1.517, 1.518, 1.517, 1.517, 1.517, 1.516, 1.513, 1.513, 1.513, 1.513, 1.513, 1.513, 1.513, 1.513, 1.516, 1.516, 1.516, 1.516, 1.516, 1.516, 1.516, 1.513, 1.512, 1.511, 1.51, 1.509, 1.509, 1.509, 1.509, 1.51, 1.511, 1.511, 1.512, 1.512, 1.512, 1.511, 1.51, 1.509, 1.509, 1.509, 1.509, 1.509, 1.509, 1.51, 1.511, 1.511, 1.511, 1.511, 1.51, 1.509, 1.509, 1.509, 1.509, 1.509, 1.509, 1.509, 1.509, 1.51, 1.511, 1.512, 1.512, 1.513, 1.513, 1.513, 1.512, 1.511, 1.509, 1.508, 1.507, 1.505, 1.504, 1.503, 1.503, 1.503, 1.503, 1.503, 1.503, 1.503, 1.504, 1.504, 1.505, 1.505, 1.504, 1.503, 1.503, 1.502, 1.501, 1.501, 1.5, 1.499, 1.499, 1.499, 1.499, 1.5, 1.5, 1.5, 1.5, 1.5, 1.5, 1.499, 1.499, 1.499, 1.5, 1.501, 1.501, 1.501, 1.502, 1.502, 1.502, 1.502, 1.502, 1.501, 1.5, 1.499, 1.496, 1.496, 1.495, 1.495, 1.494, 1.495, 1.495, 1.495, 1.495, 1.495, 1.494, 1.494, 1.494, 1.494, 1.494, 1.495, 1.495, 1.499, 1.5, 1.501, 1.502, 1.503, 1.504, 1.507, 1.507, 1.507, 1.507, 1.506, 1.506, 1.505, 1.505, 1.504, 1.503, 1.502, 1.501, 1.5, 1.5, 1.495, 1.494, 1.492, 1.491, 1.49, 1.489, 1.489, 1.489, 1.489, 1.49, 1.49, 1.491, 1.492, 1.493, 1.494, 1.494, 1.495, 1.496, 1.496, 1.496, 1.496, 1.495, 1.495, 1.494, 1.493, 1.492, 1.491, 1.49, 1.49, 1.489, 1.488, 1.488, 1.488, 1.488, 1.488, 1.488, 1.488, 1.488, 1.488, 1.488, 1.488, 1.488, 1.488, 1.488, 1.488, 1.488, 1.488, 1.488, 1.488, 1.488, 1.488, 1.488, 1.489, 1.489, 1.489, 1.49, 1.49, 1.489, 1.488, 1.488, 1.487, 1.486, 1.486, 1.485, 1.484, 1.484, 1.483, 1.482, 1.481, 1.481, 1.48, 1.479, 1.478, 1.477, 1.476, 1.476, 1.476, 1.476, 1.476, 1.476, 1.476, 1.476, 1.476, 1.476, 1.475, 1.474, 1.474, 1.473, 1.473, 1.472, 1.472, 1.472, 1.472, 1.472, 1.472, 1.472, 1.472, 1.472, 1.473, 1.473, 1.474, 1.474, 1.474, 1.474, 1.474, 1.474, 1.473, 1.473, 1.472, 1.472, 1.472, 1.472, 1.472, 1.472, 1.473, 1.473, 1.474, 1.474, 1.475, 1.475, 1.475, 1.475, 1.475, 1.475, 1.474, 1.474, 1.474, 1.473, 1.472, 1.472, 1.472, 1.472, 1.472, 1.472, 1.472, 1.471, 1.47, 1.47, 1.47, 1.47, 1.47, 1.471, 1.471, 1.472, 1.472, 1.472, 1.472, 1.472, 1.471, 1.47, 1.47, 1.468, 1.468, 1.466, 1.466, 1.466, 1.466, 1.468, 1.468, 1.468, 1.468, 1.468, 1.468, 1.468, 1.468, 1.468, 1.468, 1.469, 1.469, 1.47, 1.47, 1.469, 1.468, 1.468, 1.468, 1.466, 1.466, 1.464, 1.464, 1.462, 1.462, 1.462, 1.462, 1.462, 1.462, 1.462, 1.462, 1.462, 1.462, 1.462, 1.462, 1.462, 1.462, 1.462, 1.462, 1.464, 1.464, 1.464, 1.466, 1.466, 1.466, 1.466, 1.468, 1.466, 1.466, 1.468, 0, 
1.531, 1.528, 1.528, 1.527, 1.526, 1.526, 1.526, 1.526, 1.527, 1.528, 1.528, 1.528, 1.531, 1.531, 1.528, 1.528, 1.528, 1.528, 1.528, 1.528, 1.528, 1.528, 1.528, 1.528, 1.528, 1.528, 1.528, 1.528, 1.528, 1.527, 1.526, 1.526, 1.526, 1.526, 1.526, 1.526, 1.526, 1.526, 1.525, 1.525, 1.524, 1.524, 1.523, 1.523, 1.522, 1.522, 1.523, 1.523, 1.524, 1.525, 1.525, 1.526, 1.525, 1.524, 1.524, 1.524, 1.523, 1.522, 1.522, 1.523, 1.523, 1.524, 1.524, 1.525, 1.525, 1.526, 1.526, 1.526, 1.526, 1.525, 1.525, 1.525, 1.525, 1.525, 1.525, 1.526, 1.525, 1.524, 1.524, 1.523, 1.522, 1.52, 1.519, 1.518, 1.517, 1.516, 1.516, 1.516, 1.513, 1.513, 1.513, 1.513, 1.516, 1.516, 1.516, 1.516, 1.516, 1.516, 1.517, 1.517, 1.517, 1.518, 1.517, 1.517, 1.516, 1.516, 1.516, 1.513, 1.513, 1.513, 1.513, 1.513, 1.513, 1.513, 1.513, 1.513, 1.513, 1.513, 1.516, 1.516, 1.516, 1.517, 1.518, 1.518, 1.518, 1.518, 1.517, 1.517, 1.516, 1.513, 1.513, 1.513, 1.513, 1.513, 1.513, 1.513, 1.516, 1.516, 1.517, 1.517, 1.516, 1.516, 1.516, 1.512, 1.511, 1.511, 1.51, 1.509, 1.509, 1.509, 1.509, 1.51, 1.511, 1.512, 1.512, 1.513, 1.512, 1.511, 1.511, 1.51, 1.509, 1.509, 1.509, 1.509, 1.51, 1.51, 1.511, 1.511, 1.511, 1.51, 1.509, 1.509, 1.509, 1.509, 1.509, 1.509, 1.509, 1.509, 1.509, 1.51, 1.51, 1.511, 1.512, 1.512, 1.513, 1.512, 1.511, 1.51, 1.509, 1.508, 1.507, 1.505, 1.504, 1.503, 1.502, 1.502, 1.502, 1.502, 1.502, 1.503, 1.503, 1.504, 1.505, 1.505, 1.504, 1.503, 1.503, 1.502, 1.501, 1.501, 1.5, 1.499, 1.499, 1.499, 1.499, 1.499, 1.499, 1.5, 1.5, 1.499, 1.499, 1.499, 1.499, 1.499, 1.5, 1.501, 1.501, 1.501, 1.501, 1.501, 1.501, 1.501, 1.501, 1.5, 1.5, 1.496, 1.496, 1.495, 1.495, 1.494, 1.495, 1.495, 1.495, 1.496, 1.496, 1.496, 1.495, 1.495, 1.495, 1.495, 1.495, 1.496, 1.496, 1.499, 1.499, 1.5, 1.501, 1.502, 1.503, 1.503, 1.506, 1.506, 1.506, 1.506, 1.505, 1.505, 1.504, 1.503, 1.502, 1.501, 1.501, 1.5, 1.495, 1.494, 1.493, 1.492, 1.49, 1.49, 1.489, 1.488, 1.488, 1.488, 1.489, 1.49, 1.491, 1.492, 1.492, 1.494, 1.494, 1.495, 1.495, 1.495, 1.495, 1.495, 1.495, 1.494, 1.493, 1.492, 1.492, 1.491, 1.49, 1.489, 1.488, 1.488, 1.488, 1.488, 1.488, 1.488, 1.488, 1.488, 1.488, 1.488, 1.488, 1.488, 1.488, 1.488, 1.488, 1.488, 1.488, 1.488, 1.488, 1.488, 1.488, 1.488, 1.489, 1.489, 1.49, 1.49, 1.49, 1.49, 1.489, 1.488, 1.488, 1.487, 1.486, 1.486, 1.485, 1.484, 1.483, 1.483, 1.482, 1.481, 1.48, 1.479, 1.479, 1.478, 1.477, 1.476, 1.476, 1.476, 1.476, 1.476, 1.476, 1.476, 1.476, 1.476, 1.476, 1.475, 1.474, 1.474, 1.473, 1.472, 1.472, 1.472, 1.472, 1.472, 1.472, 1.472, 1.472, 1.472, 1.472, 1.472, 1.473, 1.473, 1.473, 1.473, 1.473, 1.473, 1.473, 1.472, 1.472, 1.472, 1.472, 1.472, 1.472, 1.472, 1.472, 1.472, 1.473, 1.474, 1.474, 1.475, 1.476, 1.476, 1.476, 1.476, 1.475, 1.474, 1.474, 1.473, 1.473, 1.472, 1.472, 1.472, 1.472, 1.472, 1.472, 1.472, 1.471, 1.471, 1.47, 1.47, 1.47, 1.47, 1.471, 1.471, 1.472, 1.472, 1.472, 1.472, 1.471, 1.471, 1.47, 1.468, 1.468, 1.468, 1.466, 1.466, 1.466, 1.466, 1.468, 1.468, 1.468, 1.468, 1.469, 1.47, 1.47, 1.47, 1.47, 1.47, 1.47, 1.47, 1.47, 1.47, 1.469, 1.468, 1.468, 1.468, 1.466, 1.466, 1.464, 1.464, 1.462, 1.462, 1.462, 1.462, 1.462, 1.462, 1.462, 1.462, 1.462, 1.462, 1.462, 1.462, 1.462, 1.462, 1.462, 1.462, 1.462, 1.462, 1.464, 1.464, 1.466, 1.466, 1.466, 1.466, 1.466, 1.466, 1.466, 0, 
1.531, 1.528, 1.528, 1.527, 1.526, 1.526, 1.526, 1.526, 1.527, 1.528, 1.528, 1.528, 1.531, 1.531, 1.531, 1.531, 1.531, 1.528, 1.528, 1.528, 1.528, 1.528, 1.528, 1.528, 1.528, 1.528, 1.528, 1.528, 1.527, 1.527, 1.526, 1.526, 1.526, 1.526, 1.526, 1.526, 1.526, 1.526, 1.526, 1.525, 1.524, 1.523, 1.523, 1.522, 1.522, 1.522, 1.522, 1.523, 1.524, 1.524, 1.525, 1.525, 1.525, 1.524, 1.524, 1.524, 1.523, 1.522, 1.522, 1.522, 1.523, 1.523, 1.524, 1.524, 1.525, 1.525, 1.526, 1.526, 1.526, 1.526, 1.526, 1.526, 1.526, 1.526, 1.526, 1.526, 1.525, 1.524, 1.523, 1.522, 1.521, 1.52, 1.519, 1.518, 1.517, 1.516, 1.516, 1.513, 1.513, 1.513, 1.513, 1.513, 1.513, 1.513, 1.516, 1.516, 1.516, 1.517, 1.517, 1.518, 1.518, 1.518, 1.518, 1.518, 1.517, 1.516, 1.516, 1.516, 1.513, 1.513, 1.513, 1.513, 1.513, 1.513, 1.513, 1.516, 1.516, 1.516, 1.516, 1.516, 1.517, 1.517, 1.518, 1.518, 1.518, 1.518, 1.518, 1.517, 1.517, 1.516, 1.513, 1.513, 1.513, 1.513, 1.513, 1.513, 1.516, 1.516, 1.517, 1.517, 1.516, 1.516, 1.516, 1.512, 1.511, 1.511, 1.51, 1.509, 1.509, 1.509, 1.509, 1.51, 1.511, 1.512, 1.513, 1.513, 1.512, 1.512, 1.511, 1.51, 1.509, 1.509, 1.509, 1.509, 1.51, 1.511, 1.511, 1.511, 1.51, 1.51, 1.509, 1.509, 1.509, 1.509, 1.509, 1.509, 1.509, 1.509, 1.509, 1.509, 1.51, 1.51, 1.511, 1.512, 1.512, 1.512, 1.511, 1.51, 1.509, 1.507, 1.506, 1.505, 1.503, 1.503, 1.502, 1.501, 1.501, 1.501, 1.502, 1.503, 1.503, 1.504, 1.504, 1.505, 1.504, 1.504, 1.503, 1.502, 1.501, 1.501, 1.5, 1.5, 1.499, 1.499, 1.499, 1.499, 1.499, 1.5, 1.5, 1.5, 1.5, 1.5, 1.5, 1.5, 1.5, 1.501, 1.501, 1.501, 1.501, 1.501, 1.501, 1.501, 1.5, 1.5, 1.499, 1.496, 1.495, 1.495, 1.494, 1.494, 1.495, 1.495, 1.496, 1.496, 1.496, 1.496, 1.496, 1.496, 1.496, 1.496, 1.496, 1.496, 1.496, 1.496, 1.499, 1.5, 1.501, 1.501, 1.502, 1.503, 1.504, 1.505, 1.505, 1.505, 1.504, 1.504, 1.503, 1.502, 1.501, 1.501, 1.5, 1.496, 1.495, 1.494, 1.492, 1.491, 1.49, 1.489, 1.488, 1.488, 1.488, 1.488, 1.489, 1.49, 1.491, 1.492, 1.492, 1.493, 1.494, 1.494, 1.494, 1.494, 1.494, 1.494, 1.494, 1.493, 1.492, 1.492, 1.491, 1.49, 1.489, 1.489, 1.488, 1.488, 1.488, 1.488, 1.488, 1.488, 1.488, 1.487, 1.487, 1.487, 1.487, 1.487, 1.487, 1.487, 1.487, 1.488, 1.488, 1.488, 1.488, 1.488, 1.488, 1.489, 1.49, 1.49, 1.49, 1.491, 1.491, 1.49, 1.49, 1.488, 1.488, 1.487, 1.486, 1.485, 1.484, 1.483, 1.483, 1.482, 1.481, 1.48, 1.48, 1.479, 1.478, 1.478, 1.477, 1.476, 1.476, 1.476, 1.476, 1.476, 1.476, 1.476, 1.476, 1.476, 1.476, 1.475, 1.474, 1.474, 1.473, 1.472, 1.472, 1.472, 1.472, 1.472, 1.472, 1.472, 1.472, 1.472, 1.472, 1.472, 1.472, 1.472, 1.472, 1.472, 1.472, 1.472, 1.472, 1.472, 1.471, 1.471, 1.471, 1.471, 1.471, 1.472, 1.472, 1.472, 1.473, 1.474, 1.474, 1.475, 1.476, 1.476, 1.476, 1.476, 1.475, 1.474, 1.474, 1.473, 1.472, 1.472, 1.472, 1.472, 1.472, 1.472, 1.472, 1.472, 1.472, 1.471, 1.471, 1.47, 1.47, 1.47, 1.471, 1.472, 1.472, 1.472, 1.472, 1.472, 1.471, 1.471, 1.47, 1.468, 1.468, 1.466, 1.466, 1.466, 1.466, 1.466, 1.468, 1.468, 1.468, 1.468, 1.469, 1.47, 1.47, 1.47, 1.47, 1.47, 1.47, 1.47, 1.47, 1.47, 1.469, 1.468, 1.468, 1.468, 1.466, 1.466, 1.464, 1.464, 1.462, 1.462, 1.462, 1.462, 1.462, 1.462, 1.462, 1.462, 1.462, 1.462, 1.462, 1.462, 1.462, 1.462, 1.462, 1.462, 1.462, 1.462, 1.462, 1.464, 1.464, 1.466, 1.466, 1.466, 1.466, 1.466, 1.466, 0, 
1.531, 1.528, 1.528, 1.527, 1.526, 1.526, 1.526, 1.526, 1.527, 1.527, 1.528, 1.531, 1.531, 1.531, 1.531, 1.531, 1.531, 1.531, 1.531, 1.531, 1.531, 1.531, 1.531, 1.531, 1.531, 1.531, 1.528, 1.528, 1.527, 1.526, 1.526, 1.526, 1.526, 1.526, 1.526, 1.526, 1.526, 1.526, 1.526, 1.525, 1.524, 1.523, 1.522, 1.522, 1.522, 1.522, 1.522, 1.523, 1.524, 1.524, 1.525, 1.525, 1.525, 1.524, 1.524, 1.523, 1.522, 1.522, 1.522, 1.522, 1.522, 1.523, 1.523, 1.524, 1.524, 1.525, 1.525, 1.525, 1.525, 1.525, 1.525, 1.525, 1.525, 1.525, 1.525, 1.525, 1.524, 1.524, 1.523, 1.522, 1.52, 1.52, 1.518, 1.517, 1.516, 1.516, 1.513, 1.513, 1.513, 1.513, 1.513, 1.513, 1.513, 1.513, 1.516, 1.516, 1.516, 1.517, 1.518, 1.518, 1.519, 1.519, 1.519, 1.518, 1.518, 1.517, 1.516, 1.516, 1.516, 1.516, 1.516, 1.516, 1.516, 1.516, 1.516, 1.516, 1.516, 1.516, 1.516, 1.516, 1.517, 1.518, 1.518, 1.519, 1.519, 1.519, 1.519, 1.518, 1.517, 1.516, 1.516, 1.513, 1.513, 1.513, 1.513, 1.513, 1.516, 1.516, 1.517, 1.517, 1.517, 1.516, 1.516, 1.512, 1.511, 1.511, 1.51, 1.509, 1.509, 1.509, 1.51, 1.51, 1.511, 1.512, 1.513, 1.513, 1.513, 1.512, 1.511, 1.51, 1.51, 1.51, 1.51, 1.51, 1.51, 1.511, 1.511, 1.511, 1.51, 1.509, 1.509, 1.509, 1.509, 1.509, 1.509, 1.509, 1.509, 1.509, 1.509, 1.509, 1.509, 1.51, 1.51, 1.511, 1.511, 1.511, 1.51, 1.509, 1.508, 1.507, 1.505, 1.504, 1.503, 1.502, 1.501, 1.501, 1.501, 1.501, 1.502, 1.502, 1.503, 1.503, 1.504, 1.505, 1.505, 1.504, 1.503, 1.503, 1.502, 1.501, 1.501, 1.5, 1.5, 1.499, 1.499, 1.5, 1.5, 1.5, 1.5, 1.5, 1.5, 1.5, 1.5, 1.5, 1.501, 1.501, 1.501, 1.501, 1.501, 1.501, 1.501, 1.501, 1.5, 1.499, 1.496, 1.496, 1.495, 1.494, 1.494, 1.494, 1.495, 1.496, 1.496, 1.496, 1.496, 1.496, 1.496, 1.496, 1.496, 1.496, 1.496, 1.496, 1.496, 1.496, 1.499, 1.499, 1.5, 1.501, 1.501, 1.502, 1.503, 1.504, 1.504, 1.503, 1.503, 1.503, 1.502, 1.501, 1.501, 1.5, 1.499, 1.495, 1.495, 1.494, 1.492, 1.491, 1.489, 1.489, 1.488, 1.488, 1.488, 1.488, 1.489, 1.49, 1.491, 1.492, 1.492, 1.493, 1.494, 1.494, 1.494, 1.494, 1.493, 1.493, 1.492, 1.492, 1.491, 1.491, 1.49, 1.489, 1.489, 1.488, 1.488, 1.488, 1.488, 1.488, 1.488, 1.488, 1.488, 1.487, 1.486, 1.486, 1.486, 1.486, 1.486, 1.486, 1.487, 1.487, 1.488, 1.488, 1.488, 1.488, 1.489, 1.489, 1.49, 1.49, 1.491, 1.491, 1.491, 1.49, 1.49, 1.488, 1.488, 1.487, 1.486, 1.485, 1.484, 1.483, 1.482, 1.482, 1.481, 1.48, 1.48, 1.479, 1.478, 1.478, 1.477, 1.476, 1.476, 1.476, 1.476, 1.476, 1.476, 1.476, 1.476, 1.476, 1.476, 1.475, 1.474, 1.474, 1.473, 1.472, 1.472, 1.472, 1.471, 1.471, 1.471, 1.471, 1.471, 1.472, 1.472, 1.472, 1.472, 1.472, 1.472, 1.472, 1.472, 1.472, 1.471, 1.471, 1.471, 1.47, 1.47, 1.47, 1.471, 1.471, 1.472, 1.472, 1.473, 1.474, 1.475, 1.476, 1.476, 1.476, 1.476, 1.476, 1.475, 1.474, 1.474, 1.473, 1.472, 1.472, 1.472, 1.472, 1.472, 1.472, 1.472, 1.472, 1.472, 1.472, 1.471, 1.471, 1.471, 1.471, 1.471, 1.472, 1.472, 1.472, 1.472, 1.471, 1.471, 1.471, 1.468, 1.468, 1.468, 1.466, 1.466, 1.466, 1.466, 1.466, 1.468, 1.468, 1.468, 1.468, 1.469, 1.47, 1.47, 1.47, 1.47, 1.47, 1.47, 1.47, 1.47, 1.469, 1.469, 1.468, 1.468, 1.466, 1.466, 1.466, 1.464, 1.464, 1.462, 1.462, 1.462, 1.462, 1.462, 1.462, 1.462, 1.462, 1.462, 1.46, 1.46, 1.46, 1.46, 1.46, 1.46, 1.462, 1.462, 1.462, 1.462, 1.462, 1.464, 1.464, 1.464, 1.464, 1.464, 1.464, 1.464, 0, 
1.531, 1.528, 1.528, 1.527, 1.526, 1.526, 1.526, 1.526, 1.527, 1.527, 1.528, 1.531, 1.531, 1.531, 1.531, 1.531, 1.531, 1.531, 1.531, 1.531, 1.531, 1.531, 1.531, 1.531, 1.531, 1.531, 1.528, 1.528, 1.527, 1.526, 1.526, 1.526, 1.526, 1.526, 1.526, 1.526, 1.526, 1.526, 1.526, 1.525, 1.524, 1.523, 1.522, 1.522, 1.522, 1.522, 1.522, 1.523, 1.523, 1.524, 1.524, 1.524, 1.524, 1.524, 1.524, 1.523, 1.522, 1.522, 1.521, 1.521, 1.522, 1.522, 1.523, 1.524, 1.524, 1.524, 1.524, 1.524, 1.524, 1.524, 1.524, 1.524, 1.524, 1.524, 1.524, 1.524, 1.524, 1.523, 1.522, 1.521, 1.52, 1.519, 1.518, 1.517, 1.516, 1.513, 1.513, 1.513, 1.513, 1.513, 1.513, 1.513, 1.513, 1.513, 1.516, 1.516, 1.517, 1.517, 1.518, 1.519, 1.519, 1.52, 1.52, 1.519, 1.518, 1.518, 1.517, 1.516, 1.516, 1.516, 1.516, 1.516, 1.516, 1.516, 1.516, 1.516, 1.516, 1.516, 1.516, 1.516, 1.517, 1.518, 1.518, 1.519, 1.52, 1.52, 1.519, 1.518, 1.518, 1.517, 1.516, 1.513, 1.513, 1.513, 1.513, 1.516, 1.516, 1.517, 1.517, 1.517, 1.517, 1.516, 1.516, 1.512, 1.511, 1.511, 1.51, 1.509, 1.509, 1.509, 1.51, 1.511, 1.512, 1.513, 1.513, 1.513, 1.513, 1.512, 1.511, 1.511, 1.511, 1.511, 1.511, 1.511, 1.511, 1.511, 1.511, 1.51, 1.51, 1.509, 1.509, 1.509, 1.509, 1.508, 1.508, 1.508, 1.509, 1.509, 1.509, 1.509, 1.509, 1.509, 1.51, 1.51, 1.51, 1.51, 1.509, 1.508, 1.508, 1.507, 1.505, 1.504, 1.503, 1.502, 1.501, 1.501, 1.501, 1.501, 1.501, 1.502, 1.503, 1.503, 1.504, 1.504, 1.504, 1.504, 1.503, 1.503, 1.502, 1.501, 1.501, 1.501, 1.5, 1.5, 1.5, 1.5, 1.501, 1.501, 1.501, 1.501, 1.501, 1.501, 1.501, 1.501, 1.501, 1.501, 1.501, 1.501, 1.501, 1.501, 1.501, 1.5, 1.5, 1.499, 1.496, 1.496, 1.495, 1.494, 1.494, 1.495, 1.495, 1.496, 1.496, 1.496, 1.496, 1.496, 1.496, 1.496, 1.496, 1.496, 1.496, 1.496, 1.496, 1.496, 1.496, 1.499, 1.499, 1.5, 1.501, 1.501, 1.502, 1.502, 1.502, 1.502, 1.501, 1.501, 1.501, 1.5, 1.5, 1.499, 1.496, 1.495, 1.494, 1.493, 1.492, 1.49, 1.489, 1.488, 1.488, 1.488, 1.488, 1.488, 1.489, 1.49, 1.491, 1.492, 1.492, 1.493, 1.493, 1.493, 1.493, 1.492, 1.492, 1.492, 1.492, 1.491, 1.49, 1.49, 1.489, 1.488, 1.488, 1.488, 1.488, 1.488, 1.488, 1.488, 1.488, 1.488, 1.487, 1.486, 1.486, 1.486, 1.486, 1.486, 1.486, 1.486, 1.486, 1.486, 1.487, 1.488, 1.488, 1.488, 1.489, 1.49, 1.49, 1.491, 1.491, 1.492, 1.491, 1.49, 1.489, 1.488, 1.488, 1.487, 1.486, 1.484, 1.483, 1.482, 1.482, 1.481, 1.48, 1.48, 1.48, 1.479, 1.478, 1.478, 1.477, 1.476, 1.476, 1.476, 1.477, 1.477, 1.477, 1.477, 1.476, 1.476, 1.476, 1.475, 1.474, 1.474, 1.472, 1.472, 1.471, 1.471, 1.471, 1.471, 1.471, 1.471, 1.471, 1.471, 1.471, 1.471, 1.472, 1.472, 1.472, 1.472, 1.471, 1.471, 1.471, 1.471, 1.47, 1.47, 1.47, 1.47, 1.47, 1.471, 1.472, 1.472, 1.473, 1.474, 1.475, 1.476, 1.476, 1.476, 1.476, 1.476, 1.476, 1.474, 1.474, 1.473, 1.472, 1.472, 1.472, 1.472, 1.472, 1.472, 1.472, 1.472, 1.472, 1.472, 1.472, 1.472, 1.472, 1.472, 1.472, 1.472, 1.472, 1.472, 1.471, 1.471, 1.47, 1.47, 1.468, 1.468, 1.466, 1.466, 1.466, 1.466, 1.466, 1.466, 1.468, 1.468, 1.468, 1.468, 1.469, 1.47, 1.47, 1.47, 1.47, 1.469, 1.469, 1.469, 1.469, 1.469, 1.468, 1.468, 1.468, 1.466, 1.466, 1.466, 1.464, 1.464, 1.462, 1.462, 1.462, 1.462, 1.462, 1.462, 1.462, 1.462, 1.46, 1.46, 1.46, 1.46, 1.46, 1.46, 1.46, 1.46, 1.462, 1.462, 1.462, 1.462, 1.462, 1.464, 1.464, 1.464, 1.464, 1.464, 1.464, 0, 
1.531, 1.531, 1.528, 1.527, 1.527, 1.526, 1.526, 1.526, 1.527, 1.527, 1.528, 1.531, 1.531, 1.531, 1.531, 1.531, 1.531, 1.531, 1.531, 1.531, 1.531, 1.531, 1.531, 1.531, 1.531, 1.531, 1.528, 1.527, 1.527, 1.526, 1.526, 1.526, 1.526, 1.526, 1.526, 1.526, 1.526, 1.526, 1.526, 1.525, 1.524, 1.523, 1.522, 1.522, 1.522, 1.522, 1.522, 1.522, 1.523, 1.524, 1.524, 1.524, 1.524, 1.524, 1.524, 1.523, 1.522, 1.521, 1.52, 1.52, 1.521, 1.521, 1.522, 1.523, 1.524, 1.524, 1.524, 1.524, 1.524, 1.524, 1.524, 1.524, 1.524, 1.524, 1.524, 1.523, 1.522, 1.522, 1.521, 1.52, 1.519, 1.518, 1.517, 1.516, 1.516, 1.513, 1.513, 1.513, 1.513, 1.513, 1.513, 1.513, 1.513, 1.513, 1.516, 1.516, 1.517, 1.518, 1.519, 1.52, 1.52, 1.52, 1.52, 1.52, 1.519, 1.518, 1.517, 1.517, 1.516, 1.516, 1.516, 1.516, 1.516, 1.516, 1.516, 1.516, 1.516, 1.516, 1.516, 1.516, 1.517, 1.518, 1.518, 1.519, 1.52, 1.52, 1.519, 1.519, 1.518, 1.517, 1.516, 1.516, 1.516, 1.516, 1.516, 1.516, 1.516, 1.517, 1.518, 1.518, 1.517, 1.516, 1.516, 1.513, 1.512, 1.511, 1.51, 1.509, 1.509, 1.51, 1.51, 1.511, 1.512, 1.513, 1.513, 1.513, 1.513, 1.512, 1.511, 1.511, 1.511, 1.511, 1.511, 1.511, 1.511, 1.511, 1.51, 1.51, 1.509, 1.509, 1.509, 1.508, 1.508, 1.507, 1.507, 1.507, 1.508, 1.508, 1.509, 1.509, 1.509, 1.509, 1.509, 1.509, 1.509, 1.509, 1.508, 1.508, 1.507, 1.506, 1.505, 1.503, 1.502, 1.502, 1.501, 1.501, 1.501, 1.501, 1.501, 1.502, 1.502, 1.503, 1.503, 1.504, 1.504, 1.504, 1.503, 1.503, 1.502, 1.501, 1.501, 1.501, 1.501, 1.501, 1.501, 1.501, 1.501, 1.501, 1.501, 1.501, 1.501, 1.501, 1.501, 1.501, 1.501, 1.501, 1.501, 1.501, 1.501, 1.5, 1.5, 1.5, 1.499, 1.499, 1.496, 1.496, 1.495, 1.495, 1.494, 1.495, 1.495, 1.496, 1.496, 1.496, 1.496, 1.496, 1.496, 1.496, 1.496, 1.496, 1.496, 1.496, 1.496, 1.496, 1.496, 1.496, 1.499, 1.499, 1.5, 1.5, 1.501, 1.501, 1.501, 1.5, 1.5, 1.5, 1.5, 1.496, 1.495, 1.495, 1.495, 1.494, 1.494, 1.493, 1.491, 1.49, 1.489, 1.488, 1.488, 1.488, 1.488, 1.489, 1.489, 1.49, 1.491, 1.492, 1.492, 1.492, 1.492, 1.492, 1.492, 1.492, 1.491, 1.491, 1.49, 1.49, 1.489, 1.489, 1.488, 1.488, 1.488, 1.487, 1.488, 1.488, 1.488, 1.488, 1.487, 1.487, 1.487, 1.486, 1.486, 1.485, 1.485, 1.485, 1.485, 1.486, 1.486, 1.486, 1.487, 1.487, 1.488, 1.488, 1.489, 1.49, 1.49, 1.491, 1.492, 1.492, 1.491, 1.49, 1.489, 1.488, 1.487, 1.486, 1.485, 1.484, 1.483, 1.482, 1.481, 1.481, 1.48, 1.48, 1.48, 1.479, 1.478, 1.478, 1.477, 1.477, 1.476, 1.477, 1.477, 1.478, 1.478, 1.477, 1.477, 1.477, 1.476, 1.475, 1.474, 1.474, 1.472, 1.472, 1.471, 1.47, 1.47, 1.47, 1.47, 1.47, 1.47, 1.47, 1.47, 1.471, 1.471, 1.471, 1.471, 1.471, 1.471, 1.47, 1.47, 1.468, 1.468, 1.468, 1.468, 1.468, 1.47, 1.471, 1.472, 1.472, 1.473, 1.474, 1.476, 1.476, 1.477, 1.477, 1.477, 1.476, 1.476, 1.475, 1.474, 1.473, 1.472, 1.472, 1.472, 1.472, 1.472, 1.472, 1.472, 1.472, 1.472, 1.472, 1.472, 1.472, 1.472, 1.472, 1.472, 1.472, 1.472, 1.472, 1.471, 1.47, 1.47, 1.468, 1.468, 1.466, 1.466, 1.466, 1.466, 1.466, 1.466, 1.466, 1.468, 1.468, 1.468, 1.468, 1.468, 1.469, 1.469, 1.469, 1.469, 1.469, 1.468, 1.468, 1.468, 1.468, 1.468, 1.468, 1.468, 1.466, 1.466, 1.466, 1.466, 1.464, 1.464, 1.462, 1.462, 1.462, 1.462, 1.462, 1.462, 1.46, 1.46, 1.46, 1.46, 1.458, 1.458, 1.46, 1.46, 1.46, 1.46, 1.46, 1.462, 1.462, 1.462, 1.462, 1.462, 1.462, 1.462, 1.462, 1.462, 0, 
1.531, 1.531, 1.528, 1.527, 1.527, 1.526, 1.526, 1.526, 1.527, 1.527, 1.528, 1.531, 1.531, 1.531, 1.531, 1.531, 1.531, 1.531, 1.531, 1.532, 1.532, 1.532, 1.532, 1.531, 1.531, 1.531, 1.528, 1.527, 1.527, 1.526, 1.526, 1.526, 1.526, 1.526, 1.526, 1.526, 1.526, 1.526, 1.526, 1.525, 1.524, 1.524, 1.523, 1.522, 1.522, 1.522, 1.522, 1.522, 1.523, 1.524, 1.524, 1.524, 1.524, 1.524, 1.524, 1.523, 1.522, 1.521, 1.52, 1.52, 1.52, 1.521, 1.522, 1.522, 1.523, 1.524, 1.524, 1.524, 1.524, 1.524, 1.524, 1.524, 1.523, 1.523, 1.522, 1.522, 1.522, 1.521, 1.52, 1.519, 1.518, 1.517, 1.516, 1.516, 1.513, 1.513, 1.513, 1.513, 1.513, 1.513, 1.513, 1.513, 1.513, 1.516, 1.516, 1.517, 1.518, 1.518, 1.519, 1.52, 1.52, 1.52, 1.52, 1.52, 1.519, 1.518, 1.518, 1.517, 1.516, 1.516, 1.516, 1.516, 1.516, 1.516, 1.516, 1.516, 1.516, 1.516, 1.516, 1.517, 1.517, 1.518, 1.519, 1.519, 1.52, 1.52, 1.52, 1.519, 1.518, 1.518, 1.517, 1.517, 1.516, 1.516, 1.516, 1.516, 1.516, 1.517, 1.518, 1.518, 1.517, 1.516, 1.516, 1.513, 1.512, 1.511, 1.511, 1.51, 1.51, 1.51, 1.511, 1.512, 1.512, 1.513, 1.513, 1.513, 1.513, 1.512, 1.511, 1.511, 1.511, 1.511, 1.511, 1.511, 1.511, 1.51, 1.51, 1.509, 1.509, 1.509, 1.508, 1.508, 1.507, 1.507, 1.507, 1.507, 1.507, 1.508, 1.508, 1.509, 1.509, 1.509, 1.509, 1.509, 1.509, 1.508, 1.508, 1.507, 1.506, 1.505, 1.505, 1.503, 1.502, 1.501, 1.501, 1.501, 1.501, 1.501, 1.501, 1.501, 1.502, 1.503, 1.503, 1.503, 1.503, 1.503, 1.503, 1.503, 1.502, 1.502, 1.501, 1.501, 1.501, 1.501, 1.501, 1.501, 1.501, 1.501, 1.501, 1.501, 1.501, 1.501, 1.501, 1.5, 1.5, 1.5, 1.5, 1.5, 1.5, 1.5, 1.5, 1.499, 1.499, 1.496, 1.496, 1.495, 1.495, 1.495, 1.494, 1.494, 1.495, 1.496, 1.496, 1.496, 1.496, 1.496, 1.496, 1.496, 1.496, 1.496, 1.496, 1.496, 1.496, 1.496, 1.496, 1.496, 1.496, 1.499, 1.499, 1.5, 1.5, 1.5, 1.5, 1.496, 1.495, 1.495, 1.495, 1.495, 1.495, 1.494, 1.494, 1.494, 1.493, 1.492, 1.491, 1.49, 1.489, 1.488, 1.488, 1.488, 1.488, 1.489, 1.49, 1.49, 1.491, 1.492, 1.492, 1.492, 1.492, 1.492, 1.491, 1.491, 1.49, 1.49, 1.49, 1.489, 1.488, 1.488, 1.487, 1.486, 1.486, 1.486, 1.487, 1.487, 1.487, 1.487, 1.487, 1.486, 1.486, 1.486, 1.486, 1.485, 1.484, 1.484, 1.485, 1.485, 1.485, 1.486, 1.486, 1.487, 1.487, 1.488, 1.489, 1.49, 1.491, 1.491, 1.491, 1.491, 1.49, 1.489, 1.488, 1.488, 1.487, 1.486, 1.484, 1.483, 1.482, 1.482, 1.481, 1.48, 1.48, 1.48, 1.479, 1.479, 1.478, 1.478, 1.477, 1.477, 1.477, 1.477, 1.478, 1.478, 1.478, 1.478, 1.478, 1.477, 1.476, 1.476, 1.474, 1.474, 1.472, 1.472, 1.471, 1.47, 1.47, 1.47, 1.47, 1.47, 1.47, 1.47, 1.47, 1.47, 1.47, 1.47, 1.47, 1.47, 1.47, 1.47, 1.468, 1.468, 1.468, 1.468, 1.468, 1.468, 1.47, 1.471, 1.472, 1.472, 1.474, 1.474, 1.476, 1.477, 1.478, 1.478, 1.477, 1.477, 1.476, 1.475, 1.474, 1.473, 1.472, 1.472, 1.472, 1.472, 1.472, 1.472, 1.472, 1.472, 1.472, 1.472, 1.472, 1.472, 1.472, 1.472, 1.472, 1.472, 1.472, 1.471, 1.471, 1.47, 1.468, 1.468, 1.468, 1.466, 1.466, 1.466, 1.464, 1.464, 1.464, 1.466, 1.466, 1.468, 1.468, 1.468, 1.468, 1.468, 1.468, 1.468, 1.468, 1.468, 1.468, 1.468, 1.468, 1.468, 1.468, 1.468, 1.468, 1.466, 1.466, 1.466, 1.466, 1.464, 1.464, 1.464, 1.464, 1.462, 1.462, 1.462, 1.462, 1.46, 1.46, 1.46, 1.458, 1.458, 1.458, 1.458, 1.458, 1.46, 1.46, 1.46, 1.46, 1.46, 1.462, 1.462, 1.462, 1.462, 1.462, 1.462, 1.462, 0, 
1.532, 1.532, 1.528, 1.528, 1.527, 1.526, 1.526, 1.526, 1.527, 1.527, 1.528, 1.531, 1.531, 1.531, 1.531, 1.531, 1.532, 1.532, 1.532, 1.532, 1.533, 1.533, 1.533, 1.532, 1.531, 1.531, 1.528, 1.527, 1.527, 1.526, 1.526, 1.526, 1.526, 1.526, 1.526, 1.526, 1.526, 1.526, 1.526, 1.525, 1.524, 1.524, 1.523, 1.522, 1.522, 1.522, 1.522, 1.522, 1.523, 1.523, 1.524, 1.524, 1.524, 1.524, 1.523, 1.522, 1.522, 1.521, 1.52, 1.52, 1.52, 1.52, 1.521, 1.522, 1.522, 1.523, 1.524, 1.524, 1.524, 1.523, 1.523, 1.523, 1.522, 1.522, 1.522, 1.521, 1.521, 1.52, 1.52, 1.519, 1.518, 1.517, 1.516, 1.516, 1.513, 1.513, 1.513, 1.513, 1.513, 1.513, 1.513, 1.513, 1.516, 1.516, 1.517, 1.517, 1.518, 1.519, 1.52, 1.52, 1.52, 1.52, 1.52, 1.52, 1.52, 1.519, 1.518, 1.518, 1.517, 1.517, 1.517, 1.517, 1.517, 1.517, 1.517, 1.517, 1.517, 1.517, 1.517, 1.517, 1.518, 1.518, 1.519, 1.52, 1.52, 1.52, 1.52, 1.52, 1.519, 1.518, 1.518, 1.517, 1.517, 1.516, 1.516, 1.516, 1.517, 1.517, 1.518, 1.518, 1.517, 1.516, 1.516, 1.513, 1.512, 1.512, 1.511, 1.511, 1.511, 1.511, 1.511, 1.512, 1.513, 1.513, 1.513, 1.513, 1.513, 1.512, 1.511, 1.511, 1.511, 1.511, 1.51, 1.51, 1.51, 1.51, 1.509, 1.509, 1.508, 1.508, 1.507, 1.507, 1.507, 1.507, 1.507, 1.507, 1.507, 1.507, 1.508, 1.508, 1.508, 1.508, 1.508, 1.508, 1.508, 1.507, 1.507, 1.506, 1.506, 1.505, 1.504, 1.503, 1.502, 1.501, 1.501, 1.501, 1.501, 1.501, 1.501, 1.501, 1.501, 1.502, 1.502, 1.503, 1.503, 1.503, 1.503, 1.503, 1.503, 1.502, 1.501, 1.501, 1.501, 1.501, 1.501, 1.501, 1.501, 1.501, 1.501, 1.501, 1.501, 1.501, 1.501, 1.5, 1.499, 1.499, 1.499, 1.499, 1.499, 1.499, 1.496, 1.496, 1.496, 1.496, 1.495, 1.495, 1.494, 1.494, 1.494, 1.494, 1.495, 1.496, 1.496, 1.496, 1.496, 1.496, 1.496, 1.496, 1.496, 1.496, 1.495, 1.495, 1.495, 1.496, 1.496, 1.496, 1.496, 1.496, 1.496, 1.496, 1.496, 1.495, 1.495, 1.495, 1.495, 1.494, 1.494, 1.494, 1.494, 1.494, 1.493, 1.493, 1.492, 1.492, 1.491, 1.49, 1.489, 1.488, 1.488, 1.488, 1.489, 1.489, 1.49, 1.491, 1.492, 1.492, 1.492, 1.492, 1.492, 1.491, 1.491, 1.49, 1.49, 1.489, 1.489, 1.488, 1.487, 1.487, 1.486, 1.486, 1.485, 1.485, 1.486, 1.486, 1.486, 1.486, 1.486, 1.486, 1.486, 1.486, 1.485, 1.485, 1.484, 1.484, 1.484, 1.484, 1.484, 1.485, 1.485, 1.486, 1.487, 1.488, 1.489, 1.49, 1.491, 1.491, 1.491, 1.49, 1.489, 1.488, 1.488, 1.487, 1.486, 1.485, 1.483, 1.482, 1.482, 1.481, 1.48, 1.48, 1.48, 1.479, 1.479, 1.478, 1.478, 1.478, 1.477, 1.477, 1.477, 1.477, 1.478, 1.478, 1.478, 1.478, 1.478, 1.477, 1.476, 1.476, 1.474, 1.474, 1.472, 1.472, 1.471, 1.47, 1.47, 1.47, 1.47, 1.47, 1.47, 1.47, 1.47, 1.47, 1.47, 1.47, 1.47, 1.47, 1.47, 1.468, 1.468, 1.468, 1.468, 1.468, 1.468, 1.468, 1.468, 1.471, 1.472, 1.472, 1.474, 1.475, 1.476, 1.477, 1.478, 1.478, 1.478, 1.477, 1.476, 1.475, 1.474, 1.473, 1.472, 1.472, 1.472, 1.472, 1.472, 1.472, 1.472, 1.472, 1.472, 1.472, 1.472, 1.472, 1.472, 1.472, 1.472, 1.472, 1.472, 1.471, 1.47, 1.47, 1.468, 1.468, 1.466, 1.466, 1.466, 1.464, 1.464, 1.464, 1.464, 1.466, 1.466, 1.468, 1.468, 1.468, 1.468, 1.468, 1.468, 1.468, 1.468, 1.468, 1.468, 1.468, 1.468, 1.468, 1.468, 1.468, 1.468, 1.468, 1.466, 1.466, 1.466, 1.466, 1.464, 1.464, 1.464, 1.462, 1.462, 1.462, 1.462, 1.46, 1.46, 1.46, 1.458, 1.458, 1.458, 1.458, 1.458, 1.458, 1.458, 1.46, 1.46, 1.46, 1.46, 1.46, 1.462, 1.462, 1.46, 1.46, 1.462, 0, 
1.533, 1.532, 1.531, 1.528, 1.527, 1.527, 1.527, 1.527, 1.527, 1.527, 1.531, 1.531, 1.531, 1.531, 1.532, 1.532, 1.532, 1.533, 1.533, 1.533, 1.533, 1.533, 1.533, 1.532, 1.531, 1.531, 1.528, 1.527, 1.527, 1.526, 1.526, 1.526, 1.526, 1.526, 1.526, 1.526, 1.526, 1.526, 1.526, 1.525, 1.524, 1.524, 1.523, 1.522, 1.522, 1.522, 1.522, 1.522, 1.522, 1.523, 1.523, 1.523, 1.524, 1.524, 1.523, 1.522, 1.521, 1.52, 1.52, 1.52, 1.52, 1.52, 1.52, 1.521, 1.522, 1.523, 1.523, 1.523, 1.523, 1.522, 1.522, 1.522, 1.522, 1.521, 1.521, 1.521, 1.52, 1.52, 1.519, 1.518, 1.517, 1.516, 1.516, 1.516, 1.513, 1.513, 1.513, 1.513, 1.513, 1.513, 1.513, 1.516, 1.517, 1.517, 1.517, 1.518, 1.519, 1.519, 1.52, 1.52, 1.521, 1.521, 1.521, 1.52, 1.52, 1.519, 1.519, 1.518, 1.518, 1.518, 1.518, 1.518, 1.518, 1.518, 1.518, 1.518, 1.518, 1.517, 1.518, 1.518, 1.518, 1.518, 1.519, 1.52, 1.52, 1.52, 1.52, 1.52, 1.52, 1.519, 1.518, 1.518, 1.517, 1.517, 1.516, 1.516, 1.517, 1.517, 1.518, 1.518, 1.517, 1.516, 1.516, 1.516, 1.513, 1.512, 1.512, 1.511, 1.511, 1.512, 1.512, 1.513, 1.513, 1.513, 1.513, 1.513, 1.512, 1.512, 1.511, 1.511, 1.51, 1.51, 1.509, 1.509, 1.509, 1.509, 1.508, 1.508, 1.508, 1.507, 1.507, 1.506, 1.506, 1.506, 1.506, 1.506, 1.506, 1.507, 1.507, 1.507, 1.507, 1.507, 1.507, 1.507, 1.507, 1.507, 1.506, 1.505, 1.505, 1.504, 1.504, 1.503, 1.502, 1.501, 1.501, 1.501, 1.501, 1.501, 1.501, 1.501, 1.501, 1.501, 1.502, 1.502, 1.503, 1.503, 1.503, 1.503, 1.502, 1.502, 1.501, 1.501, 1.501, 1.501, 1.501, 1.501, 1.501, 1.501, 1.501, 1.501, 1.501, 1.501, 1.5, 1.5, 1.499, 1.499, 1.499, 1.496, 1.496, 1.496, 1.496, 1.496, 1.496, 1.495, 1.495, 1.494, 1.494, 1.494, 1.494, 1.494, 1.495, 1.496, 1.496, 1.496, 1.496, 1.496, 1.496, 1.495, 1.495, 1.495, 1.494, 1.494, 1.495, 1.495, 1.495, 1.495, 1.495, 1.495, 1.495, 1.495, 1.495, 1.495, 1.494, 1.494, 1.494, 1.493, 1.493, 1.493, 1.493, 1.493, 1.492, 1.492, 1.492, 1.492, 1.491, 1.49, 1.489, 1.489, 1.489, 1.489, 1.489, 1.49, 1.49, 1.491, 1.492, 1.492, 1.492, 1.492, 1.491, 1.491, 1.49, 1.489, 1.489, 1.488, 1.488, 1.487, 1.486, 1.485, 1.484, 1.484, 1.484, 1.484, 1.484, 1.485, 1.485, 1.485, 1.486, 1.486, 1.486, 1.486, 1.485, 1.484, 1.484, 1.484, 1.484, 1.484, 1.484, 1.484, 1.485, 1.486, 1.486, 1.488, 1.488, 1.489, 1.49, 1.49, 1.49, 1.489, 1.488, 1.487, 1.487, 1.486, 1.485, 1.484, 1.482, 1.481, 1.481, 1.48, 1.48, 1.479, 1.479, 1.478, 1.478, 1.478, 1.478, 1.478, 1.477, 1.477, 1.477, 1.477, 1.478, 1.478, 1.479, 1.479, 1.478, 1.478, 1.477, 1.476, 1.475, 1.474, 1.473, 1.472, 1.471, 1.471, 1.47, 1.47, 1.47, 1.47, 1.47, 1.47, 1.47, 1.47, 1.47, 1.47, 1.47, 1.47, 1.468, 1.468, 1.468, 1.468, 1.468, 1.468, 1.468, 1.468, 1.468, 1.471, 1.472, 1.472, 1.474, 1.475, 1.476, 1.477, 1.478, 1.478, 1.478, 1.478, 1.477, 1.476, 1.474, 1.473, 1.472, 1.472, 1.472, 1.472, 1.472, 1.472, 1.472, 1.472, 1.472, 1.472, 1.472, 1.472, 1.472, 1.472, 1.472, 1.472, 1.472, 1.471, 1.47, 1.468, 1.468, 1.468, 1.466, 1.466, 1.464, 1.464, 1.464, 1.464, 1.464, 1.466, 1.466, 1.468, 1.468, 1.468, 1.468, 1.468, 1.468, 1.468, 1.468, 1.468, 1.468, 1.468, 1.468, 1.468, 1.468, 1.468, 1.468, 1.468, 1.466, 1.466, 1.466, 1.466, 1.464, 1.464, 1.464, 1.464, 1.462, 1.462, 1.462, 1.462, 1.46, 1.46, 1.458, 1.458, 1.458, 1.458, 1.458, 1.458, 1.458, 1.46, 1.46, 1.46, 1.46, 1.46, 1.46, 1.46, 1.46, 1.46, 1.46, 0, 
1.533, 1.532, 1.532, 1.528, 1.528, 1.528, 1.528, 1.528, 1.528, 1.531, 1.531, 1.531, 1.532, 1.532, 1.533, 1.533, 1.533, 1.533, 1.533, 1.533, 1.534, 1.534, 1.533, 1.533, 1.532, 1.531, 1.528, 1.527, 1.527, 1.526, 1.526, 1.526, 1.526, 1.526, 1.526, 1.526, 1.526, 1.526, 1.525, 1.525, 1.524, 1.524, 1.523, 1.522, 1.522, 1.522, 1.522, 1.522, 1.522, 1.522, 1.522, 1.523, 1.523, 1.523, 1.522, 1.522, 1.521, 1.52, 1.52, 1.52, 1.52, 1.52, 1.52, 1.521, 1.522, 1.522, 1.522, 1.522, 1.522, 1.522, 1.522, 1.521, 1.521, 1.521, 1.52, 1.52, 1.52, 1.52, 1.519, 1.518, 1.517, 1.516, 1.516, 1.516, 1.513, 1.513, 1.513, 1.513, 1.513, 1.516, 1.516, 1.517, 1.517, 1.518, 1.518, 1.519, 1.519, 1.52, 1.52, 1.521, 1.521, 1.522, 1.521, 1.521, 1.52, 1.52, 1.52, 1.519, 1.519, 1.518, 1.518, 1.518, 1.518, 1.518, 1.518, 1.518, 1.518, 1.518, 1.518, 1.518, 1.518, 1.518, 1.519, 1.52, 1.52, 1.52, 1.52, 1.52, 1.52, 1.519, 1.519, 1.518, 1.518, 1.517, 1.516, 1.516, 1.516, 1.517, 1.517, 1.517, 1.517, 1.516, 1.516, 1.516, 1.513, 1.513, 1.513, 1.512, 1.512, 1.513, 1.513, 1.513, 1.513, 1.513, 1.513, 1.512, 1.512, 1.511, 1.51, 1.51, 1.509, 1.509, 1.508, 1.508, 1.507, 1.507, 1.507, 1.507, 1.506, 1.506, 1.506, 1.505, 1.505, 1.505, 1.505, 1.505, 1.505, 1.506, 1.507, 1.507, 1.507, 1.507, 1.507, 1.507, 1.506, 1.506, 1.505, 1.504, 1.504, 1.503, 1.503, 1.503, 1.502, 1.501, 1.501, 1.501, 1.501, 1.501, 1.501, 1.501, 1.501, 1.501, 1.501, 1.502, 1.502, 1.503, 1.502, 1.502, 1.501, 1.501, 1.501, 1.501, 1.501, 1.501, 1.501, 1.501, 1.501, 1.501, 1.501, 1.501, 1.501, 1.501, 1.5, 1.499, 1.499, 1.499, 1.499, 1.496, 1.496, 1.496, 1.496, 1.496, 1.496, 1.495, 1.495, 1.495, 1.494, 1.495, 1.495, 1.495, 1.495, 1.496, 1.496, 1.496, 1.496, 1.495, 1.495, 1.494, 1.494, 1.494, 1.494, 1.494, 1.494, 1.494, 1.494, 1.494, 1.495, 1.495, 1.494, 1.494, 1.494, 1.494, 1.493, 1.493, 1.492, 1.492, 1.492, 1.492, 1.492, 1.492, 1.492, 1.492, 1.492, 1.492, 1.491, 1.49, 1.49, 1.49, 1.49, 1.49, 1.49, 1.49, 1.491, 1.492, 1.492, 1.492, 1.491, 1.491, 1.49, 1.49, 1.489, 1.489, 1.488, 1.488, 1.487, 1.486, 1.485, 1.484, 1.483, 1.483, 1.482, 1.482, 1.483, 1.483, 1.484, 1.484, 1.484, 1.485, 1.485, 1.485, 1.485, 1.484, 1.484, 1.484, 1.483, 1.483, 1.483, 1.483, 1.484, 1.485, 1.486, 1.487, 1.488, 1.488, 1.489, 1.489, 1.488, 1.488, 1.487, 1.487, 1.484, 1.484, 1.483, 1.48, 1.48, 1.48, 1.48, 1.48, 1.48, 1.478, 1.478, 1.478, 1.477, 1.477, 1.477, 1.477, 1.477, 1.476, 1.477, 1.477, 1.478, 1.478, 1.479, 1.479, 1.479, 1.478, 1.477, 1.476, 1.475, 1.474, 1.473, 1.472, 1.472, 1.471, 1.471, 1.47, 1.47, 1.47, 1.47, 1.47, 1.47, 1.47, 1.471, 1.47, 1.47, 1.47, 1.468, 1.468, 1.468, 1.468, 1.466, 1.466, 1.468, 1.468, 1.468, 1.471, 1.472, 1.472, 1.474, 1.475, 1.476, 1.478, 1.478, 1.479, 1.479, 1.478, 1.477, 1.476, 1.475, 1.474, 1.473, 1.472, 1.472, 1.472, 1.472, 1.472, 1.472, 1.472, 1.472, 1.472, 1.473, 1.473, 1.472, 1.472, 1.472, 1.472, 1.471, 1.471, 1.47, 1.468, 1.468, 1.468, 1.466, 1.466, 1.464, 1.464, 1.464, 1.464, 1.464, 1.466, 1.468, 1.468, 1.468, 1.468, 1.47, 1.47, 1.47, 1.47, 1.468, 1.468, 1.468, 1.468, 1.468, 1.468, 1.468, 1.468, 1.468, 1.468, 1.466, 1.466, 1.466, 1.466, 1.466, 1.466, 1.464, 1.464, 1.464, 1.462, 1.462, 1.462, 1.462, 1.46, 1.46, 1.46, 1.46, 1.458, 1.458, 1.46, 1.46, 1.46, 1.46, 1.46, 1.46, 1.46, 1.46, 1.46, 1.458, 1.458, 1.46, 0, 
1.534, 1.533, 1.532, 1.531, 1.528, 1.528, 1.528, 1.528, 1.528, 1.531, 1.531, 1.531, 1.532, 1.533, 1.533, 1.533, 1.533, 1.533, 1.534, 1.534, 1.534, 1.534, 1.534, 1.533, 1.532, 1.531, 1.531, 1.527, 1.527, 1.526, 1.526, 1.526, 1.526, 1.526, 1.526, 1.526, 1.526, 1.526, 1.525, 1.525, 1.524, 1.524, 1.523, 1.522, 1.522, 1.522, 1.522, 1.522, 1.522, 1.522, 1.522, 1.522, 1.522, 1.522, 1.522, 1.522, 1.521, 1.52, 1.52, 1.52, 1.52, 1.52, 1.52, 1.52, 1.521, 1.522, 1.522, 1.522, 1.522, 1.521, 1.521, 1.521, 1.52, 1.52, 1.52, 1.52, 1.52, 1.52, 1.519, 1.518, 1.517, 1.516, 1.516, 1.516, 1.513, 1.513, 1.513, 1.513, 1.516, 1.516, 1.517, 1.517, 1.518, 1.518, 1.519, 1.519, 1.52, 1.52, 1.52, 1.521, 1.522, 1.522, 1.522, 1.521, 1.52, 1.52, 1.52, 1.52, 1.52, 1.519, 1.519, 1.519, 1.519, 1.519, 1.518, 1.518, 1.518, 1.518, 1.518, 1.518, 1.518, 1.518, 1.519, 1.52, 1.52, 1.52, 1.52, 1.52, 1.52, 1.52, 1.519, 1.518, 1.518, 1.517, 1.517, 1.516, 1.516, 1.516, 1.516, 1.516, 1.516, 1.516, 1.516, 1.516, 1.516, 1.513, 1.513, 1.513, 1.513, 1.513, 1.513, 1.513, 1.513, 1.512, 1.512, 1.511, 1.511, 1.51, 1.509, 1.509, 1.508, 1.507, 1.507, 1.506, 1.505, 1.505, 1.505, 1.505, 1.505, 1.505, 1.505, 1.504, 1.504, 1.504, 1.504, 1.505, 1.505, 1.505, 1.506, 1.507, 1.507, 1.507, 1.506, 1.506, 1.505, 1.504, 1.504, 1.503, 1.503, 1.503, 1.503, 1.502, 1.502, 1.501, 1.501, 1.501, 1.501, 1.501, 1.501, 1.501, 1.501, 1.501, 1.501, 1.501, 1.502, 1.502, 1.502, 1.501, 1.501, 1.501, 1.501, 1.501, 1.501, 1.501, 1.501, 1.501, 1.501, 1.501, 1.501, 1.501, 1.501, 1.5, 1.5, 1.499, 1.499, 1.499, 1.496, 1.496, 1.495, 1.495, 1.495, 1.495, 1.495, 1.495, 1.495, 1.495, 1.495, 1.495, 1.495, 1.496, 1.496, 1.496, 1.496, 1.496, 1.495, 1.494, 1.494, 1.494, 1.493, 1.493, 1.493, 1.493, 1.493, 1.494, 1.494, 1.494, 1.494, 1.494, 1.494, 1.494, 1.493, 1.493, 1.492, 1.492, 1.492, 1.492, 1.492, 1.492, 1.492, 1.492, 1.492, 1.492, 1.492, 1.492, 1.491, 1.491, 1.49, 1.49, 1.49, 1.49, 1.491, 1.491, 1.492, 1.492, 1.492, 1.491, 1.491, 1.49, 1.49, 1.489, 1.488, 1.488, 1.488, 1.487, 1.486, 1.485, 1.484, 1.483, 1.482, 1.482, 1.481, 1.481, 1.481, 1.482, 1.482, 1.482, 1.483, 1.484, 1.484, 1.484, 1.484, 1.484, 1.483, 1.483, 1.483, 1.482, 1.482, 1.483, 1.483, 1.484, 1.485, 1.486, 1.486, 1.487, 1.487, 1.487, 1.487, 1.486, 1.486, 1.482, 1.483, 1.479, 1.479, 1.479, 1.479, 1.475, 1.475, 1.476, 1.476, 1.476, 1.476, 1.476, 1.476, 1.476, 1.476, 1.476, 1.476, 1.476, 1.476, 1.477, 1.478, 1.478, 1.479, 1.48, 1.479, 1.478, 1.478, 1.477, 1.476, 1.475, 1.474, 1.473, 1.472, 1.472, 1.471, 1.471, 1.471, 1.47, 1.47, 1.47, 1.47, 1.47, 1.471, 1.47, 1.47, 1.47, 1.468, 1.468, 1.468, 1.468, 1.466, 1.466, 1.468, 1.468, 1.468, 1.471, 1.472, 1.473, 1.474, 1.475, 1.477, 1.478, 1.479, 1.479, 1.479, 1.479, 1.478, 1.476, 1.475, 1.474, 1.473, 1.472, 1.472, 1.472, 1.472, 1.472, 1.472, 1.472, 1.472, 1.473, 1.473, 1.473, 1.473, 1.472, 1.472, 1.472, 1.471, 1.47, 1.47, 1.468, 1.468, 1.468, 1.466, 1.466, 1.464, 1.464, 1.464, 1.464, 1.466, 1.466, 1.468, 1.468, 1.468, 1.47, 1.47, 1.47, 1.47, 1.47, 1.468, 1.468, 1.468, 1.468, 1.468, 1.468, 1.468, 1.468, 1.468, 1.468, 1.468, 1.466, 1.466, 1.466, 1.466, 1.466, 1.466, 1.464, 1.464, 1.464, 1.462, 1.462, 1.462, 1.462, 1.46, 1.46, 1.46, 1.46, 1.46, 1.46, 1.46, 1.46, 1.46, 1.46, 1.46, 1.46, 1.46, 1.458, 1.458, 1.458, 1.458, 0, 
1.535, 1.534, 1.533, 1.532, 1.531, 1.528, 1.528, 1.528, 1.531, 1.531, 1.531, 1.532, 1.533, 1.533, 1.533, 1.533, 1.533, 1.534, 1.534, 1.535, 1.535, 1.535, 1.534, 1.533, 1.532, 1.531, 1.531, 1.527, 1.527, 1.526, 1.526, 1.526, 1.526, 1.526, 1.526, 1.526, 1.526, 1.526, 1.525, 1.525, 1.524, 1.524, 1.524, 1.523, 1.522, 1.522, 1.522, 1.522, 1.522, 1.522, 1.522, 1.522, 1.522, 1.522, 1.522, 1.522, 1.521, 1.52, 1.52, 1.52, 1.52, 1.52, 1.52, 1.52, 1.521, 1.521, 1.521, 1.521, 1.521, 1.52, 1.52, 1.52, 1.52, 1.52, 1.52, 1.52, 1.52, 1.52, 1.519, 1.518, 1.518, 1.517, 1.516, 1.516, 1.513, 1.513, 1.513, 1.516, 1.516, 1.516, 1.517, 1.518, 1.518, 1.519, 1.519, 1.52, 1.52, 1.52, 1.52, 1.521, 1.521, 1.521, 1.521, 1.521, 1.52, 1.52, 1.52, 1.52, 1.52, 1.52, 1.52, 1.52, 1.52, 1.519, 1.518, 1.518, 1.518, 1.518, 1.518, 1.518, 1.518, 1.518, 1.519, 1.52, 1.52, 1.52, 1.52, 1.52, 1.52, 1.52, 1.52, 1.519, 1.519, 1.518, 1.517, 1.516, 1.516, 1.516, 1.516, 1.516, 1.516, 1.516, 1.516, 1.516, 1.516, 1.513, 1.513, 1.513, 1.513, 1.513, 1.513, 1.513, 1.512, 1.512, 1.511, 1.51, 1.51, 1.509, 1.508, 1.508, 1.507, 1.506, 1.505, 1.505, 1.504, 1.503, 1.503, 1.503, 1.503, 1.503, 1.503, 1.503, 1.503, 1.503, 1.503, 1.504, 1.504, 1.505, 1.506, 1.506, 1.506, 1.506, 1.506, 1.505, 1.504, 1.503, 1.503, 1.502, 1.502, 1.502, 1.502, 1.501, 1.501, 1.501, 1.501, 1.501, 1.501, 1.501, 1.501, 1.501, 1.501, 1.501, 1.501, 1.501, 1.501, 1.501, 1.501, 1.501, 1.501, 1.501, 1.501, 1.501, 1.501, 1.5, 1.5, 1.5, 1.5, 1.5, 1.5, 1.5, 1.5, 1.5, 1.499, 1.499, 1.499, 1.495, 1.495, 1.495, 1.494, 1.494, 1.494, 1.494, 1.494, 1.494, 1.494, 1.494, 1.495, 1.495, 1.496, 1.496, 1.496, 1.496, 1.495, 1.495, 1.494, 1.494, 1.493, 1.493, 1.492, 1.492, 1.492, 1.492, 1.492, 1.493, 1.494, 1.494, 1.494, 1.494, 1.494, 1.493, 1.493, 1.492, 1.492, 1.491, 1.491, 1.491, 1.491, 1.491, 1.491, 1.491, 1.491, 1.492, 1.492, 1.492, 1.491, 1.491, 1.491, 1.491, 1.491, 1.491, 1.491, 1.492, 1.492, 1.492, 1.492, 1.491, 1.49, 1.49, 1.489, 1.488, 1.488, 1.488, 1.487, 1.487, 1.486, 1.485, 1.483, 1.482, 1.481, 1.481, 1.48, 1.48, 1.48, 1.48, 1.48, 1.481, 1.482, 1.482, 1.483, 1.483, 1.483, 1.483, 1.483, 1.482, 1.482, 1.482, 1.482, 1.482, 1.483, 1.483, 1.484, 1.485, 1.485, 1.486, 1.486, 1.486, 1.485, 1.481, 1.48, 1.478, 1.477, 1.476, 1.475, 1.474, 1.474, 1.475, 1.475, 1.475, 1.475, 1.475, 1.476, 1.476, 1.476, 1.476, 1.475, 1.475, 1.475, 1.475, 1.476, 1.477, 1.478, 1.478, 1.479, 1.48, 1.48, 1.479, 1.478, 1.477, 1.476, 1.475, 1.474, 1.473, 1.473, 1.472, 1.472, 1.472, 1.471, 1.471, 1.471, 1.471, 1.471, 1.471, 1.471, 1.471, 1.47, 1.47, 1.468, 1.468, 1.468, 1.468, 1.468, 1.468, 1.468, 1.468, 1.468, 1.471, 1.472, 1.473, 1.474, 1.476, 1.477, 1.478, 1.479, 1.48, 1.48, 1.479, 1.478, 1.477, 1.476, 1.474, 1.473, 1.472, 1.472, 1.472, 1.472, 1.472, 1.472, 1.472, 1.472, 1.473, 1.474, 1.474, 1.473, 1.473, 1.472, 1.472, 1.471, 1.47, 1.47, 1.469, 1.468, 1.466, 1.466, 1.466, 1.466, 1.466, 1.466, 1.466, 1.466, 1.468, 1.468, 1.468, 1.47, 1.47, 1.47, 1.47, 1.47, 1.47, 1.47, 1.468, 1.468, 1.468, 1.468, 1.468, 1.468, 1.468, 1.468, 1.468, 1.468, 1.468, 1.466, 1.466, 1.466, 1.466, 1.466, 1.466, 1.464, 1.464, 1.464, 1.462, 1.462, 1.462, 1.462, 1.462, 1.46, 1.46, 1.46, 1.46, 1.46, 1.46, 1.46, 1.46, 1.458, 1.458, 1.458, 1.458, 1.458, 1.458, 1.458, 0, 
1.536, 1.535, 1.534, 1.533, 1.532, 1.531, 1.531, 1.531, 1.531, 1.531, 1.532, 1.532, 1.533, 1.533, 1.533, 1.533, 1.534, 1.534, 1.535, 1.535, 1.535, 1.535, 1.535, 1.534, 1.533, 1.532, 1.531, 1.527, 1.527, 1.526, 1.526, 1.526, 1.526, 1.526, 1.526, 1.526, 1.526, 1.526, 1.525, 1.524, 1.524, 1.524, 1.524, 1.523, 1.522, 1.522, 1.522, 1.521, 1.521, 1.521, 1.521, 1.521, 1.521, 1.522, 1.522, 1.522, 1.521, 1.52, 1.52, 1.52, 1.52, 1.52, 1.52, 1.52, 1.52, 1.52, 1.52, 1.52, 1.52, 1.52, 1.52, 1.52, 1.52, 1.52, 1.52, 1.52, 1.52, 1.52, 1.519, 1.518, 1.518, 1.517, 1.516, 1.516, 1.513, 1.513, 1.516, 1.516, 1.516, 1.517, 1.518, 1.518, 1.519, 1.519, 1.52, 1.52, 1.52, 1.52, 1.52, 1.52, 1.52, 1.52, 1.52, 1.52, 1.52, 1.52, 1.52, 1.52, 1.52, 1.52, 1.52, 1.52, 1.52, 1.519, 1.518, 1.518, 1.517, 1.517, 1.517, 1.517, 1.517, 1.518, 1.518, 1.519, 1.52, 1.52, 1.52, 1.52, 1.52, 1.52, 1.52, 1.52, 1.519, 1.518, 1.518, 1.517, 1.516, 1.516, 1.516, 1.516, 1.516, 1.516, 1.516, 1.516, 1.516, 1.516, 1.516, 1.513, 1.513, 1.513, 1.513, 1.512, 1.512, 1.511, 1.51, 1.509, 1.509, 1.508, 1.507, 1.506, 1.505, 1.505, 1.503, 1.503, 1.502, 1.501, 1.501, 1.501, 1.501, 1.501, 1.501, 1.501, 1.501, 1.502, 1.502, 1.503, 1.503, 1.504, 1.505, 1.505, 1.506, 1.505, 1.505, 1.504, 1.503, 1.503, 1.502, 1.501, 1.501, 1.501, 1.501, 1.501, 1.501, 1.501, 1.501, 1.501, 1.501, 1.501, 1.5, 1.5, 1.5, 1.5, 1.5, 1.5, 1.5, 1.501, 1.501, 1.501, 1.501, 1.501, 1.5, 1.5, 1.5, 1.5, 1.499, 1.499, 1.499, 1.499, 1.5, 1.5, 1.5, 1.5, 1.496, 1.495, 1.495, 1.494, 1.494, 1.493, 1.493, 1.493, 1.493, 1.493, 1.493, 1.494, 1.494, 1.494, 1.494, 1.495, 1.495, 1.495, 1.495, 1.495, 1.495, 1.494, 1.494, 1.493, 1.492, 1.492, 1.492, 1.492, 1.492, 1.492, 1.492, 1.492, 1.493, 1.493, 1.494, 1.494, 1.493, 1.493, 1.492, 1.492, 1.491, 1.491, 1.49, 1.49, 1.49, 1.49, 1.49, 1.49, 1.491, 1.491, 1.492, 1.492, 1.491, 1.491, 1.491, 1.491, 1.491, 1.491, 1.491, 1.492, 1.492, 1.492, 1.491, 1.49, 1.49, 1.489, 1.488, 1.488, 1.487, 1.487, 1.486, 1.486, 1.485, 1.484, 1.482, 1.481, 1.48, 1.479, 1.478, 1.478, 1.478, 1.478, 1.478, 1.479, 1.48, 1.48, 1.481, 1.482, 1.482, 1.482, 1.482, 1.482, 1.481, 1.481, 1.481, 1.481, 1.482, 1.482, 1.483, 1.484, 1.484, 1.484, 1.485, 1.481, 1.48, 1.478, 1.476, 1.474, 1.472, 1.471, 1.468, 1.468, 1.468, 1.468, 1.468, 1.47, 1.47, 1.472, 1.472, 1.472, 1.475, 1.475, 1.474, 1.474, 1.474, 1.474, 1.475, 1.476, 1.477, 1.478, 1.479, 1.479, 1.48, 1.479, 1.478, 1.477, 1.476, 1.475, 1.474, 1.474, 1.473, 1.473, 1.472, 1.472, 1.472, 1.472, 1.472, 1.471, 1.472, 1.472, 1.472, 1.471, 1.471, 1.47, 1.47, 1.468, 1.468, 1.468, 1.468, 1.468, 1.468, 1.468, 1.47, 1.471, 1.472, 1.473, 1.474, 1.476, 1.477, 1.478, 1.479, 1.48, 1.48, 1.479, 1.478, 1.477, 1.476, 1.474, 1.473, 1.472, 1.472, 1.472, 1.472, 1.472, 1.472, 1.473, 1.473, 1.473, 1.474, 1.474, 1.474, 1.473, 1.472, 1.472, 1.472, 1.471, 1.47, 1.468, 1.468, 1.466, 1.466, 1.466, 1.466, 1.466, 1.466, 1.466, 1.466, 1.468, 1.468, 1.468, 1.47, 1.47, 1.47, 1.47, 1.47, 1.47, 1.47, 1.47, 1.468, 1.468, 1.468, 1.468, 1.468, 1.468, 1.468, 1.468, 1.468, 1.468, 1.468, 1.468, 1.468, 1.466, 1.466, 1.466, 1.466, 1.466, 1.464, 1.464, 1.462, 1.462, 1.462, 1.462, 1.462, 1.462, 1.462, 1.46, 1.46, 1.46, 1.46, 1.46, 1.458, 1.458, 1.458, 1.458, 1.458, 1.458, 1.458, 0, 
1.537, 1.536, 1.535, 1.534, 1.532, 1.532, 1.532, 1.531, 1.531, 1.532, 1.532, 1.533, 1.533, 1.533, 1.534, 1.534, 1.535, 1.535, 1.535, 1.535, 1.535, 1.535, 1.535, 1.534, 1.533, 1.532, 1.531, 1.527, 1.527, 1.526, 1.526, 1.526, 1.526, 1.526, 1.526, 1.526, 1.526, 1.526, 1.525, 1.524, 1.524, 1.524, 1.524, 1.523, 1.522, 1.522, 1.521, 1.521, 1.52, 1.52, 1.52, 1.52, 1.521, 1.521, 1.522, 1.522, 1.521, 1.52, 1.52, 1.52, 1.52, 1.52, 1.52, 1.52, 1.52, 1.52, 1.52, 1.52, 1.52, 1.52, 1.52, 1.52, 1.52, 1.52, 1.52, 1.52, 1.52, 1.52, 1.519, 1.518, 1.518, 1.517, 1.516, 1.516, 1.516, 1.516, 1.516, 1.516, 1.517, 1.518, 1.518, 1.519, 1.52, 1.52, 1.52, 1.52, 1.52, 1.52, 1.519, 1.519, 1.52, 1.52, 1.52, 1.52, 1.52, 1.52, 1.52, 1.52, 1.52, 1.52, 1.52, 1.52, 1.52, 1.519, 1.518, 1.518, 1.517, 1.516, 1.516, 1.516, 1.516, 1.517, 1.518, 1.518, 1.519, 1.519, 1.52, 1.52, 1.52, 1.52, 1.52, 1.52, 1.519, 1.518, 1.518, 1.517, 1.516, 1.516, 1.516, 1.513, 1.513, 1.513, 1.513, 1.516, 1.516, 1.516, 1.516, 1.513, 1.513, 1.513, 1.512, 1.512, 1.511, 1.51, 1.509, 1.508, 1.507, 1.506, 1.506, 1.505, 1.503, 1.503, 1.502, 1.501, 1.5, 1.5, 1.5, 1.5, 1.5, 1.5, 1.5, 1.5, 1.5, 1.501, 1.501, 1.502, 1.502, 1.503, 1.504, 1.504, 1.505, 1.504, 1.504, 1.503, 1.502, 1.502, 1.501, 1.501, 1.501, 1.501, 1.501, 1.501, 1.501, 1.501, 1.501, 1.501, 1.5, 1.5, 1.5, 1.499, 1.499, 1.499, 1.499, 1.499, 1.499, 1.5, 1.5, 1.5, 1.5, 1.5, 1.5, 1.499, 1.499, 1.499, 1.499, 1.499, 1.499, 1.499, 1.499, 1.496, 1.495, 1.495, 1.495, 1.495, 1.494, 1.494, 1.493, 1.492, 1.492, 1.492, 1.492, 1.492, 1.493, 1.493, 1.493, 1.494, 1.494, 1.494, 1.494, 1.494, 1.494, 1.494, 1.494, 1.493, 1.493, 1.492, 1.491, 1.491, 1.491, 1.49, 1.49, 1.491, 1.491, 1.492, 1.492, 1.493, 1.493, 1.493, 1.492, 1.492, 1.492, 1.491, 1.491, 1.49, 1.49, 1.49, 1.49, 1.49, 1.49, 1.49, 1.49, 1.49, 1.491, 1.491, 1.491, 1.49, 1.49, 1.49, 1.491, 1.491, 1.491, 1.491, 1.491, 1.491, 1.49, 1.49, 1.489, 1.488, 1.487, 1.487, 1.486, 1.486, 1.485, 1.484, 1.484, 1.483, 1.482, 1.48, 1.479, 1.478, 1.477, 1.476, 1.476, 1.476, 1.476, 1.477, 1.478, 1.479, 1.48, 1.481, 1.481, 1.481, 1.481, 1.481, 1.48, 1.48, 1.48, 1.48, 1.481, 1.482, 1.482, 1.482, 1.483, 1.483, 1.479, 1.478, 1.476, 1.475, 1.47, 1.468, 1.466, 1.464, 1.462, 1.462, 1.462, 1.464, 1.464, 1.466, 1.466, 1.468, 1.471, 1.471, 1.47, 1.47, 1.473, 1.472, 1.472, 1.473, 1.474, 1.475, 1.477, 1.478, 1.478, 1.479, 1.479, 1.479, 1.478, 1.477, 1.476, 1.476, 1.474, 1.474, 1.474, 1.473, 1.473, 1.472, 1.472, 1.472, 1.472, 1.472, 1.472, 1.472, 1.472, 1.472, 1.471, 1.47, 1.47, 1.47, 1.468, 1.468, 1.468, 1.468, 1.468, 1.47, 1.471, 1.471, 1.472, 1.473, 1.474, 1.476, 1.477, 1.478, 1.479, 1.48, 1.48, 1.479, 1.478, 1.477, 1.476, 1.475, 1.473, 1.473, 1.472, 1.472, 1.472, 1.472, 1.473, 1.473, 1.474, 1.474, 1.474, 1.474, 1.474, 1.473, 1.473, 1.472, 1.472, 1.471, 1.47, 1.468, 1.468, 1.468, 1.466, 1.466, 1.466, 1.466, 1.466, 1.466, 1.466, 1.468, 1.468, 1.468, 1.47, 1.471, 1.471, 1.471, 1.47, 1.47, 1.47, 1.47, 1.47, 1.47, 1.47, 1.47, 1.47, 1.47, 1.47, 1.47, 1.47, 1.47, 1.47, 1.468, 1.468, 1.468, 1.468, 1.466, 1.466, 1.466, 1.466, 1.466, 1.464, 1.464, 1.462, 1.462, 1.462, 1.462, 1.462, 1.462, 1.462, 1.462, 1.46, 1.46, 1.458, 1.458, 1.458, 1.458, 1.458, 1.458, 1.458, 0, 
1.538, 1.537, 1.536, 1.535, 1.534, 1.533, 1.533, 1.532, 1.532, 1.533, 1.533, 1.533, 1.534, 1.534, 1.534, 1.535, 1.535, 1.535, 1.535, 1.535, 1.535, 1.535, 1.535, 1.534, 1.533, 1.532, 1.531, 1.528, 1.527, 1.526, 1.526, 1.526, 1.526, 1.526, 1.526, 1.526, 1.526, 1.525, 1.525, 1.524, 1.524, 1.524, 1.524, 1.523, 1.522, 1.521, 1.521, 1.52, 1.52, 1.52, 1.52, 1.52, 1.521, 1.521, 1.522, 1.522, 1.521, 1.521, 1.52, 1.52, 1.52, 1.52, 1.52, 1.52, 1.52, 1.52, 1.52, 1.52, 1.52, 1.52, 1.52, 1.52, 1.52, 1.52, 1.52, 1.52, 1.52, 1.52, 1.52, 1.519, 1.518, 1.517, 1.516, 1.516, 1.516, 1.516, 1.516, 1.517, 1.518, 1.518, 1.519, 1.52, 1.52, 1.52, 1.52, 1.519, 1.519, 1.519, 1.518, 1.518, 1.518, 1.519, 1.519, 1.52, 1.52, 1.52, 1.52, 1.52, 1.52, 1.52, 1.52, 1.52, 1.52, 1.519, 1.518, 1.517, 1.517, 1.516, 1.516, 1.516, 1.516, 1.516, 1.517, 1.517, 1.518, 1.518, 1.519, 1.52, 1.52, 1.52, 1.52, 1.52, 1.519, 1.518, 1.518, 1.517, 1.516, 1.516, 1.513, 1.513, 1.513, 1.513, 1.513, 1.513, 1.513, 1.513, 1.513, 1.513, 1.513, 1.513, 1.512, 1.511, 1.51, 1.509, 1.508, 1.507, 1.506, 1.505, 1.504, 1.503, 1.502, 1.501, 1.5, 1.5, 1.499, 1.496, 1.496, 1.496, 1.499, 1.499, 1.499, 1.499, 1.499, 1.5, 1.5, 1.501, 1.501, 1.502, 1.503, 1.503, 1.503, 1.503, 1.503, 1.502, 1.502, 1.501, 1.5, 1.5, 1.5, 1.5, 1.5, 1.5, 1.501, 1.501, 1.501, 1.5, 1.5, 1.499, 1.499, 1.499, 1.499, 1.499, 1.499, 1.499, 1.499, 1.499, 1.499, 1.499, 1.499, 1.499, 1.499, 1.499, 1.499, 1.499, 1.499, 1.496, 1.495, 1.495, 1.495, 1.495, 1.495, 1.494, 1.494, 1.494, 1.493, 1.493, 1.492, 1.492, 1.492, 1.492, 1.492, 1.492, 1.492, 1.492, 1.493, 1.493, 1.494, 1.494, 1.494, 1.494, 1.494, 1.494, 1.493, 1.493, 1.492, 1.491, 1.491, 1.49, 1.49, 1.49, 1.49, 1.49, 1.49, 1.491, 1.491, 1.492, 1.492, 1.492, 1.492, 1.492, 1.491, 1.49, 1.49, 1.49, 1.489, 1.489, 1.489, 1.489, 1.489, 1.49, 1.49, 1.49, 1.49, 1.49, 1.49, 1.489, 1.489, 1.489, 1.49, 1.49, 1.49, 1.49, 1.49, 1.49, 1.489, 1.489, 1.488, 1.487, 1.486, 1.486, 1.485, 1.484, 1.484, 1.483, 1.483, 1.482, 1.48, 1.479, 1.478, 1.476, 1.475, 1.475, 1.474, 1.474, 1.475, 1.475, 1.476, 1.477, 1.478, 1.479, 1.48, 1.48, 1.48, 1.48, 1.48, 1.48, 1.48, 1.48, 1.48, 1.48, 1.481, 1.481, 1.478, 1.477, 1.476, 1.475, 1.47, 1.466, 1.464, 1.462, 1.46, 1.458, 1.456, 1.456, 1.456, 1.458, 1.458, 1.46, 1.462, 1.464, 1.466, 1.466, 1.468, 1.468, 1.468, 1.471, 1.471, 1.472, 1.473, 1.474, 1.476, 1.478, 1.478, 1.479, 1.479, 1.478, 1.478, 1.477, 1.476, 1.476, 1.475, 1.474, 1.474, 1.474, 1.473, 1.473, 1.472, 1.472, 1.472, 1.472, 1.472, 1.472, 1.472, 1.472, 1.471, 1.471, 1.47, 1.47, 1.47, 1.47, 1.47, 1.47, 1.47, 1.471, 1.471, 1.472, 1.473, 1.474, 1.474, 1.476, 1.477, 1.478, 1.479, 1.48, 1.48, 1.479, 1.478, 1.478, 1.476, 1.475, 1.474, 1.473, 1.472, 1.472, 1.472, 1.473, 1.473, 1.474, 1.474, 1.475, 1.475, 1.475, 1.474, 1.474, 1.473, 1.472, 1.472, 1.471, 1.471, 1.468, 1.468, 1.468, 1.466, 1.466, 1.466, 1.466, 1.466, 1.466, 1.468, 1.468, 1.469, 1.47, 1.471, 1.471, 1.472, 1.471, 1.471, 1.471, 1.47, 1.47, 1.47, 1.47, 1.47, 1.47, 1.47, 1.47, 1.47, 1.47, 1.47, 1.47, 1.47, 1.47, 1.47, 1.469, 1.468, 1.468, 1.468, 1.466, 1.466, 1.466, 1.466, 1.464, 1.464, 1.462, 1.462, 1.462, 1.462, 1.462, 1.462, 1.462, 1.46, 1.46, 1.458, 1.458, 1.458, 1.458, 1.458, 1.458, 1.458, 0, 
1.542, 1.538, 1.537, 1.536, 1.535, 1.534, 1.534, 1.533, 1.533, 1.534, 1.534, 1.534, 1.534, 1.535, 1.535, 1.535, 1.535, 1.535, 1.535, 1.535, 1.535, 1.535, 1.535, 1.534, 1.533, 1.532, 1.531, 1.528, 1.527, 1.526, 1.526, 1.526, 1.526, 1.526, 1.526, 1.525, 1.525, 1.525, 1.524, 1.524, 1.524, 1.524, 1.524, 1.523, 1.522, 1.521, 1.52, 1.52, 1.52, 1.52, 1.52, 1.52, 1.52, 1.521, 1.522, 1.522, 1.522, 1.521, 1.521, 1.52, 1.52, 1.52, 1.52, 1.52, 1.52, 1.52, 1.519, 1.519, 1.519, 1.519, 1.519, 1.519, 1.519, 1.52, 1.52, 1.52, 1.52, 1.52, 1.52, 1.519, 1.518, 1.517, 1.517, 1.517, 1.517, 1.517, 1.517, 1.518, 1.518, 1.519, 1.52, 1.52, 1.52, 1.52, 1.519, 1.518, 1.518, 1.518, 1.517, 1.517, 1.517, 1.518, 1.518, 1.519, 1.519, 1.52, 1.52, 1.52, 1.52, 1.52, 1.52, 1.52, 1.52, 1.519, 1.518, 1.517, 1.516, 1.516, 1.516, 1.516, 1.516, 1.516, 1.516, 1.516, 1.517, 1.518, 1.518, 1.519, 1.519, 1.519, 1.519, 1.52, 1.519, 1.518, 1.517, 1.517, 1.516, 1.516, 1.513, 1.513, 1.513, 1.513, 1.513, 1.513, 1.513, 1.513, 1.513, 1.513, 1.513, 1.512, 1.511, 1.51, 1.509, 1.508, 1.507, 1.505, 1.505, 1.503, 1.503, 1.502, 1.501, 1.5, 1.5, 1.495, 1.495, 1.496, 1.496, 1.495, 1.495, 1.495, 1.495, 1.495, 1.496, 1.496, 1.499, 1.5, 1.501, 1.501, 1.502, 1.502, 1.503, 1.502, 1.502, 1.501, 1.501, 1.5, 1.5, 1.499, 1.499, 1.499, 1.5, 1.5, 1.5, 1.5, 1.5, 1.5, 1.499, 1.499, 1.499, 1.499, 1.496, 1.496, 1.496, 1.499, 1.499, 1.499, 1.499, 1.499, 1.499, 1.499, 1.499, 1.499, 1.499, 1.496, 1.495, 1.495, 1.495, 1.494, 1.494, 1.494, 1.494, 1.493, 1.493, 1.492, 1.492, 1.492, 1.491, 1.491, 1.49, 1.49, 1.491, 1.491, 1.492, 1.492, 1.492, 1.493, 1.493, 1.494, 1.494, 1.494, 1.494, 1.493, 1.492, 1.492, 1.491, 1.49, 1.49, 1.489, 1.489, 1.488, 1.488, 1.488, 1.489, 1.49, 1.49, 1.491, 1.491, 1.491, 1.491, 1.491, 1.491, 1.488, 1.489, 1.489, 1.489, 1.489, 1.488, 1.486, 1.486, 1.485, 1.489, 1.488, 1.488, 1.488, 1.488, 1.488, 1.488, 1.488, 1.488, 1.488, 1.488, 1.488, 1.488, 1.488, 1.488, 1.487, 1.487, 1.486, 1.485, 1.484, 1.484, 1.483, 1.483, 1.482, 1.482, 1.481, 1.48, 1.478, 1.477, 1.475, 1.474, 1.473, 1.473, 1.473, 1.473, 1.474, 1.475, 1.476, 1.477, 1.478, 1.479, 1.479, 1.479, 1.479, 1.479, 1.479, 1.478, 1.478, 1.478, 1.479, 1.475, 1.475, 1.474, 1.472, 1.471, 1.466, 1.464, 1.46, 1.458, 1.456, 1.454, 1.452, 1.45, 1.45, 1.452, 1.452, 1.454, 1.456, 1.456, 1.458, 1.46, 1.462, 1.464, 1.464, 1.466, 1.468, 1.468, 1.471, 1.472, 1.474, 1.475, 1.478, 1.478, 1.479, 1.479, 1.478, 1.478, 1.477, 1.476, 1.476, 1.475, 1.474, 1.474, 1.474, 1.474, 1.474, 1.473, 1.473, 1.472, 1.472, 1.472, 1.472, 1.472, 1.472, 1.472, 1.471, 1.47, 1.47, 1.47, 1.47, 1.471, 1.471, 1.471, 1.471, 1.472, 1.473, 1.473, 1.474, 1.475, 1.476, 1.477, 1.478, 1.479, 1.48, 1.48, 1.48, 1.479, 1.478, 1.476, 1.475, 1.474, 1.474, 1.473, 1.473, 1.473, 1.473, 1.474, 1.475, 1.475, 1.475, 1.476, 1.475, 1.475, 1.474, 1.473, 1.472, 1.472, 1.471, 1.471, 1.47, 1.468, 1.468, 1.468, 1.466, 1.466, 1.466, 1.468, 1.468, 1.468, 1.469, 1.469, 1.47, 1.471, 1.472, 1.472, 1.472, 1.472, 1.471, 1.471, 1.47, 1.47, 1.47, 1.47, 1.47, 1.47, 1.47, 1.47, 1.47, 1.47, 1.47, 1.47, 1.47, 1.47, 1.47, 1.47, 1.469, 1.469, 1.468, 1.466, 1.466, 1.466, 1.466, 1.464, 1.464, 1.464, 1.464, 1.462, 1.462, 1.462, 1.462, 1.46, 1.46, 1.458, 1.458, 1.458, 1.458, 1.458, 1.458, 1.458, 0, 
1.542, 1.542, 1.538, 1.537, 1.536, 1.535, 1.535, 1.535, 1.534, 1.535, 1.535, 1.535, 1.535, 1.535, 1.535, 1.535, 1.535, 1.535, 1.535, 1.535, 1.535, 1.535, 1.535, 1.534, 1.533, 1.532, 1.531, 1.528, 1.527, 1.527, 1.526, 1.526, 1.526, 1.526, 1.525, 1.525, 1.524, 1.524, 1.524, 1.524, 1.524, 1.524, 1.523, 1.522, 1.522, 1.521, 1.52, 1.52, 1.52, 1.52, 1.52, 1.52, 1.52, 1.521, 1.522, 1.522, 1.522, 1.522, 1.521, 1.52, 1.52, 1.52, 1.52, 1.52, 1.52, 1.519, 1.519, 1.518, 1.518, 1.518, 1.518, 1.518, 1.519, 1.519, 1.52, 1.52, 1.52, 1.52, 1.52, 1.519, 1.518, 1.518, 1.518, 1.518, 1.518, 1.518, 1.518, 1.518, 1.519, 1.52, 1.52, 1.52, 1.52, 1.519, 1.518, 1.517, 1.517, 1.517, 1.516, 1.516, 1.516, 1.517, 1.517, 1.518, 1.518, 1.519, 1.52, 1.52, 1.52, 1.52, 1.52, 1.52, 1.52, 1.519, 1.518, 1.517, 1.516, 1.516, 1.513, 1.513, 1.513, 1.513, 1.516, 1.516, 1.516, 1.517, 1.517, 1.518, 1.518, 1.518, 1.519, 1.519, 1.518, 1.518, 1.517, 1.516, 1.516, 1.513, 1.513, 1.513, 1.513, 1.513, 1.513, 1.513, 1.513, 1.513, 1.513, 1.513, 1.513, 1.512, 1.511, 1.509, 1.508, 1.506, 1.505, 1.504, 1.503, 1.502, 1.501, 1.5, 1.5, 1.495, 1.495, 1.495, 1.495, 1.495, 1.495, 1.495, 1.495, 1.494, 1.494, 1.494, 1.495, 1.495, 1.495, 1.499, 1.5, 1.501, 1.501, 1.501, 1.501, 1.501, 1.501, 1.5, 1.5, 1.496, 1.496, 1.496, 1.496, 1.496, 1.496, 1.499, 1.499, 1.499, 1.499, 1.499, 1.499, 1.499, 1.499, 1.495, 1.495, 1.495, 1.495, 1.496, 1.496, 1.496, 1.496, 1.499, 1.499, 1.499, 1.499, 1.496, 1.495, 1.495, 1.494, 1.494, 1.494, 1.494, 1.493, 1.493, 1.493, 1.492, 1.492, 1.491, 1.491, 1.491, 1.49, 1.49, 1.49, 1.49, 1.49, 1.49, 1.491, 1.492, 1.492, 1.492, 1.492, 1.493, 1.493, 1.493, 1.493, 1.492, 1.491, 1.49, 1.49, 1.49, 1.489, 1.488, 1.488, 1.487, 1.487, 1.487, 1.488, 1.489, 1.489, 1.486, 1.486, 1.486, 1.486, 1.486, 1.486, 1.487, 1.484, 1.484, 1.484, 1.484, 1.484, 1.484, 1.484, 1.484, 1.484, 1.487, 1.486, 1.486, 1.486, 1.486, 1.486, 1.486, 1.486, 1.486, 1.486, 1.486, 1.487, 1.487, 1.487, 1.486, 1.485, 1.484, 1.484, 1.483, 1.483, 1.482, 1.482, 1.481, 1.481, 1.48, 1.479, 1.477, 1.476, 1.474, 1.473, 1.472, 1.472, 1.472, 1.472, 1.472, 1.473, 1.473, 1.476, 1.477, 1.478, 1.478, 1.478, 1.478, 1.478, 1.478, 1.477, 1.477, 1.477, 1.474, 1.474, 1.471, 1.471, 1.466, 1.464, 1.46, 1.456, 1.452, 1.45, 1.448, 1.446, 1.446, 1.444, 1.444, 1.444, 1.446, 1.448, 1.45, 1.452, 1.454, 1.456, 1.458, 1.46, 1.462, 1.462, 1.464, 1.466, 1.468, 1.472, 1.473, 1.475, 1.478, 1.478, 1.479, 1.479, 1.479, 1.478, 1.477, 1.477, 1.476, 1.476, 1.475, 1.475, 1.474, 1.474, 1.474, 1.474, 1.473, 1.472, 1.472, 1.472, 1.472, 1.472, 1.472, 1.472, 1.471, 1.471, 1.471, 1.471, 1.471, 1.471, 1.472, 1.472, 1.472, 1.473, 1.473, 1.474, 1.474, 1.475, 1.476, 1.477, 1.478, 1.479, 1.479, 1.48, 1.479, 1.478, 1.478, 1.476, 1.476, 1.475, 1.474, 1.474, 1.474, 1.474, 1.474, 1.474, 1.475, 1.476, 1.476, 1.476, 1.476, 1.475, 1.474, 1.474, 1.472, 1.472, 1.472, 1.471, 1.47, 1.468, 1.468, 1.468, 1.468, 1.468, 1.468, 1.468, 1.468, 1.468, 1.469, 1.47, 1.471, 1.471, 1.472, 1.472, 1.472, 1.472, 1.472, 1.471, 1.471, 1.471, 1.471, 1.471, 1.471, 1.471, 1.471, 1.471, 1.471, 1.471, 1.471, 1.47, 1.47, 1.47, 1.47, 1.47, 1.47, 1.47, 1.469, 1.469, 1.468, 1.466, 1.466, 1.466, 1.466, 1.466, 1.464, 1.462, 1.462, 1.462, 1.462, 1.462, 1.46, 1.46, 1.46, 1.46, 1.458, 1.458, 1.458, 1.458, 0, 
1.543, 1.543, 1.542, 1.538, 1.537, 1.536, 1.536, 1.535, 1.535, 1.535, 1.535, 1.535, 1.535, 1.535, 1.535, 1.535, 1.535, 1.535, 1.535, 1.535, 1.535, 1.535, 1.534, 1.533, 1.533, 1.532, 1.531, 1.528, 1.527, 1.527, 1.526, 1.526, 1.526, 1.525, 1.525, 1.524, 1.524, 1.524, 1.524, 1.524, 1.524, 1.524, 1.523, 1.522, 1.522, 1.521, 1.52, 1.52, 1.52, 1.52, 1.52, 1.52, 1.52, 1.521, 1.522, 1.522, 1.522, 1.522, 1.522, 1.521, 1.52, 1.52, 1.52, 1.52, 1.519, 1.519, 1.518, 1.518, 1.518, 1.518, 1.518, 1.518, 1.518, 1.519, 1.519, 1.52, 1.52, 1.52, 1.52, 1.519, 1.518, 1.518, 1.518, 1.518, 1.518, 1.518, 1.518, 1.519, 1.52, 1.52, 1.52, 1.52, 1.519, 1.518, 1.517, 1.516, 1.516, 1.513, 1.513, 1.513, 1.513, 1.516, 1.516, 1.517, 1.518, 1.518, 1.519, 1.52, 1.52, 1.52, 1.52, 1.52, 1.52, 1.519, 1.518, 1.517, 1.516, 1.516, 1.513, 1.513, 1.513, 1.513, 1.513, 1.513, 1.516, 1.516, 1.516, 1.517, 1.517, 1.518, 1.518, 1.518, 1.518, 1.517, 1.517, 1.516, 1.513, 1.513, 1.513, 1.512, 1.512, 1.512, 1.512, 1.512, 1.512, 1.512, 1.512, 1.512, 1.512, 1.511, 1.509, 1.508, 1.507, 1.505, 1.503, 1.502, 1.501, 1.501, 1.496, 1.496, 1.495, 1.495, 1.492, 1.493, 1.49, 1.49, 1.49, 1.49, 1.49, 1.493, 1.493, 1.493, 1.494, 1.495, 1.495, 1.495, 1.495, 1.5, 1.5, 1.501, 1.501, 1.501, 1.5, 1.5, 1.496, 1.496, 1.496, 1.496, 1.496, 1.496, 1.496, 1.496, 1.499, 1.499, 1.499, 1.499, 1.496, 1.496, 1.495, 1.495, 1.494, 1.494, 1.494, 1.495, 1.495, 1.495, 1.496, 1.496, 1.496, 1.496, 1.496, 1.495, 1.494, 1.494, 1.493, 1.493, 1.492, 1.492, 1.492, 1.492, 1.491, 1.491, 1.491, 1.49, 1.49, 1.489, 1.489, 1.489, 1.489, 1.489, 1.489, 1.49, 1.49, 1.491, 1.491, 1.492, 1.492, 1.492, 1.492, 1.492, 1.492, 1.491, 1.49, 1.489, 1.488, 1.486, 1.487, 1.487, 1.484, 1.484, 1.482, 1.482, 1.482, 1.482, 1.481, 1.48, 1.479, 1.478, 1.478, 1.479, 1.479, 1.48, 1.48, 1.48, 1.48, 1.483, 1.483, 1.483, 1.483, 1.483, 1.482, 1.482, 1.485, 1.485, 1.485, 1.485, 1.485, 1.484, 1.484, 1.484, 1.484, 1.485, 1.486, 1.486, 1.485, 1.485, 1.484, 1.483, 1.482, 1.482, 1.482, 1.482, 1.48, 1.48, 1.48, 1.478, 1.478, 1.476, 1.475, 1.473, 1.472, 1.471, 1.471, 1.471, 1.471, 1.471, 1.472, 1.472, 1.475, 1.474, 1.477, 1.477, 1.477, 1.477, 1.477, 1.477, 1.476, 1.475, 1.471, 1.471, 1.468, 1.466, 1.464, 1.46, 1.456, 1.452, 1.448, 1.444, 1.444, 1.448, 1.446, 1.446, 1.444, 1.444, 1.444, 1.446, 1.448, 1.446, 1.446, 1.448, 1.45, 1.452, 1.456, 1.456, 1.458, 1.462, 1.464, 1.466, 1.471, 1.472, 1.474, 1.478, 1.478, 1.479, 1.48, 1.479, 1.479, 1.478, 1.478, 1.477, 1.476, 1.476, 1.476, 1.475, 1.475, 1.474, 1.474, 1.474, 1.473, 1.472, 1.472, 1.472, 1.472, 1.472, 1.472, 1.472, 1.472, 1.472, 1.472, 1.472, 1.472, 1.472, 1.473, 1.473, 1.474, 1.474, 1.474, 1.475, 1.475, 1.476, 1.477, 1.478, 1.478, 1.479, 1.479, 1.479, 1.478, 1.478, 1.477, 1.476, 1.475, 1.474, 1.474, 1.474, 1.474, 1.474, 1.475, 1.475, 1.476, 1.476, 1.476, 1.476, 1.475, 1.474, 1.474, 1.473, 1.472, 1.472, 1.471, 1.47, 1.468, 1.468, 1.468, 1.468, 1.468, 1.468, 1.468, 1.468, 1.469, 1.469, 1.47, 1.471, 1.472, 1.472, 1.472, 1.472, 1.472, 1.472, 1.472, 1.472, 1.472, 1.471, 1.472, 1.472, 1.472, 1.472, 1.472, 1.472, 1.472, 1.471, 1.471, 1.471, 1.471, 1.47, 1.47, 1.47, 1.47, 1.47, 1.469, 1.469, 1.466, 1.466, 1.466, 1.466, 1.466, 1.464, 1.464, 1.464, 1.462, 1.462, 1.462, 1.462, 1.462, 1.462, 1.46, 1.46, 1.46, 1.46, 1.46, 0, 
1.544, 1.544, 1.543, 1.539, 1.538, 1.537, 1.536, 1.536, 1.535, 1.535, 1.535, 1.535, 1.535, 1.535, 1.535, 1.535, 1.535, 1.535, 1.535, 1.535, 1.535, 1.535, 1.534, 1.533, 1.533, 1.532, 1.531, 1.531, 1.528, 1.527, 1.526, 1.526, 1.525, 1.525, 1.524, 1.524, 1.524, 1.523, 1.523, 1.524, 1.524, 1.523, 1.523, 1.522, 1.521, 1.52, 1.52, 1.52, 1.52, 1.52, 1.52, 1.52, 1.52, 1.521, 1.522, 1.522, 1.522, 1.522, 1.522, 1.521, 1.52, 1.52, 1.52, 1.52, 1.519, 1.518, 1.518, 1.518, 1.518, 1.518, 1.518, 1.518, 1.518, 1.518, 1.519, 1.519, 1.52, 1.52, 1.52, 1.519, 1.518, 1.518, 1.518, 1.518, 1.518, 1.518, 1.519, 1.519, 1.52, 1.52, 1.52, 1.52, 1.519, 1.518, 1.517, 1.516, 1.513, 1.513, 1.513, 1.513, 1.513, 1.513, 1.516, 1.516, 1.517, 1.518, 1.519, 1.52, 1.52, 1.52, 1.52, 1.52, 1.52, 1.519, 1.518, 1.517, 1.516, 1.513, 1.512, 1.512, 1.512, 1.512, 1.512, 1.512, 1.513, 1.516, 1.516, 1.516, 1.517, 1.517, 1.517, 1.518, 1.517, 1.517, 1.516, 1.516, 1.513, 1.513, 1.512, 1.512, 1.511, 1.511, 1.511, 1.511, 1.511, 1.511, 1.511, 1.511, 1.511, 1.508, 1.507, 1.507, 1.505, 1.504, 1.502, 1.501, 1.495, 1.494, 1.492, 1.49, 1.489, 1.488, 1.486, 1.485, 1.484, 1.484, 1.484, 1.484, 1.485, 1.486, 1.487, 1.488, 1.489, 1.49, 1.493, 1.492, 1.495, 1.495, 1.496, 1.496, 1.496, 1.496, 1.496, 1.496, 1.496, 1.495, 1.495, 1.495, 1.495, 1.495, 1.495, 1.496, 1.496, 1.495, 1.495, 1.495, 1.495, 1.495, 1.494, 1.494, 1.494, 1.494, 1.494, 1.494, 1.494, 1.495, 1.495, 1.496, 1.496, 1.496, 1.495, 1.494, 1.493, 1.493, 1.492, 1.492, 1.491, 1.491, 1.491, 1.49, 1.49, 1.49, 1.489, 1.489, 1.488, 1.488, 1.488, 1.488, 1.488, 1.488, 1.488, 1.489, 1.489, 1.49, 1.49, 1.49, 1.491, 1.491, 1.491, 1.491, 1.491, 1.49, 1.489, 1.488, 1.487, 1.485, 1.481, 1.481, 1.48, 1.48, 1.481, 1.478, 1.478, 1.477, 1.476, 1.475, 1.474, 1.473, 1.472, 1.472, 1.472, 1.473, 1.474, 1.474, 1.475, 1.476, 1.477, 1.478, 1.478, 1.478, 1.478, 1.48, 1.48, 1.48, 1.479, 1.479, 1.479, 1.483, 1.483, 1.483, 1.483, 1.482, 1.485, 1.484, 1.485, 1.482, 1.482, 1.482, 1.481, 1.481, 1.478, 1.478, 1.479, 1.479, 1.476, 1.477, 1.473, 1.472, 1.471, 1.468, 1.466, 1.466, 1.466, 1.466, 1.466, 1.468, 1.468, 1.471, 1.47, 1.473, 1.472, 1.472, 1.472, 1.472, 1.472, 1.471, 1.471, 1.47, 1.468, 1.466, 1.462, 1.46, 1.456, 1.452, 1.448, 1.448, 1.448, 1.444, 1.442, 1.44, 1.438, 1.438, 1.438, 1.438, 1.438, 1.44, 1.442, 1.444, 1.446, 1.448, 1.45, 1.45, 1.45, 1.452, 1.454, 1.456, 1.46, 1.464, 1.468, 1.471, 1.473, 1.477, 1.478, 1.479, 1.48, 1.48, 1.48, 1.479, 1.478, 1.478, 1.477, 1.477, 1.476, 1.476, 1.476, 1.475, 1.475, 1.474, 1.473, 1.473, 1.472, 1.472, 1.472, 1.472, 1.472, 1.472, 1.472, 1.472, 1.472, 1.472, 1.473, 1.473, 1.474, 1.474, 1.474, 1.475, 1.475, 1.475, 1.476, 1.476, 1.477, 1.477, 1.478, 1.478, 1.478, 1.478, 1.478, 1.478, 1.477, 1.476, 1.475, 1.475, 1.475, 1.474, 1.474, 1.474, 1.475, 1.475, 1.476, 1.476, 1.476, 1.475, 1.475, 1.474, 1.474, 1.473, 1.472, 1.472, 1.471, 1.471, 1.47, 1.468, 1.468, 1.468, 1.468, 1.468, 1.468, 1.468, 1.469, 1.47, 1.47, 1.471, 1.472, 1.472, 1.472, 1.472, 1.472, 1.472, 1.472, 1.472, 1.472, 1.472, 1.472, 1.472, 1.472, 1.472, 1.472, 1.472, 1.472, 1.472, 1.472, 1.472, 1.471, 1.471, 1.47, 1.47, 1.47, 1.47, 1.469, 1.469, 1.468, 1.466, 1.466, 1.466, 1.466, 1.466, 1.466, 1.464, 1.464, 1.464, 1.462, 1.462, 1.462, 1.462, 1.462, 1.46, 1.46, 1.46, 1.46, 0, 
1.545, 1.544, 1.544, 1.543, 1.538, 1.538, 1.537, 1.536, 1.535, 1.535, 1.535, 1.535, 1.535, 1.535, 1.535, 1.535, 1.535, 1.535, 1.535, 1.535, 1.535, 1.535, 1.534, 1.533, 1.533, 1.532, 1.531, 1.531, 1.528, 1.527, 1.526, 1.526, 1.525, 1.524, 1.524, 1.523, 1.523, 1.522, 1.522, 1.523, 1.523, 1.523, 1.522, 1.522, 1.521, 1.52, 1.52, 1.52, 1.52, 1.52, 1.52, 1.52, 1.521, 1.521, 1.522, 1.522, 1.523, 1.522, 1.522, 1.521, 1.52, 1.52, 1.52, 1.52, 1.519, 1.518, 1.518, 1.517, 1.517, 1.517, 1.518, 1.518, 1.518, 1.518, 1.518, 1.519, 1.52, 1.52, 1.519, 1.519, 1.518, 1.518, 1.518, 1.518, 1.518, 1.519, 1.519, 1.52, 1.52, 1.52, 1.52, 1.519, 1.518, 1.517, 1.516, 1.513, 1.512, 1.512, 1.512, 1.512, 1.512, 1.512, 1.513, 1.516, 1.517, 1.517, 1.518, 1.519, 1.52, 1.52, 1.52, 1.52, 1.52, 1.519, 1.518, 1.517, 1.516, 1.513, 1.512, 1.511, 1.511, 1.511, 1.512, 1.512, 1.512, 1.513, 1.513, 1.516, 1.516, 1.516, 1.517, 1.517, 1.517, 1.516, 1.516, 1.513, 1.513, 1.513, 1.512, 1.511, 1.511, 1.511, 1.51, 1.51, 1.51, 1.51, 1.509, 1.51, 1.507, 1.507, 1.506, 1.506, 1.5, 1.5, 1.495, 1.494, 1.492, 1.491, 1.485, 1.485, 1.479, 1.478, 1.476, 1.475, 1.474, 1.474, 1.474, 1.475, 1.476, 1.478, 1.479, 1.481, 1.482, 1.484, 1.485, 1.486, 1.488, 1.488, 1.489, 1.49, 1.49, 1.491, 1.492, 1.492, 1.492, 1.493, 1.49, 1.49, 1.49, 1.49, 1.493, 1.492, 1.492, 1.494, 1.494, 1.494, 1.494, 1.494, 1.493, 1.493, 1.493, 1.493, 1.493, 1.493, 1.494, 1.494, 1.494, 1.495, 1.496, 1.495, 1.494, 1.493, 1.492, 1.492, 1.491, 1.491, 1.49, 1.49, 1.49, 1.489, 1.488, 1.489, 1.489, 1.486, 1.486, 1.486, 1.486, 1.486, 1.486, 1.486, 1.487, 1.487, 1.488, 1.489, 1.489, 1.49, 1.49, 1.49, 1.491, 1.49, 1.489, 1.485, 1.484, 1.482, 1.48, 1.478, 1.476, 1.475, 1.474, 1.473, 1.472, 1.472, 1.471, 1.47, 1.468, 1.468, 1.466, 1.464, 1.464, 1.464, 1.464, 1.466, 1.466, 1.466, 1.468, 1.471, 1.472, 1.473, 1.474, 1.474, 1.477, 1.479, 1.479, 1.479, 1.479, 1.479, 1.479, 1.478, 1.478, 1.478, 1.478, 1.481, 1.48, 1.483, 1.48, 1.481, 1.478, 1.477, 1.477, 1.476, 1.477, 1.477, 1.474, 1.473, 1.472, 1.472, 1.471, 1.468, 1.466, 1.464, 1.462, 1.462, 1.462, 1.462, 1.462, 1.462, 1.464, 1.464, 1.466, 1.466, 1.464, 1.464, 1.464, 1.464, 1.464, 1.464, 1.464, 1.462, 1.46, 1.458, 1.454, 1.452, 1.452, 1.452, 1.448, 1.444, 1.44, 1.436, 1.434, 1.432, 1.432, 1.43, 1.43, 1.43, 1.432, 1.434, 1.436, 1.438, 1.44, 1.442, 1.444, 1.446, 1.45, 1.45, 1.45, 1.452, 1.456, 1.46, 1.466, 1.468, 1.472, 1.476, 1.478, 1.48, 1.48, 1.48, 1.48, 1.48, 1.479, 1.479, 1.478, 1.478, 1.477, 1.477, 1.477, 1.476, 1.475, 1.475, 1.474, 1.473, 1.472, 1.472, 1.472, 1.472, 1.472, 1.472, 1.472, 1.472, 1.473, 1.473, 1.474, 1.474, 1.474, 1.475, 1.475, 1.475, 1.476, 1.476, 1.476, 1.476, 1.476, 1.477, 1.478, 1.478, 1.478, 1.478, 1.478, 1.478, 1.477, 1.476, 1.476, 1.476, 1.475, 1.475, 1.474, 1.474, 1.474, 1.475, 1.475, 1.475, 1.475, 1.475, 1.474, 1.474, 1.474, 1.473, 1.472, 1.472, 1.472, 1.471, 1.47, 1.47, 1.469, 1.468, 1.468, 1.468, 1.468, 1.469, 1.47, 1.47, 1.47, 1.471, 1.472, 1.472, 1.472, 1.472, 1.472, 1.472, 1.472, 1.472, 1.472, 1.472, 1.472, 1.472, 1.472, 1.472, 1.472, 1.472, 1.472, 1.472, 1.472, 1.472, 1.472, 1.471, 1.47, 1.47, 1.47, 1.47, 1.469, 1.469, 1.468, 1.466, 1.466, 1.466, 1.466, 1.466, 1.466, 1.464, 1.464, 1.464, 1.464, 1.462, 1.462, 1.462, 1.462, 1.46, 1.46, 1.46, 1.46, 0, 
1.546, 1.545, 1.544, 1.543, 1.542, 1.538, 1.537, 1.537, 1.536, 1.535, 1.535, 1.535, 1.535, 1.535, 1.535, 1.535, 1.535, 1.535, 1.535, 1.535, 1.535, 1.534, 1.534, 1.533, 1.532, 1.532, 1.531, 1.531, 1.528, 1.527, 1.527, 1.526, 1.525, 1.524, 1.524, 1.523, 1.522, 1.522, 1.522, 1.522, 1.522, 1.522, 1.522, 1.521, 1.52, 1.52, 1.52, 1.52, 1.52, 1.52, 1.52, 1.52, 1.521, 1.522, 1.523, 1.523, 1.523, 1.523, 1.522, 1.522, 1.521, 1.52, 1.52, 1.519, 1.519, 1.518, 1.518, 1.517, 1.517, 1.517, 1.518, 1.518, 1.518, 1.518, 1.518, 1.519, 1.52, 1.52, 1.519, 1.519, 1.518, 1.518, 1.518, 1.518, 1.519, 1.519, 1.52, 1.52, 1.52, 1.52, 1.52, 1.519, 1.518, 1.517, 1.513, 1.512, 1.512, 1.511, 1.511, 1.511, 1.511, 1.512, 1.512, 1.516, 1.516, 1.517, 1.518, 1.519, 1.52, 1.52, 1.52, 1.52, 1.52, 1.519, 1.518, 1.517, 1.516, 1.512, 1.512, 1.511, 1.511, 1.511, 1.511, 1.511, 1.512, 1.513, 1.513, 1.516, 1.516, 1.516, 1.516, 1.516, 1.516, 1.516, 1.516, 1.513, 1.513, 1.512, 1.512, 1.511, 1.51, 1.51, 1.509, 1.509, 1.509, 1.508, 1.508, 1.505, 1.5, 1.5, 1.496, 1.491, 1.49, 1.488, 1.487, 1.481, 1.481, 1.48, 1.475, 1.475, 1.47, 1.468, 1.466, 1.466, 1.464, 1.464, 1.464, 1.464, 1.468, 1.468, 1.472, 1.473, 1.474, 1.476, 1.476, 1.478, 1.479, 1.48, 1.482, 1.482, 1.483, 1.484, 1.484, 1.485, 1.485, 1.485, 1.486, 1.486, 1.486, 1.487, 1.487, 1.488, 1.491, 1.493, 1.493, 1.493, 1.493, 1.489, 1.489, 1.488, 1.488, 1.488, 1.488, 1.491, 1.49, 1.493, 1.493, 1.492, 1.492, 1.492, 1.492, 1.492, 1.491, 1.49, 1.491, 1.488, 1.489, 1.489, 1.486, 1.486, 1.487, 1.484, 1.484, 1.484, 1.484, 1.484, 1.484, 1.484, 1.484, 1.485, 1.486, 1.486, 1.487, 1.488, 1.488, 1.489, 1.489, 1.486, 1.486, 1.485, 1.484, 1.482, 1.48, 1.478, 1.477, 1.471, 1.471, 1.468, 1.466, 1.466, 1.466, 1.464, 1.462, 1.462, 1.46, 1.458, 1.456, 1.456, 1.454, 1.454, 1.456, 1.458, 1.458, 1.458, 1.462, 1.464, 1.466, 1.468, 1.468, 1.47, 1.471, 1.471, 1.472, 1.472, 1.472, 1.472, 1.472, 1.473, 1.473, 1.474, 1.474, 1.474, 1.474, 1.475, 1.474, 1.474, 1.472, 1.472, 1.471, 1.47, 1.47, 1.47, 1.468, 1.468, 1.466, 1.464, 1.464, 1.462, 1.46, 1.458, 1.456, 1.456, 1.456, 1.456, 1.456, 1.456, 1.456, 1.458, 1.458, 1.458, 1.456, 1.456, 1.456, 1.456, 1.454, 1.454, 1.452, 1.452, 1.45, 1.448, 1.448, 1.452, 1.446, 1.442, 1.438, 1.434, 1.43, 1.429, 1.427, 1.425, 1.425, 1.423, 1.423, 1.423, 1.425, 1.427, 1.429, 1.43, 1.432, 1.436, 1.438, 1.44, 1.444, 1.446, 1.45, 1.452, 1.456, 1.458, 1.462, 1.466, 1.471, 1.475, 1.477, 1.48, 1.481, 1.481, 1.48, 1.48, 1.48, 1.48, 1.479, 1.478, 1.478, 1.478, 1.477, 1.477, 1.476, 1.475, 1.474, 1.473, 1.473, 1.472, 1.472, 1.472, 1.472, 1.472, 1.472, 1.473, 1.473, 1.474, 1.474, 1.475, 1.475, 1.476, 1.476, 1.476, 1.476, 1.476, 1.476, 1.476, 1.476, 1.476, 1.477, 1.477, 1.477, 1.477, 1.477, 1.477, 1.477, 1.476, 1.476, 1.476, 1.475, 1.475, 1.474, 1.474, 1.474, 1.474, 1.474, 1.474, 1.474, 1.474, 1.474, 1.474, 1.474, 1.473, 1.472, 1.472, 1.472, 1.471, 1.471, 1.47, 1.469, 1.469, 1.468, 1.468, 1.469, 1.469, 1.47, 1.47, 1.471, 1.471, 1.472, 1.472, 1.472, 1.472, 1.472, 1.472, 1.472, 1.472, 1.472, 1.472, 1.472, 1.472, 1.472, 1.472, 1.472, 1.472, 1.472, 1.472, 1.472, 1.472, 1.472, 1.471, 1.471, 1.47, 1.47, 1.47, 1.47, 1.469, 1.468, 1.466, 1.466, 1.466, 1.466, 1.466, 1.466, 1.466, 1.464, 1.464, 1.464, 1.462, 1.462, 1.462, 1.462, 1.46, 1.46, 1.46, 1.46, 0, 
1.547, 1.546, 1.545, 1.544, 1.543, 1.538, 1.538, 1.537, 1.536, 1.535, 1.535, 1.534, 1.534, 1.534, 1.534, 1.535, 1.535, 1.535, 1.535, 1.535, 1.534, 1.534, 1.533, 1.533, 1.532, 1.531, 1.531, 1.531, 1.528, 1.528, 1.527, 1.526, 1.525, 1.524, 1.523, 1.522, 1.521, 1.521, 1.521, 1.521, 1.521, 1.521, 1.521, 1.521, 1.52, 1.52, 1.52, 1.52, 1.52, 1.52, 1.52, 1.521, 1.522, 1.522, 1.523, 1.524, 1.524, 1.523, 1.522, 1.522, 1.521, 1.52, 1.52, 1.52, 1.519, 1.518, 1.518, 1.517, 1.517, 1.517, 1.518, 1.518, 1.518, 1.518, 1.518, 1.519, 1.52, 1.52, 1.52, 1.519, 1.518, 1.518, 1.518, 1.519, 1.519, 1.52, 1.52, 1.52, 1.52, 1.52, 1.519, 1.518, 1.517, 1.516, 1.513, 1.512, 1.511, 1.511, 1.511, 1.511, 1.511, 1.512, 1.512, 1.516, 1.516, 1.517, 1.518, 1.519, 1.52, 1.52, 1.52, 1.52, 1.52, 1.519, 1.518, 1.517, 1.516, 1.512, 1.512, 1.511, 1.511, 1.511, 1.511, 1.511, 1.512, 1.512, 1.513, 1.513, 1.516, 1.516, 1.516, 1.516, 1.516, 1.516, 1.513, 1.513, 1.513, 1.512, 1.511, 1.51, 1.51, 1.509, 1.509, 1.508, 1.504, 1.503, 1.502, 1.496, 1.492, 1.488, 1.484, 1.48, 1.475, 1.474, 1.472, 1.471, 1.468, 1.468, 1.464, 1.462, 1.458, 1.456, 1.454, 1.454, 1.454, 1.454, 1.454, 1.454, 1.456, 1.458, 1.46, 1.462, 1.464, 1.464, 1.466, 1.468, 1.468, 1.47, 1.471, 1.472, 1.472, 1.473, 1.474, 1.474, 1.474, 1.474, 1.474, 1.474, 1.474, 1.474, 1.478, 1.479, 1.48, 1.481, 1.482, 1.481, 1.481, 1.48, 1.48, 1.48, 1.48, 1.481, 1.482, 1.484, 1.486, 1.487, 1.488, 1.491, 1.491, 1.491, 1.491, 1.49, 1.489, 1.489, 1.486, 1.487, 1.484, 1.484, 1.485, 1.482, 1.482, 1.483, 1.483, 1.483, 1.483, 1.483, 1.483, 1.483, 1.483, 1.484, 1.485, 1.485, 1.486, 1.487, 1.484, 1.483, 1.482, 1.482, 1.48, 1.48, 1.479, 1.473, 1.472, 1.471, 1.468, 1.466, 1.462, 1.462, 1.458, 1.458, 1.458, 1.456, 1.454, 1.454, 1.452, 1.45, 1.446, 1.446, 1.446, 1.446, 1.446, 1.448, 1.448, 1.45, 1.454, 1.456, 1.458, 1.46, 1.46, 1.462, 1.462, 1.464, 1.464, 1.464, 1.464, 1.464, 1.464, 1.464, 1.466, 1.466, 1.466, 1.466, 1.466, 1.466, 1.466, 1.466, 1.464, 1.464, 1.462, 1.46, 1.46, 1.458, 1.458, 1.458, 1.456, 1.454, 1.454, 1.452, 1.45, 1.448, 1.448, 1.456, 1.456, 1.456, 1.456, 1.456, 1.448, 1.448, 1.448, 1.448, 1.456, 1.456, 1.456, 1.456, 1.454, 1.454, 1.452, 1.452, 1.45, 1.448, 1.444, 1.44, 1.436, 1.432, 1.429, 1.425, 1.421, 1.419, 1.417, 1.417, 1.415, 1.415, 1.415, 1.417, 1.417, 1.421, 1.423, 1.425, 1.427, 1.429, 1.43, 1.434, 1.438, 1.44, 1.444, 1.448, 1.452, 1.458, 1.46, 1.464, 1.47, 1.474, 1.477, 1.48, 1.481, 1.481, 1.481, 1.481, 1.481, 1.48, 1.48, 1.479, 1.479, 1.478, 1.478, 1.477, 1.477, 1.476, 1.475, 1.474, 1.473, 1.472, 1.472, 1.472, 1.472, 1.472, 1.472, 1.473, 1.474, 1.474, 1.475, 1.475, 1.476, 1.476, 1.476, 1.476, 1.476, 1.476, 1.476, 1.476, 1.476, 1.476, 1.476, 1.476, 1.476, 1.476, 1.476, 1.476, 1.476, 1.476, 1.476, 1.475, 1.475, 1.474, 1.474, 1.474, 1.474, 1.474, 1.474, 1.474, 1.474, 1.474, 1.474, 1.474, 1.474, 1.473, 1.473, 1.472, 1.472, 1.472, 1.471, 1.47, 1.47, 1.469, 1.469, 1.469, 1.47, 1.47, 1.47, 1.47, 1.471, 1.471, 1.472, 1.472, 1.472, 1.472, 1.472, 1.472, 1.472, 1.472, 1.472, 1.472, 1.472, 1.472, 1.472, 1.472, 1.472, 1.472, 1.472, 1.472, 1.472, 1.472, 1.472, 1.471, 1.471, 1.47, 1.47, 1.47, 1.47, 1.469, 1.468, 1.468, 1.466, 1.466, 1.466, 1.466, 1.466, 1.466, 1.466, 1.466, 1.464, 1.464, 1.462, 1.462, 1.462, 1.462, 1.46, 1.46, 1.462, 0, 
1.547, 1.546, 1.545, 1.544, 1.543, 1.539, 1.538, 1.537, 1.536, 1.535, 1.534, 1.534, 1.533, 1.533, 1.534, 1.534, 1.534, 1.535, 1.535, 1.534, 1.534, 1.533, 1.533, 1.532, 1.532, 1.531, 1.531, 1.528, 1.528, 1.528, 1.527, 1.526, 1.525, 1.524, 1.522, 1.521, 1.52, 1.52, 1.52, 1.52, 1.52, 1.52, 1.52, 1.52, 1.52, 1.52, 1.52, 1.52, 1.52, 1.521, 1.521, 1.522, 1.522, 1.523, 1.524, 1.524, 1.524, 1.523, 1.522, 1.522, 1.521, 1.52, 1.52, 1.52, 1.519, 1.518, 1.518, 1.518, 1.518, 1.518, 1.518, 1.518, 1.518, 1.518, 1.518, 1.519, 1.52, 1.52, 1.52, 1.519, 1.519, 1.519, 1.519, 1.519, 1.52, 1.52, 1.52, 1.52, 1.52, 1.52, 1.519, 1.518, 1.517, 1.516, 1.512, 1.512, 1.511, 1.511, 1.511, 1.511, 1.511, 1.512, 1.512, 1.516, 1.516, 1.517, 1.517, 1.519, 1.52, 1.52, 1.52, 1.52, 1.52, 1.519, 1.518, 1.517, 1.516, 1.512, 1.512, 1.511, 1.511, 1.511, 1.511, 1.511, 1.511, 1.512, 1.513, 1.513, 1.513, 1.513, 1.513, 1.516, 1.516, 1.513, 1.513, 1.513, 1.513, 1.512, 1.511, 1.51, 1.509, 1.509, 1.509, 1.505, 1.504, 1.496, 1.492, 1.488, 1.482, 1.476, 1.472, 1.466, 1.462, 1.46, 1.458, 1.456, 1.454, 1.454, 1.452, 1.45, 1.446, 1.446, 1.444, 1.442, 1.442, 1.442, 1.442, 1.444, 1.444, 1.446, 1.448, 1.45, 1.452, 1.454, 1.456, 1.456, 1.458, 1.458, 1.46, 1.46, 1.46, 1.462, 1.462, 1.462, 1.462, 1.462, 1.464, 1.464, 1.464, 1.464, 1.466, 1.468, 1.468, 1.47, 1.47, 1.469, 1.468, 1.468, 1.468, 1.468, 1.47, 1.47, 1.47, 1.475, 1.476, 1.477, 1.478, 1.478, 1.479, 1.478, 1.477, 1.476, 1.475, 1.474, 1.474, 1.474, 1.474, 1.474, 1.474, 1.474, 1.475, 1.475, 1.476, 1.476, 1.476, 1.476, 1.476, 1.477, 1.478, 1.478, 1.479, 1.48, 1.479, 1.478, 1.477, 1.476, 1.474, 1.474, 1.472, 1.471, 1.47, 1.466, 1.464, 1.46, 1.46, 1.456, 1.454, 1.452, 1.45, 1.45, 1.448, 1.446, 1.444, 1.444, 1.442, 1.442, 1.446, 1.446, 1.446, 1.446, 1.446, 1.448, 1.448, 1.444, 1.444, 1.448, 1.45, 1.452, 1.452, 1.454, 1.454, 1.454, 1.456, 1.456, 1.454, 1.454, 1.454, 1.454, 1.454, 1.454, 1.454, 1.454, 1.456, 1.456, 1.454, 1.454, 1.452, 1.452, 1.45, 1.45, 1.45, 1.45, 1.448, 1.448, 1.448, 1.454, 1.454, 1.452, 1.45, 1.448, 1.446, 1.446, 1.446, 1.446, 1.446, 1.446, 1.446, 1.448, 1.448, 1.446, 1.446, 1.446, 1.444, 1.444, 1.444, 1.442, 1.442, 1.44, 1.44, 1.436, 1.434, 1.429, 1.427, 1.421, 1.419, 1.415, 1.412, 1.41, 1.41, 1.41, 1.41, 1.41, 1.41, 1.41, 1.413, 1.413, 1.415, 1.419, 1.421, 1.423, 1.425, 1.429, 1.432, 1.436, 1.438, 1.444, 1.448, 1.454, 1.458, 1.462, 1.468, 1.473, 1.476, 1.479, 1.48, 1.481, 1.482, 1.482, 1.482, 1.481, 1.481, 1.48, 1.48, 1.479, 1.479, 1.478, 1.477, 1.476, 1.475, 1.474, 1.473, 1.472, 1.472, 1.472, 1.472, 1.472, 1.472, 1.473, 1.474, 1.475, 1.475, 1.476, 1.477, 1.477, 1.477, 1.477, 1.477, 1.477, 1.476, 1.476, 1.476, 1.476, 1.476, 1.476, 1.476, 1.476, 1.476, 1.476, 1.476, 1.476, 1.475, 1.475, 1.474, 1.474, 1.473, 1.473, 1.473, 1.473, 1.473, 1.473, 1.473, 1.474, 1.474, 1.474, 1.474, 1.473, 1.473, 1.472, 1.472, 1.472, 1.471, 1.47, 1.47, 1.47, 1.47, 1.47, 1.47, 1.47, 1.47, 1.47, 1.471, 1.471, 1.472, 1.472, 1.472, 1.472, 1.472, 1.472, 1.472, 1.472, 1.472, 1.472, 1.472, 1.472, 1.472, 1.472, 1.472, 1.472, 1.472, 1.472, 1.472, 1.472, 1.472, 1.471, 1.471, 1.47, 1.47, 1.47, 1.47, 1.469, 1.468, 1.468, 1.468, 1.468, 1.468, 1.468, 1.466, 1.466, 1.466, 1.466, 1.466, 1.466, 1.464, 1.464, 1.464, 1.462, 1.462, 1.462, 1.462, 0, 
1.548, 1.547, 1.546, 1.544, 1.543, 1.542, 1.538, 1.537, 1.536, 1.535, 1.534, 1.533, 1.533, 1.533, 1.533, 1.533, 1.534, 1.534, 1.534, 1.534, 1.533, 1.533, 1.533, 1.532, 1.531, 1.531, 1.531, 1.528, 1.528, 1.528, 1.527, 1.526, 1.524, 1.524, 1.522, 1.521, 1.52, 1.52, 1.52, 1.52, 1.52, 1.52, 1.52, 1.52, 1.52, 1.52, 1.521, 1.521, 1.521, 1.522, 1.522, 1.523, 1.523, 1.524, 1.524, 1.524, 1.524, 1.523, 1.522, 1.522, 1.521, 1.52, 1.52, 1.52, 1.519, 1.518, 1.518, 1.518, 1.518, 1.518, 1.518, 1.518, 1.518, 1.518, 1.519, 1.519, 1.52, 1.52, 1.52, 1.52, 1.52, 1.52, 1.52, 1.52, 1.52, 1.52, 1.52, 1.52, 1.52, 1.519, 1.518, 1.517, 1.516, 1.513, 1.513, 1.512, 1.511, 1.511, 1.511, 1.511, 1.511, 1.512, 1.512, 1.513, 1.516, 1.516, 1.517, 1.518, 1.519, 1.52, 1.52, 1.52, 1.52, 1.519, 1.518, 1.517, 1.516, 1.512, 1.512, 1.511, 1.511, 1.511, 1.511, 1.511, 1.511, 1.511, 1.512, 1.513, 1.513, 1.513, 1.513, 1.513, 1.513, 1.513, 1.513, 1.513, 1.512, 1.511, 1.511, 1.51, 1.509, 1.508, 1.508, 1.505, 1.499, 1.492, 1.486, 1.48, 1.472, 1.466, 1.46, 1.46, 1.462, 1.46, 1.458, 1.456, 1.454, 1.454, 1.44, 1.438, 1.434, 1.434, 1.432, 1.432, 1.43, 1.43, 1.43, 1.432, 1.434, 1.434, 1.438, 1.438, 1.44, 1.442, 1.444, 1.446, 1.446, 1.448, 1.448, 1.448, 1.448, 1.448, 1.45, 1.45, 1.45, 1.45, 1.452, 1.452, 1.452, 1.452, 1.454, 1.456, 1.456, 1.456, 1.458, 1.458, 1.456, 1.456, 1.456, 1.456, 1.458, 1.458, 1.46, 1.462, 1.464, 1.466, 1.466, 1.466, 1.466, 1.466, 1.464, 1.464, 1.462, 1.462, 1.462, 1.462, 1.462, 1.462, 1.462, 1.462, 1.462, 1.464, 1.464, 1.464, 1.464, 1.466, 1.466, 1.466, 1.468, 1.468, 1.47, 1.47, 1.47, 1.469, 1.468, 1.468, 1.466, 1.464, 1.462, 1.462, 1.46, 1.458, 1.454, 1.452, 1.45, 1.448, 1.446, 1.444, 1.444, 1.45, 1.448, 1.446, 1.444, 1.444, 1.442, 1.438, 1.436, 1.436, 1.436, 1.436, 1.436, 1.438, 1.44, 1.442, 1.444, 1.448, 1.45, 1.452, 1.452, 1.454, 1.446, 1.446, 1.446, 1.456, 1.454, 1.454, 1.454, 1.454, 1.454, 1.454, 1.454, 1.454, 1.456, 1.456, 1.454, 1.454, 1.452, 1.452, 1.45, 1.45, 1.45, 1.45, 1.448, 1.448, 1.446, 1.446, 1.444, 1.442, 1.44, 1.44, 1.438, 1.436, 1.436, 1.436, 1.436, 1.436, 1.438, 1.438, 1.438, 1.438, 1.436, 1.436, 1.434, 1.434, 1.434, 1.432, 1.43, 1.43, 1.429, 1.427, 1.423, 1.421, 1.415, 1.413, 1.41, 1.408, 1.406, 1.404, 1.404, 1.402, 1.402, 1.404, 1.404, 1.406, 1.408, 1.41, 1.41, 1.412, 1.415, 1.417, 1.419, 1.423, 1.427, 1.43, 1.434, 1.44, 1.446, 1.452, 1.458, 1.462, 1.468, 1.472, 1.476, 1.479, 1.48, 1.481, 1.482, 1.482, 1.482, 1.482, 1.481, 1.481, 1.48, 1.48, 1.479, 1.479, 1.478, 1.477, 1.476, 1.475, 1.474, 1.473, 1.472, 1.472, 1.472, 1.472, 1.473, 1.474, 1.474, 1.475, 1.476, 1.477, 1.477, 1.478, 1.478, 1.478, 1.478, 1.477, 1.476, 1.476, 1.476, 1.476, 1.476, 1.476, 1.476, 1.476, 1.476, 1.476, 1.476, 1.475, 1.474, 1.474, 1.474, 1.474, 1.473, 1.472, 1.472, 1.472, 1.472, 1.472, 1.473, 1.473, 1.473, 1.474, 1.474, 1.474, 1.473, 1.472, 1.472, 1.472, 1.471, 1.471, 1.47, 1.47, 1.47, 1.47, 1.47, 1.47, 1.47, 1.47, 1.471, 1.471, 1.472, 1.472, 1.472, 1.472, 1.472, 1.472, 1.472, 1.472, 1.472, 1.472, 1.472, 1.472, 1.472, 1.472, 1.472, 1.472, 1.472, 1.472, 1.472, 1.472, 1.472, 1.471, 1.471, 1.47, 1.47, 1.47, 1.47, 1.469, 1.468, 1.468, 1.468, 1.468, 1.468, 1.468, 1.468, 1.468, 1.468, 1.466, 1.466, 1.466, 1.466, 1.466, 1.466, 1.464, 1.464, 1.464, 1.464, 0, 
1.548, 1.547, 1.546, 1.545, 1.544, 1.543, 1.538, 1.537, 1.535, 1.534, 1.533, 1.533, 1.533, 1.533, 1.533, 1.533, 1.533, 1.533, 1.533, 1.533, 1.533, 1.533, 1.532, 1.532, 1.531, 1.531, 1.528, 1.528, 1.528, 1.528, 1.527, 1.526, 1.524, 1.523, 1.522, 1.521, 1.52, 1.52, 1.52, 1.52, 1.52, 1.52, 1.52, 1.52, 1.52, 1.521, 1.521, 1.522, 1.522, 1.523, 1.523, 1.523, 1.524, 1.524, 1.524, 1.524, 1.524, 1.524, 1.523, 1.522, 1.521, 1.52, 1.52, 1.52, 1.52, 1.519, 1.518, 1.518, 1.518, 1.518, 1.518, 1.518, 1.518, 1.518, 1.519, 1.519, 1.52, 1.52, 1.52, 1.52, 1.52, 1.52, 1.52, 1.52, 1.52, 1.52, 1.52, 1.52, 1.52, 1.519, 1.518, 1.517, 1.516, 1.513, 1.513, 1.512, 1.511, 1.511, 1.511, 1.511, 1.511, 1.512, 1.513, 1.513, 1.516, 1.516, 1.517, 1.518, 1.519, 1.52, 1.52, 1.52, 1.52, 1.519, 1.518, 1.517, 1.516, 1.512, 1.512, 1.511, 1.511, 1.511, 1.511, 1.511, 1.511, 1.511, 1.512, 1.512, 1.513, 1.513, 1.513, 1.513, 1.513, 1.513, 1.513, 1.513, 1.512, 1.511, 1.511, 1.509, 1.509, 1.507, 1.507, 1.504, 1.494, 1.486, 1.48, 1.472, 1.462, 1.454, 1.446, 1.442, 1.436, 1.432, 1.432, 1.43, 1.43, 1.43, 1.43, 1.438, 1.434, 1.434, 1.432, 1.432, 1.43, 1.43, 1.43, 1.432, 1.434, 1.434, 1.438, 1.438, 1.44, 1.442, 1.434, 1.434, 1.436, 1.436, 1.436, 1.436, 1.436, 1.436, 1.438, 1.438, 1.438, 1.438, 1.44, 1.44, 1.44, 1.44, 1.442, 1.444, 1.456, 1.456, 1.444, 1.444, 1.456, 1.446, 1.444, 1.444, 1.444, 1.446, 1.448, 1.45, 1.452, 1.454, 1.454, 1.454, 1.454, 1.454, 1.452, 1.452, 1.45, 1.45, 1.45, 1.45, 1.45, 1.45, 1.452, 1.452, 1.452, 1.452, 1.452, 1.452, 1.454, 1.454, 1.454, 1.456, 1.456, 1.456, 1.458, 1.458, 1.458, 1.458, 1.458, 1.456, 1.454, 1.454, 1.452, 1.45, 1.45, 1.446, 1.444, 1.444, 1.45, 1.448, 1.446, 1.444, 1.442, 1.442, 1.44, 1.438, 1.436, 1.434, 1.432, 1.43, 1.427, 1.427, 1.427, 1.427, 1.429, 1.429, 1.43, 1.432, 1.436, 1.438, 1.442, 1.442, 1.444, 1.444, 1.444, 1.446, 1.444, 1.444, 1.444, 1.444, 1.444, 1.444, 1.444, 1.444, 1.444, 1.444, 1.444, 1.444, 1.444, 1.442, 1.442, 1.44, 1.44, 1.438, 1.438, 1.438, 1.438, 1.436, 1.436, 1.434, 1.434, 1.432, 1.43, 1.429, 1.429, 1.429, 1.427, 1.427, 1.429, 1.429, 1.429, 1.429, 1.427, 1.427, 1.425, 1.425, 1.425, 1.423, 1.423, 1.423, 1.421, 1.419, 1.419, 1.415, 1.413, 1.41, 1.408, 1.404, 1.402, 1.399, 1.397, 1.397, 1.397, 1.397, 1.399, 1.399, 1.399, 1.4, 1.4, 1.404, 1.406, 1.406, 1.408, 1.41, 1.413, 1.417, 1.421, 1.425, 1.43, 1.436, 1.442, 1.448, 1.454, 1.462, 1.466, 1.472, 1.475, 1.478, 1.479, 1.482, 1.482, 1.483, 1.483, 1.483, 1.482, 1.482, 1.481, 1.481, 1.48, 1.479, 1.478, 1.478, 1.476, 1.475, 1.474, 1.473, 1.472, 1.471, 1.471, 1.472, 1.472, 1.474, 1.474, 1.475, 1.476, 1.477, 1.478, 1.479, 1.479, 1.479, 1.478, 1.478, 1.477, 1.476, 1.476, 1.476, 1.476, 1.476, 1.476, 1.476, 1.475, 1.475, 1.475, 1.474, 1.474, 1.474, 1.474, 1.473, 1.473, 1.472, 1.472, 1.472, 1.472, 1.472, 1.472, 1.472, 1.473, 1.474, 1.474, 1.474, 1.473, 1.472, 1.472, 1.472, 1.472, 1.471, 1.47, 1.47, 1.47, 1.47, 1.47, 1.47, 1.47, 1.47, 1.471, 1.471, 1.472, 1.472, 1.472, 1.472, 1.472, 1.472, 1.472, 1.472, 1.472, 1.472, 1.472, 1.472, 1.472, 1.472, 1.472, 1.472, 1.472, 1.472, 1.472, 1.472, 1.472, 1.471, 1.471, 1.47, 1.47, 1.47, 1.469, 1.469, 1.468, 1.468, 1.468, 1.468, 1.468, 1.468, 1.468, 1.468, 1.468, 1.468, 1.468, 1.466, 1.466, 1.466, 1.466, 1.466, 1.464, 1.464, 1.464, 0, 
1.548, 1.547, 1.546, 1.545, 1.544, 1.543, 1.538, 1.537, 1.535, 1.534, 1.533, 1.533, 1.533, 1.533, 1.533, 1.533, 1.533, 1.533, 1.533, 1.533, 1.533, 1.533, 1.532, 1.531, 1.528, 1.528, 1.528, 1.528, 1.528, 1.527, 1.526, 1.525, 1.524, 1.523, 1.522, 1.521, 1.52, 1.52, 1.52, 1.52, 1.52, 1.52, 1.52, 1.52, 1.521, 1.522, 1.522, 1.523, 1.523, 1.523, 1.524, 1.524, 1.524, 1.524, 1.524, 1.524, 1.524, 1.524, 1.523, 1.522, 1.521, 1.52, 1.52, 1.52, 1.52, 1.519, 1.519, 1.518, 1.518, 1.518, 1.518, 1.518, 1.518, 1.518, 1.519, 1.52, 1.52, 1.52, 1.52, 1.52, 1.52, 1.52, 1.52, 1.52, 1.52, 1.52, 1.52, 1.52, 1.519, 1.518, 1.518, 1.517, 1.516, 1.513, 1.513, 1.512, 1.512, 1.512, 1.512, 1.512, 1.512, 1.512, 1.513, 1.513, 1.516, 1.516, 1.517, 1.518, 1.519, 1.52, 1.52, 1.52, 1.52, 1.519, 1.518, 1.517, 1.516, 1.512, 1.512, 1.511, 1.511, 1.511, 1.511, 1.511, 1.511, 1.511, 1.511, 1.512, 1.512, 1.512, 1.512, 1.513, 1.513, 1.513, 1.513, 1.512, 1.512, 1.511, 1.51, 1.509, 1.508, 1.507, 1.506, 1.499, 1.49, 1.482, 1.472, 1.462, 1.452, 1.442, 1.434, 1.434, 1.436, 1.432, 1.432, 1.43, 1.429, 1.429, 1.429, 1.427, 1.423, 1.423, 1.423, 1.421, 1.421, 1.421, 1.421, 1.421, 1.423, 1.425, 1.427, 1.429, 1.429, 1.432, 1.432, 1.434, 1.436, 1.436, 1.436, 1.436, 1.436, 1.436, 1.438, 1.438, 1.438, 1.438, 1.44, 1.44, 1.44, 1.44, 1.442, 1.444, 1.456, 1.456, 1.444, 1.444, 1.456, 1.446, 1.444, 1.444, 1.444, 1.446, 1.448, 1.44, 1.44, 1.454, 1.454, 1.454, 1.454, 1.454, 1.452, 1.452, 1.45, 1.45, 1.45, 1.45, 1.45, 1.45, 1.452, 1.452, 1.442, 1.442, 1.442, 1.442, 1.442, 1.444, 1.444, 1.444, 1.444, 1.446, 1.448, 1.448, 1.448, 1.446, 1.446, 1.444, 1.444, 1.454, 1.452, 1.45, 1.45, 1.446, 1.444, 1.442, 1.44, 1.438, 1.436, 1.434, 1.432, 1.432, 1.432, 1.43, 1.429, 1.427, 1.425, 1.421, 1.419, 1.419, 1.417, 1.417, 1.419, 1.421, 1.421, 1.423, 1.427, 1.43, 1.432, 1.434, 1.434, 1.436, 1.436, 1.436, 1.436, 1.434, 1.434, 1.434, 1.434, 1.434, 1.434, 1.434, 1.434, 1.434, 1.434, 1.434, 1.434, 1.432, 1.43, 1.43, 1.43, 1.429, 1.429, 1.429, 1.427, 1.427, 1.427, 1.425, 1.425, 1.423, 1.421, 1.421, 1.419, 1.419, 1.419, 1.419, 1.419, 1.419, 1.419, 1.419, 1.417, 1.417, 1.415, 1.415, 1.413, 1.413, 1.413, 1.412, 1.412, 1.41, 1.408, 1.406, 1.404, 1.402, 1.399, 1.397, 1.395, 1.393, 1.393, 1.391, 1.391, 1.391, 1.393, 1.393, 1.393, 1.395, 1.397, 1.397, 1.399, 1.4, 1.404, 1.404, 1.408, 1.412, 1.415, 1.419, 1.425, 1.43, 1.438, 1.446, 1.452, 1.46, 1.466, 1.471, 1.474, 1.478, 1.479, 1.482, 1.482, 1.483, 1.484, 1.484, 1.483, 1.482, 1.482, 1.481, 1.481, 1.48, 1.479, 1.478, 1.477, 1.475, 1.474, 1.473, 1.472, 1.471, 1.471, 1.472, 1.472, 1.474, 1.474, 1.476, 1.476, 1.478, 1.479, 1.479, 1.48, 1.479, 1.479, 1.478, 1.477, 1.476, 1.476, 1.476, 1.476, 1.475, 1.475, 1.475, 1.475, 1.474, 1.474, 1.474, 1.474, 1.474, 1.473, 1.473, 1.472, 1.472, 1.472, 1.472, 1.472, 1.472, 1.472, 1.472, 1.473, 1.474, 1.474, 1.474, 1.473, 1.473, 1.472, 1.472, 1.472, 1.471, 1.47, 1.47, 1.47, 1.47, 1.47, 1.47, 1.47, 1.47, 1.47, 1.471, 1.472, 1.472, 1.472, 1.472, 1.472, 1.472, 1.472, 1.472, 1.472, 1.472, 1.472, 1.472, 1.472, 1.471, 1.471, 1.472, 1.472, 1.472, 1.472, 1.472, 1.472, 1.471, 1.47, 1.47, 1.47, 1.47, 1.469, 1.468, 1.468, 1.468, 1.468, 1.468, 1.468, 1.468, 1.468, 1.468, 1.468, 1.468, 1.468, 1.468, 1.466, 1.466, 1.466, 1.466, 1.464, 1.464, 1.464, 0, 
1.548, 1.547, 1.546, 1.545, 1.544, 1.543, 1.538, 1.536, 1.535, 1.534, 1.533, 1.532, 1.532, 1.532, 1.533, 1.533, 1.533, 1.533, 1.533, 1.533, 1.533, 1.533, 1.532, 1.531, 1.528, 1.528, 1.528, 1.527, 1.527, 1.526, 1.526, 1.525, 1.524, 1.523, 1.521, 1.52, 1.52, 1.52, 1.52, 1.52, 1.52, 1.52, 1.52, 1.521, 1.522, 1.522, 1.523, 1.523, 1.524, 1.524, 1.524, 1.524, 1.525, 1.525, 1.525, 1.524, 1.524, 1.524, 1.523, 1.522, 1.521, 1.52, 1.52, 1.52, 1.52, 1.52, 1.519, 1.519, 1.519, 1.519, 1.519, 1.519, 1.519, 1.519, 1.519, 1.52, 1.52, 1.52, 1.52, 1.52, 1.52, 1.52, 1.52, 1.52, 1.52, 1.52, 1.52, 1.52, 1.519, 1.518, 1.518, 1.517, 1.516, 1.516, 1.513, 1.513, 1.512, 1.512, 1.512, 1.513, 1.513, 1.513, 1.513, 1.513, 1.513, 1.516, 1.516, 1.517, 1.518, 1.519, 1.519, 1.52, 1.519, 1.518, 1.517, 1.516, 1.516, 1.512, 1.512, 1.511, 1.511, 1.511, 1.511, 1.511, 1.511, 1.511, 1.511, 1.511, 1.511, 1.512, 1.512, 1.512, 1.512, 1.512, 1.512, 1.512, 1.511, 1.511, 1.51, 1.509, 1.508, 1.507, 1.503, 1.496, 1.484, 1.474, 1.464, 1.452, 1.442, 1.442, 1.434, 1.429, 1.425, 1.421, 1.419, 1.417, 1.417, 1.417, 1.417, 1.415, 1.413, 1.413, 1.412, 1.412, 1.41, 1.41, 1.41, 1.412, 1.412, 1.413, 1.415, 1.417, 1.419, 1.421, 1.423, 1.425, 1.425, 1.425, 1.427, 1.427, 1.427, 1.427, 1.427, 1.427, 1.427, 1.429, 1.429, 1.43, 1.43, 1.43, 1.43, 1.432, 1.432, 1.432, 1.432, 1.432, 1.432, 1.432, 1.432, 1.432, 1.434, 1.434, 1.436, 1.438, 1.44, 1.454, 1.454, 1.454, 1.454, 1.454, 1.44, 1.44, 1.438, 1.436, 1.436, 1.438, 1.438, 1.438, 1.44, 1.44, 1.44, 1.442, 1.442, 1.442, 1.442, 1.444, 1.444, 1.444, 1.444, 1.446, 1.448, 1.448, 1.448, 1.446, 1.446, 1.444, 1.444, 1.442, 1.442, 1.44, 1.438, 1.436, 1.434, 1.432, 1.43, 1.429, 1.427, 1.427, 1.425, 1.425, 1.423, 1.421, 1.419, 1.417, 1.417, 1.413, 1.412, 1.412, 1.412, 1.412, 1.412, 1.413, 1.415, 1.417, 1.421, 1.423, 1.425, 1.427, 1.427, 1.427, 1.429, 1.429, 1.427, 1.427, 1.427, 1.427, 1.427, 1.425, 1.425, 1.425, 1.425, 1.425, 1.425, 1.425, 1.423, 1.423, 1.421, 1.421, 1.421, 1.419, 1.419, 1.419, 1.417, 1.417, 1.417, 1.415, 1.413, 1.413, 1.412, 1.412, 1.41, 1.41, 1.41, 1.41, 1.41, 1.41, 1.41, 1.41, 1.408, 1.408, 1.406, 1.406, 1.404, 1.404, 1.402, 1.402, 1.4, 1.4, 1.4, 1.399, 1.397, 1.395, 1.393, 1.391, 1.39, 1.388, 1.388, 1.388, 1.388, 1.388, 1.388, 1.39, 1.39, 1.391, 1.393, 1.393, 1.395, 1.397, 1.399, 1.4, 1.402, 1.406, 1.41, 1.413, 1.419, 1.427, 1.434, 1.442, 1.45, 1.456, 1.462, 1.468, 1.474, 1.477, 1.478, 1.482, 1.482, 1.483, 1.484, 1.484, 1.483, 1.483, 1.482, 1.482, 1.481, 1.48, 1.48, 1.478, 1.477, 1.476, 1.474, 1.473, 1.472, 1.471, 1.471, 1.472, 1.472, 1.474, 1.474, 1.476, 1.477, 1.478, 1.479, 1.48, 1.48, 1.48, 1.479, 1.478, 1.478, 1.477, 1.476, 1.476, 1.476, 1.475, 1.474, 1.474, 1.474, 1.474, 1.474, 1.474, 1.474, 1.473, 1.473, 1.472, 1.472, 1.472, 1.472, 1.472, 1.472, 1.472, 1.472, 1.472, 1.473, 1.473, 1.474, 1.474, 1.474, 1.473, 1.472, 1.472, 1.472, 1.471, 1.47, 1.47, 1.47, 1.47, 1.469, 1.469, 1.47, 1.47, 1.47, 1.471, 1.472, 1.472, 1.472, 1.472, 1.472, 1.472, 1.472, 1.472, 1.472, 1.472, 1.471, 1.471, 1.471, 1.471, 1.471, 1.471, 1.471, 1.471, 1.471, 1.471, 1.471, 1.471, 1.47, 1.47, 1.47, 1.469, 1.469, 1.468, 1.468, 1.468, 1.468, 1.468, 1.468, 1.468, 1.469, 1.469, 1.47, 1.47, 1.469, 1.468, 1.468, 1.466, 1.466, 1.466, 1.464, 1.464, 1.464, 0, 
1.548, 1.547, 1.546, 1.545, 1.544, 1.543, 1.537, 1.536, 1.535, 1.533, 1.532, 1.531, 1.531, 1.532, 1.533, 1.533, 1.533, 1.533, 1.533, 1.533, 1.533, 1.533, 1.532, 1.528, 1.528, 1.527, 1.527, 1.526, 1.526, 1.525, 1.525, 1.524, 1.523, 1.522, 1.521, 1.52, 1.52, 1.52, 1.52, 1.52, 1.52, 1.52, 1.52, 1.521, 1.522, 1.523, 1.523, 1.524, 1.524, 1.524, 1.524, 1.525, 1.525, 1.525, 1.525, 1.524, 1.524, 1.523, 1.522, 1.522, 1.521, 1.52, 1.52, 1.52, 1.52, 1.52, 1.52, 1.52, 1.52, 1.519, 1.519, 1.519, 1.519, 1.519, 1.52, 1.52, 1.52, 1.52, 1.52, 1.52, 1.52, 1.52, 1.52, 1.52, 1.52, 1.52, 1.52, 1.52, 1.519, 1.518, 1.518, 1.517, 1.516, 1.516, 1.516, 1.516, 1.516, 1.516, 1.513, 1.513, 1.513, 1.513, 1.513, 1.513, 1.513, 1.513, 1.516, 1.517, 1.518, 1.518, 1.519, 1.519, 1.518, 1.518, 1.517, 1.516, 1.516, 1.513, 1.512, 1.511, 1.511, 1.511, 1.511, 1.511, 1.511, 1.511, 1.511, 1.511, 1.511, 1.511, 1.511, 1.511, 1.511, 1.511, 1.511, 1.511, 1.511, 1.511, 1.51, 1.509, 1.507, 1.506, 1.501, 1.491, 1.479, 1.468, 1.456, 1.444, 1.442, 1.432, 1.423, 1.415, 1.412, 1.408, 1.406, 1.406, 1.406, 1.406, 1.406, 1.406, 1.404, 1.404, 1.404, 1.404, 1.402, 1.402, 1.402, 1.402, 1.402, 1.404, 1.406, 1.408, 1.41, 1.412, 1.413, 1.413, 1.415, 1.415, 1.415, 1.415, 1.415, 1.415, 1.415, 1.417, 1.417, 1.417, 1.419, 1.421, 1.419, 1.419, 1.421, 1.421, 1.421, 1.421, 1.421, 1.419, 1.419, 1.419, 1.421, 1.421, 1.423, 1.423, 1.425, 1.427, 1.429, 1.429, 1.429, 1.43, 1.43, 1.429, 1.429, 1.429, 1.427, 1.425, 1.425, 1.425, 1.427, 1.427, 1.429, 1.429, 1.429, 1.43, 1.432, 1.432, 1.432, 1.432, 1.432, 1.434, 1.434, 1.434, 1.434, 1.434, 1.434, 1.434, 1.434, 1.434, 1.432, 1.43, 1.43, 1.43, 1.429, 1.427, 1.425, 1.423, 1.423, 1.421, 1.419, 1.419, 1.417, 1.417, 1.415, 1.415, 1.413, 1.412, 1.41, 1.41, 1.408, 1.406, 1.406, 1.406, 1.408, 1.408, 1.41, 1.412, 1.413, 1.415, 1.417, 1.419, 1.419, 1.419, 1.419, 1.421, 1.419, 1.419, 1.419, 1.419, 1.417, 1.417, 1.417, 1.415, 1.415, 1.415, 1.415, 1.413, 1.412, 1.412, 1.41, 1.41, 1.41, 1.408, 1.408, 1.408, 1.408, 1.408, 1.406, 1.406, 1.406, 1.404, 1.404, 1.404, 1.402, 1.402, 1.402, 1.402, 1.4, 1.4, 1.4, 1.4, 1.399, 1.399, 1.397, 1.397, 1.395, 1.395, 1.395, 1.393, 1.393, 1.391, 1.391, 1.391, 1.39, 1.388, 1.388, 1.386, 1.384, 1.384, 1.384, 1.384, 1.384, 1.384, 1.386, 1.386, 1.386, 1.388, 1.39, 1.39, 1.391, 1.391, 1.393, 1.395, 1.399, 1.4, 1.406, 1.41, 1.417, 1.423, 1.43, 1.438, 1.446, 1.454, 1.462, 1.466, 1.472, 1.476, 1.478, 1.482, 1.482, 1.483, 1.484, 1.484, 1.484, 1.483, 1.483, 1.482, 1.482, 1.481, 1.48, 1.479, 1.478, 1.476, 1.475, 1.473, 1.472, 1.471, 1.471, 1.472, 1.472, 1.474, 1.474, 1.476, 1.477, 1.478, 1.479, 1.48, 1.48, 1.48, 1.48, 1.479, 1.478, 1.477, 1.476, 1.476, 1.476, 1.475, 1.474, 1.474, 1.474, 1.474, 1.474, 1.474, 1.473, 1.473, 1.472, 1.472, 1.472, 1.472, 1.472, 1.472, 1.472, 1.472, 1.472, 1.472, 1.473, 1.473, 1.474, 1.474, 1.474, 1.473, 1.472, 1.472, 1.472, 1.471, 1.47, 1.47, 1.47, 1.469, 1.468, 1.468, 1.469, 1.469, 1.47, 1.471, 1.472, 1.472, 1.472, 1.472, 1.472, 1.472, 1.472, 1.472, 1.472, 1.472, 1.471, 1.47, 1.47, 1.47, 1.47, 1.47, 1.47, 1.47, 1.47, 1.47, 1.47, 1.47, 1.47, 1.469, 1.469, 1.469, 1.468, 1.468, 1.468, 1.468, 1.468, 1.468, 1.468, 1.469, 1.469, 1.47, 1.47, 1.47, 1.469, 1.469, 1.468, 1.466, 1.466, 1.466, 1.466, 1.466, 1.466, 0, 
1.547, 1.547, 1.546, 1.544, 1.543, 1.538, 1.537, 1.535, 1.534, 1.533, 1.532, 1.531, 1.531, 1.532, 1.533, 1.533, 1.533, 1.533, 1.533, 1.533, 1.533, 1.532, 1.532, 1.528, 1.527, 1.527, 1.526, 1.526, 1.525, 1.525, 1.524, 1.524, 1.523, 1.522, 1.521, 1.52, 1.52, 1.52, 1.52, 1.52, 1.52, 1.52, 1.521, 1.522, 1.522, 1.523, 1.524, 1.524, 1.524, 1.525, 1.525, 1.526, 1.526, 1.526, 1.525, 1.524, 1.524, 1.523, 1.522, 1.522, 1.521, 1.52, 1.52, 1.52, 1.52, 1.52, 1.52, 1.52, 1.52, 1.52, 1.52, 1.52, 1.52, 1.52, 1.52, 1.52, 1.52, 1.52, 1.52, 1.52, 1.52, 1.52, 1.52, 1.52, 1.52, 1.52, 1.52, 1.52, 1.52, 1.519, 1.518, 1.517, 1.517, 1.516, 1.516, 1.516, 1.516, 1.516, 1.516, 1.513, 1.513, 1.513, 1.513, 1.513, 1.513, 1.513, 1.516, 1.517, 1.518, 1.518, 1.518, 1.518, 1.518, 1.518, 1.517, 1.516, 1.516, 1.513, 1.512, 1.512, 1.511, 1.511, 1.511, 1.511, 1.511, 1.511, 1.511, 1.511, 1.511, 1.511, 1.511, 1.511, 1.511, 1.511, 1.511, 1.511, 1.511, 1.511, 1.51, 1.509, 1.507, 1.506, 1.5, 1.491, 1.479, 1.464, 1.45, 1.444, 1.432, 1.421, 1.41, 1.404, 1.4, 1.397, 1.397, 1.397, 1.397, 1.397, 1.399, 1.399, 1.397, 1.397, 1.399, 1.399, 1.397, 1.397, 1.397, 1.397, 1.399, 1.399, 1.4, 1.4, 1.402, 1.402, 1.404, 1.404, 1.406, 1.406, 1.406, 1.406, 1.406, 1.406, 1.406, 1.406, 1.408, 1.408, 1.41, 1.412, 1.41, 1.41, 1.41, 1.41, 1.41, 1.41, 1.41, 1.408, 1.408, 1.408, 1.41, 1.41, 1.41, 1.412, 1.413, 1.415, 1.417, 1.417, 1.417, 1.417, 1.417, 1.417, 1.415, 1.415, 1.413, 1.413, 1.413, 1.413, 1.413, 1.415, 1.417, 1.417, 1.419, 1.419, 1.421, 1.423, 1.423, 1.423, 1.423, 1.423, 1.423, 1.425, 1.425, 1.425, 1.425, 1.423, 1.423, 1.421, 1.421, 1.421, 1.419, 1.419, 1.419, 1.417, 1.417, 1.415, 1.415, 1.413, 1.413, 1.412, 1.412, 1.41, 1.408, 1.408, 1.406, 1.406, 1.404, 1.404, 1.402, 1.402, 1.402, 1.402, 1.402, 1.404, 1.404, 1.406, 1.408, 1.41, 1.412, 1.412, 1.412, 1.412, 1.412, 1.412, 1.41, 1.41, 1.41, 1.41, 1.408, 1.408, 1.408, 1.406, 1.406, 1.404, 1.404, 1.402, 1.402, 1.402, 1.4, 1.4, 1.4, 1.4, 1.4, 1.4, 1.4, 1.4, 1.399, 1.399, 1.399, 1.397, 1.397, 1.397, 1.397, 1.395, 1.395, 1.393, 1.393, 1.393, 1.393, 1.391, 1.391, 1.39, 1.39, 1.39, 1.388, 1.388, 1.388, 1.386, 1.386, 1.386, 1.386, 1.384, 1.384, 1.384, 1.384, 1.382, 1.382, 1.382, 1.382, 1.382, 1.382, 1.382, 1.382, 1.384, 1.384, 1.386, 1.386, 1.388, 1.388, 1.388, 1.39, 1.391, 1.393, 1.397, 1.4, 1.406, 1.412, 1.419, 1.427, 1.436, 1.444, 1.452, 1.46, 1.466, 1.472, 1.476, 1.478, 1.481, 1.482, 1.483, 1.484, 1.484, 1.484, 1.484, 1.484, 1.483, 1.482, 1.481, 1.48, 1.479, 1.478, 1.476, 1.475, 1.474, 1.473, 1.472, 1.472, 1.472, 1.473, 1.474, 1.474, 1.476, 1.477, 1.478, 1.479, 1.48, 1.48, 1.48, 1.48, 1.479, 1.478, 1.477, 1.476, 1.476, 1.476, 1.475, 1.474, 1.474, 1.474, 1.474, 1.474, 1.473, 1.473, 1.472, 1.472, 1.472, 1.472, 1.472, 1.472, 1.472, 1.472, 1.472, 1.472, 1.472, 1.473, 1.474, 1.474, 1.474, 1.474, 1.473, 1.472, 1.472, 1.472, 1.471, 1.47, 1.47, 1.469, 1.468, 1.468, 1.468, 1.468, 1.469, 1.47, 1.47, 1.471, 1.472, 1.472, 1.472, 1.472, 1.472, 1.472, 1.472, 1.472, 1.472, 1.471, 1.47, 1.47, 1.47, 1.47, 1.47, 1.47, 1.47, 1.47, 1.47, 1.47, 1.47, 1.47, 1.469, 1.468, 1.468, 1.468, 1.468, 1.468, 1.468, 1.468, 1.468, 1.468, 1.469, 1.47, 1.47, 1.47, 1.47, 1.47, 1.469, 1.469, 1.468, 1.468, 1.466, 1.466, 1.466, 1.466, 0, 
1.546, 1.546, 1.545, 1.544, 1.543, 1.538, 1.537, 1.535, 1.534, 1.533, 1.532, 1.531, 1.531, 1.532, 1.532, 1.533, 1.533, 1.533, 1.533, 1.533, 1.533, 1.532, 1.532, 1.528, 1.527, 1.526, 1.525, 1.525, 1.524, 1.524, 1.524, 1.523, 1.522, 1.521, 1.52, 1.52, 1.52, 1.52, 1.52, 1.52, 1.52, 1.52, 1.521, 1.522, 1.523, 1.524, 1.524, 1.525, 1.525, 1.526, 1.526, 1.526, 1.526, 1.526, 1.525, 1.524, 1.524, 1.523, 1.522, 1.522, 1.521, 1.52, 1.52, 1.52, 1.52, 1.52, 1.52, 1.52, 1.52, 1.52, 1.52, 1.52, 1.52, 1.52, 1.52, 1.52, 1.52, 1.52, 1.52, 1.52, 1.52, 1.521, 1.521, 1.521, 1.521, 1.52, 1.52, 1.52, 1.52, 1.519, 1.519, 1.518, 1.518, 1.517, 1.517, 1.517, 1.517, 1.516, 1.516, 1.516, 1.513, 1.513, 1.513, 1.513, 1.513, 1.513, 1.516, 1.517, 1.518, 1.518, 1.518, 1.518, 1.518, 1.517, 1.517, 1.516, 1.516, 1.513, 1.513, 1.512, 1.512, 1.512, 1.511, 1.511, 1.511, 1.511, 1.511, 1.511, 1.511, 1.511, 1.511, 1.511, 1.511, 1.511, 1.511, 1.511, 1.511, 1.511, 1.51, 1.509, 1.508, 1.507, 1.499, 1.485, 1.473, 1.46, 1.446, 1.436, 1.425, 1.413, 1.404, 1.399, 1.397, 1.395, 1.395, 1.395, 1.395, 1.395, 1.395, 1.397, 1.397, 1.397, 1.397, 1.397, 1.397, 1.397, 1.395, 1.395, 1.395, 1.395, 1.397, 1.397, 1.399, 1.399, 1.399, 1.399, 1.4, 1.4, 1.402, 1.402, 1.4, 1.4, 1.4, 1.4, 1.4, 1.402, 1.402, 1.402, 1.4, 1.4, 1.402, 1.402, 1.4, 1.4, 1.4, 1.4, 1.399, 1.399, 1.4, 1.4, 1.4, 1.4, 1.402, 1.404, 1.406, 1.406, 1.406, 1.406, 1.406, 1.404, 1.404, 1.404, 1.402, 1.4, 1.4, 1.402, 1.402, 1.404, 1.406, 1.406, 1.408, 1.41, 1.41, 1.412, 1.412, 1.412, 1.412, 1.413, 1.413, 1.413, 1.413, 1.413, 1.412, 1.412, 1.412, 1.412, 1.412, 1.41, 1.41, 1.41, 1.41, 1.41, 1.41, 1.41, 1.41, 1.408, 1.408, 1.408, 1.406, 1.406, 1.404, 1.402, 1.402, 1.4, 1.4, 1.399, 1.399, 1.399, 1.399, 1.399, 1.399, 1.4, 1.4, 1.4, 1.402, 1.402, 1.404, 1.404, 1.402, 1.402, 1.402, 1.402, 1.402, 1.4, 1.4, 1.4, 1.4, 1.399, 1.399, 1.397, 1.397, 1.397, 1.397, 1.395, 1.393, 1.393, 1.393, 1.393, 1.393, 1.391, 1.391, 1.391, 1.391, 1.391, 1.391, 1.391, 1.391, 1.391, 1.391, 1.391, 1.39, 1.39, 1.39, 1.39, 1.388, 1.388, 1.388, 1.388, 1.386, 1.386, 1.386, 1.384, 1.384, 1.384, 1.384, 1.382, 1.382, 1.382, 1.382, 1.382, 1.381, 1.381, 1.381, 1.381, 1.381, 1.381, 1.381, 1.381, 1.381, 1.381, 1.382, 1.382, 1.384, 1.384, 1.384, 1.384, 1.386, 1.386, 1.388, 1.388, 1.39, 1.393, 1.397, 1.402, 1.41, 1.417, 1.425, 1.432, 1.442, 1.45, 1.458, 1.466, 1.471, 1.475, 1.478, 1.481, 1.482, 1.483, 1.484, 1.484, 1.484, 1.484, 1.484, 1.484, 1.483, 1.482, 1.481, 1.48, 1.478, 1.477, 1.476, 1.474, 1.473, 1.472, 1.472, 1.472, 1.472, 1.473, 1.474, 1.476, 1.477, 1.478, 1.479, 1.48, 1.48, 1.48, 1.48, 1.479, 1.478, 1.478, 1.476, 1.476, 1.476, 1.475, 1.474, 1.474, 1.474, 1.474, 1.473, 1.473, 1.472, 1.472, 1.472, 1.472, 1.472, 1.472, 1.472, 1.472, 1.472, 1.472, 1.472, 1.473, 1.473, 1.474, 1.474, 1.474, 1.474, 1.473, 1.473, 1.472, 1.472, 1.471, 1.47, 1.47, 1.469, 1.468, 1.468, 1.468, 1.468, 1.468, 1.469, 1.47, 1.471, 1.472, 1.472, 1.472, 1.472, 1.472, 1.472, 1.472, 1.472, 1.471, 1.471, 1.47, 1.47, 1.47, 1.47, 1.47, 1.47, 1.47, 1.47, 1.47, 1.47, 1.47, 1.47, 1.469, 1.468, 1.468, 1.468, 1.468, 1.468, 1.468, 1.468, 1.468, 1.469, 1.469, 1.47, 1.47, 1.47, 1.47, 1.47, 1.47, 1.469, 1.468, 1.468, 1.466, 1.466, 1.466, 1.466, 0, 
1.545, 1.545, 1.544, 1.543, 1.543, 1.538, 1.537, 1.535, 1.534, 1.533, 1.532, 1.531, 1.531, 1.532, 1.532, 1.533, 1.533, 1.533, 1.533, 1.533, 1.533, 1.532, 1.528, 1.528, 1.527, 1.526, 1.525, 1.524, 1.524, 1.524, 1.524, 1.523, 1.522, 1.521, 1.52, 1.52, 1.52, 1.52, 1.52, 1.52, 1.521, 1.521, 1.522, 1.523, 1.524, 1.524, 1.525, 1.526, 1.526, 1.527, 1.527, 1.527, 1.526, 1.526, 1.526, 1.524, 1.524, 1.524, 1.522, 1.522, 1.521, 1.521, 1.52, 1.52, 1.52, 1.52, 1.52, 1.52, 1.52, 1.52, 1.52, 1.52, 1.52, 1.519, 1.519, 1.52, 1.52, 1.52, 1.52, 1.52, 1.52, 1.521, 1.522, 1.522, 1.521, 1.521, 1.52, 1.52, 1.52, 1.52, 1.519, 1.519, 1.519, 1.518, 1.518, 1.518, 1.518, 1.517, 1.516, 1.516, 1.516, 1.513, 1.513, 1.513, 1.513, 1.516, 1.516, 1.517, 1.518, 1.518, 1.518, 1.518, 1.518, 1.517, 1.517, 1.516, 1.516, 1.513, 1.513, 1.513, 1.513, 1.512, 1.512, 1.512, 1.511, 1.511, 1.511, 1.511, 1.511, 1.511, 1.511, 1.511, 1.511, 1.511, 1.511, 1.511, 1.511, 1.511, 1.51, 1.509, 1.508, 1.507, 1.495, 1.484, 1.472, 1.458, 1.444, 1.432, 1.421, 1.41, 1.4, 1.395, 1.393, 1.393, 1.391, 1.391, 1.393, 1.393, 1.393, 1.395, 1.395, 1.395, 1.395, 1.395, 1.393, 1.393, 1.393, 1.393, 1.393, 1.393, 1.393, 1.393, 1.395, 1.395, 1.397, 1.397, 1.397, 1.397, 1.397, 1.397, 1.397, 1.397, 1.397, 1.395, 1.395, 1.395, 1.397, 1.397, 1.397, 1.399, 1.399, 1.399, 1.397, 1.397, 1.395, 1.395, 1.395, 1.393, 1.393, 1.393, 1.395, 1.395, 1.395, 1.397, 1.397, 1.397, 1.397, 1.397, 1.397, 1.397, 1.397, 1.397, 1.397, 1.395, 1.395, 1.395, 1.397, 1.397, 1.397, 1.4, 1.4, 1.4, 1.402, 1.402, 1.402, 1.402, 1.402, 1.402, 1.402, 1.402, 1.402, 1.402, 1.402, 1.402, 1.402, 1.4, 1.4, 1.4, 1.4, 1.4, 1.4, 1.4, 1.402, 1.402, 1.402, 1.402, 1.402, 1.402, 1.402, 1.4, 1.4, 1.399, 1.397, 1.397, 1.397, 1.395, 1.395, 1.395, 1.395, 1.395, 1.395, 1.397, 1.397, 1.397, 1.399, 1.399, 1.399, 1.397, 1.397, 1.397, 1.395, 1.395, 1.395, 1.395, 1.395, 1.395, 1.393, 1.393, 1.393, 1.391, 1.39, 1.39, 1.39, 1.388, 1.388, 1.388, 1.388, 1.388, 1.388, 1.388, 1.388, 1.388, 1.388, 1.388, 1.388, 1.388, 1.388, 1.388, 1.388, 1.388, 1.388, 1.386, 1.386, 1.386, 1.386, 1.384, 1.384, 1.384, 1.382, 1.382, 1.382, 1.382, 1.382, 1.382, 1.382, 1.382, 1.382, 1.382, 1.382, 1.382, 1.381, 1.381, 1.381, 1.381, 1.381, 1.381, 1.381, 1.381, 1.381, 1.381, 1.382, 1.382, 1.382, 1.384, 1.384, 1.384, 1.384, 1.384, 1.386, 1.386, 1.388, 1.39, 1.395, 1.399, 1.406, 1.413, 1.423, 1.432, 1.44, 1.45, 1.458, 1.466, 1.47, 1.474, 1.478, 1.479, 1.482, 1.483, 1.483, 1.484, 1.484, 1.484, 1.484, 1.484, 1.484, 1.483, 1.482, 1.48, 1.479, 1.477, 1.476, 1.474, 1.473, 1.472, 1.472, 1.472, 1.472, 1.473, 1.474, 1.476, 1.477, 1.478, 1.479, 1.48, 1.48, 1.48, 1.48, 1.479, 1.478, 1.478, 1.477, 1.476, 1.476, 1.475, 1.474, 1.474, 1.474, 1.474, 1.473, 1.472, 1.472, 1.472, 1.472, 1.472, 1.472, 1.472, 1.472, 1.472, 1.472, 1.472, 1.473, 1.473, 1.474, 1.474, 1.474, 1.474, 1.474, 1.474, 1.473, 1.472, 1.472, 1.471, 1.47, 1.469, 1.468, 1.468, 1.468, 1.468, 1.468, 1.468, 1.469, 1.47, 1.471, 1.472, 1.472, 1.472, 1.472, 1.472, 1.472, 1.472, 1.472, 1.471, 1.471, 1.47, 1.47, 1.47, 1.47, 1.47, 1.47, 1.47, 1.47, 1.47, 1.47, 1.47, 1.469, 1.469, 1.468, 1.468, 1.468, 1.468, 1.468, 1.468, 1.468, 1.468, 1.469, 1.47, 1.47, 1.47, 1.47, 1.47, 1.47, 1.469, 1.469, 1.468, 1.468, 1.466, 1.466, 1.466, 1.466, 0, 
1.544, 1.544, 1.544, 1.543, 1.539, 1.538, 1.537, 1.535, 1.533, 1.533, 1.532, 1.531, 1.531, 1.532, 1.532, 1.533, 1.533, 1.533, 1.533, 1.533, 1.533, 1.532, 1.528, 1.527, 1.526, 1.525, 1.524, 1.524, 1.524, 1.524, 1.524, 1.523, 1.522, 1.522, 1.521, 1.52, 1.52, 1.52, 1.52, 1.521, 1.522, 1.522, 1.523, 1.524, 1.524, 1.525, 1.526, 1.526, 1.527, 1.527, 1.528, 1.527, 1.527, 1.526, 1.526, 1.525, 1.524, 1.524, 1.523, 1.522, 1.522, 1.521, 1.521, 1.521, 1.521, 1.521, 1.52, 1.52, 1.52, 1.52, 1.52, 1.52, 1.52, 1.519, 1.519, 1.52, 1.52, 1.52, 1.52, 1.52, 1.521, 1.521, 1.522, 1.522, 1.522, 1.521, 1.521, 1.52, 1.52, 1.52, 1.52, 1.52, 1.52, 1.52, 1.519, 1.519, 1.519, 1.518, 1.517, 1.516, 1.516, 1.513, 1.513, 1.513, 1.513, 1.516, 1.516, 1.517, 1.518, 1.518, 1.519, 1.519, 1.518, 1.517, 1.516, 1.516, 1.516, 1.513, 1.513, 1.513, 1.513, 1.513, 1.513, 1.512, 1.512, 1.512, 1.511, 1.511, 1.511, 1.511, 1.511, 1.511, 1.511, 1.511, 1.511, 1.511, 1.511, 1.511, 1.51, 1.509, 1.507, 1.506, 1.494, 1.482, 1.471, 1.456, 1.442, 1.43, 1.419, 1.408, 1.399, 1.395, 1.393, 1.391, 1.391, 1.391, 1.391, 1.391, 1.393, 1.395, 1.395, 1.395, 1.395, 1.395, 1.393, 1.393, 1.393, 1.391, 1.391, 1.391, 1.393, 1.393, 1.395, 1.395, 1.395, 1.397, 1.397, 1.397, 1.397, 1.397, 1.397, 1.397, 1.397, 1.395, 1.395, 1.395, 1.397, 1.397, 1.397, 1.399, 1.397, 1.397, 1.395, 1.395, 1.393, 1.393, 1.391, 1.391, 1.391, 1.391, 1.391, 1.391, 1.391, 1.393, 1.393, 1.395, 1.395, 1.395, 1.395, 1.395, 1.395, 1.395, 1.393, 1.393, 1.393, 1.393, 1.393, 1.393, 1.393, 1.393, 1.393, 1.393, 1.393, 1.395, 1.395, 1.395, 1.395, 1.395, 1.395, 1.395, 1.393, 1.393, 1.393, 1.393, 1.393, 1.393, 1.393, 1.393, 1.393, 1.393, 1.395, 1.395, 1.397, 1.399, 1.399, 1.399, 1.399, 1.399, 1.399, 1.397, 1.397, 1.395, 1.395, 1.393, 1.393, 1.391, 1.391, 1.391, 1.391, 1.391, 1.393, 1.393, 1.393, 1.393, 1.395, 1.395, 1.393, 1.393, 1.393, 1.393, 1.391, 1.391, 1.391, 1.391, 1.39, 1.39, 1.39, 1.39, 1.388, 1.388, 1.386, 1.386, 1.386, 1.384, 1.384, 1.384, 1.384, 1.384, 1.384, 1.384, 1.384, 1.384, 1.384, 1.384, 1.386, 1.386, 1.386, 1.386, 1.386, 1.388, 1.386, 1.386, 1.386, 1.384, 1.384, 1.382, 1.382, 1.382, 1.382, 1.382, 1.382, 1.382, 1.382, 1.382, 1.382, 1.382, 1.382, 1.382, 1.382, 1.382, 1.381, 1.381, 1.381, 1.381, 1.381, 1.381, 1.381, 1.381, 1.381, 1.382, 1.382, 1.382, 1.382, 1.382, 1.382, 1.382, 1.382, 1.384, 1.384, 1.384, 1.386, 1.388, 1.393, 1.397, 1.404, 1.413, 1.421, 1.43, 1.44, 1.45, 1.456, 1.464, 1.47, 1.474, 1.478, 1.479, 1.482, 1.482, 1.483, 1.484, 1.484, 1.485, 1.485, 1.485, 1.484, 1.483, 1.482, 1.481, 1.479, 1.478, 1.476, 1.475, 1.474, 1.473, 1.472, 1.472, 1.472, 1.473, 1.474, 1.476, 1.477, 1.478, 1.479, 1.48, 1.48, 1.48, 1.48, 1.479, 1.478, 1.478, 1.477, 1.476, 1.476, 1.475, 1.474, 1.474, 1.474, 1.473, 1.473, 1.472, 1.472, 1.472, 1.472, 1.472, 1.472, 1.472, 1.472, 1.472, 1.472, 1.472, 1.473, 1.474, 1.474, 1.474, 1.474, 1.474, 1.474, 1.474, 1.473, 1.472, 1.472, 1.471, 1.47, 1.469, 1.468, 1.466, 1.466, 1.466, 1.466, 1.468, 1.468, 1.47, 1.471, 1.472, 1.472, 1.472, 1.472, 1.472, 1.472, 1.472, 1.472, 1.471, 1.471, 1.47, 1.47, 1.47, 1.468, 1.468, 1.47, 1.47, 1.47, 1.47, 1.47, 1.47, 1.469, 1.469, 1.468, 1.468, 1.468, 1.468, 1.468, 1.468, 1.468, 1.469, 1.469, 1.47, 1.47, 1.47, 1.47, 1.47, 1.47, 1.469, 1.468, 1.468, 1.466, 1.466, 1.466, 1.466, 1.466, 0, 
1.544, 1.543, 1.543, 1.542, 1.538, 1.537, 1.536, 1.535, 1.533, 1.532, 1.531, 1.531, 1.531, 1.531, 1.532, 1.533, 1.533, 1.533, 1.533, 1.533, 1.532, 1.532, 1.528, 1.527, 1.526, 1.525, 1.524, 1.524, 1.524, 1.524, 1.524, 1.523, 1.523, 1.522, 1.522, 1.521, 1.521, 1.521, 1.521, 1.522, 1.522, 1.523, 1.524, 1.525, 1.525, 1.526, 1.526, 1.527, 1.528, 1.528, 1.528, 1.527, 1.527, 1.526, 1.526, 1.525, 1.524, 1.524, 1.523, 1.522, 1.522, 1.522, 1.522, 1.522, 1.522, 1.521, 1.521, 1.521, 1.52, 1.52, 1.52, 1.52, 1.52, 1.52, 1.52, 1.52, 1.52, 1.52, 1.52, 1.52, 1.521, 1.522, 1.522, 1.522, 1.522, 1.522, 1.521, 1.52, 1.52, 1.52, 1.52, 1.52, 1.52, 1.52, 1.52, 1.52, 1.52, 1.519, 1.518, 1.517, 1.516, 1.516, 1.513, 1.513, 1.513, 1.516, 1.516, 1.517, 1.518, 1.518, 1.519, 1.518, 1.518, 1.517, 1.516, 1.516, 1.516, 1.516, 1.516, 1.513, 1.513, 1.513, 1.513, 1.513, 1.513, 1.512, 1.512, 1.511, 1.511, 1.511, 1.511, 1.511, 1.511, 1.511, 1.511, 1.511, 1.511, 1.511, 1.51, 1.509, 1.508, 1.503, 1.492, 1.48, 1.468, 1.454, 1.442, 1.429, 1.417, 1.406, 1.399, 1.395, 1.391, 1.391, 1.391, 1.391, 1.391, 1.391, 1.393, 1.393, 1.393, 1.395, 1.393, 1.393, 1.393, 1.393, 1.393, 1.391, 1.391, 1.391, 1.393, 1.393, 1.395, 1.395, 1.395, 1.395, 1.395, 1.395, 1.395, 1.395, 1.395, 1.395, 1.395, 1.395, 1.395, 1.397, 1.397, 1.397, 1.397, 1.397, 1.397, 1.397, 1.395, 1.395, 1.393, 1.391, 1.391, 1.391, 1.39, 1.39, 1.39, 1.39, 1.39, 1.391, 1.391, 1.391, 1.393, 1.393, 1.393, 1.393, 1.393, 1.393, 1.393, 1.393, 1.391, 1.391, 1.39, 1.39, 1.39, 1.39, 1.39, 1.39, 1.39, 1.39, 1.39, 1.39, 1.39, 1.39, 1.388, 1.388, 1.388, 1.388, 1.388, 1.388, 1.388, 1.388, 1.388, 1.39, 1.39, 1.39, 1.39, 1.393, 1.393, 1.395, 1.395, 1.395, 1.395, 1.395, 1.395, 1.395, 1.393, 1.393, 1.391, 1.391, 1.391, 1.39, 1.39, 1.39, 1.39, 1.39, 1.39, 1.391, 1.391, 1.391, 1.391, 1.391, 1.391, 1.391, 1.39, 1.39, 1.39, 1.39, 1.39, 1.39, 1.39, 1.388, 1.388, 1.388, 1.388, 1.386, 1.386, 1.386, 1.384, 1.384, 1.384, 1.384, 1.382, 1.382, 1.384, 1.384, 1.384, 1.384, 1.384, 1.384, 1.384, 1.386, 1.386, 1.386, 1.386, 1.388, 1.386, 1.386, 1.386, 1.384, 1.382, 1.382, 1.382, 1.381, 1.381, 1.381, 1.381, 1.381, 1.381, 1.381, 1.381, 1.381, 1.382, 1.382, 1.382, 1.382, 1.381, 1.381, 1.381, 1.381, 1.381, 1.381, 1.381, 1.381, 1.382, 1.382, 1.382, 1.382, 1.382, 1.382, 1.382, 1.382, 1.382, 1.382, 1.382, 1.384, 1.384, 1.388, 1.391, 1.397, 1.402, 1.412, 1.419, 1.429, 1.438, 1.448, 1.456, 1.464, 1.47, 1.474, 1.477, 1.478, 1.482, 1.482, 1.483, 1.484, 1.484, 1.485, 1.486, 1.486, 1.485, 1.484, 1.483, 1.482, 1.481, 1.477, 1.476, 1.475, 1.474, 1.473, 1.472, 1.472, 1.472, 1.473, 1.474, 1.475, 1.476, 1.478, 1.479, 1.479, 1.48, 1.48, 1.48, 1.479, 1.478, 1.478, 1.477, 1.476, 1.476, 1.475, 1.474, 1.474, 1.474, 1.473, 1.472, 1.472, 1.472, 1.472, 1.472, 1.472, 1.472, 1.472, 1.472, 1.472, 1.472, 1.473, 1.474, 1.474, 1.474, 1.474, 1.474, 1.474, 1.474, 1.474, 1.473, 1.472, 1.472, 1.471, 1.47, 1.469, 1.468, 1.466, 1.466, 1.466, 1.466, 1.466, 1.468, 1.468, 1.471, 1.472, 1.472, 1.472, 1.472, 1.472, 1.472, 1.472, 1.472, 1.471, 1.471, 1.47, 1.47, 1.47, 1.468, 1.468, 1.47, 1.47, 1.47, 1.47, 1.47, 1.47, 1.47, 1.469, 1.468, 1.468, 1.468, 1.468, 1.468, 1.468, 1.468, 1.469, 1.47, 1.47, 1.47, 1.47, 1.47, 1.47, 1.47, 1.469, 1.468, 1.468, 1.466, 1.466, 1.464, 1.464, 1.466, 0, 
1.543, 1.543, 1.542, 1.539, 1.538, 1.537, 1.535, 1.534, 1.533, 1.532, 1.531, 1.531, 1.531, 1.531, 1.532, 1.533, 1.533, 1.533, 1.533, 1.533, 1.532, 1.532, 1.528, 1.527, 1.526, 1.525, 1.524, 1.524, 1.524, 1.524, 1.524, 1.524, 1.523, 1.523, 1.522, 1.522, 1.522, 1.522, 1.522, 1.523, 1.524, 1.524, 1.525, 1.526, 1.526, 1.527, 1.527, 1.528, 1.528, 1.528, 1.528, 1.527, 1.527, 1.526, 1.526, 1.525, 1.524, 1.524, 1.523, 1.522, 1.522, 1.522, 1.522, 1.522, 1.522, 1.522, 1.522, 1.521, 1.521, 1.52, 1.52, 1.52, 1.52, 1.52, 1.52, 1.52, 1.52, 1.52, 1.52, 1.52, 1.521, 1.522, 1.522, 1.522, 1.522, 1.522, 1.521, 1.521, 1.521, 1.521, 1.521, 1.521, 1.521, 1.522, 1.522, 1.521, 1.521, 1.52, 1.519, 1.518, 1.517, 1.516, 1.516, 1.516, 1.516, 1.516, 1.516, 1.517, 1.518, 1.518, 1.518, 1.518, 1.518, 1.517, 1.516, 1.516, 1.516, 1.516, 1.516, 1.516, 1.516, 1.516, 1.513, 1.513, 1.513, 1.513, 1.512, 1.511, 1.511, 1.511, 1.511, 1.511, 1.511, 1.511, 1.511, 1.511, 1.511, 1.511, 1.51, 1.509, 1.508, 1.502, 1.49, 1.478, 1.466, 1.452, 1.44, 1.427, 1.413, 1.404, 1.399, 1.393, 1.391, 1.39, 1.39, 1.39, 1.39, 1.391, 1.393, 1.393, 1.393, 1.393, 1.393, 1.393, 1.393, 1.393, 1.393, 1.391, 1.391, 1.393, 1.393, 1.393, 1.393, 1.393, 1.395, 1.395, 1.395, 1.395, 1.395, 1.395, 1.395, 1.395, 1.395, 1.395, 1.395, 1.397, 1.397, 1.397, 1.397, 1.397, 1.397, 1.397, 1.395, 1.395, 1.393, 1.391, 1.391, 1.39, 1.39, 1.39, 1.39, 1.39, 1.39, 1.39, 1.391, 1.391, 1.391, 1.391, 1.393, 1.393, 1.393, 1.393, 1.391, 1.391, 1.391, 1.391, 1.39, 1.39, 1.39, 1.39, 1.39, 1.39, 1.39, 1.39, 1.39, 1.39, 1.388, 1.388, 1.388, 1.386, 1.386, 1.386, 1.384, 1.384, 1.384, 1.384, 1.384, 1.386, 1.388, 1.388, 1.39, 1.39, 1.391, 1.391, 1.393, 1.393, 1.393, 1.393, 1.393, 1.393, 1.391, 1.39, 1.39, 1.39, 1.39, 1.388, 1.388, 1.388, 1.388, 1.388, 1.388, 1.39, 1.39, 1.39, 1.39, 1.39, 1.39, 1.39, 1.388, 1.388, 1.388, 1.388, 1.388, 1.388, 1.388, 1.388, 1.388, 1.388, 1.386, 1.386, 1.386, 1.386, 1.384, 1.384, 1.384, 1.382, 1.382, 1.382, 1.382, 1.382, 1.382, 1.382, 1.382, 1.384, 1.384, 1.384, 1.386, 1.386, 1.386, 1.386, 1.386, 1.386, 1.384, 1.384, 1.382, 1.382, 1.381, 1.381, 1.381, 1.381, 1.381, 1.381, 1.381, 1.381, 1.381, 1.381, 1.381, 1.382, 1.382, 1.382, 1.381, 1.381, 1.381, 1.381, 1.381, 1.381, 1.381, 1.381, 1.382, 1.382, 1.382, 1.382, 1.382, 1.382, 1.382, 1.382, 1.382, 1.382, 1.382, 1.382, 1.384, 1.386, 1.391, 1.395, 1.402, 1.412, 1.419, 1.429, 1.438, 1.448, 1.456, 1.464, 1.47, 1.474, 1.477, 1.478, 1.481, 1.482, 1.482, 1.483, 1.484, 1.485, 1.485, 1.486, 1.486, 1.485, 1.484, 1.483, 1.482, 1.478, 1.477, 1.476, 1.475, 1.474, 1.473, 1.473, 1.473, 1.473, 1.474, 1.475, 1.476, 1.477, 1.478, 1.479, 1.479, 1.479, 1.48, 1.479, 1.478, 1.478, 1.477, 1.476, 1.476, 1.475, 1.474, 1.474, 1.474, 1.473, 1.472, 1.472, 1.472, 1.472, 1.472, 1.472, 1.472, 1.472, 1.472, 1.472, 1.473, 1.473, 1.474, 1.474, 1.474, 1.474, 1.474, 1.474, 1.474, 1.473, 1.473, 1.472, 1.472, 1.471, 1.47, 1.469, 1.466, 1.466, 1.466, 1.466, 1.466, 1.466, 1.468, 1.468, 1.471, 1.472, 1.472, 1.472, 1.473, 1.473, 1.472, 1.472, 1.472, 1.472, 1.471, 1.47, 1.47, 1.47, 1.47, 1.47, 1.47, 1.47, 1.47, 1.47, 1.47, 1.47, 1.47, 1.469, 1.468, 1.468, 1.468, 1.468, 1.468, 1.469, 1.469, 1.47, 1.47, 1.47, 1.47, 1.47, 1.47, 1.47, 1.469, 1.469, 1.468, 1.466, 1.466, 1.466, 1.464, 1.464, 1.464, 0, 
1.542, 1.542, 1.539, 1.538, 1.537, 1.536, 1.535, 1.533, 1.532, 1.531, 1.531, 1.531, 1.531, 1.531, 1.531, 1.532, 1.533, 1.533, 1.533, 1.532, 1.532, 1.531, 1.528, 1.527, 1.526, 1.525, 1.524, 1.524, 1.524, 1.524, 1.524, 1.524, 1.524, 1.524, 1.524, 1.524, 1.524, 1.524, 1.524, 1.524, 1.525, 1.525, 1.526, 1.526, 1.527, 1.527, 1.528, 1.528, 1.528, 1.528, 1.528, 1.527, 1.526, 1.526, 1.526, 1.525, 1.524, 1.524, 1.523, 1.522, 1.522, 1.522, 1.522, 1.522, 1.522, 1.522, 1.522, 1.522, 1.521, 1.521, 1.52, 1.52, 1.52, 1.52, 1.52, 1.52, 1.52, 1.52, 1.52, 1.521, 1.522, 1.522, 1.523, 1.523, 1.523, 1.522, 1.522, 1.522, 1.522, 1.522, 1.522, 1.522, 1.522, 1.522, 1.523, 1.522, 1.521, 1.52, 1.52, 1.518, 1.517, 1.516, 1.516, 1.516, 1.516, 1.516, 1.517, 1.517, 1.518, 1.518, 1.518, 1.518, 1.518, 1.517, 1.516, 1.516, 1.516, 1.516, 1.516, 1.516, 1.516, 1.516, 1.516, 1.513, 1.513, 1.513, 1.513, 1.512, 1.511, 1.511, 1.511, 1.511, 1.511, 1.511, 1.511, 1.511, 1.511, 1.511, 1.51, 1.509, 1.508, 1.501, 1.488, 1.476, 1.464, 1.448, 1.438, 1.423, 1.412, 1.402, 1.395, 1.393, 1.39, 1.39, 1.39, 1.39, 1.39, 1.391, 1.393, 1.393, 1.393, 1.393, 1.393, 1.393, 1.393, 1.393, 1.393, 1.393, 1.393, 1.393, 1.393, 1.393, 1.393, 1.393, 1.393, 1.395, 1.395, 1.395, 1.395, 1.395, 1.395, 1.395, 1.395, 1.395, 1.397, 1.397, 1.397, 1.397, 1.397, 1.399, 1.397, 1.397, 1.395, 1.395, 1.393, 1.393, 1.391, 1.39, 1.39, 1.39, 1.39, 1.39, 1.39, 1.39, 1.39, 1.39, 1.391, 1.391, 1.391, 1.393, 1.393, 1.391, 1.391, 1.391, 1.391, 1.39, 1.39, 1.39, 1.388, 1.388, 1.388, 1.388, 1.388, 1.388, 1.388, 1.388, 1.388, 1.388, 1.386, 1.386, 1.386, 1.384, 1.384, 1.384, 1.384, 1.384, 1.384, 1.384, 1.386, 1.386, 1.388, 1.39, 1.39, 1.391, 1.391, 1.391, 1.391, 1.391, 1.391, 1.39, 1.39, 1.39, 1.388, 1.388, 1.388, 1.388, 1.388, 1.388, 1.388, 1.388, 1.388, 1.388, 1.388, 1.388, 1.388, 1.388, 1.388, 1.388, 1.386, 1.386, 1.386, 1.386, 1.386, 1.386, 1.386, 1.386, 1.386, 1.386, 1.386, 1.384, 1.384, 1.384, 1.382, 1.382, 1.382, 1.382, 1.381, 1.381, 1.381, 1.381, 1.382, 1.382, 1.382, 1.382, 1.382, 1.384, 1.384, 1.386, 1.386, 1.386, 1.386, 1.386, 1.384, 1.382, 1.382, 1.382, 1.381, 1.381, 1.381, 1.381, 1.381, 1.381, 1.381, 1.381, 1.381, 1.381, 1.381, 1.381, 1.381, 1.382, 1.382, 1.381, 1.381, 1.381, 1.381, 1.382, 1.382, 1.382, 1.382, 1.382, 1.382, 1.382, 1.382, 1.382, 1.381, 1.381, 1.381, 1.381, 1.381, 1.382, 1.384, 1.386, 1.391, 1.395, 1.402, 1.41, 1.419, 1.429, 1.438, 1.448, 1.456, 1.464, 1.47, 1.474, 1.477, 1.477, 1.481, 1.482, 1.482, 1.483, 1.484, 1.484, 1.485, 1.486, 1.486, 1.486, 1.485, 1.484, 1.483, 1.479, 1.478, 1.477, 1.475, 1.474, 1.474, 1.474, 1.474, 1.474, 1.474, 1.475, 1.476, 1.477, 1.478, 1.478, 1.478, 1.479, 1.479, 1.478, 1.478, 1.477, 1.476, 1.476, 1.476, 1.475, 1.474, 1.474, 1.474, 1.473, 1.472, 1.472, 1.472, 1.472, 1.472, 1.472, 1.472, 1.472, 1.472, 1.473, 1.473, 1.474, 1.474, 1.474, 1.474, 1.474, 1.474, 1.474, 1.474, 1.473, 1.472, 1.472, 1.471, 1.47, 1.469, 1.469, 1.466, 1.466, 1.466, 1.466, 1.466, 1.466, 1.466, 1.468, 1.471, 1.472, 1.472, 1.472, 1.473, 1.473, 1.473, 1.472, 1.472, 1.472, 1.471, 1.47, 1.47, 1.47, 1.47, 1.47, 1.47, 1.47, 1.47, 1.47, 1.47, 1.47, 1.47, 1.469, 1.469, 1.468, 1.468, 1.468, 1.469, 1.47, 1.47, 1.47, 1.47, 1.47, 1.47, 1.47, 1.47, 1.47, 1.469, 1.468, 1.468, 1.466, 1.466, 1.466, 1.464, 1.464, 1.464, 0, 
1.542, 1.539, 1.538, 1.537, 1.537, 1.535, 1.534, 1.533, 1.532, 1.531, 1.531, 1.531, 1.531, 1.531, 1.531, 1.532, 1.532, 1.533, 1.533, 1.532, 1.531, 1.531, 1.528, 1.527, 1.526, 1.525, 1.524, 1.524, 1.524, 1.524, 1.524, 1.524, 1.524, 1.524, 1.524, 1.524, 1.524, 1.525, 1.525, 1.526, 1.526, 1.526, 1.527, 1.527, 1.528, 1.528, 1.531, 1.531, 1.528, 1.528, 1.528, 1.527, 1.526, 1.526, 1.526, 1.525, 1.524, 1.524, 1.524, 1.523, 1.522, 1.522, 1.522, 1.522, 1.522, 1.522, 1.522, 1.522, 1.522, 1.521, 1.52, 1.52, 1.52, 1.52, 1.52, 1.52, 1.52, 1.52, 1.52, 1.521, 1.522, 1.523, 1.523, 1.524, 1.523, 1.523, 1.522, 1.522, 1.522, 1.522, 1.522, 1.523, 1.523, 1.523, 1.523, 1.523, 1.522, 1.521, 1.52, 1.519, 1.518, 1.517, 1.516, 1.516, 1.516, 1.516, 1.517, 1.518, 1.518, 1.519, 1.519, 1.518, 1.518, 1.517, 1.516, 1.516, 1.516, 1.516, 1.516, 1.516, 1.516, 1.516, 1.516, 1.516, 1.513, 1.513, 1.513, 1.512, 1.512, 1.511, 1.511, 1.511, 1.511, 1.511, 1.511, 1.511, 1.511, 1.51, 1.51, 1.509, 1.508, 1.501, 1.487, 1.474, 1.462, 1.448, 1.434, 1.421, 1.41, 1.4, 1.395, 1.391, 1.39, 1.39, 1.39, 1.39, 1.39, 1.391, 1.393, 1.393, 1.393, 1.393, 1.393, 1.393, 1.393, 1.393, 1.393, 1.393, 1.393, 1.393, 1.393, 1.393, 1.393, 1.393, 1.393, 1.395, 1.395, 1.395, 1.395, 1.395, 1.395, 1.395, 1.395, 1.397, 1.397, 1.397, 1.397, 1.397, 1.399, 1.399, 1.399, 1.397, 1.397, 1.395, 1.393, 1.393, 1.391, 1.39, 1.39, 1.39, 1.388, 1.388, 1.39, 1.39, 1.39, 1.39, 1.391, 1.391, 1.391, 1.391, 1.391, 1.391, 1.391, 1.39, 1.39, 1.39, 1.39, 1.39, 1.388, 1.388, 1.388, 1.388, 1.388, 1.388, 1.388, 1.388, 1.388, 1.386, 1.386, 1.384, 1.384, 1.384, 1.384, 1.384, 1.382, 1.382, 1.384, 1.384, 1.384, 1.386, 1.386, 1.388, 1.388, 1.39, 1.39, 1.39, 1.39, 1.39, 1.39, 1.39, 1.388, 1.388, 1.388, 1.388, 1.386, 1.386, 1.386, 1.386, 1.386, 1.386, 1.388, 1.388, 1.388, 1.388, 1.388, 1.386, 1.386, 1.386, 1.384, 1.384, 1.384, 1.384, 1.384, 1.384, 1.384, 1.384, 1.384, 1.384, 1.384, 1.382, 1.382, 1.382, 1.382, 1.382, 1.382, 1.381, 1.381, 1.381, 1.381, 1.381, 1.381, 1.381, 1.382, 1.382, 1.382, 1.384, 1.384, 1.386, 1.386, 1.386, 1.386, 1.386, 1.384, 1.382, 1.382, 1.382, 1.381, 1.381, 1.379, 1.379, 1.379, 1.381, 1.381, 1.381, 1.381, 1.381, 1.381, 1.381, 1.381, 1.381, 1.382, 1.381, 1.381, 1.381, 1.382, 1.382, 1.382, 1.382, 1.382, 1.382, 1.382, 1.382, 1.381, 1.381, 1.381, 1.381, 1.381, 1.381, 1.381, 1.381, 1.384, 1.386, 1.39, 1.395, 1.402, 1.41, 1.419, 1.429, 1.438, 1.448, 1.456, 1.464, 1.47, 1.474, 1.477, 1.478, 1.48, 1.481, 1.482, 1.482, 1.483, 1.484, 1.485, 1.486, 1.486, 1.486, 1.485, 1.484, 1.483, 1.48, 1.479, 1.477, 1.476, 1.475, 1.474, 1.474, 1.474, 1.474, 1.474, 1.475, 1.476, 1.476, 1.477, 1.478, 1.478, 1.478, 1.478, 1.478, 1.478, 1.477, 1.476, 1.476, 1.476, 1.475, 1.474, 1.474, 1.474, 1.473, 1.472, 1.472, 1.472, 1.472, 1.472, 1.472, 1.472, 1.472, 1.473, 1.473, 1.474, 1.474, 1.474, 1.474, 1.474, 1.474, 1.474, 1.474, 1.474, 1.473, 1.472, 1.472, 1.471, 1.471, 1.468, 1.466, 1.466, 1.466, 1.466, 1.466, 1.466, 1.466, 1.466, 1.468, 1.471, 1.471, 1.472, 1.472, 1.473, 1.474, 1.473, 1.473, 1.472, 1.472, 1.471, 1.471, 1.471, 1.47, 1.47, 1.47, 1.47, 1.47, 1.47, 1.47, 1.47, 1.47, 1.47, 1.469, 1.469, 1.468, 1.468, 1.469, 1.469, 1.47, 1.47, 1.47, 1.47, 1.47, 1.47, 1.47, 1.47, 1.469, 1.469, 1.468, 1.466, 1.466, 1.466, 1.466, 1.464, 1.464, 1.464, 0, 
1.539, 1.538, 1.538, 1.537, 1.536, 1.535, 1.534, 1.533, 1.532, 1.531, 1.531, 1.531, 1.531, 1.531, 1.531, 1.531, 1.532, 1.532, 1.532, 1.532, 1.531, 1.531, 1.528, 1.528, 1.527, 1.526, 1.525, 1.525, 1.524, 1.524, 1.524, 1.524, 1.525, 1.525, 1.525, 1.526, 1.526, 1.526, 1.526, 1.527, 1.527, 1.527, 1.528, 1.531, 1.531, 1.531, 1.531, 1.531, 1.531, 1.531, 1.528, 1.527, 1.527, 1.526, 1.526, 1.525, 1.524, 1.524, 1.524, 1.523, 1.523, 1.522, 1.522, 1.522, 1.522, 1.522, 1.522, 1.522, 1.522, 1.521, 1.521, 1.52, 1.52, 1.52, 1.52, 1.52, 1.52, 1.52, 1.521, 1.522, 1.523, 1.523, 1.524, 1.524, 1.524, 1.523, 1.523, 1.522, 1.522, 1.522, 1.523, 1.523, 1.524, 1.524, 1.524, 1.524, 1.523, 1.522, 1.52, 1.519, 1.518, 1.517, 1.516, 1.516, 1.516, 1.517, 1.517, 1.518, 1.518, 1.519, 1.518, 1.518, 1.518, 1.517, 1.516, 1.516, 1.516, 1.516, 1.516, 1.517, 1.517, 1.517, 1.516, 1.516, 1.516, 1.513, 1.513, 1.513, 1.512, 1.512, 1.511, 1.511, 1.511, 1.511, 1.511, 1.511, 1.511, 1.51, 1.509, 1.509, 1.507, 1.5, 1.486, 1.473, 1.46, 1.446, 1.432, 1.421, 1.408, 1.4, 1.393, 1.391, 1.39, 1.39, 1.39, 1.39, 1.39, 1.391, 1.393, 1.393, 1.393, 1.393, 1.393, 1.393, 1.393, 1.393, 1.393, 1.393, 1.393, 1.393, 1.393, 1.393, 1.393, 1.393, 1.393, 1.395, 1.395, 1.395, 1.395, 1.395, 1.395, 1.395, 1.395, 1.397, 1.397, 1.397, 1.397, 1.397, 1.399, 1.399, 1.399, 1.397, 1.397, 1.395, 1.393, 1.393, 1.391, 1.39, 1.39, 1.39, 1.388, 1.388, 1.39, 1.39, 1.39, 1.39, 1.39, 1.391, 1.391, 1.391, 1.391, 1.391, 1.39, 1.39, 1.39, 1.39, 1.388, 1.388, 1.388, 1.388, 1.388, 1.388, 1.388, 1.388, 1.388, 1.388, 1.388, 1.386, 1.386, 1.384, 1.384, 1.384, 1.384, 1.384, 1.382, 1.382, 1.384, 1.384, 1.384, 1.384, 1.386, 1.386, 1.386, 1.388, 1.388, 1.388, 1.388, 1.39, 1.39, 1.388, 1.388, 1.388, 1.386, 1.386, 1.386, 1.386, 1.386, 1.386, 1.386, 1.386, 1.386, 1.386, 1.386, 1.386, 1.386, 1.384, 1.384, 1.384, 1.382, 1.382, 1.382, 1.382, 1.382, 1.382, 1.382, 1.382, 1.382, 1.382, 1.382, 1.382, 1.382, 1.382, 1.382, 1.382, 1.381, 1.381, 1.381, 1.381, 1.381, 1.381, 1.381, 1.381, 1.381, 1.382, 1.382, 1.384, 1.384, 1.386, 1.386, 1.386, 1.386, 1.386, 1.384, 1.382, 1.382, 1.382, 1.381, 1.381, 1.379, 1.379, 1.379, 1.379, 1.381, 1.381, 1.381, 1.381, 1.381, 1.381, 1.381, 1.381, 1.382, 1.382, 1.381, 1.381, 1.382, 1.382, 1.382, 1.382, 1.382, 1.382, 1.382, 1.381, 1.381, 1.381, 1.381, 1.381, 1.381, 1.381, 1.381, 1.381, 1.384, 1.386, 1.39, 1.395, 1.402, 1.41, 1.421, 1.43, 1.44, 1.448, 1.458, 1.464, 1.47, 1.474, 1.477, 1.478, 1.48, 1.481, 1.482, 1.482, 1.483, 1.484, 1.485, 1.486, 1.486, 1.486, 1.486, 1.485, 1.484, 1.482, 1.48, 1.478, 1.477, 1.476, 1.475, 1.475, 1.474, 1.474, 1.474, 1.474, 1.475, 1.476, 1.477, 1.477, 1.477, 1.477, 1.478, 1.477, 1.477, 1.477, 1.476, 1.476, 1.476, 1.475, 1.474, 1.474, 1.474, 1.473, 1.473, 1.472, 1.472, 1.472, 1.472, 1.472, 1.472, 1.473, 1.473, 1.474, 1.474, 1.474, 1.474, 1.474, 1.474, 1.474, 1.474, 1.474, 1.474, 1.473, 1.472, 1.472, 1.471, 1.471, 1.468, 1.466, 1.466, 1.466, 1.466, 1.466, 1.466, 1.466, 1.466, 1.468, 1.47, 1.471, 1.472, 1.472, 1.473, 1.474, 1.474, 1.473, 1.473, 1.472, 1.472, 1.472, 1.471, 1.471, 1.471, 1.47, 1.47, 1.47, 1.47, 1.47, 1.47, 1.47, 1.47, 1.469, 1.469, 1.468, 1.468, 1.469, 1.47, 1.47, 1.47, 1.47, 1.47, 1.47, 1.47, 1.47, 1.469, 1.469, 1.468, 1.468, 1.466, 1.466, 1.466, 1.466, 1.464, 1.464, 1.464, 0, 
1.539, 1.538, 1.537, 1.536, 1.535, 1.534, 1.533, 1.532, 1.531, 1.531, 1.528, 1.528, 1.528, 1.528, 1.528, 1.531, 1.531, 1.532, 1.532, 1.531, 1.531, 1.531, 1.528, 1.528, 1.527, 1.526, 1.526, 1.525, 1.525, 1.525, 1.525, 1.525, 1.526, 1.526, 1.526, 1.527, 1.527, 1.527, 1.527, 1.528, 1.531, 1.531, 1.531, 1.531, 1.531, 1.531, 1.531, 1.531, 1.531, 1.531, 1.528, 1.527, 1.527, 1.526, 1.526, 1.525, 1.525, 1.524, 1.524, 1.524, 1.523, 1.522, 1.522, 1.522, 1.522, 1.522, 1.522, 1.522, 1.522, 1.522, 1.521, 1.521, 1.52, 1.52, 1.52, 1.52, 1.52, 1.52, 1.521, 1.522, 1.523, 1.524, 1.524, 1.524, 1.524, 1.524, 1.523, 1.523, 1.522, 1.523, 1.523, 1.524, 1.524, 1.524, 1.524, 1.524, 1.523, 1.522, 1.521, 1.52, 1.519, 1.518, 1.517, 1.516, 1.516, 1.517, 1.518, 1.518, 1.518, 1.518, 1.518, 1.518, 1.517, 1.516, 1.516, 1.516, 1.516, 1.516, 1.517, 1.517, 1.518, 1.517, 1.517, 1.516, 1.516, 1.516, 1.513, 1.513, 1.513, 1.512, 1.512, 1.511, 1.511, 1.511, 1.511, 1.511, 1.511, 1.51, 1.509, 1.509, 1.505, 1.495, 1.484, 1.472, 1.458, 1.444, 1.432, 1.419, 1.406, 1.399, 1.393, 1.391, 1.39, 1.39, 1.39, 1.39, 1.39, 1.391, 1.393, 1.393, 1.393, 1.393, 1.393, 1.393, 1.393, 1.393, 1.393, 1.393, 1.393, 1.393, 1.393, 1.393, 1.393, 1.393, 1.393, 1.395, 1.395, 1.395, 1.395, 1.395, 1.395, 1.395, 1.397, 1.397, 1.397, 1.397, 1.397, 1.397, 1.399, 1.399, 1.399, 1.397, 1.397, 1.397, 1.395, 1.393, 1.391, 1.391, 1.39, 1.39, 1.388, 1.388, 1.39, 1.39, 1.39, 1.39, 1.39, 1.391, 1.391, 1.391, 1.391, 1.391, 1.39, 1.39, 1.39, 1.39, 1.388, 1.388, 1.388, 1.388, 1.388, 1.388, 1.388, 1.388, 1.388, 1.388, 1.386, 1.386, 1.386, 1.384, 1.384, 1.384, 1.384, 1.384, 1.382, 1.382, 1.382, 1.384, 1.384, 1.384, 1.384, 1.386, 1.386, 1.386, 1.386, 1.388, 1.388, 1.388, 1.388, 1.388, 1.386, 1.386, 1.386, 1.386, 1.386, 1.384, 1.384, 1.386, 1.386, 1.386, 1.386, 1.386, 1.386, 1.386, 1.384, 1.384, 1.384, 1.382, 1.382, 1.382, 1.382, 1.382, 1.382, 1.382, 1.382, 1.382, 1.382, 1.382, 1.382, 1.382, 1.382, 1.382, 1.382, 1.382, 1.381, 1.381, 1.381, 1.381, 1.381, 1.381, 1.381, 1.381, 1.381, 1.381, 1.382, 1.382, 1.384, 1.386, 1.386, 1.386, 1.386, 1.386, 1.384, 1.382, 1.382, 1.381, 1.381, 1.379, 1.379, 1.379, 1.379, 1.379, 1.379, 1.381, 1.381, 1.381, 1.381, 1.381, 1.381, 1.381, 1.381, 1.381, 1.382, 1.382, 1.382, 1.382, 1.382, 1.382, 1.382, 1.382, 1.382, 1.381, 1.381, 1.381, 1.381, 1.381, 1.379, 1.379, 1.381, 1.381, 1.384, 1.386, 1.39, 1.397, 1.402, 1.412, 1.421, 1.43, 1.44, 1.45, 1.458, 1.464, 1.47, 1.474, 1.478, 1.479, 1.48, 1.481, 1.482, 1.482, 1.483, 1.484, 1.485, 1.486, 1.486, 1.486, 1.487, 1.486, 1.484, 1.483, 1.481, 1.48, 1.478, 1.477, 1.476, 1.475, 1.474, 1.474, 1.474, 1.474, 1.475, 1.475, 1.476, 1.476, 1.476, 1.476, 1.476, 1.476, 1.476, 1.476, 1.476, 1.476, 1.476, 1.475, 1.474, 1.474, 1.474, 1.474, 1.473, 1.472, 1.472, 1.472, 1.472, 1.472, 1.473, 1.473, 1.474, 1.474, 1.474, 1.474, 1.474, 1.474, 1.474, 1.474, 1.474, 1.474, 1.473, 1.473, 1.472, 1.472, 1.471, 1.468, 1.468, 1.466, 1.466, 1.464, 1.464, 1.464, 1.466, 1.466, 1.466, 1.468, 1.468, 1.471, 1.472, 1.472, 1.473, 1.474, 1.474, 1.474, 1.473, 1.473, 1.472, 1.472, 1.472, 1.472, 1.472, 1.471, 1.471, 1.47, 1.47, 1.47, 1.47, 1.47, 1.47, 1.47, 1.469, 1.469, 1.469, 1.469, 1.47, 1.47, 1.47, 1.47, 1.47, 1.47, 1.47, 1.469, 1.469, 1.468, 1.468, 1.468, 1.466, 1.466, 1.466, 1.466, 1.464, 1.464, 1.464, 0, 
1.538, 1.537, 1.536, 1.536, 1.535, 1.534, 1.533, 1.532, 1.531, 1.528, 1.528, 1.528, 1.528, 1.528, 1.528, 1.528, 1.528, 1.528, 1.528, 1.528, 1.531, 1.531, 1.528, 1.528, 1.528, 1.527, 1.527, 1.526, 1.526, 1.526, 1.526, 1.526, 1.527, 1.527, 1.527, 1.528, 1.528, 1.528, 1.531, 1.531, 1.531, 1.531, 1.531, 1.531, 1.531, 1.531, 1.531, 1.531, 1.531, 1.531, 1.528, 1.527, 1.527, 1.526, 1.526, 1.526, 1.525, 1.524, 1.524, 1.524, 1.523, 1.522, 1.522, 1.522, 1.522, 1.522, 1.522, 1.522, 1.522, 1.522, 1.522, 1.521, 1.52, 1.52, 1.52, 1.52, 1.52, 1.52, 1.521, 1.522, 1.523, 1.524, 1.524, 1.524, 1.524, 1.524, 1.523, 1.523, 1.522, 1.523, 1.523, 1.524, 1.524, 1.524, 1.524, 1.524, 1.524, 1.523, 1.522, 1.52, 1.519, 1.518, 1.517, 1.517, 1.517, 1.517, 1.518, 1.518, 1.518, 1.518, 1.518, 1.518, 1.517, 1.516, 1.516, 1.516, 1.516, 1.517, 1.517, 1.518, 1.518, 1.518, 1.517, 1.517, 1.516, 1.516, 1.513, 1.513, 1.513, 1.513, 1.512, 1.512, 1.511, 1.511, 1.511, 1.511, 1.51, 1.509, 1.509, 1.508, 1.505, 1.494, 1.483, 1.471, 1.456, 1.444, 1.43, 1.417, 1.406, 1.399, 1.393, 1.391, 1.39, 1.39, 1.39, 1.39, 1.39, 1.391, 1.393, 1.393, 1.393, 1.395, 1.393, 1.393, 1.393, 1.393, 1.393, 1.393, 1.393, 1.393, 1.393, 1.393, 1.393, 1.393, 1.395, 1.395, 1.395, 1.395, 1.395, 1.395, 1.395, 1.395, 1.395, 1.397, 1.397, 1.397, 1.397, 1.397, 1.399, 1.399, 1.399, 1.397, 1.397, 1.397, 1.395, 1.393, 1.393, 1.391, 1.39, 1.39, 1.39, 1.39, 1.39, 1.39, 1.39, 1.39, 1.39, 1.391, 1.391, 1.391, 1.391, 1.391, 1.391, 1.39, 1.39, 1.39, 1.388, 1.388, 1.388, 1.388, 1.388, 1.388, 1.388, 1.388, 1.388, 1.386, 1.386, 1.386, 1.386, 1.386, 1.384, 1.384, 1.384, 1.384, 1.382, 1.382, 1.382, 1.382, 1.384, 1.384, 1.384, 1.384, 1.386, 1.386, 1.386, 1.386, 1.388, 1.388, 1.388, 1.388, 1.386, 1.386, 1.386, 1.386, 1.386, 1.384, 1.384, 1.386, 1.386, 1.386, 1.386, 1.386, 1.386, 1.384, 1.384, 1.384, 1.382, 1.382, 1.382, 1.381, 1.381, 1.381, 1.381, 1.381, 1.381, 1.381, 1.381, 1.381, 1.382, 1.382, 1.382, 1.382, 1.382, 1.381, 1.381, 1.381, 1.381, 1.381, 1.381, 1.381, 1.381, 1.381, 1.381, 1.381, 1.382, 1.382, 1.384, 1.386, 1.386, 1.386, 1.386, 1.386, 1.384, 1.384, 1.382, 1.381, 1.381, 1.379, 1.379, 1.379, 1.379, 1.379, 1.379, 1.379, 1.381, 1.381, 1.381, 1.381, 1.381, 1.381, 1.381, 1.381, 1.381, 1.381, 1.381, 1.382, 1.382, 1.382, 1.382, 1.381, 1.381, 1.381, 1.381, 1.381, 1.381, 1.379, 1.379, 1.379, 1.379, 1.381, 1.384, 1.386, 1.391, 1.397, 1.404, 1.413, 1.421, 1.432, 1.442, 1.45, 1.458, 1.466, 1.471, 1.475, 1.478, 1.479, 1.48, 1.481, 1.482, 1.482, 1.483, 1.484, 1.485, 1.486, 1.486, 1.487, 1.487, 1.486, 1.485, 1.484, 1.482, 1.48, 1.479, 1.477, 1.476, 1.476, 1.475, 1.474, 1.474, 1.474, 1.474, 1.475, 1.475, 1.475, 1.476, 1.476, 1.476, 1.476, 1.476, 1.476, 1.476, 1.476, 1.476, 1.475, 1.474, 1.474, 1.474, 1.474, 1.473, 1.473, 1.472, 1.472, 1.472, 1.473, 1.473, 1.474, 1.474, 1.474, 1.474, 1.474, 1.474, 1.474, 1.474, 1.474, 1.474, 1.474, 1.473, 1.472, 1.472, 1.472, 1.471, 1.468, 1.468, 1.466, 1.466, 1.464, 1.464, 1.464, 1.464, 1.466, 1.466, 1.468, 1.468, 1.471, 1.472, 1.472, 1.473, 1.474, 1.474, 1.474, 1.474, 1.473, 1.473, 1.473, 1.472, 1.472, 1.472, 1.472, 1.471, 1.471, 1.47, 1.47, 1.47, 1.47, 1.47, 1.47, 1.47, 1.47, 1.47, 1.47, 1.47, 1.47, 1.469, 1.469, 1.469, 1.469, 1.469, 1.469, 1.468, 1.468, 1.468, 1.466, 1.466, 1.466, 1.466, 1.464, 1.464, 1.464, 1.464, 0, 
1.537, 1.537, 1.536, 1.535, 1.534, 1.533, 1.532, 1.532, 1.531, 1.528, 1.528, 1.528, 1.528, 1.528, 1.528, 1.528, 1.528, 1.528, 1.528, 1.528, 1.528, 1.528, 1.528, 1.528, 1.528, 1.528, 1.528, 1.527, 1.527, 1.527, 1.527, 1.527, 1.528, 1.528, 1.528, 1.528, 1.531, 1.531, 1.531, 1.531, 1.531, 1.531, 1.531, 1.531, 1.531, 1.531, 1.531, 1.531, 1.531, 1.531, 1.528, 1.527, 1.527, 1.526, 1.526, 1.526, 1.525, 1.524, 1.524, 1.524, 1.523, 1.522, 1.522, 1.522, 1.522, 1.522, 1.522, 1.522, 1.522, 1.522, 1.522, 1.521, 1.52, 1.52, 1.52, 1.52, 1.52, 1.52, 1.521, 1.522, 1.523, 1.524, 1.524, 1.524, 1.524, 1.524, 1.523, 1.522, 1.522, 1.522, 1.523, 1.523, 1.524, 1.524, 1.524, 1.524, 1.524, 1.523, 1.522, 1.52, 1.52, 1.519, 1.518, 1.518, 1.518, 1.518, 1.518, 1.518, 1.518, 1.518, 1.518, 1.518, 1.517, 1.516, 1.516, 1.516, 1.517, 1.518, 1.518, 1.518, 1.519, 1.518, 1.518, 1.517, 1.517, 1.516, 1.513, 1.513, 1.513, 1.513, 1.513, 1.513, 1.512, 1.512, 1.511, 1.511, 1.51, 1.509, 1.509, 1.508, 1.504, 1.493, 1.482, 1.468, 1.456, 1.444, 1.43, 1.417, 1.406, 1.399, 1.395, 1.391, 1.39, 1.39, 1.39, 1.39, 1.39, 1.391, 1.393, 1.393, 1.393, 1.393, 1.393, 1.393, 1.393, 1.393, 1.393, 1.393, 1.393, 1.393, 1.393, 1.393, 1.395, 1.395, 1.395, 1.395, 1.395, 1.395, 1.395, 1.395, 1.395, 1.395, 1.395, 1.397, 1.397, 1.397, 1.397, 1.397, 1.397, 1.399, 1.399, 1.399, 1.397, 1.397, 1.395, 1.393, 1.393, 1.391, 1.39, 1.39, 1.39, 1.39, 1.39, 1.39, 1.39, 1.39, 1.39, 1.391, 1.391, 1.391, 1.391, 1.391, 1.391, 1.39, 1.39, 1.39, 1.388, 1.388, 1.388, 1.388, 1.388, 1.386, 1.386, 1.386, 1.386, 1.386, 1.386, 1.386, 1.386, 1.384, 1.384, 1.384, 1.384, 1.384, 1.382, 1.382, 1.382, 1.382, 1.384, 1.384, 1.384, 1.384, 1.386, 1.386, 1.386, 1.386, 1.388, 1.388, 1.388, 1.388, 1.386, 1.386, 1.386, 1.386, 1.386, 1.384, 1.384, 1.386, 1.386, 1.386, 1.386, 1.386, 1.386, 1.384, 1.384, 1.384, 1.382, 1.382, 1.381, 1.381, 1.381, 1.381, 1.381, 1.381, 1.381, 1.381, 1.381, 1.381, 1.381, 1.382, 1.382, 1.382, 1.381, 1.381, 1.381, 1.381, 1.381, 1.381, 1.379, 1.379, 1.379, 1.381, 1.381, 1.381, 1.382, 1.382, 1.384, 1.384, 1.386, 1.386, 1.386, 1.386, 1.384, 1.384, 1.382, 1.381, 1.379, 1.379, 1.379, 1.379, 1.379, 1.379, 1.379, 1.379, 1.381, 1.381, 1.381, 1.381, 1.381, 1.381, 1.381, 1.381, 1.381, 1.381, 1.381, 1.382, 1.382, 1.382, 1.382, 1.381, 1.381, 1.381, 1.381, 1.381, 1.381, 1.379, 1.379, 1.379, 1.379, 1.381, 1.384, 1.386, 1.391, 1.397, 1.404, 1.413, 1.423, 1.432, 1.444, 1.452, 1.46, 1.466, 1.472, 1.476, 1.478, 1.479, 1.48, 1.481, 1.482, 1.482, 1.483, 1.484, 1.485, 1.486, 1.487, 1.487, 1.488, 1.487, 1.486, 1.485, 1.483, 1.481, 1.48, 1.478, 1.477, 1.476, 1.475, 1.474, 1.474, 1.474, 1.474, 1.474, 1.474, 1.474, 1.474, 1.474, 1.475, 1.475, 1.475, 1.475, 1.475, 1.476, 1.476, 1.475, 1.474, 1.474, 1.474, 1.474, 1.474, 1.473, 1.473, 1.473, 1.473, 1.473, 1.474, 1.474, 1.474, 1.474, 1.474, 1.474, 1.474, 1.474, 1.474, 1.474, 1.474, 1.473, 1.473, 1.472, 1.472, 1.471, 1.471, 1.468, 1.466, 1.466, 1.464, 1.464, 1.464, 1.464, 1.464, 1.466, 1.466, 1.469, 1.469, 1.47, 1.472, 1.472, 1.473, 1.474, 1.474, 1.474, 1.474, 1.474, 1.474, 1.473, 1.473, 1.473, 1.473, 1.472, 1.472, 1.471, 1.47, 1.47, 1.47, 1.47, 1.47, 1.469, 1.469, 1.469, 1.469, 1.469, 1.469, 1.469, 1.469, 1.468, 1.468, 1.468, 1.468, 1.468, 1.468, 1.468, 1.468, 1.466, 1.466, 1.466, 1.466, 1.464, 1.462, 1.462, 1.462, 0, 
1.536, 1.536, 1.535, 1.534, 1.533, 1.532, 1.532, 1.531, 1.528, 1.528, 1.528, 1.528, 1.528, 1.527, 1.527, 1.527, 1.527, 1.527, 1.528, 1.528, 1.528, 1.528, 1.528, 1.528, 1.528, 1.528, 1.528, 1.528, 1.528, 1.528, 1.528, 1.528, 1.528, 1.528, 1.528, 1.531, 1.531, 1.531, 1.531, 1.531, 1.531, 1.531, 1.531, 1.531, 1.531, 1.531, 1.531, 1.531, 1.531, 1.531, 1.528, 1.528, 1.527, 1.526, 1.526, 1.526, 1.525, 1.524, 1.524, 1.524, 1.523, 1.522, 1.522, 1.522, 1.522, 1.522, 1.522, 1.522, 1.522, 1.522, 1.522, 1.521, 1.52, 1.52, 1.52, 1.52, 1.52, 1.52, 1.521, 1.522, 1.523, 1.524, 1.524, 1.524, 1.524, 1.524, 1.523, 1.522, 1.522, 1.522, 1.522, 1.523, 1.523, 1.524, 1.524, 1.524, 1.524, 1.523, 1.522, 1.521, 1.52, 1.519, 1.518, 1.518, 1.518, 1.518, 1.518, 1.518, 1.518, 1.518, 1.518, 1.518, 1.517, 1.516, 1.516, 1.517, 1.518, 1.518, 1.518, 1.519, 1.519, 1.519, 1.519, 1.518, 1.517, 1.516, 1.513, 1.513, 1.513, 1.513, 1.513, 1.513, 1.513, 1.512, 1.512, 1.511, 1.511, 1.509, 1.509, 1.508, 1.503, 1.492, 1.481, 1.468, 1.456, 1.442, 1.429, 1.417, 1.408, 1.399, 1.393, 1.391, 1.39, 1.39, 1.39, 1.39, 1.39, 1.39, 1.391, 1.393, 1.393, 1.393, 1.393, 1.393, 1.393, 1.393, 1.393, 1.393, 1.393, 1.393, 1.393, 1.393, 1.395, 1.395, 1.395, 1.395, 1.395, 1.393, 1.393, 1.393, 1.393, 1.393, 1.395, 1.395, 1.395, 1.397, 1.397, 1.397, 1.397, 1.399, 1.399, 1.399, 1.397, 1.397, 1.395, 1.393, 1.393, 1.391, 1.39, 1.39, 1.39, 1.39, 1.39, 1.39, 1.39, 1.39, 1.39, 1.39, 1.391, 1.391, 1.391, 1.39, 1.39, 1.39, 1.39, 1.39, 1.388, 1.388, 1.388, 1.388, 1.388, 1.386, 1.386, 1.386, 1.386, 1.386, 1.386, 1.386, 1.384, 1.384, 1.384, 1.384, 1.384, 1.384, 1.382, 1.382, 1.384, 1.384, 1.384, 1.384, 1.384, 1.386, 1.386, 1.386, 1.386, 1.386, 1.388, 1.388, 1.388, 1.388, 1.386, 1.386, 1.386, 1.386, 1.386, 1.386, 1.386, 1.386, 1.386, 1.386, 1.386, 1.386, 1.386, 1.384, 1.384, 1.382, 1.382, 1.382, 1.381, 1.381, 1.379, 1.379, 1.379, 1.379, 1.379, 1.379, 1.381, 1.381, 1.381, 1.381, 1.381, 1.381, 1.381, 1.381, 1.381, 1.381, 1.381, 1.379, 1.379, 1.379, 1.379, 1.379, 1.381, 1.381, 1.381, 1.382, 1.384, 1.384, 1.386, 1.386, 1.386, 1.386, 1.384, 1.384, 1.382, 1.381, 1.379, 1.379, 1.379, 1.379, 1.379, 1.379, 1.379, 1.379, 1.381, 1.381, 1.381, 1.381, 1.381, 1.381, 1.381, 1.381, 1.381, 1.381, 1.381, 1.382, 1.382, 1.382, 1.382, 1.381, 1.381, 1.381, 1.381, 1.379, 1.379, 1.379, 1.379, 1.379, 1.379, 1.381, 1.384, 1.388, 1.391, 1.399, 1.406, 1.413, 1.425, 1.434, 1.444, 1.452, 1.46, 1.468, 1.472, 1.476, 1.478, 1.479, 1.48, 1.481, 1.482, 1.482, 1.483, 1.484, 1.485, 1.486, 1.487, 1.488, 1.488, 1.487, 1.486, 1.485, 1.484, 1.482, 1.48, 1.478, 1.477, 1.476, 1.475, 1.475, 1.474, 1.474, 1.474, 1.474, 1.474, 1.474, 1.474, 1.474, 1.474, 1.474, 1.474, 1.474, 1.475, 1.475, 1.475, 1.475, 1.474, 1.474, 1.474, 1.474, 1.474, 1.474, 1.474, 1.474, 1.474, 1.474, 1.474, 1.474, 1.474, 1.474, 1.474, 1.474, 1.474, 1.474, 1.474, 1.474, 1.474, 1.473, 1.472, 1.472, 1.472, 1.471, 1.47, 1.468, 1.466, 1.466, 1.464, 1.464, 1.464, 1.464, 1.464, 1.466, 1.466, 1.469, 1.47, 1.47, 1.472, 1.472, 1.473, 1.474, 1.474, 1.474, 1.474, 1.474, 1.474, 1.474, 1.474, 1.474, 1.473, 1.473, 1.472, 1.471, 1.471, 1.47, 1.47, 1.47, 1.469, 1.469, 1.468, 1.468, 1.468, 1.468, 1.468, 1.468, 1.468, 1.468, 1.468, 1.468, 1.468, 1.468, 1.468, 1.468, 1.466, 1.466, 1.466, 1.464, 1.464, 1.464, 1.462, 1.462, 1.462, 0, 
1.535, 1.535, 1.534, 1.533, 1.532, 1.531, 1.531, 1.528, 1.528, 1.528, 1.528, 1.527, 1.527, 1.526, 1.526, 1.526, 1.526, 1.526, 1.527, 1.527, 1.528, 1.528, 1.528, 1.528, 1.528, 1.528, 1.528, 1.528, 1.528, 1.528, 1.528, 1.528, 1.528, 1.531, 1.531, 1.531, 1.532, 1.532, 1.532, 1.532, 1.532, 1.532, 1.531, 1.531, 1.531, 1.531, 1.531, 1.531, 1.531, 1.531, 1.528, 1.528, 1.527, 1.526, 1.526, 1.526, 1.525, 1.524, 1.524, 1.524, 1.523, 1.522, 1.522, 1.522, 1.522, 1.522, 1.522, 1.522, 1.522, 1.522, 1.522, 1.521, 1.52, 1.52, 1.52, 1.52, 1.52, 1.52, 1.521, 1.521, 1.522, 1.523, 1.524, 1.524, 1.524, 1.523, 1.522, 1.522, 1.522, 1.522, 1.522, 1.522, 1.523, 1.523, 1.524, 1.524, 1.524, 1.523, 1.522, 1.521, 1.52, 1.519, 1.519, 1.518, 1.518, 1.518, 1.518, 1.518, 1.518, 1.518, 1.518, 1.517, 1.517, 1.517, 1.517, 1.517, 1.518, 1.518, 1.519, 1.519, 1.52, 1.52, 1.519, 1.518, 1.518, 1.517, 1.516, 1.516, 1.513, 1.513, 1.513, 1.513, 1.513, 1.513, 1.512, 1.511, 1.511, 1.509, 1.508, 1.507, 1.503, 1.492, 1.48, 1.468, 1.456, 1.442, 1.429, 1.417, 1.408, 1.399, 1.393, 1.391, 1.39, 1.39, 1.39, 1.39, 1.39, 1.39, 1.391, 1.393, 1.393, 1.393, 1.393, 1.393, 1.393, 1.393, 1.393, 1.393, 1.393, 1.393, 1.393, 1.395, 1.395, 1.395, 1.395, 1.395, 1.395, 1.393, 1.393, 1.393, 1.393, 1.393, 1.395, 1.395, 1.395, 1.395, 1.397, 1.397, 1.397, 1.399, 1.399, 1.399, 1.397, 1.397, 1.395, 1.395, 1.393, 1.391, 1.39, 1.39, 1.39, 1.39, 1.39, 1.39, 1.39, 1.39, 1.39, 1.39, 1.39, 1.39, 1.39, 1.39, 1.39, 1.39, 1.39, 1.388, 1.388, 1.388, 1.388, 1.388, 1.386, 1.386, 1.386, 1.386, 1.386, 1.386, 1.384, 1.384, 1.384, 1.384, 1.384, 1.382, 1.382, 1.384, 1.384, 1.384, 1.384, 1.384, 1.384, 1.384, 1.384, 1.386, 1.386, 1.386, 1.386, 1.386, 1.388, 1.388, 1.388, 1.388, 1.386, 1.386, 1.386, 1.386, 1.386, 1.386, 1.386, 1.386, 1.386, 1.386, 1.386, 1.386, 1.386, 1.384, 1.384, 1.382, 1.382, 1.381, 1.379, 1.379, 1.379, 1.379, 1.379, 1.379, 1.379, 1.379, 1.379, 1.381, 1.381, 1.381, 1.381, 1.381, 1.381, 1.381, 1.381, 1.381, 1.381, 1.379, 1.379, 1.379, 1.379, 1.379, 1.381, 1.381, 1.381, 1.382, 1.382, 1.384, 1.386, 1.386, 1.386, 1.386, 1.384, 1.384, 1.382, 1.381, 1.379, 1.379, 1.379, 1.379, 1.379, 1.379, 1.379, 1.379, 1.381, 1.381, 1.381, 1.381, 1.381, 1.381, 1.381, 1.381, 1.381, 1.381, 1.381, 1.381, 1.382, 1.382, 1.381, 1.381, 1.381, 1.381, 1.379, 1.379, 1.379, 1.379, 1.379, 1.379, 1.381, 1.381, 1.384, 1.388, 1.393, 1.399, 1.408, 1.415, 1.425, 1.436, 1.444, 1.454, 1.462, 1.468, 1.472, 1.477, 1.478, 1.479, 1.48, 1.481, 1.482, 1.482, 1.483, 1.484, 1.485, 1.487, 1.488, 1.488, 1.488, 1.488, 1.487, 1.486, 1.484, 1.482, 1.48, 1.479, 1.478, 1.476, 1.476, 1.475, 1.474, 1.474, 1.474, 1.474, 1.473, 1.473, 1.473, 1.473, 1.473, 1.473, 1.473, 1.474, 1.474, 1.474, 1.474, 1.474, 1.474, 1.474, 1.474, 1.474, 1.474, 1.474, 1.474, 1.474, 1.474, 1.474, 1.474, 1.474, 1.474, 1.474, 1.474, 1.474, 1.474, 1.474, 1.473, 1.473, 1.473, 1.473, 1.472, 1.472, 1.471, 1.471, 1.468, 1.468, 1.466, 1.466, 1.464, 1.464, 1.464, 1.464, 1.464, 1.466, 1.466, 1.469, 1.47, 1.47, 1.472, 1.472, 1.473, 1.474, 1.474, 1.474, 1.474, 1.474, 1.474, 1.474, 1.474, 1.474, 1.474, 1.473, 1.472, 1.472, 1.471, 1.47, 1.47, 1.469, 1.469, 1.468, 1.468, 1.468, 1.468, 1.468, 1.468, 1.468, 1.468, 1.468, 1.468, 1.468, 1.468, 1.468, 1.468, 1.468, 1.466, 1.466, 1.466, 1.464, 1.464, 1.464, 1.462, 1.462, 1.462, 0, 
1.535, 1.534, 1.533, 1.533, 1.532, 1.531, 1.531, 1.528, 1.528, 1.528, 1.527, 1.527, 1.526, 1.526, 1.526, 1.526, 1.526, 1.526, 1.526, 1.526, 1.527, 1.528, 1.528, 1.528, 1.528, 1.528, 1.528, 1.528, 1.528, 1.528, 1.528, 1.528, 1.531, 1.531, 1.532, 1.532, 1.532, 1.533, 1.533, 1.533, 1.533, 1.532, 1.531, 1.531, 1.531, 1.531, 1.531, 1.531, 1.531, 1.531, 1.528, 1.528, 1.527, 1.526, 1.526, 1.526, 1.525, 1.524, 1.524, 1.524, 1.523, 1.522, 1.522, 1.522, 1.522, 1.522, 1.522, 1.522, 1.522, 1.522, 1.521, 1.521, 1.52, 1.52, 1.52, 1.52, 1.52, 1.52, 1.52, 1.521, 1.522, 1.523, 1.524, 1.524, 1.524, 1.523, 1.522, 1.522, 1.521, 1.521, 1.521, 1.521, 1.522, 1.522, 1.523, 1.523, 1.523, 1.523, 1.522, 1.521, 1.52, 1.52, 1.519, 1.519, 1.518, 1.518, 1.518, 1.518, 1.518, 1.518, 1.517, 1.517, 1.517, 1.517, 1.518, 1.518, 1.518, 1.519, 1.519, 1.52, 1.52, 1.52, 1.52, 1.519, 1.518, 1.517, 1.517, 1.516, 1.516, 1.516, 1.516, 1.513, 1.513, 1.513, 1.513, 1.512, 1.511, 1.509, 1.508, 1.506, 1.503, 1.492, 1.481, 1.468, 1.456, 1.442, 1.43, 1.419, 1.408, 1.399, 1.395, 1.393, 1.391, 1.39, 1.39, 1.391, 1.391, 1.391, 1.393, 1.393, 1.393, 1.395, 1.395, 1.395, 1.393, 1.393, 1.393, 1.393, 1.393, 1.395, 1.395, 1.395, 1.395, 1.395, 1.395, 1.395, 1.395, 1.395, 1.395, 1.395, 1.395, 1.395, 1.395, 1.395, 1.395, 1.395, 1.397, 1.397, 1.397, 1.397, 1.399, 1.399, 1.397, 1.397, 1.395, 1.395, 1.393, 1.391, 1.39, 1.39, 1.39, 1.39, 1.39, 1.39, 1.39, 1.39, 1.39, 1.39, 1.39, 1.39, 1.39, 1.39, 1.39, 1.39, 1.39, 1.388, 1.388, 1.388, 1.388, 1.388, 1.386, 1.386, 1.386, 1.386, 1.386, 1.386, 1.384, 1.384, 1.384, 1.384, 1.384, 1.382, 1.382, 1.384, 1.384, 1.384, 1.384, 1.384, 1.384, 1.384, 1.384, 1.384, 1.386, 1.386, 1.386, 1.386, 1.386, 1.388, 1.388, 1.388, 1.386, 1.386, 1.386, 1.386, 1.386, 1.386, 1.386, 1.386, 1.386, 1.388, 1.386, 1.386, 1.386, 1.384, 1.384, 1.382, 1.382, 1.381, 1.379, 1.379, 1.377, 1.377, 1.377, 1.379, 1.379, 1.379, 1.379, 1.381, 1.381, 1.381, 1.381, 1.381, 1.381, 1.381, 1.381, 1.381, 1.381, 1.381, 1.379, 1.379, 1.379, 1.379, 1.381, 1.381, 1.381, 1.382, 1.382, 1.384, 1.384, 1.386, 1.386, 1.384, 1.384, 1.384, 1.382, 1.381, 1.379, 1.379, 1.379, 1.379, 1.379, 1.379, 1.379, 1.379, 1.379, 1.379, 1.379, 1.381, 1.379, 1.379, 1.381, 1.381, 1.381, 1.381, 1.381, 1.381, 1.382, 1.382, 1.381, 1.381, 1.381, 1.381, 1.379, 1.379, 1.379, 1.379, 1.379, 1.379, 1.381, 1.382, 1.384, 1.39, 1.395, 1.4, 1.408, 1.417, 1.427, 1.438, 1.446, 1.454, 1.462, 1.47, 1.474, 1.478, 1.479, 1.48, 1.481, 1.482, 1.482, 1.482, 1.483, 1.484, 1.486, 1.487, 1.488, 1.489, 1.489, 1.489, 1.488, 1.486, 1.484, 1.483, 1.481, 1.48, 1.478, 1.477, 1.476, 1.475, 1.474, 1.474, 1.473, 1.473, 1.472, 1.472, 1.472, 1.472, 1.472, 1.472, 1.472, 1.473, 1.473, 1.474, 1.474, 1.474, 1.474, 1.474, 1.474, 1.474, 1.474, 1.474, 1.474, 1.474, 1.474, 1.474, 1.474, 1.473, 1.473, 1.473, 1.473, 1.473, 1.473, 1.473, 1.473, 1.472, 1.472, 1.472, 1.472, 1.472, 1.471, 1.471, 1.468, 1.468, 1.466, 1.466, 1.464, 1.464, 1.464, 1.464, 1.464, 1.466, 1.466, 1.469, 1.47, 1.47, 1.472, 1.472, 1.473, 1.474, 1.474, 1.474, 1.474, 1.474, 1.475, 1.475, 1.474, 1.474, 1.474, 1.473, 1.473, 1.472, 1.471, 1.47, 1.47, 1.469, 1.468, 1.468, 1.468, 1.468, 1.468, 1.468, 1.468, 1.468, 1.468, 1.468, 1.468, 1.468, 1.468, 1.468, 1.466, 1.466, 1.466, 1.466, 1.466, 1.464, 1.464, 1.462, 1.46, 1.46, 1.462, 0, 
1.534, 1.533, 1.533, 1.532, 1.531, 1.528, 1.528, 1.528, 1.528, 1.527, 1.527, 1.526, 1.525, 1.525, 1.525, 1.525, 1.525, 1.525, 1.525, 1.526, 1.526, 1.527, 1.528, 1.528, 1.528, 1.528, 1.531, 1.531, 1.531, 1.531, 1.531, 1.531, 1.531, 1.532, 1.532, 1.533, 1.533, 1.533, 1.533, 1.533, 1.532, 1.532, 1.531, 1.531, 1.531, 1.531, 1.531, 1.531, 1.531, 1.531, 1.528, 1.528, 1.527, 1.526, 1.526, 1.526, 1.525, 1.524, 1.524, 1.524, 1.523, 1.522, 1.522, 1.522, 1.522, 1.522, 1.522, 1.522, 1.522, 1.522, 1.521, 1.521, 1.52, 1.52, 1.52, 1.52, 1.52, 1.52, 1.52, 1.521, 1.521, 1.522, 1.523, 1.523, 1.523, 1.522, 1.522, 1.521, 1.52, 1.52, 1.52, 1.52, 1.521, 1.521, 1.522, 1.522, 1.523, 1.522, 1.522, 1.521, 1.52, 1.52, 1.52, 1.519, 1.518, 1.518, 1.518, 1.518, 1.517, 1.517, 1.517, 1.517, 1.517, 1.517, 1.518, 1.518, 1.519, 1.519, 1.52, 1.52, 1.52, 1.52, 1.52, 1.519, 1.518, 1.518, 1.517, 1.516, 1.516, 1.516, 1.516, 1.516, 1.513, 1.513, 1.513, 1.512, 1.511, 1.509, 1.507, 1.506, 1.502, 1.492, 1.482, 1.473, 1.456, 1.442, 1.43, 1.421, 1.41, 1.4, 1.397, 1.393, 1.393, 1.391, 1.391, 1.391, 1.391, 1.393, 1.393, 1.395, 1.395, 1.395, 1.395, 1.395, 1.395, 1.395, 1.395, 1.395, 1.395, 1.395, 1.395, 1.395, 1.395, 1.395, 1.395, 1.395, 1.395, 1.395, 1.395, 1.395, 1.395, 1.395, 1.395, 1.395, 1.395, 1.395, 1.397, 1.397, 1.397, 1.397, 1.399, 1.399, 1.397, 1.397, 1.395, 1.395, 1.393, 1.391, 1.39, 1.39, 1.39, 1.39, 1.39, 1.39, 1.39, 1.39, 1.39, 1.39, 1.39, 1.39, 1.39, 1.39, 1.39, 1.39, 1.388, 1.388, 1.388, 1.388, 1.388, 1.388, 1.386, 1.386, 1.386, 1.386, 1.386, 1.386, 1.384, 1.384, 1.384, 1.384, 1.384, 1.384, 1.384, 1.384, 1.384, 1.384, 1.384, 1.384, 1.384, 1.384, 1.384, 1.384, 1.386, 1.386, 1.386, 1.386, 1.386, 1.388, 1.388, 1.388, 1.388, 1.386, 1.386, 1.386, 1.386, 1.386, 1.386, 1.388, 1.388, 1.388, 1.388, 1.388, 1.386, 1.384, 1.384, 1.382, 1.381, 1.381, 1.379, 1.377, 1.377, 1.377, 1.377, 1.377, 1.379, 1.379, 1.379, 1.381, 1.381, 1.381, 1.381, 1.381, 1.381, 1.381, 1.381, 1.381, 1.381, 1.381, 1.381, 1.381, 1.381, 1.381, 1.381, 1.381, 1.381, 1.382, 1.382, 1.384, 1.384, 1.386, 1.386, 1.384, 1.384, 1.384, 1.382, 1.381, 1.379, 1.379, 1.379, 1.379, 1.379, 1.379, 1.379, 1.379, 1.379, 1.379, 1.379, 1.381, 1.379, 1.379, 1.381, 1.381, 1.381, 1.381, 1.381, 1.381, 1.382, 1.382, 1.381, 1.381, 1.381, 1.381, 1.381, 1.381, 1.381, 1.381, 1.381, 1.381, 1.382, 1.384, 1.386, 1.39, 1.395, 1.402, 1.41, 1.419, 1.429, 1.438, 1.446, 1.454, 1.464, 1.47, 1.474, 1.478, 1.48, 1.48, 1.481, 1.482, 1.482, 1.483, 1.484, 1.485, 1.486, 1.488, 1.488, 1.489, 1.489, 1.489, 1.488, 1.486, 1.484, 1.483, 1.481, 1.48, 1.478, 1.477, 1.476, 1.475, 1.474, 1.474, 1.473, 1.472, 1.472, 1.472, 1.472, 1.472, 1.472, 1.472, 1.472, 1.472, 1.472, 1.473, 1.474, 1.474, 1.474, 1.474, 1.474, 1.474, 1.474, 1.474, 1.474, 1.474, 1.474, 1.473, 1.473, 1.473, 1.472, 1.472, 1.472, 1.472, 1.472, 1.472, 1.472, 1.472, 1.472, 1.472, 1.472, 1.471, 1.471, 1.47, 1.468, 1.468, 1.466, 1.466, 1.466, 1.464, 1.464, 1.464, 1.466, 1.466, 1.466, 1.469, 1.47, 1.47, 1.472, 1.472, 1.473, 1.474, 1.474, 1.474, 1.474, 1.474, 1.475, 1.475, 1.475, 1.474, 1.474, 1.474, 1.473, 1.472, 1.471, 1.47, 1.47, 1.469, 1.468, 1.468, 1.468, 1.468, 1.468, 1.468, 1.468, 1.468, 1.468, 1.468, 1.468, 1.468, 1.468, 1.468, 1.466, 1.466, 1.466, 1.466, 1.466, 1.464, 1.464, 1.462, 1.46, 1.46, 1.46, 0, 
1.533, 1.533, 1.532, 1.531, 1.528, 1.528, 1.528, 1.528, 1.528, 1.527, 1.526, 1.526, 1.525, 1.524, 1.524, 1.524, 1.524, 1.524, 1.524, 1.525, 1.526, 1.527, 1.528, 1.528, 1.531, 1.531, 1.531, 1.531, 1.531, 1.531, 1.531, 1.531, 1.532, 1.532, 1.533, 1.533, 1.533, 1.533, 1.533, 1.532, 1.532, 1.531, 1.531, 1.531, 1.531, 1.531, 1.531, 1.531, 1.531, 1.531, 1.528, 1.528, 1.527, 1.527, 1.526, 1.526, 1.525, 1.524, 1.524, 1.524, 1.523, 1.522, 1.522, 1.522, 1.522, 1.522, 1.522, 1.522, 1.522, 1.522, 1.522, 1.521, 1.52, 1.52, 1.52, 1.52, 1.52, 1.52, 1.52, 1.52, 1.521, 1.522, 1.522, 1.522, 1.522, 1.522, 1.521, 1.52, 1.52, 1.52, 1.52, 1.52, 1.52, 1.52, 1.521, 1.521, 1.522, 1.522, 1.521, 1.521, 1.52, 1.52, 1.52, 1.519, 1.518, 1.518, 1.518, 1.517, 1.517, 1.516, 1.516, 1.516, 1.516, 1.517, 1.518, 1.518, 1.519, 1.52, 1.52, 1.52, 1.52, 1.52, 1.52, 1.52, 1.519, 1.518, 1.517, 1.517, 1.516, 1.516, 1.516, 1.516, 1.516, 1.513, 1.513, 1.512, 1.511, 1.509, 1.508, 1.505, 1.501, 1.492, 1.483, 1.474, 1.46, 1.448, 1.436, 1.427, 1.415, 1.406, 1.4, 1.399, 1.397, 1.395, 1.395, 1.395, 1.395, 1.395, 1.395, 1.397, 1.397, 1.397, 1.397, 1.397, 1.397, 1.395, 1.395, 1.395, 1.395, 1.397, 1.397, 1.397, 1.397, 1.397, 1.397, 1.397, 1.397, 1.397, 1.397, 1.397, 1.397, 1.397, 1.397, 1.397, 1.397, 1.397, 1.397, 1.397, 1.397, 1.397, 1.399, 1.399, 1.399, 1.397, 1.395, 1.395, 1.393, 1.391, 1.39, 1.39, 1.39, 1.39, 1.39, 1.39, 1.39, 1.39, 1.39, 1.39, 1.39, 1.39, 1.39, 1.39, 1.39, 1.39, 1.388, 1.388, 1.388, 1.388, 1.388, 1.388, 1.386, 1.386, 1.386, 1.386, 1.386, 1.386, 1.384, 1.384, 1.384, 1.384, 1.384, 1.384, 1.384, 1.384, 1.384, 1.384, 1.384, 1.384, 1.384, 1.384, 1.384, 1.384, 1.386, 1.386, 1.386, 1.386, 1.388, 1.388, 1.39, 1.388, 1.388, 1.388, 1.386, 1.386, 1.386, 1.386, 1.386, 1.388, 1.388, 1.388, 1.388, 1.388, 1.386, 1.384, 1.384, 1.382, 1.381, 1.379, 1.379, 1.377, 1.377, 1.377, 1.377, 1.377, 1.379, 1.379, 1.379, 1.381, 1.381, 1.381, 1.381, 1.381, 1.381, 1.381, 1.381, 1.381, 1.381, 1.381, 1.381, 1.379, 1.379, 1.379, 1.379, 1.381, 1.381, 1.382, 1.382, 1.384, 1.384, 1.386, 1.386, 1.386, 1.384, 1.384, 1.382, 1.381, 1.381, 1.379, 1.379, 1.379, 1.379, 1.379, 1.379, 1.379, 1.381, 1.381, 1.381, 1.381, 1.381, 1.381, 1.381, 1.381, 1.381, 1.381, 1.381, 1.382, 1.382, 1.382, 1.382, 1.381, 1.381, 1.381, 1.381, 1.381, 1.381, 1.382, 1.382, 1.382, 1.382, 1.386, 1.388, 1.391, 1.397, 1.402, 1.41, 1.419, 1.429, 1.438, 1.446, 1.456, 1.464, 1.47, 1.474, 1.479, 1.48, 1.48, 1.482, 1.482, 1.483, 1.484, 1.484, 1.486, 1.487, 1.488, 1.489, 1.49, 1.49, 1.489, 1.488, 1.486, 1.484, 1.482, 1.481, 1.48, 1.478, 1.477, 1.476, 1.475, 1.474, 1.473, 1.473, 1.472, 1.472, 1.471, 1.471, 1.471, 1.471, 1.471, 1.471, 1.471, 1.472, 1.472, 1.473, 1.474, 1.474, 1.474, 1.474, 1.474, 1.474, 1.474, 1.474, 1.473, 1.473, 1.472, 1.472, 1.472, 1.472, 1.472, 1.472, 1.472, 1.472, 1.472, 1.472, 1.472, 1.472, 1.472, 1.471, 1.471, 1.47, 1.47, 1.468, 1.468, 1.468, 1.466, 1.466, 1.466, 1.464, 1.464, 1.466, 1.466, 1.466, 1.469, 1.47, 1.47, 1.472, 1.472, 1.473, 1.473, 1.473, 1.474, 1.474, 1.474, 1.475, 1.475, 1.475, 1.475, 1.474, 1.474, 1.473, 1.472, 1.472, 1.471, 1.47, 1.469, 1.468, 1.468, 1.468, 1.468, 1.468, 1.468, 1.468, 1.468, 1.468, 1.468, 1.468, 1.468, 1.468, 1.468, 1.466, 1.466, 1.466, 1.466, 1.466, 1.464, 1.464, 1.462, 1.46, 1.46, 1.46, 0, 
1.533, 1.532, 1.532, 1.528, 1.528, 1.528, 1.528, 1.528, 1.527, 1.527, 1.526, 1.526, 1.525, 1.524, 1.524, 1.524, 1.524, 1.524, 1.524, 1.525, 1.526, 1.527, 1.528, 1.528, 1.531, 1.531, 1.531, 1.532, 1.532, 1.532, 1.532, 1.532, 1.532, 1.533, 1.533, 1.532, 1.532, 1.532, 1.532, 1.532, 1.531, 1.531, 1.531, 1.531, 1.531, 1.531, 1.531, 1.531, 1.531, 1.531, 1.528, 1.528, 1.528, 1.527, 1.526, 1.526, 1.525, 1.525, 1.524, 1.524, 1.523, 1.522, 1.522, 1.522, 1.522, 1.522, 1.522, 1.522, 1.522, 1.522, 1.522, 1.521, 1.52, 1.52, 1.52, 1.519, 1.519, 1.519, 1.519, 1.52, 1.52, 1.521, 1.522, 1.522, 1.521, 1.521, 1.52, 1.52, 1.52, 1.519, 1.519, 1.519, 1.52, 1.52, 1.52, 1.52, 1.52, 1.521, 1.52, 1.52, 1.52, 1.52, 1.52, 1.519, 1.518, 1.518, 1.517, 1.517, 1.516, 1.516, 1.516, 1.516, 1.516, 1.517, 1.518, 1.518, 1.519, 1.52, 1.52, 1.52, 1.52, 1.52, 1.52, 1.52, 1.519, 1.518, 1.518, 1.517, 1.517, 1.517, 1.516, 1.516, 1.516, 1.516, 1.513, 1.512, 1.511, 1.509, 1.508, 1.503, 1.5, 1.492, 1.484, 1.475, 1.464, 1.454, 1.442, 1.432, 1.423, 1.413, 1.41, 1.406, 1.404, 1.402, 1.402, 1.4, 1.4, 1.4, 1.402, 1.402, 1.402, 1.402, 1.4, 1.4, 1.4, 1.399, 1.399, 1.399, 1.399, 1.399, 1.399, 1.399, 1.399, 1.399, 1.397, 1.397, 1.397, 1.397, 1.397, 1.397, 1.397, 1.397, 1.397, 1.397, 1.397, 1.397, 1.397, 1.397, 1.397, 1.397, 1.399, 1.399, 1.399, 1.397, 1.397, 1.395, 1.395, 1.393, 1.391, 1.39, 1.39, 1.39, 1.39, 1.39, 1.391, 1.391, 1.391, 1.391, 1.391, 1.391, 1.391, 1.391, 1.39, 1.39, 1.39, 1.388, 1.388, 1.388, 1.388, 1.388, 1.386, 1.386, 1.386, 1.386, 1.386, 1.386, 1.386, 1.386, 1.384, 1.384, 1.384, 1.384, 1.384, 1.384, 1.384, 1.384, 1.384, 1.384, 1.384, 1.384, 1.384, 1.384, 1.386, 1.386, 1.386, 1.388, 1.388, 1.39, 1.39, 1.388, 1.388, 1.388, 1.386, 1.386, 1.386, 1.386, 1.386, 1.388, 1.388, 1.388, 1.388, 1.388, 1.386, 1.384, 1.382, 1.382, 1.381, 1.379, 1.377, 1.377, 1.377, 1.377, 1.377, 1.377, 1.379, 1.379, 1.379, 1.381, 1.381, 1.382, 1.382, 1.382, 1.382, 1.381, 1.381, 1.381, 1.381, 1.381, 1.381, 1.379, 1.379, 1.379, 1.379, 1.381, 1.381, 1.382, 1.382, 1.384, 1.384, 1.386, 1.386, 1.386, 1.384, 1.384, 1.382, 1.381, 1.381, 1.381, 1.379, 1.379, 1.379, 1.379, 1.379, 1.381, 1.381, 1.381, 1.381, 1.381, 1.381, 1.381, 1.381, 1.381, 1.381, 1.381, 1.381, 1.382, 1.382, 1.382, 1.382, 1.382, 1.382, 1.382, 1.382, 1.382, 1.382, 1.382, 1.382, 1.384, 1.384, 1.386, 1.39, 1.391, 1.397, 1.404, 1.412, 1.419, 1.429, 1.438, 1.448, 1.456, 1.464, 1.47, 1.475, 1.479, 1.48, 1.481, 1.482, 1.483, 1.484, 1.484, 1.485, 1.486, 1.488, 1.489, 1.49, 1.49, 1.49, 1.489, 1.488, 1.486, 1.484, 1.482, 1.48, 1.479, 1.478, 1.476, 1.476, 1.475, 1.474, 1.473, 1.472, 1.472, 1.472, 1.471, 1.47, 1.47, 1.47, 1.47, 1.47, 1.47, 1.471, 1.472, 1.472, 1.473, 1.474, 1.474, 1.474, 1.474, 1.474, 1.474, 1.473, 1.473, 1.472, 1.472, 1.472, 1.472, 1.472, 1.472, 1.472, 1.472, 1.472, 1.472, 1.472, 1.472, 1.472, 1.471, 1.471, 1.47, 1.47, 1.47, 1.468, 1.468, 1.468, 1.466, 1.466, 1.466, 1.466, 1.466, 1.466, 1.466, 1.468, 1.469, 1.47, 1.47, 1.471, 1.472, 1.472, 1.472, 1.473, 1.473, 1.473, 1.474, 1.475, 1.475, 1.475, 1.475, 1.474, 1.474, 1.473, 1.472, 1.472, 1.471, 1.47, 1.47, 1.469, 1.468, 1.468, 1.468, 1.468, 1.468, 1.468, 1.468, 1.468, 1.468, 1.468, 1.468, 1.468, 1.468, 1.468, 1.468, 1.466, 1.466, 1.466, 1.464, 1.464, 1.462, 1.46, 1.46, 1.462, 0, 
1.533, 1.532, 1.531, 1.528, 1.528, 1.528, 1.528, 1.528, 1.527, 1.526, 1.526, 1.526, 1.525, 1.524, 1.524, 1.524, 1.524, 1.524, 1.524, 1.525, 1.526, 1.526, 1.527, 1.528, 1.531, 1.531, 1.531, 1.532, 1.533, 1.533, 1.533, 1.533, 1.533, 1.533, 1.532, 1.532, 1.531, 1.531, 1.531, 1.531, 1.531, 1.531, 1.531, 1.531, 1.531, 1.531, 1.531, 1.531, 1.531, 1.531, 1.528, 1.528, 1.528, 1.527, 1.526, 1.526, 1.526, 1.525, 1.524, 1.524, 1.523, 1.523, 1.522, 1.522, 1.522, 1.522, 1.522, 1.522, 1.522, 1.522, 1.522, 1.521, 1.52, 1.52, 1.52, 1.519, 1.518, 1.518, 1.519, 1.519, 1.52, 1.52, 1.521, 1.521, 1.521, 1.52, 1.52, 1.52, 1.519, 1.518, 1.518, 1.518, 1.518, 1.519, 1.519, 1.52, 1.52, 1.52, 1.52, 1.52, 1.52, 1.52, 1.519, 1.519, 1.518, 1.518, 1.517, 1.516, 1.516, 1.516, 1.516, 1.516, 1.516, 1.517, 1.518, 1.518, 1.519, 1.519, 1.52, 1.52, 1.52, 1.52, 1.52, 1.52, 1.519, 1.519, 1.518, 1.518, 1.518, 1.517, 1.517, 1.516, 1.516, 1.516, 1.513, 1.512, 1.511, 1.509, 1.508, 1.503, 1.499, 1.491, 1.484, 1.476, 1.466, 1.458, 1.448, 1.438, 1.43, 1.423, 1.419, 1.415, 1.413, 1.412, 1.41, 1.41, 1.41, 1.41, 1.41, 1.41, 1.41, 1.408, 1.408, 1.408, 1.406, 1.406, 1.406, 1.406, 1.406, 1.404, 1.404, 1.404, 1.404, 1.404, 1.404, 1.404, 1.402, 1.402, 1.404, 1.404, 1.402, 1.402, 1.4, 1.4, 1.399, 1.399, 1.399, 1.399, 1.399, 1.399, 1.399, 1.399, 1.399, 1.399, 1.397, 1.397, 1.395, 1.395, 1.393, 1.391, 1.391, 1.391, 1.391, 1.391, 1.391, 1.391, 1.393, 1.393, 1.393, 1.391, 1.391, 1.391, 1.391, 1.39, 1.39, 1.39, 1.388, 1.388, 1.388, 1.388, 1.388, 1.386, 1.386, 1.386, 1.386, 1.386, 1.386, 1.386, 1.386, 1.386, 1.386, 1.386, 1.386, 1.386, 1.386, 1.386, 1.386, 1.384, 1.384, 1.384, 1.384, 1.384, 1.386, 1.386, 1.386, 1.388, 1.388, 1.39, 1.39, 1.39, 1.388, 1.388, 1.388, 1.386, 1.386, 1.386, 1.386, 1.388, 1.388, 1.388, 1.388, 1.388, 1.386, 1.384, 1.382, 1.382, 1.381, 1.379, 1.377, 1.377, 1.377, 1.377, 1.377, 1.379, 1.379, 1.379, 1.381, 1.381, 1.382, 1.382, 1.382, 1.382, 1.382, 1.382, 1.382, 1.381, 1.381, 1.381, 1.381, 1.381, 1.379, 1.379, 1.381, 1.381, 1.381, 1.382, 1.382, 1.384, 1.384, 1.384, 1.386, 1.386, 1.386, 1.384, 1.382, 1.382, 1.381, 1.381, 1.379, 1.379, 1.379, 1.381, 1.381, 1.381, 1.381, 1.381, 1.381, 1.381, 1.381, 1.381, 1.381, 1.381, 1.381, 1.382, 1.382, 1.382, 1.382, 1.382, 1.382, 1.382, 1.382, 1.384, 1.384, 1.384, 1.384, 1.384, 1.384, 1.384, 1.386, 1.388, 1.39, 1.393, 1.399, 1.404, 1.412, 1.421, 1.43, 1.44, 1.448, 1.456, 1.464, 1.47, 1.474, 1.479, 1.48, 1.481, 1.482, 1.483, 1.484, 1.485, 1.486, 1.487, 1.488, 1.489, 1.49, 1.49, 1.49, 1.489, 1.487, 1.485, 1.484, 1.482, 1.48, 1.478, 1.477, 1.476, 1.475, 1.474, 1.474, 1.473, 1.472, 1.472, 1.472, 1.471, 1.47, 1.47, 1.47, 1.47, 1.47, 1.47, 1.47, 1.471, 1.472, 1.472, 1.473, 1.473, 1.474, 1.474, 1.473, 1.473, 1.473, 1.472, 1.472, 1.472, 1.472, 1.472, 1.472, 1.472, 1.472, 1.472, 1.472, 1.472, 1.472, 1.472, 1.472, 1.471, 1.471, 1.47, 1.47, 1.47, 1.468, 1.468, 1.468, 1.466, 1.466, 1.466, 1.466, 1.466, 1.466, 1.466, 1.468, 1.469, 1.47, 1.47, 1.471, 1.472, 1.472, 1.472, 1.472, 1.472, 1.473, 1.474, 1.474, 1.475, 1.475, 1.475, 1.474, 1.474, 1.473, 1.472, 1.472, 1.471, 1.47, 1.47, 1.469, 1.468, 1.468, 1.468, 1.468, 1.468, 1.468, 1.468, 1.468, 1.468, 1.468, 1.468, 1.468, 1.468, 1.468, 1.468, 1.468, 1.466, 1.466, 1.464, 1.464, 1.462, 1.46, 1.46, 1.462, 0, 
1.532, 1.532, 1.531, 1.528, 1.528, 1.528, 1.528, 1.528, 1.527, 1.526, 1.526, 1.526, 1.525, 1.524, 1.524, 1.524, 1.524, 1.524, 1.524, 1.525, 1.526, 1.526, 1.527, 1.528, 1.531, 1.531, 1.532, 1.532, 1.533, 1.533, 1.533, 1.533, 1.533, 1.533, 1.532, 1.531, 1.531, 1.531, 1.531, 1.531, 1.531, 1.531, 1.531, 1.531, 1.531, 1.531, 1.531, 1.531, 1.531, 1.531, 1.531, 1.528, 1.528, 1.527, 1.527, 1.526, 1.526, 1.525, 1.524, 1.524, 1.524, 1.523, 1.523, 1.522, 1.522, 1.522, 1.522, 1.522, 1.522, 1.522, 1.522, 1.521, 1.52, 1.52, 1.52, 1.519, 1.518, 1.518, 1.518, 1.519, 1.52, 1.52, 1.52, 1.52, 1.52, 1.52, 1.52, 1.519, 1.518, 1.518, 1.517, 1.517, 1.517, 1.518, 1.518, 1.519, 1.519, 1.519, 1.52, 1.52, 1.52, 1.52, 1.519, 1.518, 1.518, 1.517, 1.517, 1.516, 1.516, 1.516, 1.516, 1.516, 1.516, 1.517, 1.518, 1.518, 1.518, 1.519, 1.519, 1.52, 1.52, 1.52, 1.52, 1.52, 1.519, 1.519, 1.518, 1.518, 1.518, 1.518, 1.517, 1.517, 1.516, 1.516, 1.513, 1.512, 1.511, 1.51, 1.507, 1.502, 1.495, 1.49, 1.484, 1.477, 1.471, 1.462, 1.454, 1.446, 1.438, 1.432, 1.427, 1.425, 1.421, 1.419, 1.419, 1.417, 1.417, 1.417, 1.417, 1.415, 1.415, 1.415, 1.415, 1.415, 1.413, 1.413, 1.412, 1.412, 1.412, 1.412, 1.412, 1.412, 1.412, 1.412, 1.41, 1.41, 1.41, 1.41, 1.41, 1.41, 1.408, 1.408, 1.406, 1.404, 1.402, 1.402, 1.402, 1.402, 1.402, 1.402, 1.404, 1.404, 1.404, 1.402, 1.402, 1.4, 1.399, 1.397, 1.397, 1.395, 1.395, 1.393, 1.393, 1.393, 1.393, 1.395, 1.395, 1.395, 1.393, 1.393, 1.393, 1.393, 1.391, 1.391, 1.391, 1.39, 1.39, 1.39, 1.388, 1.388, 1.388, 1.388, 1.388, 1.386, 1.386, 1.386, 1.386, 1.386, 1.386, 1.386, 1.386, 1.386, 1.386, 1.386, 1.386, 1.386, 1.386, 1.386, 1.384, 1.384, 1.384, 1.386, 1.386, 1.386, 1.386, 1.388, 1.388, 1.39, 1.39, 1.39, 1.388, 1.388, 1.388, 1.388, 1.388, 1.388, 1.388, 1.388, 1.388, 1.388, 1.388, 1.388, 1.386, 1.384, 1.382, 1.382, 1.381, 1.379, 1.379, 1.377, 1.377, 1.377, 1.379, 1.379, 1.379, 1.381, 1.382, 1.382, 1.382, 1.384, 1.384, 1.384, 1.382, 1.382, 1.382, 1.382, 1.382, 1.381, 1.381, 1.381, 1.381, 1.381, 1.381, 1.381, 1.381, 1.382, 1.382, 1.384, 1.384, 1.384, 1.386, 1.386, 1.384, 1.384, 1.384, 1.382, 1.382, 1.381, 1.381, 1.381, 1.381, 1.381, 1.381, 1.381, 1.381, 1.381, 1.381, 1.381, 1.381, 1.381, 1.381, 1.382, 1.382, 1.382, 1.382, 1.382, 1.382, 1.382, 1.382, 1.382, 1.382, 1.384, 1.384, 1.384, 1.384, 1.384, 1.384, 1.386, 1.386, 1.388, 1.391, 1.393, 1.399, 1.404, 1.413, 1.421, 1.43, 1.44, 1.448, 1.456, 1.464, 1.47, 1.474, 1.479, 1.48, 1.481, 1.482, 1.483, 1.484, 1.485, 1.486, 1.487, 1.488, 1.489, 1.49, 1.49, 1.489, 1.488, 1.486, 1.484, 1.483, 1.481, 1.479, 1.478, 1.476, 1.476, 1.475, 1.474, 1.474, 1.473, 1.472, 1.472, 1.471, 1.471, 1.47, 1.47, 1.468, 1.468, 1.468, 1.468, 1.47, 1.47, 1.471, 1.472, 1.472, 1.472, 1.473, 1.473, 1.473, 1.472, 1.472, 1.472, 1.472, 1.472, 1.472, 1.472, 1.472, 1.472, 1.472, 1.472, 1.472, 1.472, 1.472, 1.472, 1.472, 1.472, 1.471, 1.471, 1.47, 1.47, 1.47, 1.468, 1.468, 1.468, 1.466, 1.466, 1.466, 1.466, 1.466, 1.468, 1.469, 1.469, 1.47, 1.47, 1.471, 1.471, 1.471, 1.472, 1.472, 1.472, 1.472, 1.473, 1.474, 1.475, 1.475, 1.475, 1.474, 1.474, 1.473, 1.472, 1.472, 1.471, 1.47, 1.47, 1.469, 1.469, 1.468, 1.468, 1.468, 1.468, 1.468, 1.468, 1.468, 1.468, 1.468, 1.468, 1.468, 1.468, 1.468, 1.468, 1.468, 1.466, 1.466, 1.464, 1.464, 1.464, 1.462, 1.462, 1.462, 0, 
1.532, 1.532, 1.531, 1.528, 1.528, 1.528, 1.528, 1.528, 1.527, 1.526, 1.526, 1.526, 1.525, 1.524, 1.524, 1.524, 1.524, 1.524, 1.524, 1.525, 1.526, 1.527, 1.528, 1.528, 1.531, 1.531, 1.532, 1.533, 1.533, 1.533, 1.533, 1.533, 1.533, 1.532, 1.532, 1.531, 1.531, 1.531, 1.531, 1.531, 1.531, 1.531, 1.531, 1.531, 1.531, 1.531, 1.531, 1.531, 1.531, 1.531, 1.531, 1.528, 1.528, 1.528, 1.527, 1.526, 1.526, 1.525, 1.524, 1.524, 1.524, 1.524, 1.523, 1.523, 1.523, 1.523, 1.523, 1.523, 1.523, 1.522, 1.522, 1.522, 1.521, 1.52, 1.52, 1.519, 1.518, 1.518, 1.518, 1.518, 1.519, 1.52, 1.52, 1.52, 1.52, 1.52, 1.519, 1.518, 1.518, 1.517, 1.516, 1.516, 1.517, 1.517, 1.517, 1.518, 1.518, 1.519, 1.519, 1.519, 1.519, 1.519, 1.519, 1.518, 1.517, 1.517, 1.516, 1.516, 1.516, 1.516, 1.516, 1.516, 1.516, 1.517, 1.518, 1.518, 1.518, 1.518, 1.519, 1.519, 1.519, 1.519, 1.52, 1.52, 1.52, 1.519, 1.518, 1.518, 1.518, 1.518, 1.518, 1.517, 1.516, 1.516, 1.516, 1.512, 1.511, 1.51, 1.505, 1.501, 1.494, 1.489, 1.483, 1.478, 1.472, 1.464, 1.458, 1.452, 1.446, 1.44, 1.436, 1.432, 1.43, 1.429, 1.427, 1.425, 1.425, 1.425, 1.425, 1.425, 1.423, 1.423, 1.423, 1.421, 1.421, 1.419, 1.419, 1.419, 1.419, 1.417, 1.417, 1.419, 1.417, 1.417, 1.417, 1.417, 1.417, 1.417, 1.417, 1.415, 1.415, 1.413, 1.412, 1.41, 1.408, 1.408, 1.406, 1.406, 1.406, 1.408, 1.408, 1.408, 1.408, 1.408, 1.406, 1.406, 1.404, 1.402, 1.4, 1.399, 1.399, 1.399, 1.399, 1.399, 1.399, 1.399, 1.399, 1.399, 1.399, 1.397, 1.397, 1.397, 1.395, 1.395, 1.393, 1.391, 1.391, 1.391, 1.39, 1.39, 1.39, 1.388, 1.388, 1.388, 1.388, 1.388, 1.388, 1.388, 1.388, 1.388, 1.388, 1.388, 1.388, 1.388, 1.388, 1.388, 1.388, 1.388, 1.386, 1.386, 1.386, 1.386, 1.388, 1.388, 1.388, 1.39, 1.39, 1.39, 1.39, 1.39, 1.39, 1.388, 1.388, 1.388, 1.388, 1.388, 1.388, 1.388, 1.388, 1.388, 1.388, 1.388, 1.386, 1.386, 1.384, 1.382, 1.382, 1.381, 1.379, 1.379, 1.379, 1.379, 1.379, 1.381, 1.381, 1.382, 1.382, 1.382, 1.384, 1.384, 1.384, 1.384, 1.382, 1.382, 1.382, 1.382, 1.382, 1.381, 1.381, 1.381, 1.381, 1.381, 1.381, 1.381, 1.381, 1.382, 1.382, 1.384, 1.384, 1.384, 1.384, 1.384, 1.384, 1.384, 1.384, 1.382, 1.382, 1.382, 1.382, 1.381, 1.381, 1.381, 1.381, 1.381, 1.382, 1.382, 1.382, 1.382, 1.382, 1.382, 1.382, 1.382, 1.382, 1.382, 1.382, 1.382, 1.382, 1.382, 1.382, 1.382, 1.382, 1.384, 1.384, 1.384, 1.384, 1.384, 1.384, 1.386, 1.386, 1.388, 1.391, 1.393, 1.399, 1.406, 1.413, 1.423, 1.432, 1.44, 1.448, 1.458, 1.464, 1.47, 1.474, 1.478, 1.479, 1.481, 1.482, 1.483, 1.484, 1.485, 1.486, 1.488, 1.489, 1.489, 1.49, 1.49, 1.489, 1.488, 1.486, 1.485, 1.482, 1.48, 1.478, 1.477, 1.476, 1.475, 1.474, 1.474, 1.473, 1.472, 1.472, 1.472, 1.471, 1.471, 1.47, 1.47, 1.468, 1.468, 1.468, 1.468, 1.468, 1.47, 1.47, 1.471, 1.471, 1.472, 1.472, 1.472, 1.472, 1.472, 1.472, 1.472, 1.472, 1.471, 1.471, 1.472, 1.472, 1.472, 1.472, 1.472, 1.472, 1.472, 1.472, 1.472, 1.472, 1.472, 1.472, 1.471, 1.471, 1.47, 1.47, 1.47, 1.468, 1.468, 1.468, 1.468, 1.468, 1.468, 1.468, 1.469, 1.469, 1.47, 1.47, 1.47, 1.47, 1.47, 1.471, 1.471, 1.471, 1.471, 1.472, 1.473, 1.474, 1.474, 1.475, 1.475, 1.474, 1.474, 1.473, 1.472, 1.472, 1.471, 1.471, 1.47, 1.47, 1.47, 1.47, 1.469, 1.469, 1.468, 1.468, 1.468, 1.468, 1.468, 1.468, 1.469, 1.469, 1.47, 1.469, 1.469, 1.468, 1.468, 1.466, 1.466, 1.464, 1.464, 1.462, 1.462, 1.462, 0, 
1.533, 1.532, 1.531, 1.528, 1.528, 1.528, 1.528, 1.528, 1.527, 1.527, 1.526, 1.526, 1.526, 1.525, 1.525, 1.524, 1.524, 1.524, 1.525, 1.525, 1.526, 1.527, 1.528, 1.531, 1.531, 1.531, 1.532, 1.533, 1.533, 1.533, 1.533, 1.533, 1.533, 1.532, 1.531, 1.531, 1.531, 1.531, 1.531, 1.531, 1.531, 1.531, 1.531, 1.531, 1.531, 1.531, 1.531, 1.531, 1.531, 1.531, 1.531, 1.528, 1.528, 1.528, 1.527, 1.526, 1.526, 1.525, 1.525, 1.524, 1.524, 1.524, 1.524, 1.524, 1.524, 1.524, 1.524, 1.524, 1.523, 1.523, 1.522, 1.522, 1.521, 1.52, 1.52, 1.519, 1.518, 1.518, 1.518, 1.518, 1.519, 1.519, 1.519, 1.519, 1.519, 1.519, 1.519, 1.518, 1.517, 1.516, 1.516, 1.516, 1.516, 1.516, 1.516, 1.517, 1.517, 1.518, 1.518, 1.518, 1.518, 1.518, 1.518, 1.517, 1.517, 1.516, 1.516, 1.516, 1.516, 1.516, 1.516, 1.516, 1.516, 1.517, 1.518, 1.518, 1.518, 1.518, 1.518, 1.518, 1.518, 1.519, 1.519, 1.519, 1.519, 1.519, 1.518, 1.518, 1.518, 1.518, 1.518, 1.517, 1.516, 1.516, 1.516, 1.512, 1.511, 1.51, 1.505, 1.501, 1.493, 1.488, 1.483, 1.478, 1.472, 1.466, 1.462, 1.456, 1.452, 1.448, 1.444, 1.442, 1.44, 1.436, 1.434, 1.434, 1.434, 1.432, 1.432, 1.432, 1.432, 1.43, 1.43, 1.429, 1.427, 1.427, 1.427, 1.425, 1.425, 1.425, 1.425, 1.425, 1.425, 1.425, 1.427, 1.427, 1.427, 1.427, 1.425, 1.425, 1.423, 1.421, 1.417, 1.415, 1.413, 1.413, 1.412, 1.412, 1.412, 1.412, 1.413, 1.413, 1.413, 1.413, 1.412, 1.412, 1.41, 1.408, 1.406, 1.404, 1.404, 1.402, 1.402, 1.402, 1.402, 1.402, 1.402, 1.402, 1.402, 1.4, 1.4, 1.4, 1.4, 1.399, 1.397, 1.397, 1.395, 1.395, 1.393, 1.393, 1.391, 1.391, 1.39, 1.39, 1.39, 1.39, 1.39, 1.39, 1.39, 1.39, 1.39, 1.39, 1.39, 1.39, 1.39, 1.39, 1.39, 1.39, 1.388, 1.388, 1.388, 1.388, 1.39, 1.39, 1.39, 1.39, 1.39, 1.391, 1.391, 1.39, 1.39, 1.388, 1.388, 1.388, 1.388, 1.388, 1.388, 1.388, 1.388, 1.388, 1.388, 1.386, 1.386, 1.386, 1.384, 1.382, 1.381, 1.381, 1.381, 1.379, 1.379, 1.381, 1.381, 1.381, 1.382, 1.382, 1.382, 1.384, 1.384, 1.384, 1.384, 1.384, 1.384, 1.382, 1.382, 1.382, 1.382, 1.381, 1.381, 1.381, 1.381, 1.381, 1.381, 1.381, 1.381, 1.382, 1.382, 1.382, 1.384, 1.384, 1.384, 1.384, 1.384, 1.384, 1.384, 1.382, 1.382, 1.382, 1.382, 1.382, 1.382, 1.382, 1.382, 1.382, 1.382, 1.382, 1.382, 1.382, 1.382, 1.382, 1.382, 1.382, 1.382, 1.382, 1.382, 1.382, 1.382, 1.382, 1.382, 1.382, 1.382, 1.382, 1.382, 1.384, 1.384, 1.384, 1.384, 1.384, 1.386, 1.388, 1.391, 1.393, 1.399, 1.406, 1.413, 1.423, 1.432, 1.44, 1.45, 1.458, 1.464, 1.47, 1.474, 1.477, 1.479, 1.48, 1.481, 1.483, 1.484, 1.485, 1.486, 1.487, 1.488, 1.489, 1.489, 1.489, 1.488, 1.487, 1.486, 1.484, 1.481, 1.479, 1.478, 1.476, 1.475, 1.474, 1.474, 1.473, 1.473, 1.472, 1.472, 1.472, 1.471, 1.471, 1.47, 1.47, 1.468, 1.468, 1.468, 1.468, 1.468, 1.468, 1.47, 1.47, 1.471, 1.471, 1.472, 1.472, 1.472, 1.472, 1.471, 1.471, 1.471, 1.471, 1.471, 1.471, 1.471, 1.471, 1.472, 1.472, 1.472, 1.472, 1.472, 1.472, 1.472, 1.472, 1.472, 1.472, 1.471, 1.471, 1.47, 1.47, 1.468, 1.468, 1.468, 1.468, 1.468, 1.468, 1.469, 1.47, 1.47, 1.47, 1.469, 1.469, 1.469, 1.468, 1.468, 1.47, 1.47, 1.471, 1.471, 1.472, 1.473, 1.474, 1.474, 1.475, 1.474, 1.474, 1.473, 1.472, 1.472, 1.472, 1.471, 1.47, 1.47, 1.47, 1.47, 1.47, 1.47, 1.469, 1.469, 1.469, 1.47, 1.47, 1.47, 1.47, 1.47, 1.47, 1.47, 1.469, 1.469, 1.468, 1.466, 1.466, 1.466, 1.464, 1.462, 1.462, 1.462, 0, 
1.533, 1.532, 1.532, 1.528, 1.528, 1.528, 1.528, 1.528, 1.528, 1.527, 1.527, 1.527, 1.526, 1.526, 1.525, 1.525, 1.525, 1.525, 1.525, 1.526, 1.527, 1.527, 1.528, 1.531, 1.531, 1.531, 1.532, 1.533, 1.533, 1.533, 1.533, 1.533, 1.533, 1.532, 1.531, 1.531, 1.531, 1.531, 1.531, 1.531, 1.528, 1.528, 1.528, 1.528, 1.528, 1.528, 1.531, 1.531, 1.531, 1.531, 1.528, 1.528, 1.528, 1.528, 1.527, 1.526, 1.526, 1.526, 1.525, 1.524, 1.524, 1.524, 1.524, 1.524, 1.524, 1.524, 1.524, 1.524, 1.524, 1.523, 1.523, 1.522, 1.521, 1.52, 1.52, 1.519, 1.518, 1.518, 1.518, 1.518, 1.518, 1.518, 1.518, 1.518, 1.518, 1.518, 1.518, 1.518, 1.517, 1.516, 1.516, 1.516, 1.516, 1.516, 1.516, 1.516, 1.516, 1.517, 1.518, 1.518, 1.518, 1.518, 1.517, 1.517, 1.516, 1.516, 1.516, 1.516, 1.516, 1.516, 1.516, 1.516, 1.516, 1.517, 1.518, 1.518, 1.518, 1.518, 1.518, 1.518, 1.518, 1.518, 1.518, 1.518, 1.518, 1.518, 1.518, 1.518, 1.518, 1.518, 1.518, 1.518, 1.517, 1.516, 1.516, 1.512, 1.511, 1.51, 1.504, 1.5, 1.492, 1.486, 1.482, 1.477, 1.473, 1.468, 1.466, 1.46, 1.456, 1.454, 1.452, 1.45, 1.448, 1.446, 1.444, 1.442, 1.442, 1.442, 1.442, 1.44, 1.44, 1.438, 1.438, 1.436, 1.434, 1.434, 1.432, 1.432, 1.432, 1.432, 1.432, 1.432, 1.432, 1.434, 1.434, 1.434, 1.434, 1.434, 1.434, 1.432, 1.43, 1.429, 1.425, 1.423, 1.421, 1.419, 1.417, 1.417, 1.417, 1.417, 1.417, 1.417, 1.419, 1.417, 1.417, 1.415, 1.413, 1.412, 1.41, 1.41, 1.408, 1.408, 1.408, 1.408, 1.408, 1.408, 1.408, 1.408, 1.408, 1.406, 1.406, 1.406, 1.404, 1.402, 1.4, 1.399, 1.399, 1.397, 1.395, 1.395, 1.395, 1.393, 1.393, 1.393, 1.391, 1.391, 1.391, 1.391, 1.391, 1.391, 1.391, 1.391, 1.391, 1.391, 1.391, 1.391, 1.391, 1.391, 1.39, 1.39, 1.39, 1.39, 1.39, 1.39, 1.39, 1.39, 1.391, 1.391, 1.391, 1.39, 1.39, 1.388, 1.388, 1.388, 1.388, 1.386, 1.386, 1.386, 1.386, 1.386, 1.386, 1.386, 1.386, 1.384, 1.384, 1.382, 1.381, 1.381, 1.381, 1.381, 1.381, 1.381, 1.381, 1.381, 1.382, 1.382, 1.384, 1.384, 1.386, 1.386, 1.386, 1.386, 1.384, 1.384, 1.382, 1.382, 1.382, 1.382, 1.381, 1.381, 1.381, 1.381, 1.381, 1.381, 1.381, 1.381, 1.382, 1.382, 1.384, 1.384, 1.384, 1.384, 1.384, 1.384, 1.382, 1.382, 1.382, 1.382, 1.382, 1.382, 1.382, 1.382, 1.382, 1.382, 1.382, 1.382, 1.382, 1.382, 1.382, 1.382, 1.382, 1.382, 1.381, 1.381, 1.381, 1.381, 1.381, 1.381, 1.382, 1.382, 1.382, 1.382, 1.382, 1.382, 1.382, 1.384, 1.384, 1.384, 1.386, 1.388, 1.39, 1.393, 1.399, 1.406, 1.415, 1.423, 1.432, 1.442, 1.45, 1.458, 1.464, 1.47, 1.474, 1.477, 1.478, 1.479, 1.481, 1.482, 1.483, 1.485, 1.486, 1.487, 1.488, 1.488, 1.488, 1.488, 1.487, 1.486, 1.484, 1.483, 1.479, 1.478, 1.476, 1.475, 1.474, 1.473, 1.473, 1.472, 1.472, 1.472, 1.472, 1.472, 1.471, 1.471, 1.47, 1.47, 1.468, 1.468, 1.468, 1.468, 1.468, 1.468, 1.47, 1.47, 1.47, 1.47, 1.471, 1.471, 1.471, 1.471, 1.471, 1.47, 1.47, 1.47, 1.47, 1.47, 1.47, 1.471, 1.471, 1.471, 1.471, 1.471, 1.472, 1.472, 1.472, 1.472, 1.472, 1.472, 1.472, 1.471, 1.471, 1.47, 1.47, 1.47, 1.47, 1.47, 1.47, 1.47, 1.47, 1.47, 1.47, 1.469, 1.469, 1.468, 1.468, 1.468, 1.468, 1.468, 1.468, 1.47, 1.471, 1.472, 1.473, 1.474, 1.474, 1.474, 1.474, 1.474, 1.473, 1.472, 1.472, 1.472, 1.471, 1.47, 1.47, 1.47, 1.47, 1.47, 1.47, 1.47, 1.47, 1.47, 1.47, 1.47, 1.47, 1.47, 1.47, 1.47, 1.47, 1.47, 1.469, 1.469, 1.466, 1.466, 1.466, 1.464, 1.462, 1.462, 1.462, 0, 
1.533, 1.533, 1.532, 1.531, 1.528, 1.528, 1.528, 1.528, 1.528, 1.528, 1.528, 1.528, 1.527, 1.527, 1.526, 1.526, 1.526, 1.526, 1.526, 1.527, 1.527, 1.528, 1.528, 1.531, 1.531, 1.531, 1.532, 1.533, 1.533, 1.533, 1.533, 1.533, 1.533, 1.532, 1.531, 1.531, 1.531, 1.531, 1.531, 1.528, 1.528, 1.528, 1.528, 1.528, 1.528, 1.528, 1.528, 1.528, 1.528, 1.528, 1.528, 1.528, 1.528, 1.528, 1.527, 1.527, 1.526, 1.526, 1.525, 1.525, 1.524, 1.524, 1.524, 1.524, 1.524, 1.524, 1.524, 1.524, 1.524, 1.524, 1.524, 1.523, 1.522, 1.521, 1.52, 1.519, 1.518, 1.518, 1.517, 1.517, 1.517, 1.517, 1.517, 1.518, 1.518, 1.518, 1.518, 1.518, 1.517, 1.516, 1.516, 1.516, 1.516, 1.516, 1.516, 1.516, 1.516, 1.517, 1.518, 1.518, 1.518, 1.518, 1.517, 1.516, 1.516, 1.516, 1.516, 1.516, 1.516, 1.516, 1.516, 1.516, 1.517, 1.517, 1.518, 1.518, 1.518, 1.518, 1.518, 1.518, 1.518, 1.518, 1.518, 1.518, 1.518, 1.518, 1.518, 1.518, 1.518, 1.518, 1.518, 1.518, 1.517, 1.517, 1.516, 1.512, 1.511, 1.51, 1.503, 1.499, 1.491, 1.485, 1.482, 1.476, 1.474, 1.47, 1.466, 1.464, 1.462, 1.46, 1.458, 1.456, 1.456, 1.454, 1.452, 1.45, 1.448, 1.448, 1.448, 1.448, 1.446, 1.446, 1.444, 1.444, 1.442, 1.442, 1.44, 1.44, 1.44, 1.44, 1.44, 1.44, 1.44, 1.44, 1.442, 1.442, 1.444, 1.442, 1.442, 1.44, 1.436, 1.434, 1.43, 1.429, 1.425, 1.425, 1.423, 1.421, 1.421, 1.421, 1.423, 1.423, 1.423, 1.423, 1.421, 1.419, 1.417, 1.417, 1.415, 1.413, 1.412, 1.412, 1.412, 1.41, 1.41, 1.412, 1.412, 1.412, 1.41, 1.41, 1.41, 1.408, 1.408, 1.406, 1.404, 1.402, 1.4, 1.399, 1.399, 1.397, 1.397, 1.395, 1.395, 1.393, 1.393, 1.393, 1.393, 1.393, 1.393, 1.393, 1.393, 1.393, 1.393, 1.393, 1.393, 1.393, 1.393, 1.391, 1.391, 1.39, 1.39, 1.39, 1.391, 1.391, 1.391, 1.391, 1.391, 1.391, 1.391, 1.39, 1.39, 1.388, 1.388, 1.388, 1.386, 1.386, 1.386, 1.386, 1.386, 1.386, 1.386, 1.386, 1.384, 1.384, 1.382, 1.382, 1.381, 1.381, 1.381, 1.381, 1.381, 1.381, 1.381, 1.382, 1.384, 1.384, 1.386, 1.386, 1.388, 1.388, 1.386, 1.386, 1.384, 1.384, 1.382, 1.382, 1.382, 1.382, 1.381, 1.381, 1.381, 1.381, 1.381, 1.381, 1.381, 1.381, 1.382, 1.382, 1.382, 1.384, 1.384, 1.384, 1.384, 1.382, 1.382, 1.382, 1.382, 1.382, 1.382, 1.382, 1.382, 1.382, 1.382, 1.382, 1.382, 1.382, 1.382, 1.382, 1.382, 1.382, 1.382, 1.382, 1.381, 1.381, 1.381, 1.381, 1.381, 1.381, 1.381, 1.381, 1.381, 1.381, 1.381, 1.382, 1.382, 1.382, 1.382, 1.382, 1.384, 1.386, 1.39, 1.393, 1.399, 1.408, 1.415, 1.425, 1.434, 1.442, 1.45, 1.458, 1.466, 1.47, 1.475, 1.476, 1.478, 1.479, 1.48, 1.481, 1.483, 1.484, 1.485, 1.486, 1.487, 1.487, 1.488, 1.487, 1.486, 1.485, 1.484, 1.482, 1.478, 1.476, 1.475, 1.474, 1.473, 1.472, 1.472, 1.472, 1.472, 1.472, 1.472, 1.472, 1.471, 1.471, 1.47, 1.47, 1.47, 1.468, 1.468, 1.468, 1.468, 1.468, 1.469, 1.47, 1.47, 1.47, 1.47, 1.47, 1.47, 1.47, 1.47, 1.47, 1.47, 1.47, 1.468, 1.468, 1.47, 1.47, 1.47, 1.47, 1.471, 1.471, 1.471, 1.471, 1.472, 1.472, 1.472, 1.472, 1.472, 1.472, 1.471, 1.471, 1.471, 1.471, 1.47, 1.47, 1.47, 1.47, 1.47, 1.47, 1.47, 1.469, 1.468, 1.468, 1.468, 1.468, 1.466, 1.466, 1.466, 1.468, 1.471, 1.471, 1.472, 1.473, 1.474, 1.474, 1.474, 1.474, 1.473, 1.472, 1.472, 1.472, 1.471, 1.471, 1.47, 1.47, 1.47, 1.47, 1.47, 1.47, 1.47, 1.47, 1.47, 1.47, 1.47, 1.47, 1.47, 1.47, 1.47, 1.47, 1.47, 1.469, 1.466, 1.466, 1.466, 1.464, 1.462, 1.462, 1.462, 0, 
1.534, 1.533, 1.533, 1.532, 1.531, 1.528, 1.528, 1.528, 1.528, 1.528, 1.528, 1.528, 1.528, 1.528, 1.527, 1.527, 1.527, 1.527, 1.527, 1.528, 1.528, 1.528, 1.528, 1.528, 1.531, 1.531, 1.532, 1.533, 1.533, 1.533, 1.533, 1.533, 1.533, 1.532, 1.531, 1.531, 1.531, 1.531, 1.531, 1.528, 1.528, 1.528, 1.528, 1.528, 1.528, 1.528, 1.528, 1.528, 1.528, 1.528, 1.528, 1.528, 1.528, 1.528, 1.528, 1.527, 1.526, 1.526, 1.526, 1.525, 1.525, 1.525, 1.524, 1.524, 1.524, 1.524, 1.524, 1.524, 1.524, 1.524, 1.524, 1.523, 1.522, 1.521, 1.52, 1.52, 1.518, 1.518, 1.517, 1.516, 1.516, 1.516, 1.516, 1.517, 1.517, 1.517, 1.518, 1.517, 1.517, 1.516, 1.516, 1.516, 1.516, 1.516, 1.516, 1.516, 1.516, 1.517, 1.518, 1.518, 1.518, 1.518, 1.517, 1.516, 1.516, 1.516, 1.516, 1.516, 1.516, 1.516, 1.516, 1.517, 1.517, 1.518, 1.518, 1.518, 1.518, 1.517, 1.517, 1.517, 1.517, 1.517, 1.517, 1.518, 1.518, 1.518, 1.518, 1.518, 1.518, 1.518, 1.518, 1.518, 1.518, 1.517, 1.516, 1.512, 1.511, 1.51, 1.503, 1.496, 1.49, 1.484, 1.477, 1.475, 1.47, 1.468, 1.466, 1.464, 1.464, 1.464, 1.462, 1.462, 1.46, 1.46, 1.458, 1.456, 1.454, 1.454, 1.454, 1.454, 1.452, 1.452, 1.45, 1.45, 1.448, 1.448, 1.448, 1.446, 1.446, 1.446, 1.446, 1.446, 1.448, 1.448, 1.448, 1.45, 1.45, 1.45, 1.448, 1.446, 1.442, 1.44, 1.434, 1.432, 1.43, 1.427, 1.427, 1.427, 1.427, 1.427, 1.427, 1.427, 1.427, 1.427, 1.425, 1.425, 1.423, 1.421, 1.419, 1.417, 1.415, 1.415, 1.413, 1.413, 1.413, 1.413, 1.413, 1.413, 1.413, 1.412, 1.412, 1.41, 1.408, 1.408, 1.406, 1.404, 1.402, 1.4, 1.399, 1.399, 1.397, 1.397, 1.395, 1.395, 1.393, 1.393, 1.393, 1.393, 1.393, 1.393, 1.393, 1.393, 1.393, 1.393, 1.393, 1.393, 1.393, 1.393, 1.393, 1.391, 1.391, 1.391, 1.391, 1.391, 1.391, 1.391, 1.391, 1.39, 1.39, 1.39, 1.388, 1.388, 1.388, 1.386, 1.386, 1.386, 1.386, 1.386, 1.386, 1.384, 1.384, 1.384, 1.384, 1.382, 1.382, 1.382, 1.381, 1.381, 1.381, 1.381, 1.381, 1.381, 1.382, 1.384, 1.384, 1.386, 1.386, 1.388, 1.388, 1.388, 1.388, 1.386, 1.384, 1.384, 1.382, 1.382, 1.382, 1.381, 1.381, 1.381, 1.381, 1.381, 1.381, 1.381, 1.381, 1.381, 1.382, 1.382, 1.382, 1.382, 1.382, 1.382, 1.382, 1.382, 1.382, 1.382, 1.382, 1.382, 1.382, 1.382, 1.382, 1.382, 1.382, 1.382, 1.382, 1.382, 1.382, 1.382, 1.382, 1.382, 1.382, 1.381, 1.381, 1.381, 1.381, 1.381, 1.381, 1.381, 1.381, 1.381, 1.381, 1.381, 1.381, 1.381, 1.381, 1.381, 1.381, 1.381, 1.382, 1.386, 1.388, 1.391, 1.399, 1.408, 1.415, 1.425, 1.434, 1.444, 1.452, 1.46, 1.466, 1.47, 1.475, 1.476, 1.477, 1.478, 1.479, 1.481, 1.482, 1.484, 1.485, 1.486, 1.486, 1.486, 1.487, 1.486, 1.485, 1.484, 1.482, 1.481, 1.477, 1.476, 1.474, 1.473, 1.472, 1.471, 1.471, 1.471, 1.471, 1.471, 1.471, 1.472, 1.471, 1.471, 1.47, 1.47, 1.47, 1.47, 1.468, 1.468, 1.469, 1.469, 1.469, 1.468, 1.468, 1.468, 1.47, 1.47, 1.468, 1.468, 1.468, 1.468, 1.468, 1.468, 1.468, 1.468, 1.468, 1.468, 1.47, 1.47, 1.47, 1.47, 1.47, 1.471, 1.471, 1.472, 1.472, 1.472, 1.472, 1.472, 1.472, 1.472, 1.472, 1.471, 1.471, 1.471, 1.471, 1.471, 1.47, 1.47, 1.47, 1.469, 1.468, 1.466, 1.466, 1.464, 1.464, 1.466, 1.466, 1.466, 1.468, 1.471, 1.472, 1.473, 1.473, 1.474, 1.474, 1.474, 1.473, 1.472, 1.472, 1.472, 1.472, 1.471, 1.47, 1.47, 1.47, 1.47, 1.47, 1.47, 1.47, 1.47, 1.47, 1.47, 1.47, 1.47, 1.47, 1.47, 1.47, 1.47, 1.47, 1.469, 1.469, 1.466, 1.466, 1.466, 1.464, 1.462, 1.462, 0, 
1.535, 1.534, 1.534, 1.533, 1.532, 1.531, 1.531, 1.531, 1.528, 1.528, 1.528, 1.528, 1.528, 1.528, 1.528, 1.528, 1.528, 1.528, 1.528, 1.528, 1.528, 1.528, 1.528, 1.528, 1.531, 1.531, 1.531, 1.532, 1.533, 1.533, 1.533, 1.533, 1.533, 1.532, 1.531, 1.531, 1.531, 1.531, 1.528, 1.528, 1.528, 1.528, 1.528, 1.528, 1.528, 1.528, 1.528, 1.528, 1.528, 1.528, 1.528, 1.528, 1.528, 1.528, 1.528, 1.527, 1.526, 1.526, 1.526, 1.526, 1.526, 1.525, 1.525, 1.525, 1.525, 1.525, 1.524, 1.524, 1.524, 1.524, 1.524, 1.524, 1.523, 1.521, 1.52, 1.52, 1.518, 1.518, 1.517, 1.516, 1.516, 1.516, 1.516, 1.516, 1.516, 1.517, 1.517, 1.518, 1.517, 1.517, 1.517, 1.517, 1.517, 1.517, 1.517, 1.517, 1.517, 1.517, 1.518, 1.518, 1.518, 1.518, 1.517, 1.516, 1.516, 1.516, 1.516, 1.516, 1.516, 1.516, 1.516, 1.517, 1.518, 1.518, 1.518, 1.518, 1.518, 1.517, 1.516, 1.516, 1.516, 1.516, 1.517, 1.517, 1.518, 1.518, 1.518, 1.518, 1.518, 1.518, 1.518, 1.518, 1.518, 1.517, 1.516, 1.516, 1.511, 1.51, 1.503, 1.496, 1.489, 1.482, 1.476, 1.47, 1.466, 1.462, 1.46, 1.46, 1.46, 1.46, 1.46, 1.46, 1.46, 1.46, 1.46, 1.458, 1.458, 1.458, 1.458, 1.456, 1.456, 1.456, 1.454, 1.454, 1.454, 1.452, 1.452, 1.45, 1.45, 1.45, 1.45, 1.45, 1.45, 1.452, 1.454, 1.454, 1.454, 1.454, 1.452, 1.45, 1.446, 1.442, 1.438, 1.434, 1.432, 1.43, 1.429, 1.429, 1.429, 1.429, 1.429, 1.429, 1.429, 1.429, 1.429, 1.427, 1.425, 1.423, 1.421, 1.419, 1.419, 1.417, 1.417, 1.417, 1.417, 1.415, 1.415, 1.415, 1.415, 1.413, 1.412, 1.41, 1.41, 1.408, 1.406, 1.404, 1.402, 1.4, 1.399, 1.399, 1.399, 1.397, 1.397, 1.395, 1.395, 1.395, 1.395, 1.395, 1.395, 1.395, 1.395, 1.395, 1.395, 1.395, 1.393, 1.393, 1.393, 1.393, 1.393, 1.393, 1.393, 1.391, 1.391, 1.391, 1.391, 1.391, 1.391, 1.39, 1.39, 1.39, 1.388, 1.388, 1.388, 1.386, 1.386, 1.384, 1.384, 1.384, 1.384, 1.384, 1.384, 1.384, 1.382, 1.382, 1.382, 1.382, 1.382, 1.381, 1.381, 1.381, 1.382, 1.382, 1.384, 1.384, 1.386, 1.386, 1.388, 1.388, 1.388, 1.388, 1.388, 1.386, 1.384, 1.384, 1.382, 1.382, 1.382, 1.381, 1.381, 1.381, 1.381, 1.381, 1.381, 1.381, 1.381, 1.381, 1.382, 1.382, 1.382, 1.382, 1.382, 1.382, 1.382, 1.382, 1.382, 1.382, 1.382, 1.382, 1.382, 1.382, 1.382, 1.382, 1.382, 1.382, 1.382, 1.382, 1.382, 1.382, 1.382, 1.382, 1.382, 1.381, 1.381, 1.381, 1.381, 1.379, 1.379, 1.379, 1.379, 1.379, 1.379, 1.379, 1.379, 1.379, 1.379, 1.379, 1.379, 1.379, 1.381, 1.382, 1.386, 1.391, 1.399, 1.408, 1.415, 1.425, 1.436, 1.444, 1.452, 1.46, 1.466, 1.47, 1.475, 1.476, 1.477, 1.478, 1.479, 1.48, 1.482, 1.483, 1.484, 1.485, 1.485, 1.486, 1.486, 1.485, 1.484, 1.482, 1.481, 1.479, 1.476, 1.474, 1.473, 1.472, 1.471, 1.471, 1.47, 1.47, 1.47, 1.47, 1.471, 1.471, 1.471, 1.471, 1.471, 1.47, 1.47, 1.47, 1.47, 1.47, 1.47, 1.47, 1.468, 1.468, 1.468, 1.468, 1.468, 1.468, 1.468, 1.468, 1.468, 1.466, 1.466, 1.466, 1.466, 1.466, 1.466, 1.468, 1.468, 1.47, 1.47, 1.47, 1.47, 1.47, 1.471, 1.471, 1.472, 1.472, 1.472, 1.472, 1.472, 1.472, 1.472, 1.472, 1.472, 1.472, 1.472, 1.471, 1.471, 1.47, 1.47, 1.469, 1.466, 1.464, 1.464, 1.464, 1.464, 1.464, 1.466, 1.466, 1.466, 1.471, 1.471, 1.472, 1.473, 1.474, 1.474, 1.473, 1.473, 1.472, 1.472, 1.472, 1.472, 1.471, 1.471, 1.471, 1.471, 1.47, 1.47, 1.47, 1.47, 1.47, 1.47, 1.47, 1.47, 1.47, 1.471, 1.471, 1.47, 1.47, 1.47, 1.469, 1.469, 1.466, 1.466, 1.466, 1.464, 1.462, 1.462, 0, 
1.536, 1.536, 1.535, 1.534, 1.533, 1.532, 1.531, 1.531, 1.531, 1.528, 1.528, 1.528, 1.528, 1.528, 1.528, 1.528, 1.528, 1.528, 1.528, 1.528, 1.528, 1.528, 1.528, 1.528, 1.528, 1.531, 1.531, 1.532, 1.532, 1.533, 1.533, 1.533, 1.533, 1.532, 1.531, 1.531, 1.531, 1.531, 1.528, 1.528, 1.528, 1.528, 1.528, 1.528, 1.528, 1.528, 1.528, 1.528, 1.528, 1.528, 1.528, 1.528, 1.528, 1.528, 1.528, 1.527, 1.527, 1.526, 1.526, 1.526, 1.526, 1.526, 1.526, 1.526, 1.526, 1.525, 1.525, 1.525, 1.525, 1.524, 1.524, 1.524, 1.523, 1.522, 1.521, 1.52, 1.518, 1.517, 1.516, 1.516, 1.516, 1.516, 1.516, 1.516, 1.516, 1.517, 1.517, 1.518, 1.518, 1.518, 1.518, 1.518, 1.518, 1.518, 1.518, 1.518, 1.518, 1.518, 1.518, 1.518, 1.518, 1.518, 1.517, 1.516, 1.516, 1.516, 1.516, 1.516, 1.516, 1.516, 1.517, 1.517, 1.518, 1.518, 1.518, 1.518, 1.517, 1.517, 1.516, 1.516, 1.516, 1.516, 1.516, 1.517, 1.517, 1.518, 1.518, 1.518, 1.518, 1.518, 1.518, 1.518, 1.518, 1.517, 1.516, 1.516, 1.511, 1.509, 1.503, 1.496, 1.488, 1.481, 1.474, 1.468, 1.464, 1.458, 1.456, 1.456, 1.456, 1.456, 1.456, 1.456, 1.456, 1.456, 1.456, 1.454, 1.454, 1.454, 1.454, 1.454, 1.452, 1.452, 1.45, 1.45, 1.45, 1.448, 1.448, 1.448, 1.448, 1.448, 1.448, 1.448, 1.45, 1.45, 1.45, 1.452, 1.452, 1.452, 1.45, 1.448, 1.446, 1.442, 1.438, 1.434, 1.43, 1.43, 1.427, 1.427, 1.427, 1.427, 1.427, 1.427, 1.427, 1.429, 1.427, 1.427, 1.425, 1.423, 1.423, 1.421, 1.419, 1.419, 1.417, 1.417, 1.417, 1.415, 1.415, 1.415, 1.413, 1.413, 1.412, 1.41, 1.41, 1.408, 1.406, 1.404, 1.402, 1.4, 1.399, 1.399, 1.399, 1.397, 1.397, 1.395, 1.395, 1.395, 1.395, 1.395, 1.395, 1.395, 1.395, 1.395, 1.395, 1.395, 1.395, 1.395, 1.395, 1.393, 1.393, 1.393, 1.393, 1.393, 1.393, 1.391, 1.391, 1.391, 1.391, 1.39, 1.39, 1.388, 1.388, 1.388, 1.388, 1.386, 1.386, 1.384, 1.384, 1.384, 1.384, 1.384, 1.382, 1.382, 1.382, 1.382, 1.382, 1.382, 1.382, 1.382, 1.382, 1.382, 1.382, 1.384, 1.384, 1.386, 1.386, 1.388, 1.388, 1.388, 1.388, 1.388, 1.386, 1.386, 1.384, 1.384, 1.382, 1.382, 1.382, 1.381, 1.381, 1.381, 1.381, 1.381, 1.381, 1.381, 1.381, 1.381, 1.382, 1.382, 1.382, 1.382, 1.382, 1.382, 1.382, 1.382, 1.382, 1.382, 1.382, 1.382, 1.382, 1.382, 1.382, 1.382, 1.382, 1.382, 1.382, 1.382, 1.382, 1.382, 1.382, 1.382, 1.381, 1.381, 1.379, 1.379, 1.379, 1.377, 1.377, 1.377, 1.377, 1.377, 1.377, 1.377, 1.377, 1.377, 1.377, 1.377, 1.377, 1.379, 1.379, 1.382, 1.386, 1.391, 1.399, 1.408, 1.417, 1.427, 1.436, 1.446, 1.454, 1.46, 1.466, 1.471, 1.474, 1.475, 1.476, 1.477, 1.478, 1.479, 1.481, 1.482, 1.483, 1.484, 1.484, 1.484, 1.484, 1.484, 1.483, 1.481, 1.48, 1.478, 1.475, 1.474, 1.472, 1.471, 1.47, 1.47, 1.468, 1.468, 1.468, 1.468, 1.47, 1.47, 1.471, 1.471, 1.471, 1.471, 1.471, 1.47, 1.47, 1.47, 1.47, 1.47, 1.468, 1.468, 1.468, 1.468, 1.468, 1.468, 1.468, 1.466, 1.466, 1.466, 1.466, 1.466, 1.466, 1.466, 1.466, 1.466, 1.468, 1.468, 1.47, 1.47, 1.47, 1.47, 1.47, 1.471, 1.472, 1.472, 1.472, 1.472, 1.472, 1.472, 1.472, 1.472, 1.472, 1.472, 1.472, 1.472, 1.471, 1.47, 1.47, 1.466, 1.464, 1.464, 1.462, 1.462, 1.462, 1.462, 1.462, 1.464, 1.466, 1.468, 1.471, 1.472, 1.473, 1.473, 1.474, 1.473, 1.472, 1.472, 1.472, 1.472, 1.472, 1.472, 1.472, 1.472, 1.471, 1.471, 1.471, 1.471, 1.47, 1.47, 1.47, 1.47, 1.471, 1.471, 1.471, 1.471, 1.471, 1.47, 1.47, 1.469, 1.469, 1.466, 1.466, 1.466, 1.464, 1.462, 1.462, 0, 
1.538, 1.537, 1.536, 1.535, 1.534, 1.533, 1.532, 1.532, 1.532, 1.532, 1.532, 1.532, 1.531, 1.531, 1.531, 1.528, 1.528, 1.528, 1.528, 1.528, 1.528, 1.528, 1.528, 1.528, 1.528, 1.531, 1.531, 1.531, 1.532, 1.532, 1.532, 1.532, 1.532, 1.532, 1.531, 1.531, 1.531, 1.531, 1.528, 1.528, 1.528, 1.528, 1.528, 1.528, 1.528, 1.528, 1.528, 1.528, 1.528, 1.528, 1.528, 1.528, 1.528, 1.528, 1.528, 1.528, 1.528, 1.527, 1.527, 1.527, 1.527, 1.526, 1.526, 1.526, 1.526, 1.526, 1.526, 1.526, 1.525, 1.525, 1.525, 1.524, 1.524, 1.522, 1.521, 1.52, 1.518, 1.517, 1.516, 1.516, 1.516, 1.516, 1.516, 1.516, 1.516, 1.517, 1.518, 1.518, 1.518, 1.518, 1.518, 1.518, 1.518, 1.519, 1.519, 1.519, 1.519, 1.519, 1.519, 1.519, 1.518, 1.518, 1.517, 1.517, 1.516, 1.516, 1.516, 1.516, 1.516, 1.517, 1.517, 1.518, 1.519, 1.519, 1.518, 1.518, 1.517, 1.516, 1.516, 1.516, 1.516, 1.516, 1.516, 1.516, 1.517, 1.517, 1.517, 1.518, 1.518, 1.518, 1.518, 1.518, 1.518, 1.517, 1.517, 1.516, 1.512, 1.509, 1.503, 1.496, 1.488, 1.48, 1.472, 1.466, 1.462, 1.456, 1.454, 1.45, 1.45, 1.45, 1.45, 1.452, 1.452, 1.452, 1.45, 1.45, 1.45, 1.45, 1.45, 1.448, 1.448, 1.446, 1.446, 1.446, 1.446, 1.444, 1.444, 1.444, 1.444, 1.444, 1.444, 1.444, 1.444, 1.444, 1.444, 1.446, 1.446, 1.446, 1.444, 1.442, 1.44, 1.438, 1.434, 1.43, 1.427, 1.425, 1.423, 1.423, 1.423, 1.423, 1.423, 1.423, 1.423, 1.425, 1.425, 1.423, 1.423, 1.421, 1.421, 1.419, 1.419, 1.417, 1.417, 1.417, 1.415, 1.415, 1.413, 1.413, 1.412, 1.412, 1.41, 1.408, 1.408, 1.406, 1.404, 1.402, 1.402, 1.4, 1.4, 1.399, 1.399, 1.397, 1.397, 1.395, 1.395, 1.395, 1.395, 1.395, 1.395, 1.395, 1.395, 1.395, 1.395, 1.395, 1.395, 1.395, 1.395, 1.395, 1.395, 1.395, 1.393, 1.393, 1.393, 1.393, 1.391, 1.391, 1.391, 1.39, 1.388, 1.388, 1.388, 1.388, 1.386, 1.386, 1.386, 1.384, 1.384, 1.382, 1.382, 1.382, 1.382, 1.382, 1.382, 1.382, 1.382, 1.382, 1.382, 1.382, 1.382, 1.384, 1.384, 1.384, 1.386, 1.386, 1.386, 1.388, 1.388, 1.388, 1.388, 1.388, 1.386, 1.386, 1.384, 1.382, 1.382, 1.382, 1.381, 1.381, 1.381, 1.381, 1.381, 1.381, 1.381, 1.381, 1.381, 1.381, 1.382, 1.382, 1.382, 1.382, 1.382, 1.382, 1.382, 1.381, 1.381, 1.381, 1.381, 1.381, 1.382, 1.382, 1.382, 1.382, 1.382, 1.382, 1.382, 1.382, 1.382, 1.382, 1.382, 1.382, 1.381, 1.381, 1.379, 1.379, 1.377, 1.377, 1.377, 1.377, 1.377, 1.377, 1.377, 1.377, 1.377, 1.377, 1.377, 1.377, 1.377, 1.377, 1.379, 1.382, 1.386, 1.391, 1.399, 1.408, 1.417, 1.427, 1.438, 1.446, 1.454, 1.462, 1.466, 1.471, 1.474, 1.475, 1.476, 1.476, 1.477, 1.479, 1.48, 1.481, 1.482, 1.483, 1.483, 1.483, 1.483, 1.482, 1.481, 1.48, 1.478, 1.476, 1.475, 1.473, 1.472, 1.471, 1.47, 1.468, 1.468, 1.468, 1.468, 1.468, 1.47, 1.47, 1.47, 1.471, 1.471, 1.472, 1.471, 1.471, 1.471, 1.47, 1.47, 1.47, 1.468, 1.468, 1.468, 1.468, 1.468, 1.468, 1.466, 1.466, 1.466, 1.466, 1.466, 1.466, 1.466, 1.466, 1.466, 1.466, 1.466, 1.468, 1.47, 1.47, 1.47, 1.47, 1.47, 1.47, 1.471, 1.472, 1.472, 1.472, 1.472, 1.472, 1.472, 1.472, 1.472, 1.472, 1.472, 1.472, 1.471, 1.47, 1.469, 1.466, 1.464, 1.462, 1.462, 1.462, 1.462, 1.462, 1.462, 1.464, 1.466, 1.468, 1.471, 1.472, 1.472, 1.473, 1.473, 1.473, 1.472, 1.472, 1.472, 1.472, 1.472, 1.472, 1.472, 1.472, 1.472, 1.472, 1.472, 1.471, 1.471, 1.471, 1.471, 1.471, 1.471, 1.472, 1.472, 1.472, 1.471, 1.47, 1.47, 1.469, 1.469, 1.466, 1.466, 1.466, 1.464, 1.462, 1.462, 0, 
1.543, 1.538, 1.537, 1.536, 1.535, 1.534, 1.534, 1.533, 1.533, 1.533, 1.533, 1.532, 1.532, 1.532, 1.532, 1.531, 1.528, 1.528, 1.528, 1.528, 1.528, 1.528, 1.528, 1.528, 1.528, 1.528, 1.531, 1.531, 1.531, 1.531, 1.532, 1.531, 1.531, 1.531, 1.531, 1.531, 1.531, 1.531, 1.528, 1.528, 1.528, 1.528, 1.528, 1.528, 1.528, 1.528, 1.528, 1.528, 1.528, 1.528, 1.528, 1.528, 1.528, 1.528, 1.528, 1.528, 1.528, 1.528, 1.528, 1.528, 1.527, 1.527, 1.527, 1.527, 1.527, 1.527, 1.526, 1.526, 1.526, 1.526, 1.526, 1.525, 1.524, 1.523, 1.522, 1.52, 1.519, 1.517, 1.516, 1.516, 1.516, 1.516, 1.516, 1.516, 1.516, 1.517, 1.518, 1.518, 1.518, 1.519, 1.519, 1.52, 1.52, 1.52, 1.52, 1.52, 1.52, 1.52, 1.52, 1.519, 1.519, 1.518, 1.518, 1.517, 1.516, 1.516, 1.516, 1.516, 1.517, 1.517, 1.518, 1.519, 1.519, 1.519, 1.518, 1.518, 1.517, 1.516, 1.516, 1.516, 1.516, 1.516, 1.516, 1.516, 1.516, 1.517, 1.517, 1.517, 1.517, 1.518, 1.518, 1.518, 1.518, 1.517, 1.517, 1.516, 1.513, 1.509, 1.503, 1.496, 1.487, 1.478, 1.471, 1.464, 1.458, 1.452, 1.448, 1.444, 1.444, 1.444, 1.444, 1.444, 1.446, 1.446, 1.444, 1.444, 1.444, 1.444, 1.444, 1.442, 1.442, 1.44, 1.44, 1.44, 1.438, 1.438, 1.438, 1.438, 1.438, 1.438, 1.438, 1.438, 1.438, 1.438, 1.438, 1.438, 1.438, 1.438, 1.438, 1.436, 1.434, 1.432, 1.429, 1.425, 1.423, 1.421, 1.417, 1.417, 1.417, 1.417, 1.417, 1.417, 1.417, 1.417, 1.419, 1.419, 1.419, 1.417, 1.417, 1.415, 1.415, 1.413, 1.413, 1.413, 1.412, 1.412, 1.41, 1.41, 1.408, 1.408, 1.406, 1.406, 1.404, 1.402, 1.4, 1.4, 1.399, 1.399, 1.397, 1.397, 1.397, 1.395, 1.395, 1.395, 1.395, 1.393, 1.393, 1.393, 1.393, 1.393, 1.393, 1.393, 1.393, 1.393, 1.393, 1.393, 1.393, 1.393, 1.393, 1.393, 1.393, 1.393, 1.391, 1.391, 1.391, 1.39, 1.39, 1.39, 1.388, 1.388, 1.388, 1.386, 1.386, 1.386, 1.386, 1.384, 1.384, 1.382, 1.382, 1.382, 1.381, 1.381, 1.381, 1.381, 1.381, 1.382, 1.382, 1.382, 1.382, 1.384, 1.384, 1.386, 1.386, 1.386, 1.388, 1.388, 1.388, 1.388, 1.388, 1.388, 1.386, 1.384, 1.384, 1.382, 1.382, 1.382, 1.381, 1.381, 1.381, 1.379, 1.379, 1.381, 1.381, 1.381, 1.381, 1.381, 1.381, 1.382, 1.382, 1.382, 1.382, 1.381, 1.381, 1.381, 1.381, 1.381, 1.381, 1.381, 1.381, 1.382, 1.382, 1.382, 1.382, 1.382, 1.382, 1.382, 1.382, 1.382, 1.382, 1.382, 1.381, 1.381, 1.379, 1.377, 1.377, 1.377, 1.377, 1.377, 1.377, 1.377, 1.377, 1.377, 1.377, 1.377, 1.377, 1.377, 1.377, 1.377, 1.379, 1.382, 1.386, 1.391, 1.4, 1.408, 1.417, 1.429, 1.438, 1.448, 1.456, 1.462, 1.468, 1.472, 1.474, 1.474, 1.475, 1.476, 1.477, 1.478, 1.479, 1.48, 1.481, 1.482, 1.482, 1.482, 1.482, 1.481, 1.48, 1.479, 1.478, 1.476, 1.474, 1.472, 1.471, 1.47, 1.468, 1.468, 1.468, 1.468, 1.468, 1.468, 1.468, 1.47, 1.47, 1.471, 1.472, 1.472, 1.472, 1.472, 1.472, 1.471, 1.471, 1.47, 1.468, 1.468, 1.468, 1.468, 1.468, 1.466, 1.466, 1.466, 1.466, 1.466, 1.466, 1.466, 1.466, 1.466, 1.466, 1.466, 1.466, 1.468, 1.468, 1.47, 1.47, 1.47, 1.47, 1.47, 1.471, 1.472, 1.472, 1.472, 1.472, 1.472, 1.472, 1.473, 1.473, 1.473, 1.473, 1.472, 1.472, 1.47, 1.469, 1.466, 1.464, 1.462, 1.462, 1.46, 1.46, 1.462, 1.462, 1.462, 1.466, 1.468, 1.47, 1.471, 1.472, 1.472, 1.473, 1.472, 1.472, 1.472, 1.472, 1.472, 1.472, 1.472, 1.472, 1.472, 1.472, 1.472, 1.472, 1.472, 1.472, 1.472, 1.472, 1.472, 1.472, 1.472, 1.472, 1.472, 1.471, 1.47, 1.47, 1.469, 1.468, 1.466, 1.466, 1.466, 1.464, 1.462, 1.462, 0, 
1.543, 1.543, 1.538, 1.538, 1.537, 1.536, 1.535, 1.534, 1.534, 1.533, 1.533, 1.533, 1.533, 1.533, 1.532, 1.532, 1.531, 1.528, 1.528, 1.528, 1.528, 1.528, 1.528, 1.528, 1.528, 1.528, 1.531, 1.531, 1.531, 1.531, 1.531, 1.531, 1.531, 1.531, 1.531, 1.531, 1.531, 1.531, 1.528, 1.528, 1.528, 1.528, 1.528, 1.528, 1.528, 1.528, 1.528, 1.528, 1.528, 1.528, 1.528, 1.528, 1.528, 1.528, 1.528, 1.528, 1.528, 1.528, 1.528, 1.528, 1.528, 1.528, 1.528, 1.528, 1.528, 1.527, 1.527, 1.527, 1.527, 1.527, 1.526, 1.526, 1.525, 1.524, 1.523, 1.52, 1.519, 1.518, 1.517, 1.516, 1.516, 1.516, 1.516, 1.516, 1.516, 1.517, 1.518, 1.519, 1.519, 1.52, 1.52, 1.52, 1.52, 1.521, 1.521, 1.521, 1.52, 1.52, 1.52, 1.52, 1.519, 1.518, 1.518, 1.517, 1.516, 1.516, 1.516, 1.517, 1.517, 1.518, 1.518, 1.519, 1.519, 1.519, 1.518, 1.518, 1.517, 1.516, 1.516, 1.516, 1.516, 1.516, 1.516, 1.516, 1.516, 1.516, 1.516, 1.516, 1.517, 1.517, 1.518, 1.518, 1.518, 1.517, 1.517, 1.516, 1.513, 1.509, 1.503, 1.496, 1.486, 1.477, 1.47, 1.46, 1.454, 1.448, 1.442, 1.44, 1.436, 1.436, 1.436, 1.438, 1.438, 1.438, 1.438, 1.438, 1.438, 1.436, 1.436, 1.436, 1.436, 1.434, 1.434, 1.434, 1.434, 1.432, 1.432, 1.432, 1.432, 1.432, 1.432, 1.43, 1.43, 1.43, 1.43, 1.43, 1.43, 1.43, 1.43, 1.429, 1.427, 1.425, 1.423, 1.419, 1.415, 1.415, 1.413, 1.412, 1.412, 1.412, 1.412, 1.412, 1.412, 1.412, 1.413, 1.413, 1.413, 1.413, 1.413, 1.413, 1.412, 1.41, 1.41, 1.41, 1.408, 1.408, 1.408, 1.406, 1.404, 1.402, 1.402, 1.4, 1.399, 1.399, 1.397, 1.397, 1.397, 1.395, 1.395, 1.395, 1.393, 1.393, 1.393, 1.393, 1.393, 1.393, 1.393, 1.393, 1.393, 1.393, 1.393, 1.393, 1.393, 1.393, 1.391, 1.391, 1.391, 1.391, 1.393, 1.393, 1.391, 1.391, 1.391, 1.39, 1.39, 1.39, 1.388, 1.388, 1.388, 1.388, 1.388, 1.386, 1.386, 1.386, 1.384, 1.382, 1.382, 1.382, 1.382, 1.381, 1.381, 1.381, 1.381, 1.381, 1.381, 1.381, 1.382, 1.382, 1.382, 1.384, 1.384, 1.386, 1.386, 1.386, 1.388, 1.388, 1.388, 1.388, 1.388, 1.386, 1.386, 1.384, 1.384, 1.382, 1.382, 1.382, 1.381, 1.381, 1.379, 1.379, 1.379, 1.379, 1.379, 1.381, 1.381, 1.381, 1.381, 1.382, 1.382, 1.382, 1.381, 1.381, 1.381, 1.381, 1.381, 1.381, 1.381, 1.381, 1.381, 1.382, 1.382, 1.382, 1.382, 1.382, 1.384, 1.382, 1.382, 1.382, 1.382, 1.382, 1.381, 1.381, 1.379, 1.377, 1.377, 1.377, 1.377, 1.377, 1.377, 1.377, 1.377, 1.377, 1.377, 1.377, 1.377, 1.377, 1.377, 1.377, 1.379, 1.382, 1.386, 1.391, 1.4, 1.41, 1.419, 1.429, 1.44, 1.448, 1.456, 1.464, 1.468, 1.472, 1.474, 1.474, 1.474, 1.475, 1.476, 1.477, 1.478, 1.479, 1.48, 1.48, 1.481, 1.481, 1.481, 1.48, 1.479, 1.478, 1.476, 1.475, 1.474, 1.472, 1.471, 1.47, 1.468, 1.468, 1.466, 1.466, 1.466, 1.468, 1.468, 1.47, 1.47, 1.471, 1.472, 1.472, 1.472, 1.472, 1.472, 1.472, 1.471, 1.471, 1.47, 1.468, 1.468, 1.468, 1.468, 1.466, 1.466, 1.466, 1.466, 1.466, 1.466, 1.464, 1.464, 1.464, 1.464, 1.466, 1.466, 1.468, 1.468, 1.469, 1.47, 1.47, 1.47, 1.47, 1.471, 1.472, 1.472, 1.472, 1.472, 1.472, 1.473, 1.473, 1.474, 1.474, 1.473, 1.473, 1.472, 1.47, 1.469, 1.466, 1.464, 1.462, 1.462, 1.46, 1.46, 1.46, 1.462, 1.462, 1.464, 1.466, 1.47, 1.471, 1.472, 1.472, 1.472, 1.472, 1.472, 1.472, 1.472, 1.472, 1.472, 1.473, 1.473, 1.473, 1.473, 1.473, 1.473, 1.473, 1.472, 1.472, 1.472, 1.472, 1.472, 1.472, 1.472, 1.472, 1.471, 1.47, 1.47, 1.469, 1.468, 1.466, 1.466, 1.466, 1.464, 1.464, 1.464, 0, 
1.544, 1.544, 1.543, 1.543, 1.538, 1.537, 1.536, 1.535, 1.535, 1.534, 1.534, 1.533, 1.533, 1.533, 1.533, 1.532, 1.532, 1.531, 1.528, 1.528, 1.528, 1.528, 1.528, 1.528, 1.528, 1.528, 1.528, 1.531, 1.531, 1.531, 1.531, 1.531, 1.531, 1.531, 1.531, 1.528, 1.528, 1.531, 1.528, 1.528, 1.528, 1.528, 1.528, 1.528, 1.528, 1.528, 1.528, 1.528, 1.528, 1.528, 1.528, 1.528, 1.528, 1.528, 1.528, 1.528, 1.528, 1.528, 1.528, 1.528, 1.528, 1.528, 1.528, 1.528, 1.528, 1.528, 1.528, 1.528, 1.528, 1.527, 1.527, 1.526, 1.525, 1.524, 1.524, 1.52, 1.519, 1.518, 1.517, 1.516, 1.516, 1.516, 1.516, 1.516, 1.517, 1.517, 1.518, 1.519, 1.52, 1.52, 1.521, 1.521, 1.522, 1.522, 1.522, 1.522, 1.521, 1.521, 1.52, 1.52, 1.519, 1.518, 1.518, 1.517, 1.517, 1.516, 1.516, 1.517, 1.518, 1.518, 1.519, 1.519, 1.519, 1.519, 1.518, 1.517, 1.517, 1.516, 1.516, 1.516, 1.516, 1.516, 1.516, 1.516, 1.516, 1.516, 1.516, 1.516, 1.516, 1.517, 1.517, 1.518, 1.518, 1.517, 1.517, 1.516, 1.513, 1.509, 1.503, 1.495, 1.486, 1.476, 1.468, 1.458, 1.45, 1.442, 1.438, 1.434, 1.43, 1.43, 1.43, 1.43, 1.432, 1.43, 1.43, 1.43, 1.43, 1.43, 1.43, 1.43, 1.429, 1.429, 1.427, 1.427, 1.427, 1.427, 1.425, 1.425, 1.425, 1.425, 1.425, 1.423, 1.423, 1.423, 1.423, 1.423, 1.423, 1.421, 1.421, 1.421, 1.419, 1.419, 1.415, 1.413, 1.412, 1.408, 1.406, 1.406, 1.404, 1.404, 1.404, 1.404, 1.404, 1.406, 1.406, 1.408, 1.408, 1.408, 1.408, 1.408, 1.408, 1.406, 1.406, 1.404, 1.404, 1.402, 1.402, 1.4, 1.4, 1.399, 1.399, 1.397, 1.395, 1.393, 1.393, 1.393, 1.393, 1.393, 1.391, 1.391, 1.391, 1.391, 1.391, 1.391, 1.391, 1.391, 1.391, 1.39, 1.39, 1.39, 1.39, 1.39, 1.39, 1.39, 1.39, 1.39, 1.39, 1.39, 1.39, 1.39, 1.39, 1.39, 1.39, 1.39, 1.39, 1.39, 1.388, 1.388, 1.388, 1.388, 1.388, 1.388, 1.386, 1.384, 1.384, 1.382, 1.382, 1.382, 1.382, 1.381, 1.381, 1.381, 1.381, 1.381, 1.381, 1.381, 1.382, 1.382, 1.382, 1.384, 1.384, 1.386, 1.386, 1.386, 1.388, 1.388, 1.388, 1.388, 1.388, 1.386, 1.386, 1.384, 1.384, 1.382, 1.382, 1.381, 1.381, 1.379, 1.379, 1.379, 1.379, 1.379, 1.379, 1.379, 1.381, 1.381, 1.381, 1.382, 1.382, 1.382, 1.381, 1.381, 1.381, 1.381, 1.381, 1.381, 1.381, 1.381, 1.381, 1.382, 1.382, 1.382, 1.382, 1.382, 1.382, 1.382, 1.382, 1.382, 1.382, 1.382, 1.381, 1.381, 1.379, 1.377, 1.377, 1.377, 1.377, 1.377, 1.377, 1.377, 1.377, 1.377, 1.377, 1.377, 1.377, 1.377, 1.377, 1.377, 1.379, 1.382, 1.386, 1.393, 1.4, 1.41, 1.419, 1.43, 1.44, 1.45, 1.458, 1.464, 1.468, 1.471, 1.472, 1.473, 1.474, 1.475, 1.476, 1.476, 1.477, 1.478, 1.479, 1.479, 1.48, 1.48, 1.48, 1.479, 1.478, 1.477, 1.476, 1.475, 1.474, 1.472, 1.471, 1.468, 1.468, 1.468, 1.466, 1.466, 1.466, 1.468, 1.468, 1.47, 1.471, 1.471, 1.472, 1.472, 1.472, 1.472, 1.472, 1.472, 1.472, 1.471, 1.47, 1.468, 1.468, 1.468, 1.468, 1.466, 1.466, 1.466, 1.466, 1.466, 1.466, 1.464, 1.464, 1.464, 1.464, 1.466, 1.466, 1.468, 1.468, 1.469, 1.47, 1.47, 1.47, 1.47, 1.471, 1.471, 1.472, 1.472, 1.472, 1.472, 1.473, 1.474, 1.474, 1.474, 1.473, 1.472, 1.471, 1.471, 1.466, 1.466, 1.462, 1.462, 1.46, 1.46, 1.46, 1.46, 1.462, 1.462, 1.464, 1.466, 1.47, 1.471, 1.471, 1.472, 1.472, 1.472, 1.472, 1.472, 1.472, 1.472, 1.472, 1.473, 1.474, 1.474, 1.474, 1.474, 1.474, 1.473, 1.472, 1.472, 1.472, 1.472, 1.472, 1.472, 1.472, 1.472, 1.471, 1.47, 1.47, 1.469, 1.468, 1.466, 1.466, 1.466, 1.464, 1.464, 1.464, 0, 
1.546, 1.545, 1.544, 1.543, 1.543, 1.538, 1.537, 1.536, 1.536, 1.535, 1.534, 1.534, 1.533, 1.533, 1.533, 1.533, 1.532, 1.531, 1.528, 1.528, 1.528, 1.528, 1.528, 1.528, 1.528, 1.528, 1.528, 1.528, 1.528, 1.528, 1.528, 1.528, 1.528, 1.528, 1.531, 1.528, 1.528, 1.528, 1.528, 1.528, 1.528, 1.528, 1.528, 1.528, 1.528, 1.528, 1.528, 1.527, 1.527, 1.527, 1.527, 1.528, 1.528, 1.528, 1.528, 1.528, 1.528, 1.528, 1.528, 1.528, 1.528, 1.528, 1.528, 1.528, 1.528, 1.528, 1.528, 1.528, 1.528, 1.528, 1.528, 1.527, 1.526, 1.525, 1.524, 1.522, 1.52, 1.519, 1.518, 1.517, 1.516, 1.516, 1.516, 1.516, 1.517, 1.518, 1.519, 1.52, 1.52, 1.521, 1.522, 1.522, 1.523, 1.523, 1.523, 1.523, 1.522, 1.521, 1.521, 1.52, 1.52, 1.519, 1.518, 1.518, 1.517, 1.516, 1.516, 1.517, 1.518, 1.518, 1.518, 1.518, 1.518, 1.518, 1.518, 1.517, 1.516, 1.516, 1.516, 1.516, 1.516, 1.516, 1.516, 1.516, 1.516, 1.516, 1.516, 1.516, 1.516, 1.516, 1.517, 1.517, 1.518, 1.517, 1.517, 1.513, 1.513, 1.509, 1.503, 1.495, 1.486, 1.475, 1.466, 1.456, 1.446, 1.438, 1.432, 1.429, 1.425, 1.425, 1.425, 1.425, 1.425, 1.425, 1.425, 1.425, 1.425, 1.425, 1.425, 1.423, 1.423, 1.421, 1.421, 1.421, 1.421, 1.419, 1.419, 1.419, 1.419, 1.419, 1.419, 1.417, 1.417, 1.415, 1.415, 1.415, 1.413, 1.413, 1.413, 1.413, 1.413, 1.412, 1.41, 1.408, 1.406, 1.404, 1.402, 1.4, 1.4, 1.4, 1.4, 1.4, 1.4, 1.4, 1.4, 1.402, 1.404, 1.404, 1.404, 1.404, 1.404, 1.402, 1.402, 1.4, 1.4, 1.4, 1.399, 1.397, 1.395, 1.395, 1.393, 1.393, 1.391, 1.391, 1.391, 1.391, 1.391, 1.39, 1.39, 1.39, 1.39, 1.39, 1.39, 1.39, 1.39, 1.39, 1.39, 1.39, 1.39, 1.39, 1.39, 1.39, 1.39, 1.39, 1.39, 1.39, 1.39, 1.39, 1.39, 1.39, 1.39, 1.39, 1.39, 1.39, 1.39, 1.39, 1.39, 1.388, 1.388, 1.388, 1.388, 1.388, 1.386, 1.384, 1.384, 1.382, 1.382, 1.382, 1.382, 1.381, 1.381, 1.381, 1.381, 1.381, 1.381, 1.382, 1.382, 1.382, 1.382, 1.384, 1.384, 1.386, 1.386, 1.388, 1.388, 1.388, 1.388, 1.388, 1.386, 1.386, 1.384, 1.384, 1.384, 1.382, 1.382, 1.381, 1.381, 1.379, 1.379, 1.379, 1.379, 1.379, 1.379, 1.379, 1.381, 1.381, 1.381, 1.382, 1.382, 1.382, 1.382, 1.382, 1.381, 1.381, 1.381, 1.381, 1.382, 1.382, 1.382, 1.382, 1.382, 1.382, 1.382, 1.382, 1.382, 1.382, 1.382, 1.382, 1.382, 1.382, 1.381, 1.381, 1.379, 1.377, 1.377, 1.377, 1.377, 1.377, 1.377, 1.377, 1.377, 1.377, 1.377, 1.377, 1.377, 1.377, 1.377, 1.379, 1.379, 1.382, 1.386, 1.393, 1.4, 1.41, 1.419, 1.43, 1.44, 1.45, 1.458, 1.464, 1.468, 1.471, 1.472, 1.473, 1.474, 1.474, 1.475, 1.476, 1.476, 1.477, 1.478, 1.478, 1.478, 1.478, 1.479, 1.478, 1.478, 1.477, 1.476, 1.475, 1.474, 1.472, 1.471, 1.468, 1.468, 1.468, 1.466, 1.466, 1.466, 1.468, 1.468, 1.47, 1.471, 1.472, 1.472, 1.472, 1.473, 1.473, 1.473, 1.473, 1.472, 1.471, 1.47, 1.47, 1.468, 1.468, 1.468, 1.466, 1.466, 1.466, 1.466, 1.466, 1.466, 1.464, 1.464, 1.464, 1.464, 1.466, 1.466, 1.466, 1.468, 1.469, 1.469, 1.47, 1.47, 1.47, 1.471, 1.471, 1.472, 1.472, 1.472, 1.472, 1.473, 1.474, 1.474, 1.474, 1.473, 1.472, 1.471, 1.47, 1.466, 1.466, 1.462, 1.462, 1.46, 1.46, 1.46, 1.46, 1.462, 1.462, 1.464, 1.466, 1.468, 1.47, 1.471, 1.472, 1.472, 1.472, 1.472, 1.472, 1.472, 1.472, 1.473, 1.473, 1.474, 1.474, 1.474, 1.474, 1.474, 1.474, 1.473, 1.472, 1.472, 1.472, 1.472, 1.472, 1.472, 1.471, 1.471, 1.47, 1.469, 1.468, 1.468, 1.466, 1.466, 1.466, 1.464, 1.464, 1.464, 0, 
1.547, 1.547, 1.546, 1.544, 1.543, 1.543, 1.538, 1.537, 1.536, 1.536, 1.535, 1.534, 1.534, 1.533, 1.533, 1.533, 1.532, 1.531, 1.528, 1.528, 1.528, 1.528, 1.528, 1.528, 1.528, 1.528, 1.528, 1.528, 1.528, 1.528, 1.528, 1.528, 1.528, 1.528, 1.528, 1.528, 1.528, 1.528, 1.528, 1.528, 1.528, 1.528, 1.528, 1.528, 1.527, 1.527, 1.527, 1.527, 1.526, 1.526, 1.527, 1.527, 1.527, 1.527, 1.528, 1.528, 1.528, 1.528, 1.528, 1.528, 1.528, 1.528, 1.528, 1.528, 1.528, 1.528, 1.528, 1.528, 1.528, 1.528, 1.528, 1.528, 1.527, 1.526, 1.525, 1.524, 1.52, 1.519, 1.518, 1.518, 1.517, 1.517, 1.517, 1.517, 1.518, 1.519, 1.52, 1.52, 1.521, 1.522, 1.522, 1.523, 1.524, 1.524, 1.524, 1.524, 1.523, 1.522, 1.521, 1.52, 1.52, 1.519, 1.518, 1.518, 1.517, 1.516, 1.516, 1.517, 1.517, 1.518, 1.518, 1.518, 1.518, 1.518, 1.517, 1.517, 1.516, 1.516, 1.516, 1.516, 1.513, 1.513, 1.513, 1.513, 1.513, 1.513, 1.513, 1.516, 1.516, 1.516, 1.516, 1.517, 1.517, 1.517, 1.517, 1.513, 1.513, 1.508, 1.503, 1.494, 1.484, 1.474, 1.464, 1.452, 1.444, 1.434, 1.429, 1.423, 1.421, 1.419, 1.419, 1.419, 1.419, 1.419, 1.421, 1.421, 1.421, 1.419, 1.419, 1.419, 1.417, 1.417, 1.415, 1.415, 1.413, 1.413, 1.413, 1.413, 1.413, 1.412, 1.412, 1.41, 1.41, 1.408, 1.408, 1.408, 1.406, 1.406, 1.406, 1.406, 1.406, 1.406, 1.406, 1.404, 1.4, 1.4, 1.399, 1.397, 1.397, 1.395, 1.395, 1.395, 1.395, 1.397, 1.397, 1.399, 1.4, 1.4, 1.402, 1.402, 1.4, 1.4, 1.399, 1.399, 1.399, 1.397, 1.397, 1.395, 1.393, 1.393, 1.391, 1.391, 1.391, 1.39, 1.39, 1.39, 1.39, 1.39, 1.39, 1.39, 1.39, 1.39, 1.39, 1.39, 1.39, 1.39, 1.39, 1.388, 1.388, 1.39, 1.39, 1.39, 1.39, 1.39, 1.39, 1.39, 1.39, 1.39, 1.39, 1.39, 1.39, 1.39, 1.39, 1.39, 1.39, 1.39, 1.39, 1.39, 1.39, 1.388, 1.388, 1.388, 1.386, 1.386, 1.384, 1.384, 1.382, 1.382, 1.382, 1.382, 1.381, 1.381, 1.382, 1.382, 1.382, 1.382, 1.382, 1.382, 1.384, 1.384, 1.386, 1.386, 1.386, 1.388, 1.388, 1.388, 1.388, 1.388, 1.386, 1.386, 1.384, 1.384, 1.384, 1.382, 1.382, 1.381, 1.381, 1.379, 1.379, 1.379, 1.379, 1.379, 1.379, 1.381, 1.381, 1.381, 1.381, 1.382, 1.382, 1.382, 1.382, 1.382, 1.382, 1.382, 1.382, 1.382, 1.382, 1.382, 1.382, 1.382, 1.382, 1.382, 1.382, 1.382, 1.382, 1.382, 1.382, 1.382, 1.382, 1.382, 1.381, 1.381, 1.379, 1.379, 1.377, 1.377, 1.377, 1.377, 1.377, 1.377, 1.377, 1.377, 1.377, 1.377, 1.377, 1.377, 1.379, 1.379, 1.379, 1.382, 1.388, 1.393, 1.4, 1.41, 1.419, 1.429, 1.438, 1.45, 1.458, 1.464, 1.468, 1.471, 1.472, 1.472, 1.473, 1.473, 1.474, 1.475, 1.475, 1.476, 1.477, 1.477, 1.478, 1.478, 1.478, 1.478, 1.478, 1.477, 1.476, 1.475, 1.474, 1.472, 1.471, 1.47, 1.468, 1.468, 1.468, 1.468, 1.468, 1.468, 1.468, 1.471, 1.471, 1.472, 1.472, 1.473, 1.473, 1.474, 1.474, 1.473, 1.473, 1.472, 1.471, 1.47, 1.468, 1.468, 1.468, 1.468, 1.466, 1.466, 1.466, 1.466, 1.466, 1.466, 1.464, 1.464, 1.464, 1.466, 1.466, 1.466, 1.468, 1.468, 1.469, 1.47, 1.47, 1.47, 1.47, 1.471, 1.472, 1.472, 1.472, 1.472, 1.473, 1.474, 1.474, 1.474, 1.473, 1.472, 1.471, 1.47, 1.466, 1.466, 1.462, 1.462, 1.46, 1.46, 1.46, 1.46, 1.462, 1.462, 1.464, 1.466, 1.468, 1.47, 1.471, 1.471, 1.472, 1.472, 1.472, 1.472, 1.472, 1.472, 1.472, 1.473, 1.474, 1.475, 1.475, 1.475, 1.475, 1.474, 1.473, 1.472, 1.472, 1.472, 1.472, 1.472, 1.471, 1.471, 1.47, 1.469, 1.469, 1.468, 1.466, 1.466, 1.466, 1.466, 1.464, 1.464, 1.464, 0, 
1.551, 1.547, 1.547, 1.545, 1.544, 1.543, 1.542, 1.538, 1.537, 1.536, 1.536, 1.535, 1.534, 1.533, 1.533, 1.533, 1.532, 1.528, 1.528, 1.528, 1.528, 1.528, 1.528, 1.528, 1.528, 1.528, 1.528, 1.528, 1.528, 1.528, 1.528, 1.528, 1.528, 1.528, 1.528, 1.528, 1.528, 1.528, 1.528, 1.528, 1.528, 1.528, 1.528, 1.528, 1.527, 1.526, 1.526, 1.526, 1.526, 1.526, 1.526, 1.526, 1.526, 1.527, 1.528, 1.528, 1.528, 1.528, 1.528, 1.528, 1.528, 1.528, 1.528, 1.528, 1.528, 1.528, 1.528, 1.531, 1.531, 1.528, 1.528, 1.528, 1.528, 1.527, 1.526, 1.525, 1.521, 1.52, 1.519, 1.519, 1.518, 1.518, 1.518, 1.518, 1.519, 1.519, 1.52, 1.521, 1.522, 1.522, 1.523, 1.524, 1.524, 1.524, 1.524, 1.524, 1.524, 1.523, 1.522, 1.52, 1.52, 1.519, 1.518, 1.518, 1.517, 1.516, 1.516, 1.516, 1.517, 1.517, 1.518, 1.518, 1.518, 1.517, 1.517, 1.516, 1.516, 1.516, 1.516, 1.516, 1.513, 1.513, 1.513, 1.513, 1.513, 1.513, 1.513, 1.513, 1.513, 1.516, 1.516, 1.516, 1.517, 1.517, 1.517, 1.513, 1.513, 1.508, 1.503, 1.494, 1.484, 1.473, 1.462, 1.45, 1.44, 1.432, 1.425, 1.419, 1.415, 1.415, 1.415, 1.413, 1.413, 1.415, 1.415, 1.415, 1.415, 1.415, 1.413, 1.413, 1.412, 1.412, 1.41, 1.41, 1.41, 1.408, 1.408, 1.408, 1.408, 1.408, 1.408, 1.406, 1.406, 1.404, 1.404, 1.402, 1.402, 1.4, 1.4, 1.4, 1.402, 1.402, 1.4, 1.4, 1.399, 1.397, 1.395, 1.395, 1.393, 1.393, 1.391, 1.391, 1.393, 1.393, 1.395, 1.395, 1.397, 1.399, 1.399, 1.399, 1.399, 1.399, 1.397, 1.397, 1.397, 1.395, 1.395, 1.393, 1.391, 1.391, 1.39, 1.39, 1.39, 1.39, 1.39, 1.39, 1.39, 1.39, 1.39, 1.39, 1.39, 1.39, 1.39, 1.388, 1.388, 1.388, 1.388, 1.388, 1.388, 1.388, 1.388, 1.388, 1.39, 1.39, 1.39, 1.39, 1.39, 1.39, 1.39, 1.39, 1.39, 1.39, 1.39, 1.39, 1.39, 1.39, 1.39, 1.39, 1.39, 1.39, 1.39, 1.388, 1.388, 1.386, 1.386, 1.384, 1.382, 1.382, 1.382, 1.382, 1.382, 1.382, 1.382, 1.382, 1.382, 1.382, 1.382, 1.384, 1.384, 1.386, 1.386, 1.386, 1.386, 1.388, 1.388, 1.388, 1.388, 1.388, 1.386, 1.386, 1.384, 1.384, 1.384, 1.382, 1.382, 1.381, 1.381, 1.379, 1.379, 1.379, 1.379, 1.379, 1.379, 1.381, 1.381, 1.381, 1.381, 1.382, 1.382, 1.382, 1.382, 1.382, 1.382, 1.382, 1.382, 1.382, 1.382, 1.382, 1.382, 1.382, 1.382, 1.382, 1.382, 1.382, 1.382, 1.382, 1.382, 1.382, 1.382, 1.382, 1.381, 1.381, 1.379, 1.379, 1.377, 1.377, 1.377, 1.377, 1.377, 1.377, 1.377, 1.377, 1.379, 1.379, 1.379, 1.379, 1.379, 1.379, 1.381, 1.382, 1.388, 1.393, 1.4, 1.41, 1.419, 1.429, 1.438, 1.448, 1.458, 1.464, 1.468, 1.471, 1.472, 1.472, 1.472, 1.472, 1.473, 1.474, 1.474, 1.475, 1.476, 1.476, 1.477, 1.477, 1.478, 1.478, 1.478, 1.477, 1.476, 1.475, 1.474, 1.473, 1.471, 1.471, 1.468, 1.468, 1.468, 1.468, 1.468, 1.468, 1.471, 1.471, 1.472, 1.472, 1.473, 1.473, 1.474, 1.474, 1.474, 1.474, 1.473, 1.472, 1.471, 1.47, 1.47, 1.468, 1.468, 1.468, 1.468, 1.466, 1.466, 1.466, 1.466, 1.466, 1.466, 1.466, 1.466, 1.466, 1.466, 1.466, 1.468, 1.468, 1.469, 1.469, 1.47, 1.47, 1.47, 1.471, 1.472, 1.472, 1.472, 1.472, 1.473, 1.473, 1.474, 1.474, 1.473, 1.472, 1.471, 1.47, 1.466, 1.466, 1.462, 1.462, 1.46, 1.46, 1.46, 1.46, 1.462, 1.462, 1.464, 1.466, 1.469, 1.47, 1.47, 1.471, 1.471, 1.472, 1.472, 1.472, 1.472, 1.472, 1.472, 1.473, 1.474, 1.474, 1.475, 1.475, 1.475, 1.474, 1.474, 1.473, 1.472, 1.472, 1.472, 1.472, 1.471, 1.47, 1.47, 1.469, 1.468, 1.468, 1.466, 1.466, 1.466, 1.466, 1.464, 1.464, 1.464, 0, 
1.551, 1.551, 1.547, 1.546, 1.545, 1.544, 1.543, 1.538, 1.538, 1.537, 1.536, 1.535, 1.535, 1.533, 1.533, 1.533, 1.532, 1.528, 1.528, 1.528, 1.528, 1.528, 1.528, 1.528, 1.528, 1.528, 1.528, 1.528, 1.528, 1.528, 1.528, 1.528, 1.528, 1.528, 1.528, 1.528, 1.528, 1.528, 1.528, 1.531, 1.528, 1.528, 1.528, 1.527, 1.527, 1.526, 1.526, 1.526, 1.526, 1.526, 1.526, 1.526, 1.526, 1.527, 1.527, 1.528, 1.528, 1.528, 1.528, 1.528, 1.528, 1.528, 1.528, 1.528, 1.528, 1.528, 1.531, 1.531, 1.531, 1.531, 1.531, 1.531, 1.528, 1.527, 1.526, 1.524, 1.522, 1.521, 1.52, 1.519, 1.519, 1.518, 1.518, 1.519, 1.519, 1.52, 1.521, 1.522, 1.522, 1.523, 1.524, 1.524, 1.524, 1.524, 1.524, 1.524, 1.524, 1.523, 1.522, 1.52, 1.52, 1.519, 1.518, 1.517, 1.516, 1.516, 1.516, 1.516, 1.516, 1.517, 1.517, 1.517, 1.517, 1.517, 1.516, 1.516, 1.516, 1.516, 1.516, 1.513, 1.513, 1.513, 1.513, 1.513, 1.513, 1.513, 1.513, 1.513, 1.513, 1.513, 1.516, 1.516, 1.517, 1.517, 1.516, 1.513, 1.513, 1.507, 1.503, 1.493, 1.483, 1.472, 1.46, 1.45, 1.44, 1.429, 1.421, 1.415, 1.412, 1.41, 1.41, 1.41, 1.41, 1.41, 1.41, 1.412, 1.412, 1.412, 1.412, 1.41, 1.41, 1.408, 1.408, 1.406, 1.406, 1.406, 1.406, 1.404, 1.404, 1.404, 1.404, 1.402, 1.402, 1.402, 1.4, 1.399, 1.399, 1.399, 1.399, 1.399, 1.399, 1.399, 1.399, 1.399, 1.397, 1.397, 1.395, 1.393, 1.391, 1.391, 1.391, 1.391, 1.391, 1.393, 1.393, 1.395, 1.397, 1.397, 1.397, 1.397, 1.397, 1.397, 1.397, 1.395, 1.395, 1.395, 1.393, 1.393, 1.391, 1.39, 1.39, 1.39, 1.39, 1.388, 1.388, 1.388, 1.388, 1.39, 1.39, 1.388, 1.388, 1.388, 1.388, 1.388, 1.388, 1.386, 1.386, 1.386, 1.386, 1.386, 1.388, 1.388, 1.388, 1.388, 1.388, 1.388, 1.388, 1.388, 1.388, 1.388, 1.39, 1.39, 1.39, 1.39, 1.39, 1.39, 1.39, 1.39, 1.39, 1.39, 1.39, 1.388, 1.388, 1.388, 1.386, 1.384, 1.384, 1.382, 1.382, 1.382, 1.382, 1.382, 1.382, 1.382, 1.382, 1.382, 1.384, 1.384, 1.386, 1.386, 1.386, 1.386, 1.386, 1.386, 1.388, 1.388, 1.388, 1.388, 1.386, 1.386, 1.386, 1.384, 1.384, 1.382, 1.382, 1.381, 1.381, 1.379, 1.379, 1.379, 1.379, 1.379, 1.379, 1.381, 1.381, 1.381, 1.381, 1.382, 1.382, 1.382, 1.382, 1.382, 1.382, 1.382, 1.382, 1.382, 1.382, 1.382, 1.382, 1.382, 1.382, 1.382, 1.382, 1.382, 1.382, 1.382, 1.382, 1.382, 1.382, 1.382, 1.381, 1.381, 1.379, 1.379, 1.379, 1.377, 1.377, 1.377, 1.377, 1.377, 1.379, 1.379, 1.379, 1.379, 1.379, 1.379, 1.379, 1.379, 1.381, 1.384, 1.388, 1.393, 1.4, 1.41, 1.419, 1.429, 1.438, 1.448, 1.458, 1.464, 1.469, 1.47, 1.471, 1.472, 1.472, 1.472, 1.472, 1.473, 1.474, 1.474, 1.475, 1.475, 1.476, 1.476, 1.477, 1.478, 1.478, 1.477, 1.476, 1.476, 1.475, 1.473, 1.472, 1.471, 1.471, 1.468, 1.468, 1.468, 1.468, 1.47, 1.471, 1.472, 1.472, 1.472, 1.473, 1.474, 1.474, 1.474, 1.474, 1.474, 1.473, 1.472, 1.471, 1.47, 1.47, 1.47, 1.468, 1.468, 1.468, 1.468, 1.468, 1.468, 1.468, 1.468, 1.468, 1.466, 1.466, 1.466, 1.466, 1.468, 1.468, 1.468, 1.468, 1.469, 1.469, 1.47, 1.47, 1.471, 1.471, 1.472, 1.472, 1.472, 1.472, 1.473, 1.474, 1.474, 1.473, 1.472, 1.471, 1.47, 1.466, 1.466, 1.462, 1.462, 1.462, 1.462, 1.462, 1.462, 1.462, 1.462, 1.464, 1.466, 1.469, 1.47, 1.47, 1.47, 1.471, 1.471, 1.471, 1.471, 1.472, 1.472, 1.472, 1.473, 1.473, 1.474, 1.474, 1.474, 1.474, 1.474, 1.473, 1.473, 1.472, 1.472, 1.472, 1.471, 1.47, 1.47, 1.47, 1.468, 1.468, 1.468, 1.466, 1.466, 1.466, 1.466, 1.464, 1.464, 1.464, 0, 
1.551, 1.551, 1.547, 1.547, 1.546, 1.544, 1.543, 1.539, 1.538, 1.537, 1.536, 1.535, 1.535, 1.534, 1.533, 1.533, 1.532, 1.528, 1.528, 1.528, 1.528, 1.528, 1.527, 1.527, 1.527, 1.527, 1.527, 1.527, 1.527, 1.527, 1.528, 1.528, 1.528, 1.528, 1.528, 1.528, 1.528, 1.528, 1.528, 1.531, 1.528, 1.528, 1.528, 1.527, 1.526, 1.526, 1.525, 1.525, 1.525, 1.525, 1.525, 1.525, 1.526, 1.526, 1.527, 1.528, 1.528, 1.528, 1.528, 1.528, 1.528, 1.528, 1.528, 1.528, 1.528, 1.528, 1.531, 1.531, 1.531, 1.531, 1.531, 1.531, 1.531, 1.527, 1.526, 1.525, 1.523, 1.522, 1.521, 1.52, 1.52, 1.52, 1.52, 1.52, 1.52, 1.521, 1.522, 1.522, 1.523, 1.524, 1.524, 1.524, 1.525, 1.524, 1.524, 1.524, 1.523, 1.522, 1.521, 1.52, 1.52, 1.519, 1.518, 1.517, 1.516, 1.516, 1.516, 1.516, 1.516, 1.516, 1.516, 1.516, 1.516, 1.516, 1.516, 1.516, 1.516, 1.516, 1.513, 1.513, 1.513, 1.513, 1.513, 1.513, 1.513, 1.513, 1.513, 1.513, 1.513, 1.513, 1.513, 1.513, 1.516, 1.516, 1.516, 1.513, 1.513, 1.507, 1.502, 1.492, 1.482, 1.472, 1.46, 1.448, 1.438, 1.427, 1.419, 1.412, 1.41, 1.406, 1.406, 1.406, 1.406, 1.406, 1.406, 1.408, 1.408, 1.408, 1.408, 1.408, 1.408, 1.406, 1.406, 1.404, 1.404, 1.404, 1.402, 1.402, 1.402, 1.402, 1.4, 1.4, 1.4, 1.399, 1.399, 1.399, 1.397, 1.397, 1.397, 1.397, 1.397, 1.397, 1.397, 1.397, 1.397, 1.395, 1.395, 1.393, 1.391, 1.391, 1.391, 1.391, 1.391, 1.393, 1.393, 1.395, 1.395, 1.395, 1.397, 1.397, 1.397, 1.395, 1.395, 1.395, 1.393, 1.393, 1.393, 1.391, 1.39, 1.39, 1.39, 1.388, 1.388, 1.388, 1.388, 1.388, 1.388, 1.388, 1.388, 1.388, 1.388, 1.388, 1.388, 1.386, 1.386, 1.386, 1.386, 1.386, 1.386, 1.386, 1.386, 1.388, 1.388, 1.388, 1.388, 1.388, 1.388, 1.388, 1.388, 1.388, 1.388, 1.39, 1.39, 1.39, 1.39, 1.39, 1.391, 1.391, 1.391, 1.39, 1.39, 1.39, 1.388, 1.388, 1.386, 1.386, 1.384, 1.382, 1.382, 1.382, 1.382, 1.382, 1.382, 1.382, 1.382, 1.384, 1.384, 1.384, 1.386, 1.386, 1.386, 1.386, 1.386, 1.386, 1.386, 1.386, 1.386, 1.386, 1.386, 1.386, 1.384, 1.384, 1.382, 1.382, 1.382, 1.381, 1.381, 1.379, 1.379, 1.379, 1.379, 1.379, 1.379, 1.381, 1.381, 1.381, 1.381, 1.382, 1.382, 1.382, 1.382, 1.382, 1.382, 1.382, 1.382, 1.382, 1.382, 1.382, 1.382, 1.382, 1.382, 1.382, 1.382, 1.382, 1.382, 1.382, 1.382, 1.382, 1.382, 1.382, 1.381, 1.381, 1.379, 1.379, 1.379, 1.377, 1.377, 1.377, 1.379, 1.379, 1.379, 1.379, 1.379, 1.381, 1.381, 1.381, 1.381, 1.381, 1.382, 1.384, 1.388, 1.393, 1.4, 1.408, 1.417, 1.427, 1.438, 1.448, 1.456, 1.464, 1.469, 1.47, 1.471, 1.471, 1.471, 1.472, 1.472, 1.472, 1.473, 1.473, 1.474, 1.475, 1.476, 1.476, 1.477, 1.477, 1.478, 1.477, 1.477, 1.476, 1.475, 1.474, 1.473, 1.472, 1.472, 1.471, 1.471, 1.47, 1.47, 1.471, 1.471, 1.472, 1.472, 1.473, 1.473, 1.474, 1.474, 1.474, 1.474, 1.473, 1.473, 1.472, 1.471, 1.471, 1.47, 1.47, 1.47, 1.47, 1.47, 1.47, 1.47, 1.47, 1.468, 1.468, 1.468, 1.468, 1.468, 1.468, 1.468, 1.466, 1.466, 1.468, 1.468, 1.468, 1.469, 1.469, 1.47, 1.47, 1.471, 1.472, 1.472, 1.472, 1.472, 1.473, 1.474, 1.473, 1.472, 1.471, 1.47, 1.47, 1.466, 1.466, 1.464, 1.462, 1.462, 1.462, 1.462, 1.462, 1.462, 1.464, 1.466, 1.466, 1.469, 1.469, 1.47, 1.47, 1.47, 1.47, 1.471, 1.471, 1.471, 1.471, 1.472, 1.472, 1.473, 1.473, 1.474, 1.474, 1.474, 1.474, 1.473, 1.473, 1.472, 1.472, 1.472, 1.471, 1.47, 1.468, 1.468, 1.468, 1.468, 1.466, 1.466, 1.466, 1.464, 1.464, 1.462, 1.462, 1.462, 0, 
1.551, 1.551, 1.547, 1.546, 1.545, 1.544, 1.543, 1.539, 1.538, 1.537, 1.537, 1.535, 1.535, 1.534, 1.533, 1.533, 1.532, 1.528, 1.528, 1.528, 1.528, 1.527, 1.527, 1.526, 1.526, 1.526, 1.526, 1.526, 1.527, 1.527, 1.527, 1.527, 1.527, 1.528, 1.528, 1.528, 1.528, 1.528, 1.528, 1.531, 1.528, 1.528, 1.528, 1.527, 1.526, 1.526, 1.525, 1.524, 1.524, 1.524, 1.524, 1.525, 1.526, 1.526, 1.527, 1.528, 1.528, 1.528, 1.528, 1.528, 1.528, 1.528, 1.528, 1.528, 1.528, 1.528, 1.531, 1.531, 1.531, 1.531, 1.531, 1.531, 1.531, 1.528, 1.527, 1.526, 1.524, 1.523, 1.522, 1.521, 1.52, 1.52, 1.52, 1.52, 1.521, 1.522, 1.522, 1.523, 1.524, 1.524, 1.524, 1.525, 1.525, 1.524, 1.524, 1.524, 1.523, 1.522, 1.521, 1.52, 1.519, 1.518, 1.518, 1.517, 1.516, 1.516, 1.516, 1.516, 1.516, 1.516, 1.516, 1.516, 1.516, 1.516, 1.516, 1.516, 1.516, 1.516, 1.513, 1.513, 1.513, 1.513, 1.513, 1.513, 1.512, 1.512, 1.512, 1.512, 1.513, 1.513, 1.513, 1.513, 1.516, 1.516, 1.516, 1.513, 1.513, 1.507, 1.502, 1.492, 1.481, 1.468, 1.458, 1.446, 1.434, 1.425, 1.415, 1.41, 1.406, 1.404, 1.404, 1.404, 1.404, 1.404, 1.404, 1.406, 1.406, 1.406, 1.406, 1.406, 1.406, 1.406, 1.404, 1.404, 1.402, 1.402, 1.402, 1.402, 1.4, 1.4, 1.4, 1.399, 1.399, 1.397, 1.397, 1.397, 1.395, 1.395, 1.395, 1.397, 1.397, 1.397, 1.397, 1.397, 1.397, 1.395, 1.395, 1.393, 1.393, 1.391, 1.391, 1.391, 1.391, 1.393, 1.393, 1.393, 1.395, 1.395, 1.395, 1.397, 1.395, 1.395, 1.395, 1.393, 1.393, 1.393, 1.393, 1.391, 1.39, 1.39, 1.388, 1.388, 1.388, 1.388, 1.388, 1.388, 1.388, 1.388, 1.388, 1.388, 1.388, 1.388, 1.388, 1.386, 1.386, 1.386, 1.386, 1.386, 1.386, 1.386, 1.386, 1.386, 1.388, 1.388, 1.388, 1.388, 1.388, 1.388, 1.388, 1.388, 1.388, 1.39, 1.39, 1.39, 1.39, 1.391, 1.391, 1.393, 1.391, 1.391, 1.39, 1.39, 1.388, 1.388, 1.388, 1.386, 1.384, 1.384, 1.384, 1.382, 1.382, 1.382, 1.384, 1.384, 1.384, 1.384, 1.384, 1.386, 1.386, 1.386, 1.386, 1.386, 1.386, 1.386, 1.386, 1.386, 1.386, 1.386, 1.386, 1.384, 1.384, 1.384, 1.382, 1.382, 1.381, 1.381, 1.379, 1.379, 1.379, 1.379, 1.379, 1.379, 1.379, 1.381, 1.381, 1.381, 1.381, 1.382, 1.382, 1.382, 1.382, 1.382, 1.382, 1.382, 1.382, 1.382, 1.382, 1.382, 1.382, 1.382, 1.382, 1.382, 1.382, 1.382, 1.382, 1.382, 1.382, 1.382, 1.382, 1.381, 1.381, 1.381, 1.379, 1.379, 1.379, 1.379, 1.379, 1.379, 1.379, 1.379, 1.379, 1.379, 1.381, 1.381, 1.381, 1.381, 1.381, 1.382, 1.382, 1.384, 1.388, 1.393, 1.4, 1.408, 1.417, 1.427, 1.436, 1.446, 1.456, 1.462, 1.469, 1.47, 1.471, 1.471, 1.471, 1.471, 1.471, 1.471, 1.472, 1.473, 1.473, 1.474, 1.475, 1.476, 1.477, 1.477, 1.478, 1.478, 1.477, 1.477, 1.476, 1.475, 1.474, 1.473, 1.473, 1.472, 1.471, 1.471, 1.471, 1.471, 1.472, 1.472, 1.473, 1.473, 1.474, 1.474, 1.474, 1.474, 1.473, 1.473, 1.472, 1.472, 1.472, 1.471, 1.471, 1.471, 1.471, 1.471, 1.471, 1.471, 1.471, 1.47, 1.47, 1.47, 1.468, 1.468, 1.468, 1.468, 1.468, 1.466, 1.466, 1.466, 1.466, 1.468, 1.468, 1.469, 1.469, 1.47, 1.471, 1.472, 1.472, 1.472, 1.472, 1.473, 1.473, 1.473, 1.472, 1.471, 1.47, 1.469, 1.466, 1.466, 1.464, 1.462, 1.462, 1.462, 1.462, 1.462, 1.464, 1.464, 1.466, 1.466, 1.468, 1.469, 1.47, 1.47, 1.47, 1.47, 1.47, 1.47, 1.47, 1.471, 1.471, 1.472, 1.472, 1.472, 1.473, 1.473, 1.473, 1.474, 1.473, 1.472, 1.472, 1.472, 1.472, 1.471, 1.47, 1.468, 1.468, 1.468, 1.468, 1.466, 1.466, 1.464, 1.464, 1.464, 1.462, 1.462, 1.462, 0, 
1.548, 1.548, 1.547, 1.546, 1.545, 1.544, 1.543, 1.539, 1.538, 1.537, 1.537, 1.535, 1.535, 1.534, 1.533, 1.533, 1.532, 1.528, 1.528, 1.528, 1.528, 1.527, 1.526, 1.526, 1.526, 1.526, 1.526, 1.526, 1.526, 1.526, 1.526, 1.526, 1.527, 1.527, 1.528, 1.528, 1.528, 1.528, 1.528, 1.531, 1.528, 1.528, 1.528, 1.527, 1.526, 1.526, 1.525, 1.524, 1.524, 1.524, 1.524, 1.525, 1.526, 1.526, 1.527, 1.528, 1.528, 1.528, 1.528, 1.528, 1.528, 1.528, 1.528, 1.528, 1.528, 1.528, 1.531, 1.531, 1.531, 1.531, 1.531, 1.531, 1.531, 1.531, 1.527, 1.526, 1.525, 1.524, 1.522, 1.522, 1.521, 1.52, 1.52, 1.521, 1.521, 1.522, 1.523, 1.524, 1.524, 1.524, 1.524, 1.524, 1.524, 1.524, 1.524, 1.523, 1.522, 1.521, 1.52, 1.52, 1.519, 1.518, 1.517, 1.516, 1.516, 1.516, 1.516, 1.516, 1.516, 1.516, 1.516, 1.516, 1.516, 1.516, 1.516, 1.516, 1.513, 1.513, 1.513, 1.513, 1.513, 1.513, 1.513, 1.513, 1.512, 1.511, 1.511, 1.512, 1.513, 1.513, 1.513, 1.513, 1.513, 1.513, 1.513, 1.513, 1.512, 1.507, 1.501, 1.491, 1.48, 1.468, 1.456, 1.444, 1.434, 1.423, 1.415, 1.41, 1.406, 1.404, 1.402, 1.402, 1.402, 1.402, 1.404, 1.404, 1.404, 1.404, 1.404, 1.406, 1.406, 1.404, 1.404, 1.402, 1.402, 1.402, 1.4, 1.4, 1.4, 1.4, 1.4, 1.399, 1.399, 1.397, 1.397, 1.395, 1.395, 1.395, 1.395, 1.395, 1.395, 1.395, 1.397, 1.397, 1.397, 1.395, 1.395, 1.393, 1.393, 1.393, 1.393, 1.393, 1.393, 1.393, 1.393, 1.393, 1.395, 1.395, 1.395, 1.395, 1.395, 1.393, 1.393, 1.393, 1.393, 1.393, 1.391, 1.391, 1.39, 1.388, 1.388, 1.388, 1.388, 1.386, 1.386, 1.386, 1.388, 1.388, 1.388, 1.388, 1.388, 1.388, 1.388, 1.386, 1.386, 1.386, 1.386, 1.386, 1.386, 1.386, 1.386, 1.386, 1.386, 1.386, 1.388, 1.388, 1.388, 1.388, 1.388, 1.388, 1.388, 1.39, 1.39, 1.39, 1.39, 1.391, 1.393, 1.393, 1.393, 1.391, 1.391, 1.39, 1.39, 1.388, 1.388, 1.386, 1.386, 1.384, 1.384, 1.384, 1.384, 1.384, 1.384, 1.384, 1.384, 1.386, 1.386, 1.386, 1.386, 1.386, 1.386, 1.386, 1.384, 1.384, 1.384, 1.384, 1.384, 1.386, 1.386, 1.384, 1.384, 1.384, 1.382, 1.382, 1.381, 1.381, 1.379, 1.379, 1.379, 1.379, 1.379, 1.379, 1.379, 1.381, 1.381, 1.381, 1.381, 1.382, 1.382, 1.382, 1.382, 1.382, 1.382, 1.382, 1.384, 1.382, 1.382, 1.382, 1.382, 1.382, 1.382, 1.382, 1.382, 1.382, 1.382, 1.382, 1.382, 1.381, 1.381, 1.381, 1.381, 1.379, 1.379, 1.379, 1.379, 1.379, 1.379, 1.379, 1.379, 1.379, 1.381, 1.381, 1.381, 1.381, 1.381, 1.382, 1.382, 1.382, 1.382, 1.384, 1.388, 1.393, 1.4, 1.408, 1.415, 1.425, 1.436, 1.444, 1.454, 1.462, 1.466, 1.47, 1.47, 1.47, 1.47, 1.47, 1.47, 1.471, 1.471, 1.472, 1.473, 1.474, 1.475, 1.476, 1.477, 1.478, 1.478, 1.478, 1.478, 1.478, 1.477, 1.476, 1.475, 1.474, 1.474, 1.473, 1.472, 1.472, 1.472, 1.472, 1.473, 1.473, 1.473, 1.474, 1.474, 1.474, 1.474, 1.473, 1.472, 1.472, 1.472, 1.472, 1.471, 1.471, 1.471, 1.471, 1.472, 1.472, 1.472, 1.472, 1.472, 1.471, 1.471, 1.471, 1.47, 1.47, 1.468, 1.468, 1.468, 1.466, 1.466, 1.466, 1.466, 1.468, 1.468, 1.468, 1.469, 1.47, 1.47, 1.471, 1.472, 1.472, 1.472, 1.472, 1.472, 1.472, 1.472, 1.471, 1.47, 1.469, 1.466, 1.466, 1.466, 1.464, 1.464, 1.464, 1.464, 1.464, 1.464, 1.466, 1.466, 1.468, 1.468, 1.468, 1.469, 1.47, 1.47, 1.47, 1.47, 1.47, 1.47, 1.47, 1.471, 1.471, 1.472, 1.472, 1.472, 1.472, 1.473, 1.473, 1.473, 1.472, 1.472, 1.472, 1.471, 1.471, 1.47, 1.468, 1.468, 1.468, 1.466, 1.466, 1.464, 1.464, 1.464, 1.462, 1.462, 1.462, 1.462, 0, 
1.548, 1.547, 1.546, 1.545, 1.544, 1.543, 1.543, 1.538, 1.538, 1.537, 1.536, 1.535, 1.535, 1.534, 1.533, 1.533, 1.532, 1.528, 1.528, 1.528, 1.528, 1.527, 1.526, 1.526, 1.526, 1.526, 1.526, 1.526, 1.526, 1.526, 1.526, 1.526, 1.526, 1.527, 1.527, 1.528, 1.528, 1.528, 1.528, 1.531, 1.528, 1.528, 1.528, 1.527, 1.526, 1.526, 1.525, 1.524, 1.524, 1.524, 1.524, 1.525, 1.526, 1.526, 1.527, 1.528, 1.528, 1.528, 1.528, 1.528, 1.528, 1.528, 1.528, 1.528, 1.528, 1.528, 1.531, 1.531, 1.531, 1.532, 1.532, 1.532, 1.532, 1.532, 1.528, 1.527, 1.526, 1.524, 1.523, 1.522, 1.522, 1.521, 1.521, 1.521, 1.522, 1.523, 1.523, 1.524, 1.524, 1.524, 1.524, 1.524, 1.524, 1.523, 1.523, 1.522, 1.521, 1.521, 1.52, 1.519, 1.518, 1.518, 1.517, 1.516, 1.516, 1.516, 1.516, 1.516, 1.516, 1.513, 1.513, 1.513, 1.513, 1.513, 1.513, 1.513, 1.513, 1.513, 1.513, 1.513, 1.513, 1.513, 1.513, 1.513, 1.512, 1.511, 1.511, 1.512, 1.512, 1.513, 1.513, 1.513, 1.513, 1.513, 1.513, 1.513, 1.512, 1.507, 1.501, 1.49, 1.48, 1.468, 1.456, 1.444, 1.434, 1.423, 1.415, 1.41, 1.406, 1.404, 1.402, 1.402, 1.402, 1.402, 1.402, 1.404, 1.404, 1.404, 1.404, 1.406, 1.406, 1.404, 1.404, 1.402, 1.402, 1.402, 1.4, 1.4, 1.399, 1.399, 1.399, 1.399, 1.397, 1.397, 1.395, 1.395, 1.395, 1.395, 1.395, 1.395, 1.395, 1.395, 1.397, 1.397, 1.397, 1.397, 1.395, 1.393, 1.393, 1.393, 1.393, 1.393, 1.393, 1.393, 1.393, 1.393, 1.393, 1.395, 1.395, 1.395, 1.395, 1.393, 1.393, 1.393, 1.393, 1.393, 1.391, 1.39, 1.39, 1.388, 1.388, 1.388, 1.388, 1.386, 1.386, 1.386, 1.386, 1.388, 1.388, 1.388, 1.388, 1.388, 1.388, 1.386, 1.386, 1.386, 1.386, 1.386, 1.386, 1.386, 1.386, 1.386, 1.386, 1.386, 1.388, 1.388, 1.388, 1.388, 1.388, 1.388, 1.388, 1.39, 1.39, 1.39, 1.391, 1.391, 1.393, 1.393, 1.393, 1.391, 1.391, 1.39, 1.39, 1.388, 1.388, 1.388, 1.386, 1.386, 1.384, 1.384, 1.384, 1.384, 1.386, 1.386, 1.386, 1.386, 1.386, 1.386, 1.386, 1.386, 1.386, 1.384, 1.384, 1.384, 1.384, 1.384, 1.384, 1.384, 1.384, 1.384, 1.384, 1.384, 1.382, 1.382, 1.382, 1.381, 1.381, 1.379, 1.379, 1.379, 1.379, 1.381, 1.381, 1.381, 1.381, 1.381, 1.382, 1.382, 1.382, 1.382, 1.382, 1.382, 1.382, 1.384, 1.384, 1.384, 1.384, 1.382, 1.382, 1.382, 1.382, 1.382, 1.382, 1.382, 1.382, 1.382, 1.382, 1.381, 1.381, 1.381, 1.381, 1.379, 1.379, 1.379, 1.379, 1.379, 1.379, 1.379, 1.379, 1.379, 1.381, 1.381, 1.382, 1.382, 1.382, 1.382, 1.382, 1.382, 1.384, 1.384, 1.388, 1.393, 1.399, 1.408, 1.415, 1.425, 1.434, 1.444, 1.452, 1.46, 1.466, 1.469, 1.47, 1.47, 1.47, 1.47, 1.47, 1.47, 1.471, 1.472, 1.473, 1.474, 1.475, 1.476, 1.477, 1.478, 1.478, 1.478, 1.478, 1.478, 1.478, 1.477, 1.476, 1.475, 1.475, 1.474, 1.473, 1.473, 1.473, 1.473, 1.473, 1.474, 1.474, 1.474, 1.474, 1.474, 1.473, 1.472, 1.472, 1.471, 1.471, 1.471, 1.471, 1.471, 1.471, 1.472, 1.472, 1.472, 1.472, 1.472, 1.472, 1.472, 1.472, 1.471, 1.471, 1.47, 1.47, 1.468, 1.468, 1.466, 1.466, 1.466, 1.466, 1.466, 1.468, 1.468, 1.468, 1.47, 1.47, 1.471, 1.472, 1.472, 1.472, 1.472, 1.472, 1.472, 1.471, 1.47, 1.47, 1.469, 1.466, 1.466, 1.466, 1.464, 1.464, 1.464, 1.464, 1.466, 1.466, 1.466, 1.466, 1.468, 1.468, 1.468, 1.468, 1.468, 1.468, 1.468, 1.468, 1.468, 1.468, 1.47, 1.47, 1.471, 1.471, 1.472, 1.472, 1.472, 1.472, 1.473, 1.473, 1.472, 1.472, 1.472, 1.471, 1.471, 1.47, 1.468, 1.468, 1.468, 1.466, 1.464, 1.464, 1.462, 1.462, 1.462, 1.462, 1.462, 1.462, 0, 
1.543, 1.544, 1.544, 1.543, 1.543, 1.543, 1.539, 1.538, 1.537, 1.537, 1.536, 1.535, 1.535, 1.534, 1.533, 1.533, 1.532, 1.528, 1.528, 1.528, 1.528, 1.527, 1.526, 1.526, 1.526, 1.526, 1.526, 1.526, 1.526, 1.526, 1.526, 1.526, 1.526, 1.526, 1.527, 1.528, 1.528, 1.528, 1.528, 1.531, 1.531, 1.528, 1.528, 1.527, 1.526, 1.526, 1.525, 1.524, 1.524, 1.524, 1.525, 1.525, 1.526, 1.526, 1.527, 1.528, 1.528, 1.528, 1.528, 1.528, 1.528, 1.528, 1.528, 1.528, 1.528, 1.531, 1.531, 1.531, 1.531, 1.532, 1.533, 1.533, 1.532, 1.532, 1.531, 1.527, 1.526, 1.525, 1.524, 1.523, 1.522, 1.522, 1.522, 1.522, 1.522, 1.522, 1.523, 1.523, 1.524, 1.524, 1.524, 1.524, 1.523, 1.522, 1.522, 1.521, 1.52, 1.52, 1.519, 1.518, 1.518, 1.517, 1.516, 1.516, 1.516, 1.516, 1.516, 1.516, 1.513, 1.513, 1.513, 1.513, 1.513, 1.513, 1.513, 1.513, 1.513, 1.513, 1.513, 1.513, 1.513, 1.513, 1.513, 1.512, 1.512, 1.511, 1.511, 1.511, 1.512, 1.512, 1.513, 1.513, 1.513, 1.513, 1.513, 1.513, 1.512, 1.507, 1.501, 1.49, 1.48, 1.468, 1.456, 1.446, 1.434, 1.423, 1.415, 1.41, 1.406, 1.404, 1.402, 1.402, 1.402, 1.402, 1.402, 1.404, 1.404, 1.404, 1.404, 1.406, 1.404, 1.404, 1.404, 1.404, 1.402, 1.402, 1.4, 1.4, 1.399, 1.399, 1.399, 1.399, 1.397, 1.397, 1.395, 1.395, 1.393, 1.393, 1.393, 1.395, 1.395, 1.395, 1.397, 1.397, 1.397, 1.397, 1.397, 1.395, 1.395, 1.393, 1.393, 1.393, 1.393, 1.393, 1.393, 1.393, 1.393, 1.395, 1.395, 1.395, 1.393, 1.393, 1.393, 1.393, 1.393, 1.393, 1.391, 1.39, 1.39, 1.388, 1.388, 1.388, 1.388, 1.386, 1.386, 1.386, 1.386, 1.388, 1.388, 1.388, 1.388, 1.388, 1.388, 1.386, 1.386, 1.386, 1.386, 1.386, 1.386, 1.386, 1.386, 1.386, 1.386, 1.386, 1.388, 1.388, 1.388, 1.388, 1.388, 1.388, 1.39, 1.39, 1.391, 1.391, 1.391, 1.393, 1.393, 1.393, 1.393, 1.391, 1.391, 1.39, 1.39, 1.39, 1.388, 1.388, 1.388, 1.386, 1.386, 1.386, 1.386, 1.386, 1.386, 1.386, 1.386, 1.388, 1.388, 1.388, 1.386, 1.386, 1.386, 1.384, 1.384, 1.384, 1.384, 1.384, 1.384, 1.384, 1.384, 1.384, 1.384, 1.384, 1.382, 1.382, 1.382, 1.381, 1.381, 1.381, 1.381, 1.381, 1.381, 1.381, 1.381, 1.381, 1.381, 1.381, 1.382, 1.382, 1.382, 1.382, 1.382, 1.382, 1.384, 1.384, 1.384, 1.384, 1.384, 1.384, 1.382, 1.382, 1.382, 1.382, 1.382, 1.382, 1.382, 1.382, 1.381, 1.381, 1.381, 1.381, 1.381, 1.381, 1.379, 1.379, 1.379, 1.379, 1.379, 1.379, 1.379, 1.381, 1.381, 1.381, 1.382, 1.382, 1.382, 1.382, 1.382, 1.382, 1.384, 1.386, 1.388, 1.393, 1.399, 1.406, 1.415, 1.425, 1.432, 1.444, 1.452, 1.46, 1.464, 1.468, 1.47, 1.47, 1.47, 1.47, 1.47, 1.47, 1.471, 1.472, 1.472, 1.474, 1.475, 1.476, 1.477, 1.478, 1.478, 1.478, 1.479, 1.479, 1.479, 1.478, 1.477, 1.476, 1.475, 1.475, 1.474, 1.474, 1.474, 1.474, 1.474, 1.474, 1.474, 1.474, 1.473, 1.473, 1.472, 1.472, 1.471, 1.47, 1.47, 1.47, 1.47, 1.471, 1.471, 1.472, 1.472, 1.473, 1.473, 1.474, 1.474, 1.474, 1.473, 1.472, 1.472, 1.471, 1.47, 1.47, 1.468, 1.466, 1.466, 1.466, 1.466, 1.466, 1.468, 1.468, 1.468, 1.468, 1.47, 1.471, 1.472, 1.472, 1.472, 1.472, 1.472, 1.472, 1.471, 1.47, 1.47, 1.469, 1.468, 1.466, 1.466, 1.466, 1.466, 1.466, 1.466, 1.466, 1.466, 1.466, 1.468, 1.468, 1.468, 1.468, 1.468, 1.468, 1.468, 1.468, 1.468, 1.468, 1.468, 1.47, 1.47, 1.47, 1.471, 1.471, 1.472, 1.472, 1.472, 1.472, 1.472, 1.472, 1.472, 1.472, 1.472, 1.471, 1.468, 1.468, 1.468, 1.466, 1.466, 1.464, 1.462, 1.462, 1.462, 1.462, 1.462, 1.462, 1.462, 0, 
1.543, 1.543, 1.543, 1.538, 1.538, 1.538, 1.538, 1.537, 1.537, 1.537, 1.536, 1.535, 1.535, 1.534, 1.533, 1.533, 1.532, 1.528, 1.528, 1.528, 1.528, 1.527, 1.527, 1.526, 1.526, 1.526, 1.526, 1.526, 1.526, 1.526, 1.526, 1.526, 1.526, 1.526, 1.527, 1.528, 1.528, 1.528, 1.528, 1.531, 1.531, 1.528, 1.528, 1.527, 1.526, 1.526, 1.525, 1.525, 1.525, 1.525, 1.525, 1.526, 1.526, 1.526, 1.527, 1.528, 1.528, 1.528, 1.528, 1.528, 1.528, 1.528, 1.528, 1.528, 1.528, 1.531, 1.531, 1.531, 1.531, 1.532, 1.533, 1.533, 1.533, 1.532, 1.532, 1.528, 1.527, 1.526, 1.524, 1.524, 1.523, 1.522, 1.522, 1.522, 1.522, 1.522, 1.522, 1.523, 1.523, 1.523, 1.523, 1.523, 1.522, 1.521, 1.52, 1.52, 1.519, 1.518, 1.518, 1.517, 1.517, 1.516, 1.516, 1.516, 1.516, 1.516, 1.516, 1.516, 1.513, 1.513, 1.513, 1.513, 1.513, 1.512, 1.513, 1.513, 1.513, 1.513, 1.513, 1.513, 1.513, 1.513, 1.513, 1.513, 1.512, 1.511, 1.511, 1.511, 1.511, 1.512, 1.512, 1.513, 1.513, 1.513, 1.513, 1.512, 1.512, 1.507, 1.501, 1.491, 1.48, 1.47, 1.458, 1.446, 1.434, 1.425, 1.415, 1.41, 1.406, 1.404, 1.404, 1.402, 1.402, 1.402, 1.402, 1.402, 1.404, 1.404, 1.404, 1.404, 1.404, 1.404, 1.404, 1.404, 1.402, 1.402, 1.402, 1.4, 1.399, 1.399, 1.399, 1.397, 1.397, 1.397, 1.395, 1.395, 1.393, 1.393, 1.393, 1.393, 1.395, 1.395, 1.397, 1.397, 1.397, 1.397, 1.397, 1.397, 1.395, 1.393, 1.393, 1.393, 1.393, 1.393, 1.393, 1.393, 1.393, 1.393, 1.393, 1.393, 1.393, 1.393, 1.393, 1.393, 1.393, 1.393, 1.391, 1.39, 1.39, 1.388, 1.388, 1.388, 1.388, 1.386, 1.386, 1.386, 1.386, 1.388, 1.388, 1.388, 1.388, 1.388, 1.388, 1.386, 1.386, 1.386, 1.386, 1.386, 1.386, 1.386, 1.386, 1.386, 1.386, 1.386, 1.388, 1.388, 1.388, 1.388, 1.388, 1.39, 1.39, 1.391, 1.391, 1.391, 1.393, 1.393, 1.393, 1.393, 1.393, 1.391, 1.391, 1.39, 1.39, 1.39, 1.39, 1.388, 1.388, 1.388, 1.386, 1.386, 1.386, 1.386, 1.386, 1.388, 1.388, 1.388, 1.388, 1.388, 1.388, 1.386, 1.384, 1.384, 1.384, 1.384, 1.384, 1.384, 1.384, 1.384, 1.384, 1.384, 1.384, 1.384, 1.382, 1.382, 1.382, 1.381, 1.381, 1.381, 1.381, 1.381, 1.381, 1.381, 1.381, 1.381, 1.381, 1.382, 1.382, 1.382, 1.382, 1.382, 1.382, 1.382, 1.382, 1.384, 1.384, 1.384, 1.384, 1.382, 1.382, 1.382, 1.382, 1.382, 1.382, 1.382, 1.381, 1.381, 1.381, 1.381, 1.381, 1.381, 1.381, 1.381, 1.381, 1.379, 1.379, 1.381, 1.381, 1.381, 1.381, 1.381, 1.382, 1.382, 1.382, 1.382, 1.382, 1.382, 1.382, 1.384, 1.384, 1.386, 1.388, 1.393, 1.399, 1.406, 1.415, 1.425, 1.432, 1.444, 1.452, 1.46, 1.464, 1.468, 1.47, 1.47, 1.47, 1.47, 1.47, 1.47, 1.471, 1.472, 1.472, 1.474, 1.475, 1.476, 1.477, 1.478, 1.479, 1.479, 1.48, 1.48, 1.48, 1.479, 1.478, 1.477, 1.476, 1.475, 1.474, 1.474, 1.474, 1.474, 1.474, 1.474, 1.474, 1.473, 1.473, 1.472, 1.472, 1.471, 1.47, 1.468, 1.468, 1.47, 1.47, 1.47, 1.471, 1.472, 1.473, 1.474, 1.474, 1.474, 1.475, 1.475, 1.474, 1.473, 1.472, 1.471, 1.471, 1.47, 1.468, 1.466, 1.466, 1.466, 1.466, 1.466, 1.468, 1.468, 1.468, 1.468, 1.47, 1.471, 1.472, 1.472, 1.472, 1.472, 1.472, 1.472, 1.471, 1.47, 1.47, 1.469, 1.469, 1.466, 1.466, 1.466, 1.466, 1.466, 1.466, 1.466, 1.468, 1.468, 1.468, 1.468, 1.468, 1.468, 1.468, 1.468, 1.468, 1.468, 1.468, 1.468, 1.468, 1.468, 1.47, 1.47, 1.47, 1.471, 1.471, 1.472, 1.472, 1.472, 1.472, 1.472, 1.472, 1.472, 1.471, 1.471, 1.468, 1.468, 1.468, 1.466, 1.466, 1.464, 1.462, 1.462, 1.462, 1.462, 1.46, 1.46, 1.46, 0, 
1.539, 1.539, 1.538, 1.538, 1.537, 1.537, 1.537, 1.536, 1.536, 1.536, 1.535, 1.535, 1.535, 1.534, 1.533, 1.533, 1.532, 1.532, 1.528, 1.528, 1.528, 1.528, 1.527, 1.527, 1.526, 1.526, 1.526, 1.526, 1.526, 1.526, 1.526, 1.526, 1.526, 1.526, 1.527, 1.527, 1.528, 1.528, 1.528, 1.531, 1.531, 1.528, 1.528, 1.527, 1.526, 1.526, 1.526, 1.526, 1.526, 1.526, 1.526, 1.526, 1.526, 1.526, 1.527, 1.528, 1.528, 1.528, 1.528, 1.528, 1.528, 1.528, 1.528, 1.528, 1.528, 1.531, 1.531, 1.531, 1.532, 1.532, 1.533, 1.533, 1.533, 1.532, 1.532, 1.528, 1.527, 1.526, 1.525, 1.524, 1.523, 1.522, 1.522, 1.521, 1.521, 1.521, 1.522, 1.522, 1.522, 1.522, 1.522, 1.522, 1.521, 1.52, 1.519, 1.518, 1.518, 1.517, 1.517, 1.516, 1.516, 1.516, 1.516, 1.516, 1.516, 1.516, 1.516, 1.516, 1.513, 1.513, 1.512, 1.512, 1.512, 1.512, 1.512, 1.512, 1.512, 1.513, 1.513, 1.513, 1.513, 1.513, 1.513, 1.513, 1.512, 1.511, 1.511, 1.511, 1.511, 1.511, 1.511, 1.512, 1.512, 1.512, 1.513, 1.512, 1.511, 1.507, 1.501, 1.491, 1.48, 1.47, 1.458, 1.446, 1.434, 1.425, 1.415, 1.41, 1.406, 1.404, 1.404, 1.402, 1.402, 1.402, 1.402, 1.402, 1.402, 1.404, 1.404, 1.404, 1.406, 1.406, 1.404, 1.404, 1.402, 1.402, 1.402, 1.4, 1.4, 1.399, 1.399, 1.397, 1.397, 1.397, 1.395, 1.395, 1.393, 1.393, 1.393, 1.393, 1.395, 1.395, 1.397, 1.397, 1.397, 1.397, 1.397, 1.397, 1.395, 1.395, 1.393, 1.393, 1.393, 1.393, 1.393, 1.393, 1.393, 1.393, 1.393, 1.393, 1.393, 1.393, 1.393, 1.393, 1.393, 1.391, 1.391, 1.39, 1.39, 1.388, 1.388, 1.388, 1.388, 1.386, 1.386, 1.386, 1.386, 1.388, 1.388, 1.388, 1.388, 1.388, 1.388, 1.388, 1.386, 1.386, 1.386, 1.386, 1.386, 1.386, 1.386, 1.386, 1.386, 1.388, 1.388, 1.388, 1.388, 1.388, 1.39, 1.39, 1.39, 1.391, 1.391, 1.393, 1.393, 1.393, 1.393, 1.393, 1.393, 1.391, 1.391, 1.39, 1.39, 1.39, 1.39, 1.388, 1.388, 1.388, 1.388, 1.386, 1.386, 1.388, 1.388, 1.388, 1.388, 1.388, 1.388, 1.388, 1.388, 1.386, 1.384, 1.384, 1.384, 1.384, 1.384, 1.384, 1.384, 1.384, 1.384, 1.384, 1.384, 1.384, 1.382, 1.382, 1.382, 1.381, 1.381, 1.381, 1.381, 1.381, 1.381, 1.381, 1.381, 1.381, 1.382, 1.382, 1.382, 1.382, 1.382, 1.382, 1.382, 1.382, 1.382, 1.384, 1.384, 1.384, 1.382, 1.382, 1.382, 1.382, 1.382, 1.382, 1.382, 1.381, 1.381, 1.381, 1.381, 1.381, 1.381, 1.381, 1.381, 1.381, 1.381, 1.381, 1.381, 1.381, 1.381, 1.381, 1.381, 1.382, 1.382, 1.382, 1.382, 1.382, 1.382, 1.382, 1.382, 1.382, 1.384, 1.384, 1.388, 1.391, 1.399, 1.406, 1.413, 1.423, 1.432, 1.442, 1.452, 1.46, 1.464, 1.468, 1.47, 1.47, 1.47, 1.47, 1.47, 1.47, 1.471, 1.472, 1.473, 1.474, 1.475, 1.477, 1.478, 1.479, 1.479, 1.48, 1.48, 1.48, 1.48, 1.48, 1.478, 1.477, 1.476, 1.476, 1.475, 1.474, 1.474, 1.474, 1.474, 1.474, 1.474, 1.473, 1.472, 1.472, 1.471, 1.47, 1.468, 1.468, 1.468, 1.468, 1.47, 1.47, 1.471, 1.472, 1.473, 1.474, 1.475, 1.475, 1.476, 1.476, 1.476, 1.474, 1.473, 1.472, 1.471, 1.471, 1.47, 1.468, 1.468, 1.468, 1.468, 1.468, 1.468, 1.468, 1.468, 1.468, 1.47, 1.471, 1.472, 1.472, 1.472, 1.472, 1.472, 1.472, 1.471, 1.47, 1.47, 1.469, 1.469, 1.468, 1.466, 1.466, 1.466, 1.466, 1.468, 1.468, 1.468, 1.468, 1.468, 1.468, 1.468, 1.468, 1.468, 1.468, 1.468, 1.468, 1.468, 1.468, 1.468, 1.468, 1.47, 1.47, 1.47, 1.47, 1.471, 1.471, 1.472, 1.472, 1.472, 1.472, 1.472, 1.472, 1.471, 1.47, 1.469, 1.468, 1.468, 1.466, 1.464, 1.464, 1.462, 1.462, 1.462, 1.462, 1.46, 1.46, 1.46, 0, 
1.534, 1.534, 1.534, 1.535, 1.535, 1.535, 1.535, 1.535, 1.535, 1.535, 1.535, 1.535, 1.535, 1.534, 1.533, 1.533, 1.533, 1.532, 1.532, 1.528, 1.528, 1.528, 1.528, 1.527, 1.527, 1.526, 1.526, 1.526, 1.526, 1.525, 1.525, 1.526, 1.526, 1.526, 1.527, 1.528, 1.528, 1.528, 1.528, 1.531, 1.528, 1.528, 1.528, 1.527, 1.526, 1.526, 1.526, 1.526, 1.526, 1.526, 1.526, 1.526, 1.526, 1.526, 1.527, 1.528, 1.528, 1.528, 1.528, 1.528, 1.528, 1.528, 1.528, 1.528, 1.528, 1.531, 1.531, 1.531, 1.532, 1.533, 1.533, 1.533, 1.533, 1.533, 1.532, 1.531, 1.528, 1.527, 1.526, 1.524, 1.524, 1.522, 1.522, 1.521, 1.521, 1.521, 1.521, 1.521, 1.521, 1.521, 1.521, 1.52, 1.52, 1.519, 1.518, 1.517, 1.517, 1.516, 1.516, 1.516, 1.516, 1.516, 1.516, 1.516, 1.516, 1.516, 1.516, 1.513, 1.512, 1.512, 1.511, 1.511, 1.511, 1.511, 1.511, 1.511, 1.512, 1.512, 1.512, 1.513, 1.513, 1.513, 1.513, 1.513, 1.512, 1.512, 1.511, 1.511, 1.511, 1.511, 1.511, 1.511, 1.511, 1.512, 1.512, 1.511, 1.511, 1.507, 1.501, 1.492, 1.481, 1.47, 1.458, 1.446, 1.436, 1.425, 1.417, 1.41, 1.408, 1.406, 1.404, 1.402, 1.402, 1.402, 1.402, 1.402, 1.402, 1.402, 1.404, 1.404, 1.406, 1.406, 1.404, 1.404, 1.402, 1.402, 1.402, 1.4, 1.4, 1.399, 1.399, 1.397, 1.397, 1.397, 1.395, 1.395, 1.393, 1.393, 1.393, 1.393, 1.395, 1.395, 1.397, 1.397, 1.397, 1.397, 1.397, 1.397, 1.397, 1.395, 1.395, 1.393, 1.393, 1.393, 1.393, 1.393, 1.393, 1.393, 1.393, 1.393, 1.393, 1.393, 1.393, 1.393, 1.393, 1.391, 1.391, 1.39, 1.39, 1.388, 1.388, 1.388, 1.388, 1.386, 1.386, 1.386, 1.386, 1.388, 1.388, 1.388, 1.388, 1.388, 1.388, 1.388, 1.388, 1.388, 1.386, 1.386, 1.386, 1.386, 1.386, 1.386, 1.388, 1.388, 1.388, 1.388, 1.388, 1.39, 1.39, 1.39, 1.39, 1.391, 1.393, 1.393, 1.393, 1.393, 1.393, 1.393, 1.393, 1.391, 1.391, 1.39, 1.39, 1.39, 1.39, 1.388, 1.388, 1.388, 1.388, 1.388, 1.388, 1.388, 1.388, 1.388, 1.388, 1.388, 1.388, 1.388, 1.388, 1.386, 1.384, 1.384, 1.382, 1.382, 1.382, 1.382, 1.384, 1.384, 1.384, 1.384, 1.384, 1.384, 1.382, 1.382, 1.382, 1.381, 1.381, 1.381, 1.381, 1.381, 1.381, 1.381, 1.381, 1.382, 1.382, 1.382, 1.382, 1.382, 1.382, 1.382, 1.382, 1.382, 1.382, 1.382, 1.384, 1.382, 1.382, 1.382, 1.382, 1.382, 1.382, 1.382, 1.381, 1.381, 1.381, 1.381, 1.381, 1.381, 1.381, 1.381, 1.381, 1.381, 1.381, 1.381, 1.381, 1.381, 1.381, 1.381, 1.382, 1.382, 1.382, 1.382, 1.382, 1.382, 1.382, 1.382, 1.382, 1.382, 1.384, 1.384, 1.388, 1.391, 1.399, 1.404, 1.413, 1.423, 1.432, 1.442, 1.45, 1.458, 1.464, 1.466, 1.468, 1.47, 1.47, 1.47, 1.47, 1.47, 1.471, 1.472, 1.473, 1.474, 1.476, 1.477, 1.478, 1.48, 1.48, 1.481, 1.481, 1.481, 1.481, 1.48, 1.479, 1.478, 1.477, 1.476, 1.475, 1.474, 1.474, 1.474, 1.474, 1.474, 1.473, 1.472, 1.472, 1.471, 1.47, 1.47, 1.468, 1.468, 1.468, 1.468, 1.47, 1.471, 1.472, 1.473, 1.474, 1.475, 1.476, 1.476, 1.477, 1.477, 1.477, 1.476, 1.474, 1.473, 1.472, 1.471, 1.471, 1.47, 1.468, 1.468, 1.468, 1.468, 1.468, 1.468, 1.468, 1.469, 1.47, 1.471, 1.472, 1.472, 1.472, 1.472, 1.472, 1.471, 1.471, 1.47, 1.47, 1.47, 1.469, 1.468, 1.468, 1.468, 1.468, 1.468, 1.468, 1.468, 1.468, 1.468, 1.468, 1.469, 1.469, 1.468, 1.468, 1.468, 1.468, 1.468, 1.468, 1.468, 1.468, 1.468, 1.468, 1.468, 1.47, 1.47, 1.47, 1.471, 1.472, 1.472, 1.472, 1.472, 1.472, 1.472, 1.471, 1.47, 1.469, 1.468, 1.468, 1.466, 1.464, 1.464, 1.462, 1.462, 1.462, 1.462, 1.46, 1.46, 1.46, 0, 
1.534, 1.533, 1.533, 1.533, 1.533, 1.533, 1.533, 1.533, 1.534, 1.534, 1.534, 1.535, 1.535, 1.534, 1.534, 1.533, 1.533, 1.533, 1.532, 1.531, 1.528, 1.528, 1.528, 1.528, 1.527, 1.527, 1.526, 1.526, 1.526, 1.525, 1.525, 1.526, 1.526, 1.526, 1.527, 1.528, 1.528, 1.528, 1.528, 1.531, 1.528, 1.528, 1.527, 1.527, 1.526, 1.526, 1.526, 1.526, 1.526, 1.526, 1.526, 1.526, 1.526, 1.527, 1.527, 1.528, 1.528, 1.528, 1.528, 1.531, 1.531, 1.531, 1.531, 1.531, 1.531, 1.531, 1.531, 1.531, 1.532, 1.533, 1.533, 1.533, 1.533, 1.533, 1.532, 1.532, 1.528, 1.527, 1.526, 1.525, 1.524, 1.523, 1.522, 1.521, 1.52, 1.52, 1.52, 1.52, 1.52, 1.52, 1.52, 1.52, 1.519, 1.518, 1.517, 1.517, 1.516, 1.516, 1.516, 1.516, 1.516, 1.516, 1.516, 1.516, 1.516, 1.516, 1.513, 1.513, 1.512, 1.511, 1.511, 1.511, 1.511, 1.511, 1.511, 1.511, 1.511, 1.511, 1.512, 1.513, 1.513, 1.513, 1.513, 1.513, 1.513, 1.512, 1.512, 1.511, 1.511, 1.511, 1.511, 1.511, 1.511, 1.511, 1.511, 1.511, 1.51, 1.507, 1.501, 1.492, 1.482, 1.47, 1.46, 1.448, 1.436, 1.427, 1.417, 1.412, 1.408, 1.406, 1.404, 1.402, 1.402, 1.402, 1.402, 1.402, 1.402, 1.402, 1.404, 1.404, 1.406, 1.406, 1.406, 1.404, 1.402, 1.402, 1.402, 1.4, 1.4, 1.399, 1.399, 1.397, 1.397, 1.395, 1.395, 1.395, 1.393, 1.393, 1.393, 1.393, 1.395, 1.395, 1.397, 1.397, 1.399, 1.399, 1.399, 1.397, 1.397, 1.395, 1.395, 1.395, 1.393, 1.393, 1.393, 1.393, 1.393, 1.393, 1.393, 1.393, 1.393, 1.393, 1.393, 1.393, 1.393, 1.393, 1.391, 1.391, 1.39, 1.388, 1.388, 1.388, 1.388, 1.388, 1.388, 1.388, 1.388, 1.388, 1.388, 1.388, 1.388, 1.388, 1.388, 1.388, 1.388, 1.388, 1.388, 1.388, 1.388, 1.386, 1.386, 1.388, 1.388, 1.388, 1.388, 1.388, 1.388, 1.39, 1.39, 1.39, 1.39, 1.393, 1.393, 1.393, 1.393, 1.393, 1.393, 1.393, 1.393, 1.391, 1.39, 1.39, 1.39, 1.39, 1.39, 1.39, 1.388, 1.388, 1.388, 1.388, 1.388, 1.388, 1.388, 1.388, 1.388, 1.388, 1.388, 1.388, 1.388, 1.386, 1.384, 1.384, 1.382, 1.382, 1.382, 1.382, 1.382, 1.384, 1.384, 1.384, 1.384, 1.384, 1.382, 1.382, 1.382, 1.382, 1.381, 1.381, 1.381, 1.381, 1.381, 1.381, 1.382, 1.382, 1.382, 1.382, 1.382, 1.382, 1.382, 1.382, 1.382, 1.382, 1.382, 1.382, 1.382, 1.382, 1.382, 1.382, 1.382, 1.382, 1.382, 1.382, 1.381, 1.381, 1.381, 1.381, 1.381, 1.381, 1.381, 1.381, 1.381, 1.381, 1.381, 1.381, 1.381, 1.381, 1.381, 1.381, 1.382, 1.382, 1.382, 1.382, 1.382, 1.382, 1.382, 1.382, 1.382, 1.382, 1.382, 1.384, 1.388, 1.391, 1.399, 1.404, 1.413, 1.423, 1.432, 1.442, 1.45, 1.458, 1.462, 1.466, 1.468, 1.47, 1.47, 1.47, 1.47, 1.47, 1.471, 1.472, 1.473, 1.475, 1.476, 1.478, 1.479, 1.48, 1.481, 1.482, 1.482, 1.482, 1.481, 1.48, 1.479, 1.478, 1.477, 1.476, 1.475, 1.475, 1.474, 1.474, 1.474, 1.474, 1.473, 1.472, 1.472, 1.471, 1.47, 1.47, 1.468, 1.468, 1.468, 1.468, 1.468, 1.471, 1.472, 1.473, 1.474, 1.475, 1.476, 1.477, 1.478, 1.478, 1.477, 1.476, 1.475, 1.474, 1.473, 1.472, 1.471, 1.471, 1.468, 1.468, 1.468, 1.468, 1.468, 1.468, 1.468, 1.469, 1.47, 1.471, 1.472, 1.472, 1.472, 1.472, 1.472, 1.471, 1.47, 1.47, 1.47, 1.47, 1.469, 1.468, 1.468, 1.468, 1.468, 1.468, 1.468, 1.47, 1.47, 1.47, 1.47, 1.47, 1.469, 1.469, 1.468, 1.468, 1.468, 1.468, 1.468, 1.468, 1.468, 1.468, 1.468, 1.468, 1.468, 1.47, 1.47, 1.47, 1.471, 1.472, 1.472, 1.472, 1.472, 1.472, 1.471, 1.47, 1.469, 1.468, 1.468, 1.466, 1.464, 1.464, 1.462, 1.462, 1.462, 1.462, 1.46, 1.46, 1.46, 0, 
1.527, 1.532, 1.532, 1.532, 1.532, 1.532, 1.532, 1.532, 1.533, 1.533, 1.534, 1.534, 1.534, 1.534, 1.534, 1.533, 1.533, 1.533, 1.532, 1.532, 1.531, 1.528, 1.528, 1.528, 1.528, 1.527, 1.527, 1.526, 1.526, 1.526, 1.526, 1.526, 1.526, 1.527, 1.527, 1.528, 1.528, 1.528, 1.528, 1.531, 1.528, 1.528, 1.527, 1.526, 1.526, 1.526, 1.526, 1.526, 1.526, 1.526, 1.526, 1.526, 1.526, 1.527, 1.528, 1.528, 1.528, 1.528, 1.531, 1.531, 1.531, 1.531, 1.531, 1.531, 1.531, 1.531, 1.532, 1.532, 1.532, 1.533, 1.533, 1.533, 1.533, 1.533, 1.533, 1.532, 1.532, 1.528, 1.527, 1.526, 1.524, 1.523, 1.522, 1.521, 1.52, 1.52, 1.52, 1.52, 1.52, 1.52, 1.519, 1.519, 1.518, 1.517, 1.517, 1.516, 1.516, 1.516, 1.513, 1.513, 1.516, 1.516, 1.516, 1.516, 1.516, 1.516, 1.513, 1.513, 1.512, 1.511, 1.511, 1.51, 1.51, 1.51, 1.51, 1.511, 1.511, 1.511, 1.512, 1.513, 1.513, 1.516, 1.516, 1.516, 1.513, 1.513, 1.512, 1.512, 1.511, 1.511, 1.511, 1.511, 1.511, 1.511, 1.511, 1.51, 1.509, 1.508, 1.501, 1.492, 1.482, 1.471, 1.46, 1.448, 1.438, 1.427, 1.419, 1.412, 1.408, 1.406, 1.404, 1.402, 1.402, 1.402, 1.402, 1.402, 1.402, 1.402, 1.404, 1.404, 1.406, 1.406, 1.406, 1.404, 1.404, 1.402, 1.402, 1.4, 1.4, 1.399, 1.399, 1.399, 1.397, 1.395, 1.395, 1.395, 1.393, 1.393, 1.393, 1.393, 1.395, 1.395, 1.397, 1.397, 1.399, 1.399, 1.399, 1.397, 1.397, 1.395, 1.395, 1.395, 1.393, 1.393, 1.393, 1.393, 1.393, 1.393, 1.393, 1.395, 1.393, 1.393, 1.393, 1.393, 1.393, 1.393, 1.393, 1.391, 1.39, 1.39, 1.388, 1.388, 1.388, 1.388, 1.388, 1.388, 1.388, 1.388, 1.388, 1.388, 1.388, 1.39, 1.39, 1.39, 1.39, 1.388, 1.388, 1.388, 1.388, 1.388, 1.388, 1.388, 1.388, 1.388, 1.388, 1.388, 1.388, 1.39, 1.39, 1.39, 1.393, 1.393, 1.393, 1.393, 1.393, 1.395, 1.393, 1.393, 1.391, 1.39, 1.39, 1.39, 1.39, 1.39, 1.39, 1.39, 1.39, 1.388, 1.388, 1.388, 1.388, 1.388, 1.39, 1.388, 1.388, 1.388, 1.388, 1.388, 1.386, 1.386, 1.384, 1.382, 1.382, 1.382, 1.382, 1.382, 1.382, 1.382, 1.384, 1.384, 1.384, 1.384, 1.382, 1.382, 1.382, 1.382, 1.381, 1.381, 1.381, 1.381, 1.381, 1.382, 1.382, 1.382, 1.382, 1.382, 1.382, 1.382, 1.382, 1.382, 1.382, 1.382, 1.382, 1.382, 1.382, 1.382, 1.382, 1.382, 1.382, 1.382, 1.382, 1.382, 1.382, 1.381, 1.381, 1.381, 1.381, 1.381, 1.381, 1.381, 1.381, 1.381, 1.381, 1.381, 1.381, 1.381, 1.381, 1.381, 1.382, 1.382, 1.382, 1.382, 1.382, 1.382, 1.382, 1.382, 1.382, 1.382, 1.382, 1.384, 1.388, 1.391, 1.399, 1.404, 1.413, 1.423, 1.432, 1.442, 1.45, 1.458, 1.462, 1.466, 1.468, 1.47, 1.47, 1.47, 1.47, 1.471, 1.472, 1.473, 1.474, 1.476, 1.477, 1.478, 1.48, 1.481, 1.482, 1.483, 1.483, 1.482, 1.482, 1.48, 1.479, 1.478, 1.477, 1.476, 1.476, 1.475, 1.474, 1.474, 1.474, 1.474, 1.473, 1.472, 1.472, 1.471, 1.47, 1.468, 1.468, 1.468, 1.468, 1.468, 1.468, 1.471, 1.472, 1.473, 1.474, 1.477, 1.477, 1.478, 1.479, 1.479, 1.478, 1.477, 1.476, 1.475, 1.474, 1.473, 1.472, 1.471, 1.47, 1.468, 1.468, 1.468, 1.468, 1.468, 1.469, 1.47, 1.47, 1.471, 1.471, 1.472, 1.472, 1.472, 1.471, 1.471, 1.47, 1.47, 1.47, 1.47, 1.47, 1.47, 1.47, 1.47, 1.47, 1.47, 1.47, 1.47, 1.47, 1.47, 1.47, 1.47, 1.47, 1.469, 1.469, 1.468, 1.468, 1.469, 1.469, 1.469, 1.469, 1.468, 1.468, 1.468, 1.468, 1.47, 1.47, 1.47, 1.471, 1.471, 1.472, 1.472, 1.472, 1.472, 1.471, 1.47, 1.469, 1.469, 1.468, 1.466, 1.464, 1.464, 1.462, 1.462, 1.462, 1.462, 1.46, 1.46, 1.46, 0, 
1.526, 1.527, 1.527, 1.527, 1.527, 1.527, 1.531, 1.531, 1.532, 1.532, 1.533, 1.533, 1.533, 1.533, 1.533, 1.533, 1.533, 1.533, 1.533, 1.532, 1.531, 1.531, 1.528, 1.528, 1.528, 1.528, 1.527, 1.527, 1.526, 1.526, 1.526, 1.526, 1.526, 1.527, 1.528, 1.528, 1.528, 1.528, 1.528, 1.531, 1.528, 1.528, 1.527, 1.526, 1.526, 1.526, 1.526, 1.526, 1.526, 1.526, 1.526, 1.526, 1.526, 1.527, 1.528, 1.528, 1.531, 1.531, 1.531, 1.531, 1.531, 1.531, 1.532, 1.532, 1.532, 1.532, 1.532, 1.533, 1.533, 1.533, 1.533, 1.533, 1.533, 1.533, 1.533, 1.532, 1.532, 1.528, 1.527, 1.526, 1.524, 1.523, 1.522, 1.521, 1.52, 1.52, 1.52, 1.519, 1.519, 1.519, 1.518, 1.518, 1.517, 1.516, 1.516, 1.513, 1.513, 1.513, 1.513, 1.513, 1.513, 1.516, 1.516, 1.516, 1.516, 1.516, 1.513, 1.513, 1.512, 1.511, 1.511, 1.51, 1.509, 1.509, 1.51, 1.511, 1.511, 1.511, 1.512, 1.513, 1.516, 1.516, 1.516, 1.516, 1.516, 1.513, 1.513, 1.512, 1.511, 1.511, 1.511, 1.511, 1.511, 1.511, 1.511, 1.51, 1.509, 1.508, 1.502, 1.493, 1.483, 1.472, 1.46, 1.448, 1.438, 1.427, 1.419, 1.412, 1.41, 1.408, 1.406, 1.402, 1.402, 1.402, 1.402, 1.402, 1.402, 1.402, 1.402, 1.404, 1.404, 1.406, 1.404, 1.404, 1.404, 1.402, 1.402, 1.4, 1.4, 1.399, 1.399, 1.399, 1.397, 1.397, 1.395, 1.395, 1.393, 1.393, 1.393, 1.393, 1.395, 1.395, 1.397, 1.397, 1.399, 1.399, 1.399, 1.399, 1.397, 1.397, 1.395, 1.395, 1.395, 1.393, 1.393, 1.393, 1.393, 1.393, 1.393, 1.395, 1.393, 1.393, 1.393, 1.393, 1.393, 1.393, 1.393, 1.391, 1.391, 1.39, 1.39, 1.388, 1.388, 1.388, 1.388, 1.388, 1.388, 1.388, 1.388, 1.388, 1.39, 1.39, 1.39, 1.39, 1.39, 1.39, 1.39, 1.388, 1.388, 1.388, 1.388, 1.388, 1.388, 1.388, 1.388, 1.388, 1.39, 1.39, 1.39, 1.391, 1.393, 1.393, 1.395, 1.395, 1.395, 1.395, 1.393, 1.393, 1.391, 1.39, 1.39, 1.39, 1.39, 1.39, 1.39, 1.39, 1.39, 1.39, 1.39, 1.39, 1.39, 1.39, 1.39, 1.39, 1.39, 1.388, 1.388, 1.388, 1.386, 1.386, 1.384, 1.382, 1.382, 1.382, 1.382, 1.382, 1.382, 1.382, 1.384, 1.384, 1.384, 1.384, 1.382, 1.382, 1.382, 1.382, 1.382, 1.382, 1.382, 1.382, 1.382, 1.382, 1.382, 1.382, 1.382, 1.382, 1.382, 1.382, 1.382, 1.382, 1.382, 1.382, 1.382, 1.382, 1.382, 1.384, 1.384, 1.382, 1.382, 1.382, 1.382, 1.382, 1.382, 1.382, 1.382, 1.382, 1.382, 1.381, 1.381, 1.381, 1.382, 1.382, 1.382, 1.382, 1.382, 1.382, 1.382, 1.382, 1.382, 1.381, 1.381, 1.381, 1.381, 1.381, 1.381, 1.381, 1.381, 1.381, 1.382, 1.384, 1.388, 1.391, 1.399, 1.406, 1.413, 1.423, 1.432, 1.442, 1.45, 1.458, 1.462, 1.466, 1.468, 1.471, 1.471, 1.471, 1.471, 1.471, 1.472, 1.473, 1.475, 1.476, 1.478, 1.479, 1.48, 1.482, 1.483, 1.484, 1.484, 1.483, 1.482, 1.481, 1.48, 1.478, 1.477, 1.476, 1.476, 1.475, 1.475, 1.475, 1.474, 1.474, 1.474, 1.472, 1.472, 1.471, 1.47, 1.468, 1.468, 1.468, 1.468, 1.468, 1.468, 1.471, 1.472, 1.473, 1.474, 1.478, 1.478, 1.479, 1.479, 1.479, 1.478, 1.478, 1.477, 1.475, 1.474, 1.473, 1.473, 1.472, 1.471, 1.47, 1.47, 1.468, 1.468, 1.468, 1.469, 1.47, 1.47, 1.47, 1.471, 1.472, 1.471, 1.471, 1.471, 1.47, 1.47, 1.47, 1.47, 1.47, 1.47, 1.47, 1.47, 1.47, 1.47, 1.47, 1.471, 1.471, 1.471, 1.47, 1.47, 1.47, 1.47, 1.469, 1.468, 1.468, 1.469, 1.469, 1.47, 1.47, 1.469, 1.468, 1.468, 1.468, 1.468, 1.468, 1.47, 1.47, 1.47, 1.471, 1.471, 1.472, 1.472, 1.472, 1.471, 1.47, 1.47, 1.469, 1.466, 1.466, 1.464, 1.464, 1.462, 1.462, 1.462, 1.462, 1.46, 1.46, 1.46, 0, 
1.525, 1.526, 1.526, 1.526, 1.526, 1.527, 1.527, 1.528, 1.528, 1.531, 1.532, 1.533, 1.533, 1.533, 1.533, 1.533, 1.533, 1.533, 1.533, 1.532, 1.532, 1.531, 1.531, 1.528, 1.528, 1.528, 1.528, 1.527, 1.526, 1.526, 1.526, 1.526, 1.527, 1.527, 1.528, 1.528, 1.528, 1.528, 1.531, 1.528, 1.528, 1.527, 1.527, 1.526, 1.526, 1.526, 1.526, 1.526, 1.526, 1.526, 1.526, 1.526, 1.527, 1.527, 1.528, 1.528, 1.531, 1.531, 1.531, 1.532, 1.532, 1.532, 1.532, 1.532, 1.533, 1.533, 1.533, 1.533, 1.533, 1.533, 1.533, 1.533, 1.533, 1.533, 1.533, 1.532, 1.532, 1.531, 1.527, 1.526, 1.524, 1.523, 1.522, 1.521, 1.52, 1.52, 1.519, 1.518, 1.518, 1.518, 1.517, 1.517, 1.516, 1.516, 1.513, 1.513, 1.513, 1.513, 1.513, 1.513, 1.513, 1.516, 1.516, 1.516, 1.516, 1.516, 1.516, 1.513, 1.512, 1.511, 1.511, 1.51, 1.509, 1.509, 1.51, 1.511, 1.511, 1.511, 1.512, 1.513, 1.516, 1.516, 1.516, 1.516, 1.516, 1.516, 1.513, 1.512, 1.512, 1.511, 1.51, 1.51, 1.51, 1.51, 1.511, 1.511, 1.51, 1.507, 1.503, 1.494, 1.484, 1.472, 1.46, 1.45, 1.438, 1.429, 1.419, 1.413, 1.41, 1.408, 1.406, 1.404, 1.404, 1.402, 1.402, 1.402, 1.402, 1.402, 1.402, 1.404, 1.404, 1.404, 1.404, 1.404, 1.404, 1.402, 1.402, 1.4, 1.399, 1.399, 1.399, 1.399, 1.397, 1.397, 1.395, 1.395, 1.395, 1.395, 1.395, 1.395, 1.395, 1.395, 1.397, 1.397, 1.399, 1.399, 1.399, 1.399, 1.397, 1.397, 1.395, 1.395, 1.395, 1.395, 1.395, 1.393, 1.393, 1.393, 1.395, 1.395, 1.395, 1.393, 1.393, 1.393, 1.393, 1.393, 1.393, 1.391, 1.391, 1.39, 1.39, 1.39, 1.388, 1.388, 1.388, 1.388, 1.388, 1.388, 1.388, 1.39, 1.39, 1.39, 1.39, 1.39, 1.39, 1.39, 1.39, 1.39, 1.39, 1.39, 1.388, 1.388, 1.388, 1.388, 1.388, 1.39, 1.39, 1.39, 1.39, 1.391, 1.393, 1.395, 1.395, 1.395, 1.395, 1.395, 1.395, 1.393, 1.391, 1.391, 1.39, 1.39, 1.39, 1.39, 1.39, 1.39, 1.39, 1.39, 1.39, 1.39, 1.39, 1.39, 1.39, 1.39, 1.39, 1.39, 1.39, 1.388, 1.386, 1.386, 1.384, 1.384, 1.382, 1.382, 1.382, 1.382, 1.382, 1.382, 1.384, 1.384, 1.384, 1.384, 1.384, 1.384, 1.384, 1.382, 1.382, 1.382, 1.382, 1.382, 1.382, 1.382, 1.382, 1.382, 1.382, 1.382, 1.382, 1.382, 1.382, 1.382, 1.382, 1.382, 1.382, 1.382, 1.382, 1.382, 1.384, 1.384, 1.382, 1.382, 1.382, 1.382, 1.382, 1.382, 1.382, 1.382, 1.382, 1.382, 1.382, 1.382, 1.382, 1.382, 1.382, 1.382, 1.382, 1.382, 1.382, 1.382, 1.382, 1.381, 1.381, 1.381, 1.381, 1.381, 1.381, 1.381, 1.381, 1.381, 1.382, 1.382, 1.388, 1.393, 1.399, 1.406, 1.413, 1.423, 1.432, 1.442, 1.452, 1.458, 1.462, 1.466, 1.468, 1.471, 1.472, 1.472, 1.472, 1.472, 1.473, 1.474, 1.475, 1.476, 1.478, 1.48, 1.481, 1.482, 1.483, 1.484, 1.484, 1.483, 1.482, 1.481, 1.48, 1.478, 1.477, 1.476, 1.476, 1.476, 1.476, 1.475, 1.475, 1.475, 1.474, 1.473, 1.472, 1.471, 1.47, 1.47, 1.468, 1.468, 1.468, 1.468, 1.47, 1.471, 1.472, 1.474, 1.475, 1.478, 1.478, 1.479, 1.479, 1.479, 1.478, 1.478, 1.477, 1.476, 1.475, 1.474, 1.473, 1.472, 1.471, 1.471, 1.47, 1.47, 1.47, 1.47, 1.47, 1.47, 1.47, 1.47, 1.471, 1.472, 1.471, 1.471, 1.47, 1.47, 1.47, 1.47, 1.47, 1.47, 1.47, 1.47, 1.47, 1.47, 1.471, 1.471, 1.471, 1.472, 1.471, 1.471, 1.47, 1.47, 1.469, 1.469, 1.468, 1.468, 1.468, 1.469, 1.47, 1.47, 1.469, 1.468, 1.468, 1.468, 1.468, 1.468, 1.468, 1.468, 1.47, 1.47, 1.471, 1.471, 1.471, 1.472, 1.471, 1.47, 1.47, 1.469, 1.466, 1.466, 1.464, 1.464, 1.462, 1.462, 1.462, 1.462, 1.462, 1.462, 1.462, 0, 
1.524, 1.524, 1.525, 1.525, 1.525, 1.526, 1.526, 1.527, 1.528, 1.528, 1.532, 1.532, 1.533, 1.533, 1.533, 1.533, 1.533, 1.533, 1.533, 1.533, 1.532, 1.532, 1.531, 1.528, 1.528, 1.528, 1.528, 1.528, 1.527, 1.526, 1.526, 1.526, 1.527, 1.528, 1.528, 1.528, 1.528, 1.528, 1.528, 1.528, 1.528, 1.527, 1.526, 1.526, 1.525, 1.525, 1.525, 1.525, 1.525, 1.526, 1.526, 1.526, 1.527, 1.527, 1.528, 1.531, 1.531, 1.531, 1.532, 1.532, 1.533, 1.533, 1.533, 1.533, 1.533, 1.533, 1.533, 1.533, 1.533, 1.533, 1.533, 1.533, 1.533, 1.533, 1.533, 1.532, 1.532, 1.531, 1.527, 1.526, 1.524, 1.524, 1.522, 1.521, 1.52, 1.519, 1.518, 1.518, 1.517, 1.517, 1.516, 1.516, 1.516, 1.513, 1.512, 1.512, 1.512, 1.512, 1.513, 1.513, 1.513, 1.516, 1.516, 1.516, 1.516, 1.516, 1.516, 1.516, 1.512, 1.512, 1.511, 1.51, 1.51, 1.51, 1.51, 1.511, 1.511, 1.512, 1.512, 1.516, 1.516, 1.516, 1.517, 1.517, 1.517, 1.516, 1.513, 1.513, 1.512, 1.511, 1.51, 1.509, 1.509, 1.51, 1.51, 1.511, 1.511, 1.507, 1.503, 1.494, 1.484, 1.474, 1.462, 1.45, 1.44, 1.429, 1.421, 1.413, 1.41, 1.408, 1.406, 1.404, 1.404, 1.402, 1.402, 1.402, 1.402, 1.402, 1.402, 1.404, 1.404, 1.404, 1.404, 1.404, 1.404, 1.402, 1.402, 1.4, 1.399, 1.399, 1.399, 1.399, 1.397, 1.397, 1.395, 1.395, 1.395, 1.395, 1.395, 1.395, 1.395, 1.397, 1.397, 1.399, 1.399, 1.399, 1.399, 1.399, 1.397, 1.397, 1.395, 1.395, 1.395, 1.395, 1.395, 1.395, 1.395, 1.395, 1.395, 1.395, 1.395, 1.395, 1.395, 1.395, 1.393, 1.393, 1.393, 1.393, 1.391, 1.391, 1.391, 1.39, 1.39, 1.39, 1.388, 1.388, 1.388, 1.39, 1.39, 1.39, 1.391, 1.391, 1.391, 1.391, 1.391, 1.391, 1.39, 1.39, 1.39, 1.39, 1.39, 1.39, 1.39, 1.39, 1.39, 1.39, 1.39, 1.39, 1.391, 1.391, 1.393, 1.395, 1.395, 1.395, 1.395, 1.395, 1.395, 1.393, 1.391, 1.391, 1.391, 1.39, 1.39, 1.39, 1.39, 1.39, 1.39, 1.39, 1.39, 1.39, 1.39, 1.39, 1.39, 1.39, 1.39, 1.39, 1.388, 1.388, 1.386, 1.386, 1.386, 1.384, 1.382, 1.382, 1.382, 1.382, 1.382, 1.382, 1.384, 1.384, 1.384, 1.384, 1.384, 1.384, 1.384, 1.384, 1.384, 1.384, 1.384, 1.384, 1.384, 1.384, 1.384, 1.384, 1.384, 1.382, 1.382, 1.382, 1.382, 1.382, 1.382, 1.382, 1.382, 1.382, 1.382, 1.382, 1.384, 1.384, 1.384, 1.384, 1.382, 1.382, 1.382, 1.382, 1.382, 1.382, 1.382, 1.382, 1.382, 1.382, 1.382, 1.384, 1.382, 1.382, 1.382, 1.382, 1.382, 1.382, 1.381, 1.381, 1.381, 1.381, 1.379, 1.379, 1.379, 1.379, 1.379, 1.381, 1.381, 1.382, 1.388, 1.393, 1.4, 1.406, 1.415, 1.423, 1.434, 1.444, 1.454, 1.46, 1.464, 1.468, 1.471, 1.471, 1.472, 1.472, 1.472, 1.473, 1.473, 1.474, 1.476, 1.477, 1.478, 1.48, 1.482, 1.483, 1.484, 1.484, 1.484, 1.483, 1.482, 1.481, 1.48, 1.478, 1.477, 1.476, 1.476, 1.476, 1.476, 1.476, 1.476, 1.475, 1.474, 1.473, 1.472, 1.471, 1.471, 1.47, 1.468, 1.468, 1.468, 1.468, 1.471, 1.472, 1.473, 1.474, 1.475, 1.478, 1.478, 1.479, 1.479, 1.479, 1.478, 1.478, 1.477, 1.477, 1.476, 1.475, 1.474, 1.473, 1.472, 1.471, 1.471, 1.47, 1.47, 1.47, 1.47, 1.47, 1.47, 1.47, 1.471, 1.471, 1.471, 1.47, 1.47, 1.47, 1.47, 1.47, 1.47, 1.47, 1.47, 1.47, 1.47, 1.471, 1.471, 1.472, 1.472, 1.472, 1.472, 1.471, 1.47, 1.47, 1.469, 1.469, 1.468, 1.468, 1.468, 1.469, 1.469, 1.469, 1.469, 1.468, 1.468, 1.468, 1.468, 1.468, 1.468, 1.468, 1.468, 1.47, 1.47, 1.47, 1.471, 1.471, 1.471, 1.47, 1.47, 1.469, 1.468, 1.466, 1.464, 1.464, 1.462, 1.462, 1.462, 1.462, 1.462, 1.462, 1.462, 0, 
1.523, 1.523, 1.524, 1.524, 1.524, 1.525, 1.526, 1.526, 1.527, 1.528, 1.528, 1.532, 1.532, 1.533, 1.533, 1.533, 1.533, 1.533, 1.533, 1.533, 1.533, 1.532, 1.532, 1.531, 1.528, 1.528, 1.528, 1.528, 1.527, 1.527, 1.527, 1.527, 1.527, 1.528, 1.528, 1.528, 1.528, 1.528, 1.528, 1.528, 1.528, 1.527, 1.526, 1.526, 1.525, 1.524, 1.524, 1.524, 1.525, 1.526, 1.526, 1.526, 1.527, 1.528, 1.528, 1.531, 1.531, 1.532, 1.532, 1.533, 1.533, 1.533, 1.533, 1.533, 1.533, 1.533, 1.533, 1.533, 1.533, 1.533, 1.533, 1.533, 1.533, 1.533, 1.533, 1.533, 1.532, 1.531, 1.527, 1.526, 1.524, 1.524, 1.522, 1.521, 1.52, 1.519, 1.518, 1.517, 1.517, 1.516, 1.516, 1.516, 1.513, 1.512, 1.512, 1.511, 1.511, 1.512, 1.513, 1.513, 1.513, 1.516, 1.516, 1.516, 1.516, 1.516, 1.516, 1.516, 1.516, 1.512, 1.511, 1.511, 1.511, 1.511, 1.511, 1.511, 1.511, 1.512, 1.512, 1.516, 1.516, 1.517, 1.518, 1.518, 1.517, 1.516, 1.516, 1.513, 1.512, 1.511, 1.51, 1.509, 1.509, 1.51, 1.51, 1.511, 1.511, 1.508, 1.503, 1.495, 1.485, 1.474, 1.462, 1.452, 1.44, 1.429, 1.421, 1.413, 1.41, 1.408, 1.406, 1.404, 1.404, 1.402, 1.402, 1.402, 1.402, 1.404, 1.404, 1.404, 1.404, 1.404, 1.404, 1.404, 1.404, 1.402, 1.402, 1.4, 1.4, 1.399, 1.399, 1.399, 1.399, 1.397, 1.397, 1.397, 1.395, 1.395, 1.395, 1.395, 1.397, 1.397, 1.397, 1.399, 1.399, 1.399, 1.399, 1.399, 1.397, 1.397, 1.397, 1.395, 1.395, 1.395, 1.395, 1.395, 1.395, 1.395, 1.397, 1.397, 1.397, 1.395, 1.395, 1.395, 1.395, 1.395, 1.393, 1.393, 1.393, 1.393, 1.391, 1.391, 1.391, 1.39, 1.39, 1.39, 1.39, 1.39, 1.39, 1.391, 1.391, 1.391, 1.391, 1.391, 1.391, 1.391, 1.391, 1.391, 1.391, 1.39, 1.39, 1.39, 1.39, 1.39, 1.39, 1.39, 1.39, 1.39, 1.391, 1.391, 1.393, 1.395, 1.395, 1.395, 1.395, 1.395, 1.395, 1.393, 1.391, 1.391, 1.391, 1.391, 1.39, 1.39, 1.391, 1.391, 1.391, 1.391, 1.39, 1.39, 1.39, 1.39, 1.39, 1.39, 1.39, 1.39, 1.388, 1.388, 1.388, 1.386, 1.386, 1.384, 1.382, 1.382, 1.382, 1.382, 1.382, 1.382, 1.382, 1.384, 1.384, 1.384, 1.384, 1.384, 1.384, 1.384, 1.384, 1.384, 1.386, 1.386, 1.386, 1.386, 1.386, 1.384, 1.384, 1.384, 1.382, 1.382, 1.382, 1.382, 1.382, 1.382, 1.382, 1.382, 1.382, 1.382, 1.384, 1.384, 1.384, 1.384, 1.384, 1.384, 1.382, 1.382, 1.382, 1.382, 1.382, 1.382, 1.382, 1.382, 1.382, 1.384, 1.384, 1.382, 1.382, 1.382, 1.382, 1.382, 1.381, 1.381, 1.379, 1.379, 1.379, 1.379, 1.379, 1.379, 1.379, 1.379, 1.381, 1.382, 1.388, 1.393, 1.4, 1.408, 1.415, 1.425, 1.434, 1.446, 1.454, 1.46, 1.464, 1.468, 1.471, 1.472, 1.472, 1.473, 1.473, 1.473, 1.474, 1.475, 1.476, 1.477, 1.479, 1.48, 1.482, 1.483, 1.484, 1.484, 1.484, 1.483, 1.482, 1.481, 1.48, 1.478, 1.477, 1.476, 1.476, 1.476, 1.476, 1.476, 1.476, 1.476, 1.475, 1.474, 1.473, 1.472, 1.471, 1.47, 1.468, 1.468, 1.468, 1.468, 1.471, 1.472, 1.473, 1.474, 1.476, 1.477, 1.478, 1.478, 1.478, 1.478, 1.478, 1.478, 1.478, 1.477, 1.476, 1.475, 1.474, 1.474, 1.473, 1.472, 1.471, 1.471, 1.47, 1.47, 1.47, 1.47, 1.47, 1.47, 1.471, 1.471, 1.471, 1.47, 1.471, 1.471, 1.471, 1.47, 1.47, 1.47, 1.47, 1.471, 1.471, 1.472, 1.472, 1.472, 1.472, 1.472, 1.472, 1.471, 1.47, 1.47, 1.469, 1.468, 1.468, 1.468, 1.468, 1.468, 1.468, 1.468, 1.468, 1.468, 1.468, 1.468, 1.468, 1.468, 1.468, 1.468, 1.468, 1.468, 1.47, 1.47, 1.47, 1.47, 1.47, 1.47, 1.469, 1.469, 1.468, 1.466, 1.466, 1.464, 1.462, 1.462, 1.462, 1.462, 1.462, 1.462, 1.462, 0, 
1.522, 1.523, 1.524, 1.524, 1.524, 1.524, 1.525, 1.526, 1.527, 1.527, 1.528, 1.531, 1.532, 1.532, 1.533, 1.533, 1.533, 1.533, 1.533, 1.533, 1.533, 1.533, 1.532, 1.532, 1.528, 1.528, 1.528, 1.528, 1.528, 1.528, 1.528, 1.528, 1.528, 1.528, 1.528, 1.528, 1.528, 1.528, 1.528, 1.528, 1.527, 1.527, 1.526, 1.525, 1.525, 1.524, 1.524, 1.524, 1.525, 1.526, 1.526, 1.526, 1.527, 1.528, 1.528, 1.531, 1.532, 1.532, 1.533, 1.533, 1.534, 1.534, 1.534, 1.534, 1.533, 1.533, 1.533, 1.533, 1.533, 1.533, 1.533, 1.533, 1.533, 1.533, 1.533, 1.533, 1.532, 1.531, 1.528, 1.527, 1.524, 1.523, 1.522, 1.52, 1.52, 1.518, 1.517, 1.516, 1.516, 1.516, 1.516, 1.513, 1.513, 1.512, 1.511, 1.511, 1.511, 1.512, 1.513, 1.513, 1.516, 1.516, 1.517, 1.517, 1.517, 1.517, 1.517, 1.516, 1.516, 1.512, 1.512, 1.511, 1.511, 1.511, 1.511, 1.511, 1.512, 1.512, 1.516, 1.516, 1.517, 1.517, 1.518, 1.518, 1.518, 1.517, 1.516, 1.513, 1.512, 1.511, 1.51, 1.509, 1.509, 1.51, 1.511, 1.511, 1.511, 1.509, 1.505, 1.496, 1.486, 1.475, 1.464, 1.452, 1.44, 1.43, 1.421, 1.413, 1.41, 1.408, 1.406, 1.404, 1.404, 1.404, 1.402, 1.402, 1.404, 1.404, 1.404, 1.404, 1.404, 1.404, 1.404, 1.404, 1.404, 1.404, 1.402, 1.4, 1.4, 1.4, 1.399, 1.399, 1.399, 1.399, 1.399, 1.399, 1.399, 1.397, 1.397, 1.397, 1.399, 1.399, 1.399, 1.399, 1.399, 1.399, 1.399, 1.399, 1.397, 1.397, 1.397, 1.395, 1.395, 1.395, 1.395, 1.395, 1.397, 1.397, 1.397, 1.397, 1.397, 1.397, 1.397, 1.397, 1.395, 1.395, 1.395, 1.393, 1.393, 1.393, 1.393, 1.391, 1.391, 1.391, 1.391, 1.391, 1.391, 1.391, 1.391, 1.391, 1.391, 1.391, 1.393, 1.393, 1.393, 1.391, 1.391, 1.391, 1.391, 1.391, 1.39, 1.39, 1.39, 1.39, 1.39, 1.39, 1.39, 1.391, 1.391, 1.391, 1.393, 1.395, 1.395, 1.395, 1.395, 1.395, 1.395, 1.393, 1.391, 1.391, 1.391, 1.391, 1.39, 1.39, 1.391, 1.391, 1.391, 1.391, 1.391, 1.391, 1.391, 1.391, 1.391, 1.39, 1.39, 1.39, 1.388, 1.388, 1.388, 1.386, 1.386, 1.384, 1.382, 1.382, 1.382, 1.382, 1.382, 1.382, 1.382, 1.384, 1.384, 1.384, 1.384, 1.384, 1.384, 1.386, 1.386, 1.386, 1.386, 1.386, 1.386, 1.386, 1.386, 1.386, 1.386, 1.384, 1.384, 1.382, 1.382, 1.382, 1.382, 1.382, 1.382, 1.382, 1.382, 1.382, 1.384, 1.384, 1.384, 1.384, 1.384, 1.384, 1.384, 1.382, 1.382, 1.384, 1.384, 1.384, 1.384, 1.384, 1.384, 1.384, 1.384, 1.384, 1.382, 1.382, 1.382, 1.381, 1.381, 1.381, 1.379, 1.379, 1.379, 1.379, 1.379, 1.379, 1.379, 1.379, 1.381, 1.382, 1.388, 1.393, 1.4, 1.408, 1.417, 1.427, 1.436, 1.446, 1.456, 1.462, 1.466, 1.468, 1.471, 1.472, 1.473, 1.474, 1.474, 1.474, 1.475, 1.476, 1.477, 1.478, 1.479, 1.48, 1.482, 1.483, 1.484, 1.484, 1.484, 1.483, 1.482, 1.48, 1.479, 1.478, 1.477, 1.476, 1.476, 1.476, 1.476, 1.476, 1.476, 1.476, 1.475, 1.474, 1.473, 1.472, 1.472, 1.471, 1.47, 1.468, 1.468, 1.47, 1.471, 1.472, 1.474, 1.475, 1.476, 1.477, 1.478, 1.478, 1.478, 1.478, 1.478, 1.478, 1.478, 1.478, 1.477, 1.476, 1.475, 1.474, 1.474, 1.473, 1.472, 1.471, 1.471, 1.47, 1.47, 1.47, 1.47, 1.47, 1.471, 1.471, 1.47, 1.47, 1.47, 1.47, 1.47, 1.47, 1.47, 1.47, 1.471, 1.471, 1.472, 1.472, 1.472, 1.472, 1.472, 1.472, 1.472, 1.471, 1.47, 1.47, 1.469, 1.468, 1.468, 1.468, 1.468, 1.468, 1.468, 1.468, 1.468, 1.468, 1.468, 1.468, 1.468, 1.468, 1.468, 1.468, 1.468, 1.468, 1.47, 1.47, 1.47, 1.47, 1.47, 1.47, 1.469, 1.468, 1.468, 1.466, 1.466, 1.464, 1.464, 1.462, 1.462, 1.462, 1.462, 1.462, 1.462, 0, 
1.522, 1.523, 1.524, 1.524, 1.524, 1.524, 1.525, 1.526, 1.526, 1.527, 1.528, 1.528, 1.531, 1.532, 1.533, 1.533, 1.533, 1.533, 1.533, 1.533, 1.533, 1.533, 1.532, 1.532, 1.528, 1.528, 1.528, 1.528, 1.528, 1.528, 1.528, 1.528, 1.528, 1.528, 1.528, 1.528, 1.528, 1.528, 1.528, 1.528, 1.527, 1.526, 1.526, 1.525, 1.524, 1.524, 1.524, 1.524, 1.525, 1.526, 1.526, 1.527, 1.527, 1.528, 1.528, 1.531, 1.532, 1.533, 1.533, 1.534, 1.535, 1.535, 1.535, 1.535, 1.534, 1.534, 1.533, 1.533, 1.533, 1.533, 1.533, 1.533, 1.533, 1.533, 1.533, 1.533, 1.532, 1.532, 1.528, 1.528, 1.524, 1.523, 1.522, 1.52, 1.52, 1.518, 1.517, 1.516, 1.516, 1.516, 1.513, 1.513, 1.513, 1.512, 1.512, 1.512, 1.512, 1.512, 1.513, 1.513, 1.516, 1.516, 1.517, 1.518, 1.518, 1.518, 1.518, 1.517, 1.516, 1.516, 1.512, 1.512, 1.511, 1.511, 1.511, 1.512, 1.512, 1.513, 1.516, 1.516, 1.517, 1.518, 1.519, 1.519, 1.518, 1.517, 1.517, 1.513, 1.512, 1.511, 1.51, 1.51, 1.509, 1.51, 1.511, 1.511, 1.511, 1.51, 1.505, 1.496, 1.486, 1.476, 1.464, 1.452, 1.44, 1.43, 1.421, 1.415, 1.41, 1.41, 1.406, 1.406, 1.404, 1.404, 1.404, 1.404, 1.404, 1.404, 1.404, 1.404, 1.404, 1.404, 1.404, 1.404, 1.404, 1.404, 1.402, 1.4, 1.4, 1.4, 1.399, 1.399, 1.399, 1.399, 1.399, 1.399, 1.399, 1.399, 1.399, 1.399, 1.399, 1.399, 1.399, 1.399, 1.399, 1.399, 1.399, 1.399, 1.397, 1.397, 1.397, 1.397, 1.397, 1.397, 1.397, 1.397, 1.397, 1.397, 1.397, 1.397, 1.397, 1.397, 1.397, 1.397, 1.397, 1.397, 1.395, 1.395, 1.395, 1.393, 1.393, 1.393, 1.391, 1.391, 1.391, 1.391, 1.391, 1.391, 1.391, 1.391, 1.393, 1.393, 1.393, 1.393, 1.393, 1.393, 1.391, 1.391, 1.391, 1.391, 1.391, 1.39, 1.39, 1.39, 1.39, 1.39, 1.391, 1.391, 1.391, 1.391, 1.393, 1.395, 1.395, 1.395, 1.395, 1.395, 1.393, 1.393, 1.391, 1.391, 1.391, 1.39, 1.39, 1.39, 1.391, 1.391, 1.391, 1.391, 1.391, 1.391, 1.391, 1.391, 1.391, 1.391, 1.39, 1.39, 1.388, 1.388, 1.388, 1.386, 1.384, 1.384, 1.382, 1.382, 1.382, 1.382, 1.382, 1.382, 1.382, 1.384, 1.384, 1.384, 1.384, 1.386, 1.386, 1.386, 1.386, 1.386, 1.386, 1.386, 1.388, 1.386, 1.386, 1.386, 1.386, 1.384, 1.384, 1.382, 1.382, 1.382, 1.382, 1.382, 1.382, 1.382, 1.382, 1.382, 1.384, 1.384, 1.384, 1.384, 1.384, 1.384, 1.384, 1.384, 1.384, 1.384, 1.384, 1.384, 1.384, 1.384, 1.386, 1.386, 1.384, 1.384, 1.382, 1.382, 1.382, 1.381, 1.381, 1.381, 1.379, 1.379, 1.379, 1.379, 1.379, 1.379, 1.379, 1.379, 1.381, 1.382, 1.388, 1.393, 1.4, 1.41, 1.417, 1.427, 1.438, 1.448, 1.458, 1.462, 1.466, 1.471, 1.472, 1.473, 1.474, 1.474, 1.475, 1.475, 1.476, 1.476, 1.477, 1.478, 1.48, 1.481, 1.482, 1.483, 1.484, 1.484, 1.484, 1.483, 1.482, 1.48, 1.479, 1.478, 1.477, 1.476, 1.476, 1.476, 1.476, 1.476, 1.476, 1.476, 1.476, 1.475, 1.474, 1.473, 1.472, 1.471, 1.47, 1.47, 1.47, 1.471, 1.472, 1.473, 1.474, 1.475, 1.476, 1.477, 1.478, 1.478, 1.478, 1.478, 1.478, 1.478, 1.478, 1.478, 1.477, 1.476, 1.476, 1.475, 1.474, 1.474, 1.473, 1.472, 1.471, 1.471, 1.47, 1.47, 1.47, 1.47, 1.471, 1.471, 1.47, 1.47, 1.47, 1.47, 1.47, 1.47, 1.47, 1.471, 1.471, 1.472, 1.472, 1.472, 1.472, 1.472, 1.472, 1.472, 1.472, 1.471, 1.47, 1.469, 1.468, 1.468, 1.468, 1.468, 1.468, 1.468, 1.468, 1.468, 1.468, 1.468, 1.468, 1.468, 1.468, 1.468, 1.468, 1.468, 1.468, 1.468, 1.47, 1.47, 1.47, 1.47, 1.47, 1.47, 1.469, 1.468, 1.468, 1.466, 1.466, 1.464, 1.464, 1.462, 1.462, 1.462, 1.462, 1.462, 1.462, 0, 
1.522, 1.523, 1.524, 1.524, 1.524, 1.524, 1.524, 1.525, 1.526, 1.527, 1.528, 1.528, 1.528, 1.532, 1.532, 1.533, 1.533, 1.533, 1.533, 1.533, 1.533, 1.533, 1.532, 1.532, 1.528, 1.528, 1.528, 1.528, 1.528, 1.528, 1.528, 1.528, 1.528, 1.528, 1.528, 1.528, 1.531, 1.531, 1.528, 1.528, 1.527, 1.526, 1.526, 1.525, 1.524, 1.524, 1.524, 1.524, 1.525, 1.526, 1.526, 1.527, 1.528, 1.528, 1.528, 1.532, 1.532, 1.533, 1.533, 1.535, 1.535, 1.536, 1.535, 1.535, 1.535, 1.534, 1.533, 1.533, 1.533, 1.533, 1.533, 1.533, 1.533, 1.533, 1.533, 1.533, 1.532, 1.532, 1.528, 1.528, 1.525, 1.524, 1.522, 1.521, 1.52, 1.518, 1.517, 1.516, 1.516, 1.516, 1.513, 1.513, 1.513, 1.513, 1.513, 1.513, 1.513, 1.513, 1.513, 1.516, 1.516, 1.517, 1.518, 1.519, 1.519, 1.519, 1.518, 1.518, 1.517, 1.516, 1.513, 1.512, 1.512, 1.512, 1.512, 1.512, 1.513, 1.516, 1.516, 1.517, 1.518, 1.518, 1.519, 1.519, 1.518, 1.518, 1.517, 1.516, 1.513, 1.512, 1.511, 1.51, 1.51, 1.51, 1.511, 1.511, 1.511, 1.511, 1.506, 1.496, 1.486, 1.476, 1.464, 1.452, 1.44, 1.43, 1.421, 1.413, 1.41, 1.41, 1.406, 1.406, 1.404, 1.404, 1.404, 1.404, 1.404, 1.404, 1.404, 1.404, 1.404, 1.404, 1.404, 1.404, 1.404, 1.402, 1.402, 1.4, 1.4, 1.4, 1.399, 1.399, 1.399, 1.399, 1.399, 1.399, 1.399, 1.399, 1.399, 1.399, 1.399, 1.399, 1.399, 1.399, 1.399, 1.399, 1.399, 1.399, 1.397, 1.397, 1.397, 1.397, 1.397, 1.397, 1.397, 1.397, 1.397, 1.397, 1.397, 1.399, 1.399, 1.399, 1.397, 1.397, 1.397, 1.397, 1.397, 1.397, 1.395, 1.395, 1.393, 1.393, 1.393, 1.391, 1.391, 1.391, 1.391, 1.391, 1.393, 1.393, 1.393, 1.393, 1.393, 1.393, 1.393, 1.393, 1.391, 1.391, 1.391, 1.391, 1.391, 1.391, 1.391, 1.391, 1.391, 1.391, 1.391, 1.391, 1.391, 1.391, 1.393, 1.395, 1.395, 1.395, 1.395, 1.395, 1.393, 1.391, 1.391, 1.391, 1.39, 1.39, 1.39, 1.39, 1.39, 1.39, 1.391, 1.391, 1.391, 1.391, 1.391, 1.391, 1.391, 1.391, 1.39, 1.39, 1.388, 1.388, 1.386, 1.386, 1.384, 1.384, 1.382, 1.382, 1.382, 1.382, 1.382, 1.382, 1.382, 1.384, 1.384, 1.384, 1.386, 1.386, 1.386, 1.386, 1.386, 1.388, 1.388, 1.388, 1.388, 1.388, 1.388, 1.386, 1.386, 1.386, 1.384, 1.384, 1.382, 1.382, 1.382, 1.382, 1.382, 1.382, 1.382, 1.384, 1.384, 1.384, 1.386, 1.386, 1.386, 1.384, 1.384, 1.384, 1.384, 1.384, 1.384, 1.386, 1.386, 1.386, 1.386, 1.386, 1.386, 1.384, 1.384, 1.382, 1.382, 1.381, 1.381, 1.381, 1.379, 1.379, 1.379, 1.379, 1.379, 1.379, 1.379, 1.379, 1.381, 1.382, 1.388, 1.393, 1.402, 1.41, 1.419, 1.429, 1.438, 1.45, 1.46, 1.464, 1.468, 1.472, 1.473, 1.474, 1.475, 1.475, 1.476, 1.476, 1.476, 1.477, 1.478, 1.479, 1.48, 1.481, 1.482, 1.483, 1.483, 1.483, 1.483, 1.482, 1.481, 1.48, 1.479, 1.478, 1.477, 1.476, 1.476, 1.476, 1.476, 1.477, 1.477, 1.477, 1.476, 1.475, 1.475, 1.474, 1.473, 1.472, 1.471, 1.47, 1.47, 1.471, 1.472, 1.473, 1.474, 1.475, 1.476, 1.477, 1.478, 1.478, 1.478, 1.478, 1.478, 1.478, 1.478, 1.478, 1.478, 1.477, 1.476, 1.475, 1.474, 1.474, 1.473, 1.473, 1.472, 1.471, 1.471, 1.47, 1.47, 1.47, 1.47, 1.47, 1.47, 1.47, 1.47, 1.47, 1.47, 1.47, 1.47, 1.471, 1.471, 1.472, 1.472, 1.472, 1.473, 1.473, 1.472, 1.472, 1.472, 1.471, 1.47, 1.469, 1.468, 1.468, 1.468, 1.468, 1.468, 1.468, 1.468, 1.468, 1.468, 1.468, 1.468, 1.468, 1.468, 1.468, 1.468, 1.468, 1.468, 1.468, 1.468, 1.469, 1.47, 1.47, 1.47, 1.469, 1.469, 1.468, 1.468, 1.466, 1.466, 1.464, 1.464, 1.464, 1.464, 1.464, 1.462, 1.462, 1.464, 0, 
1.523, 1.523, 1.524, 1.524, 1.524, 1.524, 1.524, 1.525, 1.526, 1.526, 1.527, 1.528, 1.528, 1.531, 1.532, 1.533, 1.533, 1.533, 1.533, 1.533, 1.533, 1.533, 1.532, 1.532, 1.531, 1.528, 1.528, 1.528, 1.528, 1.528, 1.528, 1.528, 1.528, 1.528, 1.528, 1.528, 1.531, 1.531, 1.528, 1.528, 1.528, 1.527, 1.526, 1.525, 1.525, 1.524, 1.524, 1.525, 1.525, 1.526, 1.527, 1.527, 1.528, 1.528, 1.531, 1.532, 1.533, 1.533, 1.534, 1.535, 1.536, 1.536, 1.536, 1.535, 1.535, 1.534, 1.533, 1.533, 1.533, 1.533, 1.533, 1.533, 1.533, 1.533, 1.533, 1.533, 1.532, 1.531, 1.528, 1.527, 1.526, 1.524, 1.522, 1.521, 1.52, 1.518, 1.517, 1.516, 1.516, 1.513, 1.513, 1.513, 1.513, 1.513, 1.513, 1.513, 1.513, 1.513, 1.516, 1.516, 1.517, 1.518, 1.519, 1.52, 1.52, 1.52, 1.52, 1.519, 1.518, 1.517, 1.516, 1.516, 1.512, 1.512, 1.512, 1.513, 1.516, 1.516, 1.517, 1.517, 1.518, 1.519, 1.52, 1.519, 1.518, 1.518, 1.517, 1.516, 1.513, 1.512, 1.511, 1.511, 1.511, 1.511, 1.511, 1.512, 1.512, 1.511, 1.507, 1.496, 1.486, 1.476, 1.464, 1.452, 1.44, 1.43, 1.421, 1.413, 1.41, 1.408, 1.406, 1.406, 1.404, 1.404, 1.402, 1.402, 1.402, 1.402, 1.402, 1.404, 1.404, 1.404, 1.404, 1.404, 1.402, 1.402, 1.4, 1.4, 1.4, 1.399, 1.399, 1.399, 1.399, 1.399, 1.399, 1.399, 1.399, 1.399, 1.399, 1.399, 1.399, 1.4, 1.4, 1.399, 1.399, 1.399, 1.399, 1.399, 1.397, 1.397, 1.397, 1.397, 1.397, 1.397, 1.397, 1.397, 1.397, 1.397, 1.397, 1.399, 1.399, 1.399, 1.399, 1.397, 1.397, 1.397, 1.397, 1.397, 1.395, 1.395, 1.395, 1.393, 1.393, 1.393, 1.393, 1.393, 1.393, 1.393, 1.393, 1.395, 1.395, 1.395, 1.395, 1.395, 1.393, 1.393, 1.393, 1.391, 1.391, 1.391, 1.391, 1.391, 1.391, 1.391, 1.391, 1.391, 1.391, 1.391, 1.391, 1.393, 1.393, 1.393, 1.395, 1.395, 1.395, 1.395, 1.393, 1.391, 1.391, 1.391, 1.39, 1.39, 1.39, 1.39, 1.39, 1.39, 1.391, 1.391, 1.391, 1.391, 1.391, 1.391, 1.391, 1.391, 1.39, 1.39, 1.388, 1.388, 1.386, 1.386, 1.384, 1.384, 1.384, 1.382, 1.382, 1.382, 1.382, 1.382, 1.382, 1.384, 1.384, 1.386, 1.386, 1.386, 1.386, 1.388, 1.388, 1.388, 1.388, 1.388, 1.388, 1.388, 1.388, 1.386, 1.386, 1.386, 1.384, 1.384, 1.382, 1.382, 1.382, 1.382, 1.382, 1.382, 1.382, 1.384, 1.384, 1.386, 1.386, 1.386, 1.386, 1.384, 1.384, 1.384, 1.384, 1.384, 1.386, 1.386, 1.386, 1.388, 1.388, 1.388, 1.386, 1.386, 1.384, 1.382, 1.382, 1.382, 1.381, 1.381, 1.379, 1.379, 1.379, 1.379, 1.379, 1.379, 1.379, 1.379, 1.381, 1.382, 1.388, 1.393, 1.402, 1.41, 1.421, 1.43, 1.44, 1.452, 1.462, 1.466, 1.47, 1.473, 1.474, 1.475, 1.476, 1.476, 1.476, 1.477, 1.477, 1.477, 1.478, 1.479, 1.48, 1.481, 1.482, 1.482, 1.483, 1.483, 1.482, 1.482, 1.481, 1.479, 1.478, 1.478, 1.477, 1.476, 1.476, 1.477, 1.477, 1.477, 1.478, 1.477, 1.477, 1.476, 1.475, 1.474, 1.473, 1.472, 1.472, 1.471, 1.471, 1.471, 1.472, 1.473, 1.474, 1.475, 1.476, 1.477, 1.477, 1.477, 1.477, 1.477, 1.477, 1.478, 1.478, 1.478, 1.478, 1.477, 1.477, 1.476, 1.475, 1.474, 1.474, 1.473, 1.472, 1.472, 1.471, 1.471, 1.471, 1.471, 1.47, 1.47, 1.47, 1.47, 1.47, 1.471, 1.471, 1.47, 1.47, 1.47, 1.471, 1.472, 1.472, 1.472, 1.472, 1.473, 1.472, 1.472, 1.472, 1.471, 1.47, 1.469, 1.468, 1.468, 1.468, 1.468, 1.468, 1.468, 1.468, 1.468, 1.468, 1.468, 1.468, 1.468, 1.468, 1.468, 1.468, 1.468, 1.468, 1.468, 1.468, 1.469, 1.47, 1.47, 1.469, 1.468, 1.468, 1.468, 1.468, 1.466, 1.466, 1.464, 1.464, 1.464, 1.464, 1.464, 1.462, 1.462, 1.464, 0, 
1.524, 1.524, 1.524, 1.524, 1.524, 1.524, 1.524, 1.525, 1.526, 1.526, 1.527, 1.528, 1.528, 1.531, 1.532, 1.533, 1.533, 1.533, 1.533, 1.533, 1.533, 1.533, 1.532, 1.532, 1.531, 1.528, 1.528, 1.528, 1.528, 1.528, 1.528, 1.528, 1.528, 1.528, 1.528, 1.531, 1.531, 1.531, 1.528, 1.528, 1.528, 1.527, 1.526, 1.526, 1.525, 1.525, 1.525, 1.525, 1.526, 1.526, 1.527, 1.528, 1.528, 1.528, 1.531, 1.532, 1.533, 1.533, 1.534, 1.535, 1.536, 1.537, 1.536, 1.535, 1.535, 1.534, 1.533, 1.533, 1.533, 1.533, 1.533, 1.533, 1.533, 1.533, 1.533, 1.532, 1.532, 1.531, 1.528, 1.527, 1.526, 1.524, 1.522, 1.521, 1.52, 1.518, 1.517, 1.516, 1.516, 1.513, 1.513, 1.513, 1.513, 1.513, 1.513, 1.513, 1.516, 1.516, 1.516, 1.517, 1.518, 1.519, 1.52, 1.52, 1.521, 1.521, 1.52, 1.52, 1.519, 1.518, 1.517, 1.516, 1.516, 1.516, 1.516, 1.516, 1.516, 1.517, 1.517, 1.518, 1.519, 1.519, 1.52, 1.519, 1.518, 1.518, 1.517, 1.516, 1.513, 1.513, 1.512, 1.512, 1.511, 1.512, 1.512, 1.512, 1.512, 1.512, 1.507, 1.496, 1.487, 1.476, 1.464, 1.452, 1.44, 1.43, 1.421, 1.413, 1.41, 1.408, 1.406, 1.404, 1.404, 1.404, 1.402, 1.402, 1.402, 1.402, 1.402, 1.402, 1.402, 1.402, 1.402, 1.402, 1.402, 1.4, 1.4, 1.4, 1.399, 1.399, 1.399, 1.399, 1.399, 1.399, 1.399, 1.399, 1.399, 1.399, 1.4, 1.4, 1.4, 1.4, 1.4, 1.4, 1.4, 1.399, 1.399, 1.399, 1.399, 1.397, 1.397, 1.397, 1.397, 1.397, 1.397, 1.397, 1.397, 1.397, 1.399, 1.399, 1.399, 1.399, 1.399, 1.399, 1.399, 1.397, 1.397, 1.397, 1.397, 1.397, 1.395, 1.395, 1.393, 1.393, 1.393, 1.393, 1.393, 1.395, 1.395, 1.395, 1.395, 1.397, 1.397, 1.395, 1.395, 1.393, 1.393, 1.393, 1.391, 1.391, 1.391, 1.391, 1.391, 1.391, 1.391, 1.391, 1.391, 1.391, 1.391, 1.393, 1.393, 1.393, 1.393, 1.395, 1.395, 1.393, 1.393, 1.391, 1.391, 1.39, 1.39, 1.39, 1.388, 1.388, 1.388, 1.39, 1.39, 1.391, 1.391, 1.391, 1.391, 1.391, 1.391, 1.391, 1.391, 1.39, 1.388, 1.388, 1.388, 1.386, 1.384, 1.384, 1.384, 1.382, 1.382, 1.382, 1.382, 1.382, 1.384, 1.384, 1.384, 1.384, 1.386, 1.388, 1.388, 1.388, 1.388, 1.388, 1.388, 1.388, 1.39, 1.39, 1.388, 1.388, 1.386, 1.386, 1.386, 1.384, 1.382, 1.382, 1.382, 1.382, 1.382, 1.382, 1.382, 1.384, 1.384, 1.386, 1.386, 1.386, 1.386, 1.384, 1.384, 1.384, 1.384, 1.384, 1.386, 1.386, 1.386, 1.388, 1.388, 1.388, 1.388, 1.386, 1.384, 1.384, 1.382, 1.382, 1.381, 1.381, 1.379, 1.379, 1.379, 1.379, 1.379, 1.379, 1.379, 1.379, 1.381, 1.382, 1.388, 1.395, 1.402, 1.412, 1.421, 1.43, 1.442, 1.452, 1.464, 1.468, 1.471, 1.474, 1.475, 1.476, 1.477, 1.477, 1.478, 1.478, 1.478, 1.478, 1.478, 1.479, 1.48, 1.481, 1.482, 1.482, 1.482, 1.482, 1.482, 1.481, 1.48, 1.479, 1.478, 1.478, 1.477, 1.477, 1.477, 1.477, 1.478, 1.478, 1.478, 1.478, 1.477, 1.477, 1.476, 1.475, 1.474, 1.473, 1.472, 1.472, 1.472, 1.472, 1.472, 1.474, 1.474, 1.475, 1.476, 1.476, 1.476, 1.476, 1.477, 1.477, 1.477, 1.477, 1.477, 1.478, 1.478, 1.478, 1.477, 1.476, 1.476, 1.475, 1.474, 1.474, 1.473, 1.472, 1.472, 1.472, 1.471, 1.471, 1.47, 1.47, 1.47, 1.47, 1.47, 1.47, 1.471, 1.47, 1.47, 1.47, 1.471, 1.471, 1.472, 1.472, 1.472, 1.473, 1.472, 1.472, 1.471, 1.47, 1.47, 1.469, 1.468, 1.468, 1.466, 1.466, 1.466, 1.468, 1.468, 1.468, 1.468, 1.468, 1.468, 1.468, 1.468, 1.468, 1.468, 1.468, 1.468, 1.468, 1.468, 1.468, 1.468, 1.468, 1.468, 1.468, 1.468, 1.468, 1.466, 1.466, 1.464, 1.464, 1.464, 1.464, 1.464, 1.464, 1.462, 1.462, 1.464, 0, 
1.524, 1.524, 1.524, 1.524, 1.524, 1.524, 1.524, 1.525, 1.526, 1.526, 1.527, 1.528, 1.528, 1.532, 1.532, 1.533, 1.533, 1.533, 1.533, 1.533, 1.533, 1.533, 1.533, 1.532, 1.531, 1.528, 1.528, 1.528, 1.528, 1.528, 1.528, 1.528, 1.528, 1.528, 1.528, 1.531, 1.531, 1.531, 1.528, 1.528, 1.528, 1.527, 1.527, 1.526, 1.526, 1.526, 1.526, 1.526, 1.526, 1.527, 1.527, 1.528, 1.528, 1.528, 1.531, 1.532, 1.533, 1.533, 1.534, 1.535, 1.536, 1.537, 1.536, 1.535, 1.535, 1.534, 1.533, 1.533, 1.533, 1.533, 1.533, 1.533, 1.533, 1.533, 1.533, 1.532, 1.531, 1.531, 1.528, 1.527, 1.525, 1.524, 1.522, 1.521, 1.52, 1.518, 1.517, 1.516, 1.516, 1.516, 1.513, 1.513, 1.513, 1.516, 1.516, 1.516, 1.516, 1.517, 1.517, 1.518, 1.519, 1.52, 1.52, 1.521, 1.522, 1.522, 1.522, 1.521, 1.52, 1.519, 1.518, 1.517, 1.517, 1.517, 1.517, 1.517, 1.517, 1.518, 1.518, 1.519, 1.519, 1.52, 1.519, 1.519, 1.518, 1.518, 1.517, 1.516, 1.513, 1.513, 1.513, 1.512, 1.512, 1.512, 1.513, 1.513, 1.512, 1.512, 1.508, 1.499, 1.487, 1.477, 1.466, 1.454, 1.442, 1.43, 1.421, 1.412, 1.408, 1.408, 1.406, 1.404, 1.404, 1.402, 1.402, 1.402, 1.402, 1.402, 1.402, 1.402, 1.402, 1.402, 1.402, 1.402, 1.4, 1.4, 1.4, 1.399, 1.399, 1.399, 1.399, 1.399, 1.399, 1.399, 1.399, 1.399, 1.399, 1.399, 1.4, 1.4, 1.4, 1.4, 1.4, 1.4, 1.4, 1.4, 1.399, 1.399, 1.399, 1.399, 1.397, 1.397, 1.397, 1.397, 1.399, 1.399, 1.399, 1.399, 1.399, 1.399, 1.399, 1.399, 1.399, 1.399, 1.399, 1.399, 1.397, 1.397, 1.397, 1.397, 1.395, 1.395, 1.395, 1.395, 1.395, 1.395, 1.395, 1.395, 1.395, 1.397, 1.397, 1.397, 1.397, 1.397, 1.395, 1.395, 1.393, 1.393, 1.391, 1.391, 1.391, 1.391, 1.391, 1.391, 1.391, 1.391, 1.391, 1.391, 1.391, 1.393, 1.393, 1.393, 1.393, 1.393, 1.393, 1.393, 1.393, 1.391, 1.39, 1.39, 1.388, 1.388, 1.388, 1.388, 1.388, 1.388, 1.39, 1.391, 1.391, 1.393, 1.391, 1.391, 1.391, 1.391, 1.391, 1.39, 1.388, 1.388, 1.386, 1.386, 1.384, 1.384, 1.382, 1.382, 1.382, 1.382, 1.382, 1.382, 1.382, 1.384, 1.384, 1.384, 1.384, 1.386, 1.386, 1.388, 1.388, 1.388, 1.388, 1.388, 1.388, 1.388, 1.388, 1.388, 1.386, 1.386, 1.384, 1.384, 1.382, 1.382, 1.382, 1.382, 1.382, 1.382, 1.382, 1.384, 1.384, 1.384, 1.386, 1.386, 1.384, 1.384, 1.384, 1.384, 1.384, 1.384, 1.384, 1.384, 1.386, 1.386, 1.388, 1.388, 1.388, 1.386, 1.384, 1.384, 1.382, 1.382, 1.381, 1.381, 1.379, 1.379, 1.379, 1.379, 1.379, 1.379, 1.379, 1.381, 1.381, 1.382, 1.388, 1.395, 1.402, 1.413, 1.423, 1.432, 1.442, 1.454, 1.466, 1.471, 1.472, 1.476, 1.476, 1.477, 1.478, 1.478, 1.478, 1.478, 1.478, 1.479, 1.479, 1.48, 1.48, 1.481, 1.481, 1.482, 1.482, 1.482, 1.481, 1.48, 1.48, 1.479, 1.478, 1.478, 1.478, 1.478, 1.478, 1.478, 1.478, 1.478, 1.479, 1.479, 1.478, 1.477, 1.477, 1.476, 1.475, 1.474, 1.473, 1.472, 1.472, 1.472, 1.473, 1.474, 1.474, 1.475, 1.476, 1.476, 1.476, 1.476, 1.476, 1.476, 1.476, 1.476, 1.477, 1.478, 1.478, 1.478, 1.478, 1.477, 1.476, 1.476, 1.475, 1.474, 1.473, 1.473, 1.472, 1.472, 1.472, 1.471, 1.471, 1.47, 1.47, 1.47, 1.47, 1.47, 1.47, 1.47, 1.47, 1.47, 1.47, 1.471, 1.471, 1.472, 1.472, 1.472, 1.472, 1.472, 1.471, 1.47, 1.47, 1.469, 1.468, 1.466, 1.466, 1.466, 1.466, 1.466, 1.468, 1.468, 1.468, 1.468, 1.468, 1.468, 1.468, 1.468, 1.468, 1.468, 1.468, 1.468, 1.468, 1.468, 1.468, 1.468, 1.468, 1.468, 1.468, 1.468, 1.466, 1.466, 1.464, 1.464, 1.464, 1.464, 1.464, 1.464, 1.464, 1.464, 1.464, 0, 
1.524, 1.524, 1.524, 1.524, 1.524, 1.524, 1.524, 1.525, 1.526, 1.526, 1.527, 1.528, 1.531, 1.532, 1.533, 1.533, 1.533, 1.533, 1.534, 1.534, 1.533, 1.533, 1.533, 1.532, 1.531, 1.528, 1.528, 1.528, 1.528, 1.528, 1.528, 1.528, 1.528, 1.528, 1.531, 1.531, 1.531, 1.531, 1.531, 1.528, 1.528, 1.528, 1.527, 1.526, 1.526, 1.526, 1.526, 1.526, 1.526, 1.527, 1.528, 1.528, 1.528, 1.528, 1.531, 1.532, 1.533, 1.533, 1.534, 1.535, 1.536, 1.536, 1.536, 1.535, 1.535, 1.534, 1.533, 1.533, 1.533, 1.533, 1.533, 1.533, 1.533, 1.533, 1.533, 1.532, 1.531, 1.528, 1.527, 1.526, 1.525, 1.524, 1.522, 1.521, 1.52, 1.517, 1.516, 1.516, 1.516, 1.516, 1.516, 1.516, 1.516, 1.516, 1.516, 1.516, 1.517, 1.518, 1.518, 1.519, 1.52, 1.52, 1.521, 1.522, 1.523, 1.523, 1.523, 1.522, 1.521, 1.52, 1.519, 1.518, 1.518, 1.518, 1.518, 1.518, 1.518, 1.519, 1.519, 1.519, 1.52, 1.52, 1.519, 1.519, 1.518, 1.518, 1.517, 1.516, 1.516, 1.513, 1.513, 1.513, 1.513, 1.513, 1.513, 1.513, 1.513, 1.512, 1.509, 1.499, 1.488, 1.476, 1.464, 1.452, 1.44, 1.429, 1.419, 1.412, 1.408, 1.406, 1.404, 1.404, 1.404, 1.402, 1.402, 1.402, 1.402, 1.402, 1.402, 1.402, 1.402, 1.402, 1.402, 1.402, 1.4, 1.4, 1.399, 1.399, 1.399, 1.399, 1.399, 1.399, 1.399, 1.399, 1.399, 1.399, 1.399, 1.399, 1.4, 1.4, 1.4, 1.4, 1.4, 1.4, 1.4, 1.4, 1.4, 1.399, 1.399, 1.399, 1.399, 1.399, 1.399, 1.399, 1.399, 1.399, 1.399, 1.399, 1.399, 1.399, 1.399, 1.399, 1.4, 1.4, 1.399, 1.399, 1.399, 1.397, 1.397, 1.397, 1.395, 1.395, 1.395, 1.395, 1.395, 1.395, 1.395, 1.395, 1.397, 1.397, 1.397, 1.397, 1.397, 1.397, 1.395, 1.395, 1.393, 1.393, 1.391, 1.391, 1.391, 1.391, 1.391, 1.391, 1.391, 1.391, 1.391, 1.391, 1.391, 1.391, 1.393, 1.393, 1.393, 1.393, 1.393, 1.393, 1.393, 1.391, 1.39, 1.388, 1.388, 1.386, 1.386, 1.386, 1.386, 1.388, 1.388, 1.39, 1.391, 1.393, 1.393, 1.393, 1.393, 1.393, 1.391, 1.39, 1.39, 1.386, 1.386, 1.386, 1.384, 1.382, 1.382, 1.382, 1.382, 1.382, 1.382, 1.382, 1.382, 1.384, 1.384, 1.384, 1.384, 1.386, 1.386, 1.386, 1.388, 1.388, 1.388, 1.388, 1.388, 1.388, 1.388, 1.388, 1.386, 1.386, 1.384, 1.384, 1.382, 1.382, 1.382, 1.382, 1.382, 1.382, 1.384, 1.384, 1.384, 1.384, 1.386, 1.386, 1.384, 1.384, 1.384, 1.384, 1.384, 1.384, 1.384, 1.384, 1.386, 1.386, 1.388, 1.388, 1.388, 1.386, 1.386, 1.384, 1.382, 1.382, 1.382, 1.381, 1.381, 1.379, 1.379, 1.379, 1.379, 1.379, 1.379, 1.381, 1.381, 1.382, 1.388, 1.397, 1.404, 1.413, 1.423, 1.434, 1.444, 1.456, 1.466, 1.472, 1.473, 1.476, 1.477, 1.478, 1.479, 1.479, 1.479, 1.479, 1.479, 1.48, 1.48, 1.48, 1.48, 1.48, 1.481, 1.481, 1.481, 1.481, 1.48, 1.48, 1.479, 1.478, 1.478, 1.478, 1.478, 1.478, 1.478, 1.478, 1.478, 1.479, 1.48, 1.479, 1.479, 1.478, 1.477, 1.476, 1.476, 1.474, 1.474, 1.473, 1.472, 1.472, 1.473, 1.474, 1.474, 1.475, 1.476, 1.476, 1.476, 1.476, 1.476, 1.476, 1.476, 1.476, 1.477, 1.477, 1.478, 1.478, 1.478, 1.478, 1.477, 1.476, 1.475, 1.475, 1.474, 1.473, 1.472, 1.472, 1.472, 1.471, 1.471, 1.47, 1.47, 1.47, 1.47, 1.47, 1.47, 1.47, 1.47, 1.47, 1.47, 1.47, 1.471, 1.471, 1.472, 1.472, 1.472, 1.472, 1.471, 1.47, 1.469, 1.468, 1.468, 1.466, 1.466, 1.466, 1.466, 1.466, 1.468, 1.468, 1.468, 1.468, 1.468, 1.468, 1.468, 1.468, 1.468, 1.468, 1.468, 1.468, 1.468, 1.468, 1.468, 1.468, 1.468, 1.468, 1.468, 1.468, 1.466, 1.466, 1.464, 1.464, 1.464, 1.464, 1.464, 1.464, 1.464, 1.464, 1.464, 0, 
1.525, 1.525, 1.524, 1.524, 1.524, 1.524, 1.524, 1.525, 1.526, 1.527, 1.528, 1.528, 1.531, 1.532, 1.533, 1.533, 1.533, 1.534, 1.534, 1.534, 1.534, 1.533, 1.533, 1.532, 1.532, 1.528, 1.528, 1.528, 1.528, 1.528, 1.528, 1.528, 1.528, 1.528, 1.531, 1.531, 1.531, 1.531, 1.531, 1.528, 1.528, 1.528, 1.527, 1.527, 1.527, 1.527, 1.527, 1.527, 1.527, 1.527, 1.528, 1.528, 1.528, 1.528, 1.528, 1.532, 1.532, 1.533, 1.534, 1.535, 1.536, 1.536, 1.536, 1.535, 1.534, 1.534, 1.533, 1.533, 1.533, 1.533, 1.533, 1.533, 1.533, 1.533, 1.532, 1.532, 1.531, 1.528, 1.527, 1.526, 1.525, 1.524, 1.522, 1.521, 1.52, 1.516, 1.516, 1.516, 1.516, 1.516, 1.516, 1.516, 1.516, 1.516, 1.516, 1.517, 1.518, 1.518, 1.519, 1.52, 1.52, 1.521, 1.522, 1.523, 1.523, 1.524, 1.524, 1.523, 1.522, 1.521, 1.52, 1.52, 1.52, 1.519, 1.519, 1.519, 1.519, 1.52, 1.52, 1.52, 1.52, 1.52, 1.519, 1.518, 1.518, 1.518, 1.517, 1.517, 1.516, 1.516, 1.516, 1.516, 1.516, 1.516, 1.516, 1.516, 1.516, 1.512, 1.509, 1.499, 1.488, 1.476, 1.464, 1.452, 1.44, 1.429, 1.417, 1.412, 1.408, 1.406, 1.404, 1.404, 1.404, 1.402, 1.402, 1.402, 1.402, 1.402, 1.402, 1.402, 1.402, 1.4, 1.4, 1.4, 1.4, 1.399, 1.399, 1.399, 1.399, 1.399, 1.399, 1.399, 1.399, 1.399, 1.399, 1.399, 1.399, 1.399, 1.4, 1.4, 1.4, 1.4, 1.4, 1.4, 1.4, 1.4, 1.4, 1.4, 1.4, 1.399, 1.399, 1.399, 1.399, 1.399, 1.399, 1.399, 1.399, 1.399, 1.399, 1.399, 1.399, 1.399, 1.4, 1.4, 1.4, 1.399, 1.399, 1.397, 1.397, 1.397, 1.395, 1.395, 1.393, 1.393, 1.395, 1.395, 1.395, 1.397, 1.397, 1.397, 1.397, 1.397, 1.397, 1.397, 1.395, 1.395, 1.393, 1.393, 1.391, 1.391, 1.391, 1.391, 1.391, 1.391, 1.391, 1.391, 1.391, 1.391, 1.391, 1.391, 1.393, 1.393, 1.393, 1.393, 1.393, 1.393, 1.393, 1.391, 1.39, 1.388, 1.386, 1.386, 1.386, 1.386, 1.386, 1.386, 1.388, 1.39, 1.391, 1.393, 1.393, 1.393, 1.393, 1.393, 1.391, 1.39, 1.39, 1.386, 1.386, 1.386, 1.384, 1.382, 1.382, 1.382, 1.382, 1.382, 1.382, 1.382, 1.382, 1.384, 1.384, 1.384, 1.386, 1.386, 1.386, 1.386, 1.388, 1.388, 1.388, 1.388, 1.388, 1.388, 1.388, 1.388, 1.386, 1.386, 1.384, 1.384, 1.384, 1.382, 1.382, 1.382, 1.382, 1.384, 1.384, 1.384, 1.384, 1.386, 1.386, 1.386, 1.384, 1.384, 1.384, 1.384, 1.384, 1.384, 1.384, 1.384, 1.386, 1.388, 1.388, 1.388, 1.388, 1.388, 1.386, 1.384, 1.382, 1.382, 1.382, 1.381, 1.381, 1.381, 1.379, 1.379, 1.379, 1.379, 1.381, 1.381, 1.382, 1.382, 1.388, 1.397, 1.404, 1.413, 1.425, 1.434, 1.444, 1.456, 1.468, 1.472, 1.474, 1.477, 1.478, 1.479, 1.48, 1.48, 1.48, 1.48, 1.48, 1.48, 1.48, 1.48, 1.48, 1.48, 1.48, 1.48, 1.48, 1.48, 1.48, 1.479, 1.479, 1.478, 1.478, 1.478, 1.478, 1.478, 1.478, 1.478, 1.479, 1.48, 1.48, 1.48, 1.48, 1.479, 1.478, 1.477, 1.476, 1.475, 1.474, 1.473, 1.473, 1.473, 1.473, 1.474, 1.474, 1.475, 1.475, 1.476, 1.476, 1.476, 1.476, 1.476, 1.476, 1.476, 1.476, 1.477, 1.478, 1.478, 1.478, 1.478, 1.477, 1.477, 1.476, 1.475, 1.474, 1.474, 1.473, 1.472, 1.472, 1.471, 1.471, 1.47, 1.47, 1.47, 1.47, 1.47, 1.47, 1.47, 1.47, 1.47, 1.47, 1.47, 1.471, 1.471, 1.471, 1.471, 1.471, 1.471, 1.471, 1.471, 1.468, 1.468, 1.468, 1.466, 1.466, 1.466, 1.466, 1.466, 1.468, 1.468, 1.468, 1.468, 1.468, 1.468, 1.468, 1.468, 1.468, 1.468, 1.468, 1.468, 1.468, 1.468, 1.468, 1.468, 1.468, 1.468, 1.468, 1.468, 1.466, 1.466, 1.464, 1.464, 1.464, 1.464, 1.464, 1.464, 1.464, 1.464, 1.466, 0, 
1.526, 1.525, 1.525, 1.525, 1.525, 1.525, 1.525, 1.526, 1.526, 1.527, 1.528, 1.528, 1.532, 1.533, 1.533, 1.533, 1.534, 1.534, 1.535, 1.535, 1.534, 1.534, 1.533, 1.533, 1.532, 1.528, 1.528, 1.528, 1.528, 1.528, 1.528, 1.528, 1.528, 1.531, 1.531, 1.531, 1.531, 1.531, 1.531, 1.531, 1.528, 1.528, 1.528, 1.528, 1.528, 1.527, 1.527, 1.527, 1.528, 1.528, 1.528, 1.528, 1.528, 1.528, 1.528, 1.528, 1.532, 1.533, 1.533, 1.534, 1.535, 1.535, 1.535, 1.535, 1.534, 1.533, 1.533, 1.533, 1.533, 1.533, 1.533, 1.533, 1.533, 1.533, 1.532, 1.531, 1.531, 1.528, 1.527, 1.526, 1.525, 1.524, 1.521, 1.52, 1.52, 1.516, 1.516, 1.516, 1.516, 1.516, 1.516, 1.516, 1.516, 1.517, 1.517, 1.518, 1.519, 1.519, 1.52, 1.52, 1.521, 1.522, 1.523, 1.523, 1.524, 1.524, 1.524, 1.523, 1.523, 1.522, 1.521, 1.52, 1.52, 1.52, 1.52, 1.52, 1.52, 1.52, 1.52, 1.52, 1.52, 1.52, 1.519, 1.518, 1.518, 1.518, 1.518, 1.517, 1.517, 1.517, 1.516, 1.516, 1.516, 1.516, 1.516, 1.516, 1.516, 1.512, 1.509, 1.499, 1.487, 1.476, 1.464, 1.45, 1.438, 1.427, 1.417, 1.41, 1.406, 1.406, 1.404, 1.404, 1.402, 1.402, 1.402, 1.402, 1.402, 1.4, 1.4, 1.4, 1.4, 1.4, 1.4, 1.4, 1.399, 1.399, 1.399, 1.399, 1.399, 1.399, 1.399, 1.399, 1.399, 1.399, 1.399, 1.399, 1.399, 1.399, 1.399, 1.399, 1.4, 1.4, 1.4, 1.4, 1.4, 1.4, 1.4, 1.4, 1.4, 1.4, 1.4, 1.399, 1.399, 1.399, 1.399, 1.399, 1.399, 1.399, 1.399, 1.399, 1.399, 1.399, 1.4, 1.4, 1.4, 1.399, 1.399, 1.397, 1.397, 1.397, 1.395, 1.395, 1.393, 1.393, 1.393, 1.395, 1.395, 1.397, 1.397, 1.397, 1.397, 1.399, 1.397, 1.397, 1.395, 1.395, 1.393, 1.393, 1.391, 1.391, 1.391, 1.391, 1.391, 1.391, 1.391, 1.391, 1.391, 1.391, 1.391, 1.391, 1.393, 1.393, 1.393, 1.393, 1.393, 1.393, 1.393, 1.39, 1.388, 1.386, 1.386, 1.386, 1.384, 1.384, 1.386, 1.386, 1.386, 1.39, 1.391, 1.393, 1.393, 1.393, 1.393, 1.393, 1.391, 1.39, 1.388, 1.386, 1.386, 1.384, 1.382, 1.382, 1.382, 1.382, 1.382, 1.382, 1.382, 1.382, 1.382, 1.384, 1.384, 1.386, 1.386, 1.386, 1.386, 1.386, 1.388, 1.388, 1.388, 1.388, 1.388, 1.388, 1.388, 1.388, 1.386, 1.386, 1.386, 1.384, 1.384, 1.384, 1.384, 1.384, 1.384, 1.384, 1.384, 1.384, 1.386, 1.386, 1.386, 1.384, 1.384, 1.384, 1.384, 1.384, 1.384, 1.384, 1.384, 1.384, 1.386, 1.386, 1.388, 1.388, 1.388, 1.388, 1.386, 1.384, 1.382, 1.382, 1.382, 1.382, 1.381, 1.381, 1.381, 1.381, 1.381, 1.381, 1.381, 1.382, 1.382, 1.382, 1.39, 1.397, 1.406, 1.415, 1.425, 1.434, 1.446, 1.458, 1.468, 1.472, 1.476, 1.478, 1.479, 1.48, 1.48, 1.48, 1.48, 1.48, 1.48, 1.48, 1.48, 1.48, 1.48, 1.48, 1.48, 1.48, 1.48, 1.48, 1.479, 1.479, 1.478, 1.478, 1.478, 1.478, 1.478, 1.478, 1.478, 1.478, 1.479, 1.48, 1.48, 1.48, 1.48, 1.48, 1.479, 1.478, 1.477, 1.476, 1.475, 1.474, 1.474, 1.474, 1.474, 1.474, 1.474, 1.474, 1.475, 1.475, 1.475, 1.476, 1.476, 1.476, 1.476, 1.476, 1.476, 1.477, 1.478, 1.478, 1.478, 1.478, 1.478, 1.477, 1.476, 1.475, 1.474, 1.474, 1.473, 1.472, 1.472, 1.471, 1.471, 1.47, 1.47, 1.47, 1.47, 1.47, 1.469, 1.468, 1.468, 1.468, 1.468, 1.468, 1.468, 1.47, 1.47, 1.471, 1.471, 1.471, 1.471, 1.47, 1.468, 1.468, 1.468, 1.466, 1.466, 1.466, 1.466, 1.466, 1.468, 1.468, 1.468, 1.469, 1.47, 1.47, 1.47, 1.469, 1.468, 1.468, 1.468, 1.468, 1.468, 1.468, 1.468, 1.468, 1.468, 1.468, 1.468, 1.466, 1.466, 1.464, 1.464, 1.464, 1.464, 1.464, 1.464, 1.464, 1.464, 1.464, 1.466, 0, 
1.526, 1.526, 1.526, 1.526, 1.526, 1.526, 1.526, 1.526, 1.527, 1.527, 1.528, 1.531, 1.532, 1.533, 1.533, 1.534, 1.535, 1.535, 1.535, 1.535, 1.535, 1.534, 1.533, 1.533, 1.532, 1.531, 1.528, 1.528, 1.528, 1.528, 1.528, 1.528, 1.528, 1.532, 1.532, 1.532, 1.532, 1.532, 1.531, 1.531, 1.528, 1.528, 1.528, 1.528, 1.528, 1.528, 1.528, 1.528, 1.528, 1.527, 1.527, 1.527, 1.527, 1.527, 1.527, 1.528, 1.528, 1.532, 1.533, 1.533, 1.534, 1.535, 1.535, 1.534, 1.534, 1.533, 1.533, 1.533, 1.533, 1.533, 1.532, 1.532, 1.532, 1.532, 1.532, 1.531, 1.528, 1.528, 1.527, 1.526, 1.525, 1.524, 1.52, 1.52, 1.519, 1.517, 1.516, 1.516, 1.516, 1.516, 1.516, 1.516, 1.517, 1.518, 1.518, 1.519, 1.52, 1.52, 1.52, 1.521, 1.522, 1.522, 1.523, 1.524, 1.524, 1.524, 1.524, 1.524, 1.523, 1.523, 1.522, 1.522, 1.521, 1.521, 1.52, 1.52, 1.52, 1.52, 1.52, 1.52, 1.52, 1.519, 1.519, 1.518, 1.518, 1.518, 1.518, 1.518, 1.518, 1.517, 1.517, 1.517, 1.517, 1.517, 1.517, 1.516, 1.516, 1.513, 1.51, 1.499, 1.487, 1.476, 1.462, 1.45, 1.438, 1.427, 1.415, 1.41, 1.406, 1.404, 1.402, 1.402, 1.402, 1.402, 1.4, 1.4, 1.4, 1.4, 1.4, 1.4, 1.399, 1.399, 1.399, 1.399, 1.399, 1.399, 1.399, 1.399, 1.399, 1.399, 1.397, 1.397, 1.397, 1.397, 1.399, 1.399, 1.399, 1.399, 1.399, 1.399, 1.4, 1.4, 1.4, 1.4, 1.4, 1.4, 1.4, 1.4, 1.4, 1.4, 1.4, 1.4, 1.399, 1.399, 1.399, 1.399, 1.399, 1.399, 1.399, 1.399, 1.399, 1.399, 1.399, 1.4, 1.4, 1.399, 1.399, 1.397, 1.397, 1.397, 1.395, 1.393, 1.393, 1.393, 1.393, 1.393, 1.395, 1.397, 1.397, 1.397, 1.399, 1.399, 1.399, 1.397, 1.397, 1.395, 1.395, 1.393, 1.391, 1.391, 1.391, 1.391, 1.391, 1.391, 1.391, 1.391, 1.391, 1.391, 1.391, 1.391, 1.393, 1.393, 1.393, 1.393, 1.393, 1.393, 1.393, 1.39, 1.388, 1.386, 1.386, 1.384, 1.384, 1.384, 1.384, 1.386, 1.386, 1.39, 1.391, 1.393, 1.393, 1.393, 1.393, 1.393, 1.391, 1.39, 1.388, 1.386, 1.386, 1.384, 1.382, 1.382, 1.382, 1.382, 1.382, 1.382, 1.382, 1.384, 1.384, 1.386, 1.386, 1.386, 1.386, 1.386, 1.386, 1.386, 1.388, 1.388, 1.388, 1.388, 1.388, 1.388, 1.388, 1.388, 1.388, 1.386, 1.386, 1.386, 1.384, 1.384, 1.384, 1.384, 1.384, 1.384, 1.384, 1.386, 1.386, 1.386, 1.386, 1.384, 1.384, 1.384, 1.384, 1.384, 1.384, 1.384, 1.384, 1.384, 1.386, 1.386, 1.388, 1.388, 1.388, 1.388, 1.386, 1.384, 1.384, 1.382, 1.382, 1.382, 1.381, 1.381, 1.381, 1.381, 1.381, 1.381, 1.381, 1.382, 1.382, 1.384, 1.391, 1.399, 1.408, 1.415, 1.427, 1.436, 1.446, 1.458, 1.47, 1.473, 1.477, 1.478, 1.48, 1.481, 1.481, 1.481, 1.481, 1.481, 1.481, 1.481, 1.48, 1.48, 1.48, 1.48, 1.48, 1.48, 1.48, 1.48, 1.479, 1.478, 1.478, 1.478, 1.478, 1.478, 1.478, 1.478, 1.478, 1.479, 1.48, 1.48, 1.481, 1.481, 1.48, 1.48, 1.479, 1.478, 1.477, 1.476, 1.475, 1.474, 1.474, 1.474, 1.474, 1.474, 1.474, 1.474, 1.474, 1.474, 1.474, 1.475, 1.475, 1.475, 1.476, 1.476, 1.476, 1.477, 1.478, 1.478, 1.479, 1.479, 1.478, 1.477, 1.476, 1.476, 1.474, 1.474, 1.473, 1.472, 1.472, 1.471, 1.471, 1.47, 1.47, 1.47, 1.47, 1.469, 1.469, 1.468, 1.468, 1.468, 1.468, 1.468, 1.468, 1.468, 1.47, 1.47, 1.47, 1.47, 1.47, 1.47, 1.468, 1.468, 1.468, 1.466, 1.466, 1.466, 1.466, 1.466, 1.468, 1.468, 1.468, 1.469, 1.47, 1.47, 1.47, 1.469, 1.468, 1.468, 1.468, 1.468, 1.468, 1.468, 1.468, 1.468, 1.468, 1.468, 1.466, 1.466, 1.464, 1.464, 1.464, 1.464, 1.464, 1.464, 1.464, 1.464, 1.464, 1.464, 1.466, 0, 
1.526, 1.526, 1.526, 1.526, 1.526, 1.526, 1.526, 1.527, 1.527, 1.528, 1.531, 1.532, 1.533, 1.533, 1.534, 1.535, 1.535, 1.535, 1.535, 1.535, 1.535, 1.535, 1.534, 1.533, 1.532, 1.532, 1.528, 1.528, 1.528, 1.528, 1.528, 1.528, 1.531, 1.532, 1.532, 1.533, 1.533, 1.532, 1.532, 1.531, 1.531, 1.528, 1.528, 1.528, 1.528, 1.528, 1.528, 1.528, 1.528, 1.527, 1.526, 1.526, 1.526, 1.526, 1.527, 1.527, 1.528, 1.528, 1.532, 1.533, 1.533, 1.534, 1.534, 1.534, 1.533, 1.533, 1.533, 1.532, 1.532, 1.532, 1.532, 1.532, 1.531, 1.531, 1.531, 1.531, 1.528, 1.528, 1.527, 1.526, 1.524, 1.523, 1.52, 1.519, 1.518, 1.517, 1.516, 1.516, 1.516, 1.516, 1.516, 1.517, 1.517, 1.518, 1.519, 1.52, 1.52, 1.521, 1.521, 1.522, 1.522, 1.523, 1.524, 1.524, 1.524, 1.524, 1.524, 1.524, 1.524, 1.523, 1.522, 1.522, 1.522, 1.521, 1.521, 1.521, 1.52, 1.52, 1.52, 1.52, 1.52, 1.519, 1.518, 1.518, 1.518, 1.518, 1.518, 1.518, 1.518, 1.518, 1.518, 1.518, 1.518, 1.518, 1.518, 1.517, 1.517, 1.513, 1.511, 1.5, 1.486, 1.475, 1.462, 1.448, 1.436, 1.425, 1.415, 1.408, 1.406, 1.404, 1.402, 1.402, 1.402, 1.4, 1.4, 1.4, 1.4, 1.4, 1.4, 1.399, 1.399, 1.399, 1.399, 1.399, 1.399, 1.399, 1.399, 1.399, 1.397, 1.397, 1.397, 1.397, 1.397, 1.397, 1.397, 1.399, 1.399, 1.399, 1.399, 1.399, 1.399, 1.4, 1.4, 1.4, 1.4, 1.4, 1.4, 1.4, 1.4, 1.4, 1.4, 1.4, 1.399, 1.399, 1.399, 1.399, 1.399, 1.399, 1.399, 1.399, 1.399, 1.399, 1.399, 1.4, 1.4, 1.399, 1.397, 1.397, 1.397, 1.395, 1.393, 1.393, 1.393, 1.393, 1.393, 1.393, 1.395, 1.395, 1.397, 1.397, 1.399, 1.399, 1.399, 1.397, 1.397, 1.395, 1.395, 1.393, 1.393, 1.391, 1.391, 1.391, 1.391, 1.391, 1.391, 1.391, 1.391, 1.391, 1.391, 1.391, 1.393, 1.393, 1.393, 1.393, 1.393, 1.393, 1.393, 1.39, 1.388, 1.386, 1.386, 1.384, 1.382, 1.382, 1.384, 1.384, 1.386, 1.388, 1.39, 1.393, 1.393, 1.393, 1.393, 1.393, 1.391, 1.39, 1.388, 1.386, 1.386, 1.384, 1.382, 1.382, 1.382, 1.382, 1.382, 1.382, 1.382, 1.384, 1.384, 1.386, 1.386, 1.386, 1.386, 1.386, 1.386, 1.386, 1.388, 1.388, 1.388, 1.388, 1.388, 1.388, 1.388, 1.388, 1.388, 1.386, 1.386, 1.386, 1.386, 1.386, 1.386, 1.384, 1.384, 1.384, 1.386, 1.386, 1.386, 1.386, 1.384, 1.384, 1.384, 1.384, 1.382, 1.382, 1.382, 1.384, 1.384, 1.384, 1.386, 1.386, 1.388, 1.388, 1.388, 1.388, 1.386, 1.384, 1.384, 1.382, 1.382, 1.382, 1.381, 1.381, 1.381, 1.381, 1.381, 1.381, 1.382, 1.382, 1.382, 1.384, 1.391, 1.399, 1.408, 1.417, 1.427, 1.436, 1.448, 1.46, 1.47, 1.473, 1.477, 1.478, 1.48, 1.481, 1.482, 1.482, 1.482, 1.482, 1.482, 1.481, 1.481, 1.48, 1.48, 1.48, 1.48, 1.48, 1.48, 1.479, 1.479, 1.478, 1.478, 1.478, 1.478, 1.478, 1.478, 1.478, 1.478, 1.479, 1.48, 1.481, 1.481, 1.481, 1.481, 1.481, 1.48, 1.479, 1.478, 1.477, 1.476, 1.475, 1.474, 1.474, 1.474, 1.474, 1.474, 1.474, 1.474, 1.474, 1.474, 1.474, 1.474, 1.475, 1.475, 1.476, 1.476, 1.477, 1.478, 1.478, 1.479, 1.479, 1.478, 1.478, 1.476, 1.476, 1.474, 1.474, 1.473, 1.472, 1.472, 1.471, 1.471, 1.47, 1.47, 1.47, 1.47, 1.469, 1.469, 1.468, 1.468, 1.468, 1.468, 1.468, 1.468, 1.468, 1.47, 1.47, 1.47, 1.47, 1.47, 1.47, 1.468, 1.468, 1.468, 1.466, 1.466, 1.466, 1.466, 1.466, 1.468, 1.468, 1.469, 1.47, 1.47, 1.47, 1.47, 1.469, 1.469, 1.468, 1.468, 1.468, 1.468, 1.468, 1.468, 1.468, 1.468, 1.468, 1.466, 1.466, 1.464, 1.464, 1.464, 1.464, 1.462, 1.462, 1.462, 1.464, 1.464, 1.464, 1.466, 0, 
1.527, 1.527, 1.527, 1.527, 1.527, 1.527, 1.527, 1.528, 1.528, 1.531, 1.532, 1.533, 1.533, 1.534, 1.535, 1.535, 1.535, 1.535, 1.535, 1.535, 1.535, 1.535, 1.534, 1.533, 1.533, 1.532, 1.531, 1.531, 1.528, 1.528, 1.528, 1.531, 1.532, 1.532, 1.533, 1.533, 1.533, 1.533, 1.532, 1.532, 1.531, 1.531, 1.528, 1.528, 1.528, 1.528, 1.528, 1.528, 1.527, 1.526, 1.526, 1.525, 1.525, 1.525, 1.526, 1.526, 1.527, 1.528, 1.532, 1.532, 1.533, 1.533, 1.533, 1.533, 1.533, 1.533, 1.533, 1.532, 1.531, 1.531, 1.531, 1.531, 1.531, 1.531, 1.531, 1.528, 1.528, 1.527, 1.526, 1.525, 1.524, 1.522, 1.52, 1.519, 1.518, 1.517, 1.516, 1.516, 1.516, 1.516, 1.516, 1.517, 1.518, 1.519, 1.52, 1.52, 1.521, 1.521, 1.522, 1.522, 1.522, 1.523, 1.523, 1.523, 1.524, 1.524, 1.524, 1.524, 1.524, 1.523, 1.522, 1.522, 1.522, 1.522, 1.522, 1.521, 1.52, 1.52, 1.52, 1.52, 1.519, 1.519, 1.518, 1.518, 1.518, 1.518, 1.519, 1.519, 1.519, 1.519, 1.519, 1.519, 1.519, 1.519, 1.519, 1.518, 1.517, 1.512, 1.511, 1.5, 1.487, 1.475, 1.462, 1.448, 1.436, 1.425, 1.415, 1.408, 1.406, 1.404, 1.402, 1.402, 1.402, 1.4, 1.4, 1.4, 1.4, 1.4, 1.4, 1.399, 1.399, 1.399, 1.399, 1.399, 1.399, 1.399, 1.399, 1.397, 1.397, 1.397, 1.397, 1.397, 1.397, 1.397, 1.397, 1.399, 1.399, 1.399, 1.399, 1.399, 1.399, 1.4, 1.4, 1.4, 1.4, 1.4, 1.4, 1.4, 1.4, 1.4, 1.4, 1.4, 1.399, 1.399, 1.399, 1.399, 1.397, 1.397, 1.399, 1.399, 1.399, 1.399, 1.399, 1.4, 1.399, 1.399, 1.397, 1.397, 1.395, 1.395, 1.393, 1.393, 1.391, 1.391, 1.393, 1.393, 1.395, 1.395, 1.397, 1.397, 1.399, 1.399, 1.399, 1.397, 1.397, 1.395, 1.395, 1.395, 1.393, 1.391, 1.391, 1.391, 1.391, 1.391, 1.391, 1.391, 1.391, 1.391, 1.391, 1.391, 1.393, 1.393, 1.393, 1.393, 1.393, 1.393, 1.393, 1.39, 1.388, 1.386, 1.386, 1.384, 1.382, 1.382, 1.384, 1.384, 1.386, 1.388, 1.39, 1.393, 1.393, 1.393, 1.393, 1.393, 1.391, 1.39, 1.388, 1.386, 1.386, 1.384, 1.382, 1.382, 1.382, 1.382, 1.382, 1.382, 1.384, 1.384, 1.386, 1.386, 1.386, 1.386, 1.386, 1.386, 1.386, 1.386, 1.388, 1.386, 1.386, 1.386, 1.386, 1.386, 1.386, 1.388, 1.388, 1.388, 1.388, 1.386, 1.386, 1.386, 1.386, 1.386, 1.386, 1.386, 1.386, 1.386, 1.386, 1.386, 1.384, 1.384, 1.384, 1.384, 1.382, 1.382, 1.382, 1.382, 1.384, 1.384, 1.386, 1.386, 1.388, 1.388, 1.388, 1.388, 1.386, 1.384, 1.384, 1.382, 1.382, 1.382, 1.382, 1.381, 1.381, 1.381, 1.381, 1.381, 1.382, 1.382, 1.384, 1.384, 1.391, 1.399, 1.408, 1.417, 1.427, 1.436, 1.448, 1.46, 1.47, 1.472, 1.477, 1.478, 1.48, 1.482, 1.483, 1.483, 1.482, 1.482, 1.482, 1.482, 1.481, 1.48, 1.48, 1.48, 1.48, 1.48, 1.48, 1.479, 1.478, 1.478, 1.478, 1.478, 1.478, 1.478, 1.478, 1.478, 1.478, 1.479, 1.48, 1.481, 1.482, 1.482, 1.482, 1.481, 1.48, 1.479, 1.478, 1.477, 1.476, 1.475, 1.474, 1.474, 1.474, 1.473, 1.473, 1.473, 1.473, 1.473, 1.474, 1.474, 1.474, 1.474, 1.475, 1.475, 1.476, 1.476, 1.478, 1.478, 1.479, 1.479, 1.478, 1.478, 1.476, 1.476, 1.474, 1.474, 1.473, 1.472, 1.472, 1.471, 1.471, 1.47, 1.47, 1.47, 1.47, 1.469, 1.468, 1.468, 1.468, 1.466, 1.466, 1.466, 1.468, 1.468, 1.468, 1.47, 1.47, 1.47, 1.47, 1.47, 1.47, 1.468, 1.468, 1.466, 1.466, 1.466, 1.466, 1.466, 1.468, 1.469, 1.47, 1.47, 1.47, 1.47, 1.47, 1.47, 1.469, 1.468, 1.468, 1.468, 1.468, 1.468, 1.468, 1.468, 1.468, 1.466, 1.466, 1.464, 1.464, 1.464, 1.464, 1.462, 1.462, 1.462, 1.462, 1.462, 1.464, 1.464, 1.464, 0, 
1.528, 1.528, 1.528, 1.528, 1.528, 1.528, 1.528, 1.528, 1.531, 1.532, 1.533, 1.533, 1.534, 1.535, 1.535, 1.535, 1.535, 1.535, 1.536, 1.536, 1.536, 1.535, 1.534, 1.534, 1.533, 1.532, 1.532, 1.531, 1.531, 1.531, 1.531, 1.532, 1.532, 1.533, 1.533, 1.534, 1.533, 1.533, 1.533, 1.532, 1.532, 1.531, 1.531, 1.531, 1.531, 1.528, 1.528, 1.528, 1.527, 1.526, 1.525, 1.525, 1.524, 1.524, 1.525, 1.525, 1.526, 1.527, 1.528, 1.532, 1.532, 1.533, 1.533, 1.533, 1.533, 1.533, 1.532, 1.532, 1.531, 1.531, 1.528, 1.528, 1.528, 1.528, 1.528, 1.528, 1.528, 1.527, 1.526, 1.524, 1.523, 1.522, 1.52, 1.519, 1.518, 1.517, 1.516, 1.516, 1.516, 1.516, 1.517, 1.518, 1.519, 1.519, 1.52, 1.52, 1.521, 1.521, 1.521, 1.521, 1.522, 1.522, 1.522, 1.523, 1.523, 1.523, 1.523, 1.523, 1.523, 1.523, 1.522, 1.522, 1.522, 1.522, 1.522, 1.521, 1.52, 1.52, 1.52, 1.519, 1.519, 1.518, 1.518, 1.518, 1.518, 1.518, 1.519, 1.52, 1.52, 1.52, 1.52, 1.52, 1.52, 1.52, 1.519, 1.519, 1.518, 1.512, 1.512, 1.5, 1.487, 1.474, 1.462, 1.448, 1.436, 1.425, 1.413, 1.408, 1.406, 1.404, 1.402, 1.402, 1.4, 1.4, 1.4, 1.4, 1.4, 1.4, 1.4, 1.399, 1.399, 1.399, 1.399, 1.399, 1.399, 1.399, 1.399, 1.397, 1.397, 1.397, 1.397, 1.397, 1.397, 1.397, 1.399, 1.399, 1.399, 1.399, 1.399, 1.399, 1.399, 1.4, 1.4, 1.4, 1.4, 1.4, 1.4, 1.4, 1.4, 1.4, 1.399, 1.399, 1.399, 1.399, 1.397, 1.397, 1.397, 1.397, 1.397, 1.399, 1.399, 1.399, 1.399, 1.399, 1.399, 1.397, 1.397, 1.397, 1.395, 1.393, 1.393, 1.391, 1.391, 1.391, 1.391, 1.393, 1.393, 1.395, 1.397, 1.397, 1.399, 1.399, 1.399, 1.399, 1.397, 1.397, 1.395, 1.395, 1.393, 1.391, 1.391, 1.391, 1.391, 1.391, 1.391, 1.391, 1.391, 1.391, 1.391, 1.391, 1.393, 1.393, 1.393, 1.393, 1.393, 1.393, 1.391, 1.39, 1.388, 1.386, 1.386, 1.384, 1.382, 1.382, 1.384, 1.384, 1.386, 1.39, 1.39, 1.393, 1.393, 1.395, 1.393, 1.393, 1.391, 1.39, 1.388, 1.386, 1.384, 1.384, 1.382, 1.382, 1.382, 1.384, 1.384, 1.384, 1.384, 1.386, 1.386, 1.386, 1.386, 1.386, 1.386, 1.386, 1.386, 1.386, 1.386, 1.386, 1.386, 1.386, 1.386, 1.386, 1.386, 1.386, 1.388, 1.388, 1.388, 1.388, 1.388, 1.388, 1.386, 1.386, 1.386, 1.386, 1.386, 1.386, 1.386, 1.386, 1.384, 1.384, 1.384, 1.384, 1.382, 1.382, 1.382, 1.382, 1.384, 1.384, 1.386, 1.386, 1.386, 1.388, 1.388, 1.388, 1.386, 1.384, 1.384, 1.382, 1.382, 1.382, 1.382, 1.381, 1.381, 1.381, 1.381, 1.381, 1.382, 1.382, 1.384, 1.384, 1.393, 1.4, 1.408, 1.417, 1.427, 1.438, 1.448, 1.458, 1.469, 1.472, 1.477, 1.478, 1.48, 1.482, 1.483, 1.483, 1.483, 1.483, 1.483, 1.482, 1.482, 1.481, 1.48, 1.48, 1.48, 1.48, 1.479, 1.479, 1.478, 1.478, 1.478, 1.478, 1.478, 1.478, 1.478, 1.478, 1.479, 1.48, 1.48, 1.481, 1.482, 1.482, 1.482, 1.482, 1.481, 1.48, 1.479, 1.478, 1.477, 1.476, 1.475, 1.474, 1.473, 1.473, 1.472, 1.472, 1.472, 1.472, 1.473, 1.473, 1.474, 1.474, 1.474, 1.475, 1.476, 1.476, 1.477, 1.478, 1.478, 1.479, 1.478, 1.477, 1.476, 1.476, 1.474, 1.474, 1.473, 1.472, 1.472, 1.471, 1.471, 1.47, 1.47, 1.47, 1.47, 1.469, 1.469, 1.466, 1.466, 1.466, 1.466, 1.466, 1.466, 1.468, 1.468, 1.47, 1.47, 1.47, 1.471, 1.471, 1.471, 1.468, 1.468, 1.468, 1.468, 1.468, 1.468, 1.468, 1.469, 1.469, 1.47, 1.47, 1.47, 1.47, 1.47, 1.47, 1.469, 1.469, 1.468, 1.468, 1.468, 1.468, 1.468, 1.468, 1.468, 1.466, 1.466, 1.464, 1.464, 1.464, 1.462, 1.462, 1.462, 1.462, 1.462, 1.462, 1.462, 1.462, 1.464, 0, 
1.528, 1.528, 1.528, 1.528, 1.528, 1.528, 1.531, 1.531, 1.532, 1.533, 1.533, 1.534, 1.535, 1.535, 1.535, 1.536, 1.536, 1.536, 1.536, 1.537, 1.536, 1.536, 1.535, 1.534, 1.533, 1.533, 1.532, 1.532, 1.532, 1.532, 1.532, 1.532, 1.533, 1.533, 1.533, 1.534, 1.534, 1.533, 1.533, 1.533, 1.532, 1.532, 1.531, 1.531, 1.531, 1.531, 1.528, 1.528, 1.527, 1.526, 1.525, 1.524, 1.524, 1.524, 1.524, 1.524, 1.525, 1.526, 1.527, 1.528, 1.532, 1.533, 1.533, 1.533, 1.533, 1.533, 1.532, 1.531, 1.528, 1.528, 1.528, 1.528, 1.528, 1.528, 1.528, 1.527, 1.527, 1.526, 1.525, 1.523, 1.522, 1.521, 1.52, 1.519, 1.518, 1.517, 1.516, 1.516, 1.516, 1.517, 1.518, 1.518, 1.519, 1.52, 1.52, 1.52, 1.521, 1.521, 1.521, 1.521, 1.521, 1.521, 1.522, 1.522, 1.522, 1.522, 1.522, 1.522, 1.522, 1.522, 1.522, 1.522, 1.522, 1.521, 1.521, 1.521, 1.52, 1.52, 1.519, 1.519, 1.518, 1.518, 1.518, 1.518, 1.518, 1.519, 1.519, 1.52, 1.52, 1.52, 1.52, 1.52, 1.52, 1.52, 1.52, 1.519, 1.518, 1.512, 1.512, 1.499, 1.488, 1.474, 1.462, 1.448, 1.436, 1.425, 1.413, 1.408, 1.406, 1.404, 1.402, 1.4, 1.4, 1.4, 1.4, 1.4, 1.4, 1.4, 1.4, 1.399, 1.399, 1.399, 1.399, 1.399, 1.399, 1.399, 1.399, 1.399, 1.399, 1.399, 1.397, 1.397, 1.397, 1.397, 1.399, 1.399, 1.399, 1.399, 1.399, 1.399, 1.399, 1.4, 1.4, 1.4, 1.4, 1.4, 1.4, 1.4, 1.399, 1.399, 1.399, 1.399, 1.397, 1.397, 1.397, 1.397, 1.397, 1.397, 1.397, 1.399, 1.399, 1.399, 1.399, 1.399, 1.399, 1.397, 1.397, 1.395, 1.393, 1.393, 1.391, 1.391, 1.391, 1.391, 1.391, 1.393, 1.393, 1.395, 1.397, 1.397, 1.399, 1.399, 1.399, 1.399, 1.397, 1.397, 1.395, 1.395, 1.393, 1.393, 1.393, 1.391, 1.391, 1.391, 1.391, 1.391, 1.391, 1.391, 1.391, 1.391, 1.393, 1.393, 1.393, 1.393, 1.393, 1.393, 1.391, 1.39, 1.388, 1.386, 1.386, 1.384, 1.382, 1.382, 1.384, 1.386, 1.386, 1.39, 1.391, 1.393, 1.395, 1.395, 1.393, 1.393, 1.391, 1.39, 1.386, 1.386, 1.384, 1.384, 1.382, 1.382, 1.382, 1.384, 1.386, 1.386, 1.386, 1.386, 1.386, 1.388, 1.388, 1.388, 1.388, 1.388, 1.386, 1.386, 1.386, 1.386, 1.386, 1.386, 1.386, 1.386, 1.386, 1.386, 1.388, 1.388, 1.388, 1.388, 1.388, 1.388, 1.388, 1.388, 1.388, 1.388, 1.388, 1.386, 1.386, 1.386, 1.384, 1.384, 1.384, 1.384, 1.382, 1.382, 1.382, 1.382, 1.384, 1.384, 1.386, 1.386, 1.386, 1.388, 1.386, 1.386, 1.386, 1.384, 1.384, 1.382, 1.382, 1.382, 1.382, 1.381, 1.381, 1.381, 1.381, 1.381, 1.382, 1.382, 1.384, 1.384, 1.393, 1.4, 1.408, 1.417, 1.427, 1.438, 1.448, 1.458, 1.468, 1.472, 1.477, 1.478, 1.48, 1.482, 1.483, 1.484, 1.484, 1.484, 1.483, 1.483, 1.482, 1.481, 1.481, 1.48, 1.48, 1.48, 1.479, 1.479, 1.478, 1.478, 1.478, 1.478, 1.478, 1.478, 1.478, 1.478, 1.479, 1.48, 1.48, 1.481, 1.482, 1.482, 1.482, 1.482, 1.481, 1.481, 1.48, 1.479, 1.477, 1.476, 1.475, 1.474, 1.473, 1.472, 1.472, 1.472, 1.472, 1.472, 1.472, 1.473, 1.473, 1.474, 1.474, 1.475, 1.476, 1.476, 1.477, 1.478, 1.478, 1.478, 1.478, 1.477, 1.476, 1.475, 1.474, 1.474, 1.473, 1.472, 1.472, 1.471, 1.47, 1.47, 1.47, 1.47, 1.469, 1.469, 1.468, 1.466, 1.466, 1.466, 1.466, 1.466, 1.466, 1.466, 1.468, 1.47, 1.47, 1.471, 1.471, 1.471, 1.471, 1.47, 1.468, 1.468, 1.468, 1.468, 1.468, 1.469, 1.469, 1.47, 1.47, 1.47, 1.471, 1.471, 1.471, 1.47, 1.47, 1.469, 1.469, 1.468, 1.468, 1.468, 1.468, 1.468, 1.468, 1.466, 1.466, 1.464, 1.464, 1.462, 1.462, 1.462, 1.462, 1.462, 1.462, 1.462, 1.462, 1.462, 1.462, 0, 
1.531, 1.531, 1.531, 1.531, 1.531, 1.531, 1.532, 1.532, 1.533, 1.533, 1.534, 1.535, 1.535, 1.536, 1.536, 1.536, 1.537, 1.537, 1.537, 1.537, 1.537, 1.536, 1.535, 1.534, 1.533, 1.533, 1.533, 1.533, 1.532, 1.532, 1.533, 1.533, 1.533, 1.533, 1.533, 1.534, 1.534, 1.533, 1.533, 1.533, 1.533, 1.532, 1.532, 1.531, 1.531, 1.531, 1.528, 1.527, 1.526, 1.525, 1.524, 1.524, 1.523, 1.523, 1.523, 1.524, 1.524, 1.526, 1.527, 1.528, 1.532, 1.532, 1.533, 1.533, 1.533, 1.532, 1.532, 1.531, 1.528, 1.528, 1.528, 1.528, 1.528, 1.527, 1.527, 1.526, 1.526, 1.525, 1.524, 1.523, 1.521, 1.52, 1.519, 1.518, 1.518, 1.517, 1.517, 1.517, 1.517, 1.518, 1.518, 1.519, 1.52, 1.52, 1.52, 1.52, 1.52, 1.52, 1.52, 1.52, 1.52, 1.52, 1.52, 1.521, 1.521, 1.521, 1.521, 1.522, 1.522, 1.522, 1.521, 1.521, 1.521, 1.521, 1.52, 1.52, 1.52, 1.52, 1.519, 1.518, 1.518, 1.518, 1.518, 1.518, 1.518, 1.519, 1.52, 1.52, 1.52, 1.52, 1.52, 1.52, 1.52, 1.52, 1.52, 1.519, 1.519, 1.512, 1.512, 1.5, 1.487, 1.474, 1.462, 1.448, 1.436, 1.425, 1.413, 1.408, 1.406, 1.404, 1.402, 1.4, 1.4, 1.4, 1.4, 1.399, 1.399, 1.399, 1.399, 1.399, 1.399, 1.399, 1.399, 1.399, 1.399, 1.399, 1.399, 1.399, 1.399, 1.399, 1.397, 1.397, 1.397, 1.399, 1.399, 1.399, 1.399, 1.399, 1.399, 1.399, 1.399, 1.399, 1.399, 1.399, 1.399, 1.399, 1.399, 1.399, 1.399, 1.399, 1.399, 1.397, 1.397, 1.397, 1.397, 1.397, 1.397, 1.397, 1.397, 1.397, 1.399, 1.399, 1.399, 1.399, 1.397, 1.397, 1.397, 1.395, 1.393, 1.393, 1.391, 1.391, 1.391, 1.391, 1.391, 1.393, 1.393, 1.395, 1.397, 1.397, 1.399, 1.399, 1.399, 1.399, 1.397, 1.397, 1.395, 1.395, 1.395, 1.393, 1.393, 1.393, 1.391, 1.391, 1.391, 1.391, 1.391, 1.391, 1.391, 1.391, 1.393, 1.393, 1.393, 1.395, 1.393, 1.393, 1.391, 1.39, 1.388, 1.386, 1.386, 1.384, 1.382, 1.382, 1.384, 1.386, 1.388, 1.39, 1.391, 1.393, 1.395, 1.395, 1.393, 1.393, 1.39, 1.39, 1.386, 1.386, 1.384, 1.384, 1.384, 1.384, 1.384, 1.386, 1.386, 1.386, 1.388, 1.388, 1.39, 1.39, 1.39, 1.388, 1.388, 1.388, 1.388, 1.386, 1.386, 1.386, 1.386, 1.386, 1.386, 1.386, 1.386, 1.386, 1.388, 1.388, 1.388, 1.388, 1.388, 1.388, 1.388, 1.388, 1.388, 1.388, 1.388, 1.388, 1.386, 1.386, 1.384, 1.384, 1.384, 1.384, 1.382, 1.382, 1.382, 1.382, 1.384, 1.384, 1.386, 1.386, 1.386, 1.388, 1.386, 1.386, 1.386, 1.384, 1.384, 1.382, 1.382, 1.382, 1.382, 1.381, 1.381, 1.381, 1.381, 1.381, 1.382, 1.384, 1.384, 1.386, 1.393, 1.4, 1.408, 1.417, 1.427, 1.438, 1.448, 1.458, 1.468, 1.472, 1.476, 1.479, 1.48, 1.481, 1.482, 1.483, 1.484, 1.484, 1.484, 1.483, 1.482, 1.482, 1.481, 1.48, 1.48, 1.48, 1.479, 1.478, 1.478, 1.478, 1.478, 1.478, 1.478, 1.478, 1.478, 1.478, 1.478, 1.479, 1.48, 1.481, 1.481, 1.482, 1.482, 1.482, 1.482, 1.481, 1.48, 1.479, 1.478, 1.477, 1.476, 1.474, 1.473, 1.472, 1.472, 1.472, 1.472, 1.472, 1.472, 1.472, 1.473, 1.474, 1.474, 1.475, 1.476, 1.476, 1.477, 1.478, 1.478, 1.478, 1.478, 1.477, 1.476, 1.475, 1.474, 1.474, 1.473, 1.472, 1.472, 1.471, 1.47, 1.47, 1.47, 1.47, 1.469, 1.468, 1.468, 1.466, 1.466, 1.466, 1.466, 1.466, 1.466, 1.466, 1.468, 1.47, 1.47, 1.471, 1.472, 1.472, 1.471, 1.471, 1.468, 1.468, 1.468, 1.468, 1.469, 1.469, 1.47, 1.47, 1.47, 1.471, 1.471, 1.472, 1.471, 1.47, 1.47, 1.47, 1.47, 1.469, 1.468, 1.468, 1.468, 1.468, 1.468, 1.466, 1.464, 1.464, 1.464, 1.462, 1.462, 1.462, 1.462, 1.462, 1.462, 1.462, 1.462, 1.462, 1.462, 0, 
1.531, 1.531, 1.531, 1.531, 1.532, 1.532, 1.533, 1.533, 1.534, 1.534, 1.535, 1.535, 1.536, 1.536, 1.537, 1.537, 1.537, 1.537, 1.537, 1.537, 1.537, 1.536, 1.535, 1.535, 1.534, 1.533, 1.533, 1.533, 1.533, 1.533, 1.533, 1.533, 1.533, 1.533, 1.533, 1.533, 1.533, 1.533, 1.533, 1.533, 1.533, 1.533, 1.532, 1.532, 1.532, 1.531, 1.528, 1.527, 1.526, 1.525, 1.524, 1.523, 1.522, 1.522, 1.522, 1.523, 1.524, 1.525, 1.526, 1.527, 1.531, 1.532, 1.533, 1.533, 1.533, 1.532, 1.532, 1.528, 1.528, 1.528, 1.527, 1.527, 1.527, 1.526, 1.526, 1.525, 1.524, 1.524, 1.523, 1.522, 1.521, 1.52, 1.519, 1.518, 1.518, 1.518, 1.518, 1.518, 1.518, 1.518, 1.519, 1.519, 1.52, 1.52, 1.52, 1.52, 1.52, 1.52, 1.52, 1.52, 1.52, 1.52, 1.52, 1.52, 1.52, 1.52, 1.52, 1.52, 1.52, 1.52, 1.52, 1.52, 1.52, 1.52, 1.52, 1.52, 1.52, 1.519, 1.518, 1.518, 1.518, 1.518, 1.518, 1.518, 1.518, 1.519, 1.52, 1.52, 1.52, 1.52, 1.52, 1.52, 1.52, 1.52, 1.52, 1.519, 1.519, 1.512, 1.512, 1.5, 1.487, 1.475, 1.462, 1.45, 1.436, 1.425, 1.415, 1.408, 1.406, 1.404, 1.402, 1.4, 1.4, 1.399, 1.399, 1.399, 1.399, 1.399, 1.399, 1.399, 1.399, 1.399, 1.399, 1.399, 1.399, 1.399, 1.399, 1.399, 1.399, 1.399, 1.397, 1.397, 1.397, 1.399, 1.399, 1.399, 1.399, 1.399, 1.399, 1.399, 1.399, 1.399, 1.399, 1.399, 1.399, 1.399, 1.399, 1.397, 1.397, 1.397, 1.397, 1.397, 1.397, 1.397, 1.397, 1.397, 1.397, 1.397, 1.397, 1.397, 1.397, 1.397, 1.397, 1.397, 1.397, 1.397, 1.395, 1.393, 1.393, 1.393, 1.391, 1.391, 1.391, 1.391, 1.391, 1.393, 1.393, 1.393, 1.395, 1.397, 1.397, 1.399, 1.399, 1.399, 1.397, 1.397, 1.397, 1.395, 1.395, 1.393, 1.393, 1.393, 1.393, 1.391, 1.391, 1.391, 1.391, 1.391, 1.391, 1.391, 1.393, 1.393, 1.393, 1.395, 1.393, 1.393, 1.391, 1.39, 1.388, 1.386, 1.386, 1.384, 1.384, 1.384, 1.384, 1.386, 1.388, 1.39, 1.391, 1.393, 1.395, 1.395, 1.393, 1.393, 1.39, 1.39, 1.386, 1.386, 1.384, 1.384, 1.384, 1.384, 1.386, 1.386, 1.388, 1.39, 1.39, 1.39, 1.39, 1.39, 1.39, 1.388, 1.388, 1.388, 1.388, 1.386, 1.386, 1.386, 1.384, 1.384, 1.386, 1.386, 1.386, 1.386, 1.388, 1.388, 1.388, 1.388, 1.388, 1.388, 1.388, 1.388, 1.388, 1.388, 1.388, 1.388, 1.388, 1.386, 1.386, 1.384, 1.384, 1.384, 1.382, 1.382, 1.382, 1.382, 1.384, 1.384, 1.386, 1.386, 1.386, 1.386, 1.386, 1.386, 1.386, 1.384, 1.382, 1.382, 1.382, 1.382, 1.381, 1.381, 1.381, 1.381, 1.381, 1.381, 1.382, 1.384, 1.384, 1.386, 1.393, 1.4, 1.408, 1.417, 1.427, 1.438, 1.448, 1.458, 1.468, 1.471, 1.475, 1.479, 1.48, 1.481, 1.482, 1.483, 1.484, 1.484, 1.484, 1.483, 1.482, 1.482, 1.481, 1.48, 1.48, 1.48, 1.479, 1.478, 1.478, 1.478, 1.478, 1.478, 1.478, 1.478, 1.478, 1.478, 1.478, 1.479, 1.48, 1.48, 1.481, 1.481, 1.482, 1.482, 1.482, 1.481, 1.481, 1.48, 1.478, 1.477, 1.476, 1.474, 1.473, 1.472, 1.472, 1.471, 1.471, 1.471, 1.471, 1.472, 1.472, 1.473, 1.474, 1.474, 1.476, 1.476, 1.477, 1.478, 1.478, 1.478, 1.477, 1.476, 1.476, 1.475, 1.474, 1.474, 1.472, 1.472, 1.471, 1.471, 1.47, 1.47, 1.47, 1.469, 1.469, 1.468, 1.466, 1.466, 1.466, 1.466, 1.466, 1.466, 1.466, 1.466, 1.468, 1.47, 1.471, 1.472, 1.472, 1.472, 1.471, 1.471, 1.47, 1.468, 1.468, 1.469, 1.469, 1.47, 1.47, 1.47, 1.47, 1.471, 1.472, 1.472, 1.471, 1.47, 1.47, 1.47, 1.469, 1.469, 1.468, 1.468, 1.468, 1.468, 1.468, 1.466, 1.464, 1.464, 1.462, 1.462, 1.462, 1.462, 1.462, 1.462, 1.462, 1.462, 1.462, 1.462, 1.462, 0, 
1.531, 1.531, 1.532, 1.532, 1.533, 1.533, 1.533, 1.534, 1.534, 1.535, 1.536, 1.536, 1.537, 1.537, 1.537, 1.537, 1.537, 1.537, 1.537, 1.537, 1.537, 1.536, 1.535, 1.535, 1.534, 1.533, 1.533, 1.533, 1.533, 1.533, 1.533, 1.533, 1.533, 1.533, 1.533, 1.533, 1.533, 1.533, 1.533, 1.533, 1.533, 1.533, 1.533, 1.533, 1.532, 1.532, 1.528, 1.527, 1.526, 1.524, 1.523, 1.522, 1.521, 1.521, 1.521, 1.522, 1.523, 1.524, 1.526, 1.527, 1.531, 1.532, 1.533, 1.533, 1.532, 1.532, 1.528, 1.528, 1.527, 1.527, 1.526, 1.526, 1.526, 1.525, 1.524, 1.524, 1.523, 1.522, 1.522, 1.521, 1.52, 1.519, 1.519, 1.518, 1.518, 1.518, 1.518, 1.518, 1.519, 1.519, 1.52, 1.52, 1.52, 1.52, 1.52, 1.52, 1.52, 1.519, 1.519, 1.519, 1.519, 1.519, 1.519, 1.519, 1.519, 1.519, 1.519, 1.519, 1.52, 1.52, 1.52, 1.52, 1.52, 1.52, 1.52, 1.52, 1.519, 1.519, 1.518, 1.518, 1.518, 1.518, 1.518, 1.518, 1.519, 1.52, 1.52, 1.52, 1.52, 1.52, 1.52, 1.52, 1.52, 1.52, 1.52, 1.519, 1.519, 1.512, 1.512, 1.5, 1.486, 1.475, 1.462, 1.45, 1.436, 1.425, 1.415, 1.408, 1.406, 1.404, 1.402, 1.4, 1.399, 1.399, 1.399, 1.399, 1.399, 1.399, 1.399, 1.399, 1.399, 1.399, 1.399, 1.399, 1.399, 1.399, 1.399, 1.399, 1.399, 1.399, 1.399, 1.399, 1.399, 1.399, 1.399, 1.399, 1.399, 1.399, 1.399, 1.399, 1.399, 1.399, 1.399, 1.399, 1.397, 1.397, 1.397, 1.397, 1.397, 1.397, 1.397, 1.397, 1.397, 1.397, 1.397, 1.397, 1.397, 1.397, 1.397, 1.397, 1.397, 1.397, 1.397, 1.397, 1.397, 1.395, 1.395, 1.393, 1.393, 1.393, 1.391, 1.391, 1.391, 1.391, 1.391, 1.391, 1.393, 1.393, 1.395, 1.397, 1.397, 1.397, 1.399, 1.397, 1.397, 1.397, 1.397, 1.397, 1.395, 1.393, 1.393, 1.393, 1.393, 1.393, 1.391, 1.391, 1.391, 1.391, 1.391, 1.391, 1.393, 1.393, 1.393, 1.395, 1.395, 1.393, 1.393, 1.391, 1.39, 1.386, 1.386, 1.384, 1.384, 1.384, 1.386, 1.386, 1.388, 1.39, 1.393, 1.393, 1.395, 1.395, 1.393, 1.393, 1.391, 1.39, 1.388, 1.386, 1.386, 1.384, 1.384, 1.386, 1.386, 1.388, 1.39, 1.39, 1.391, 1.391, 1.391, 1.391, 1.39, 1.39, 1.388, 1.388, 1.388, 1.386, 1.386, 1.384, 1.384, 1.384, 1.386, 1.386, 1.386, 1.386, 1.388, 1.388, 1.388, 1.388, 1.388, 1.39, 1.388, 1.388, 1.388, 1.388, 1.388, 1.388, 1.388, 1.386, 1.386, 1.384, 1.384, 1.384, 1.382, 1.382, 1.382, 1.384, 1.384, 1.386, 1.386, 1.386, 1.386, 1.386, 1.386, 1.386, 1.384, 1.384, 1.382, 1.382, 1.382, 1.381, 1.381, 1.381, 1.381, 1.381, 1.381, 1.381, 1.382, 1.384, 1.384, 1.386, 1.393, 1.4, 1.41, 1.417, 1.429, 1.438, 1.448, 1.458, 1.466, 1.471, 1.475, 1.478, 1.479, 1.48, 1.481, 1.482, 1.483, 1.484, 1.484, 1.483, 1.482, 1.482, 1.481, 1.48, 1.48, 1.48, 1.479, 1.479, 1.478, 1.478, 1.478, 1.478, 1.477, 1.477, 1.477, 1.478, 1.478, 1.478, 1.479, 1.48, 1.48, 1.481, 1.481, 1.482, 1.482, 1.482, 1.481, 1.48, 1.479, 1.478, 1.476, 1.475, 1.474, 1.472, 1.472, 1.471, 1.47, 1.47, 1.471, 1.471, 1.472, 1.472, 1.473, 1.474, 1.475, 1.476, 1.477, 1.478, 1.478, 1.477, 1.477, 1.476, 1.475, 1.475, 1.474, 1.473, 1.472, 1.472, 1.471, 1.47, 1.47, 1.47, 1.469, 1.469, 1.468, 1.468, 1.466, 1.466, 1.466, 1.466, 1.466, 1.466, 1.466, 1.466, 1.468, 1.471, 1.471, 1.472, 1.472, 1.472, 1.472, 1.471, 1.47, 1.47, 1.47, 1.47, 1.47, 1.47, 1.47, 1.47, 1.471, 1.471, 1.472, 1.472, 1.471, 1.47, 1.47, 1.47, 1.469, 1.469, 1.468, 1.468, 1.468, 1.468, 1.466, 1.466, 1.464, 1.464, 1.462, 1.462, 1.462, 1.462, 1.462, 1.462, 1.462, 1.462, 1.46, 1.46, 1.462, 0, 
1.532, 1.532, 1.532, 1.533, 1.533, 1.533, 1.534, 1.534, 1.535, 1.536, 1.536, 1.537, 1.537, 1.537, 1.538, 1.538, 1.538, 1.538, 1.537, 1.537, 1.537, 1.536, 1.535, 1.535, 1.534, 1.533, 1.533, 1.533, 1.533, 1.533, 1.533, 1.533, 1.533, 1.533, 1.533, 1.533, 1.533, 1.533, 1.533, 1.533, 1.533, 1.533, 1.533, 1.533, 1.532, 1.532, 1.528, 1.527, 1.525, 1.524, 1.522, 1.521, 1.52, 1.52, 1.52, 1.521, 1.523, 1.524, 1.526, 1.527, 1.531, 1.532, 1.532, 1.532, 1.532, 1.531, 1.528, 1.528, 1.527, 1.526, 1.525, 1.525, 1.524, 1.524, 1.523, 1.523, 1.522, 1.521, 1.521, 1.52, 1.519, 1.519, 1.518, 1.518, 1.518, 1.518, 1.518, 1.518, 1.519, 1.52, 1.52, 1.52, 1.52, 1.52, 1.52, 1.519, 1.519, 1.518, 1.518, 1.518, 1.518, 1.518, 1.518, 1.518, 1.518, 1.518, 1.518, 1.518, 1.518, 1.518, 1.519, 1.519, 1.519, 1.519, 1.519, 1.519, 1.519, 1.518, 1.518, 1.518, 1.518, 1.518, 1.518, 1.518, 1.519, 1.52, 1.52, 1.52, 1.52, 1.52, 1.52, 1.52, 1.52, 1.52, 1.519, 1.519, 1.518, 1.512, 1.511, 1.499, 1.486, 1.474, 1.462, 1.45, 1.436, 1.425, 1.415, 1.408, 1.406, 1.404, 1.402, 1.4, 1.399, 1.399, 1.399, 1.399, 1.399, 1.399, 1.399, 1.399, 1.399, 1.399, 1.399, 1.399, 1.399, 1.399, 1.399, 1.399, 1.399, 1.399, 1.399, 1.399, 1.399, 1.399, 1.399, 1.399, 1.399, 1.4, 1.4, 1.4, 1.4, 1.399, 1.399, 1.397, 1.397, 1.397, 1.397, 1.397, 1.397, 1.397, 1.397, 1.397, 1.397, 1.397, 1.397, 1.397, 1.397, 1.397, 1.397, 1.397, 1.397, 1.397, 1.397, 1.397, 1.397, 1.395, 1.393, 1.393, 1.393, 1.391, 1.391, 1.391, 1.391, 1.391, 1.391, 1.391, 1.393, 1.393, 1.395, 1.395, 1.397, 1.397, 1.397, 1.397, 1.397, 1.397, 1.397, 1.397, 1.395, 1.393, 1.393, 1.393, 1.393, 1.393, 1.391, 1.391, 1.391, 1.391, 1.391, 1.391, 1.393, 1.393, 1.393, 1.393, 1.395, 1.393, 1.393, 1.391, 1.39, 1.388, 1.386, 1.386, 1.386, 1.386, 1.386, 1.388, 1.39, 1.391, 1.393, 1.393, 1.395, 1.395, 1.393, 1.393, 1.391, 1.39, 1.388, 1.388, 1.386, 1.386, 1.386, 1.386, 1.388, 1.39, 1.39, 1.391, 1.391, 1.393, 1.393, 1.391, 1.391, 1.39, 1.388, 1.388, 1.388, 1.386, 1.386, 1.384, 1.384, 1.384, 1.384, 1.386, 1.386, 1.386, 1.388, 1.388, 1.388, 1.39, 1.39, 1.39, 1.39, 1.39, 1.388, 1.388, 1.388, 1.388, 1.388, 1.386, 1.386, 1.384, 1.384, 1.384, 1.384, 1.384, 1.384, 1.384, 1.384, 1.386, 1.386, 1.388, 1.388, 1.388, 1.386, 1.386, 1.384, 1.384, 1.384, 1.382, 1.382, 1.381, 1.381, 1.381, 1.381, 1.381, 1.381, 1.381, 1.382, 1.384, 1.386, 1.388, 1.393, 1.402, 1.41, 1.419, 1.429, 1.438, 1.448, 1.458, 1.466, 1.47, 1.474, 1.478, 1.479, 1.48, 1.481, 1.482, 1.482, 1.483, 1.483, 1.483, 1.482, 1.482, 1.481, 1.48, 1.48, 1.48, 1.479, 1.479, 1.479, 1.479, 1.478, 1.478, 1.477, 1.476, 1.477, 1.477, 1.477, 1.478, 1.479, 1.479, 1.48, 1.48, 1.481, 1.482, 1.482, 1.482, 1.481, 1.48, 1.479, 1.478, 1.477, 1.475, 1.474, 1.473, 1.472, 1.471, 1.47, 1.47, 1.47, 1.471, 1.472, 1.472, 1.473, 1.474, 1.475, 1.476, 1.477, 1.477, 1.477, 1.477, 1.476, 1.476, 1.475, 1.474, 1.474, 1.473, 1.472, 1.471, 1.471, 1.47, 1.47, 1.47, 1.469, 1.468, 1.468, 1.466, 1.466, 1.466, 1.466, 1.466, 1.466, 1.466, 1.466, 1.468, 1.47, 1.471, 1.472, 1.472, 1.472, 1.472, 1.472, 1.471, 1.471, 1.47, 1.47, 1.47, 1.47, 1.47, 1.47, 1.47, 1.471, 1.472, 1.472, 1.472, 1.471, 1.47, 1.47, 1.47, 1.469, 1.468, 1.468, 1.468, 1.468, 1.468, 1.466, 1.466, 1.464, 1.464, 1.462, 1.462, 1.462, 1.462, 1.462, 1.462, 1.462, 1.462, 1.46, 1.46, 1.462, 0, 
1.533, 1.533, 1.533, 1.533, 1.534, 1.534, 1.534, 1.535, 1.536, 1.536, 1.537, 1.537, 1.537, 1.538, 1.538, 1.539, 1.539, 1.538, 1.538, 1.537, 1.537, 1.536, 1.535, 1.535, 1.534, 1.533, 1.533, 1.533, 1.533, 1.533, 1.533, 1.533, 1.533, 1.533, 1.533, 1.533, 1.533, 1.533, 1.533, 1.533, 1.533, 1.533, 1.533, 1.533, 1.532, 1.532, 1.527, 1.526, 1.524, 1.523, 1.521, 1.52, 1.52, 1.52, 1.52, 1.521, 1.522, 1.524, 1.526, 1.527, 1.528, 1.531, 1.532, 1.532, 1.531, 1.531, 1.528, 1.527, 1.526, 1.525, 1.524, 1.524, 1.524, 1.523, 1.522, 1.522, 1.521, 1.52, 1.52, 1.519, 1.519, 1.518, 1.518, 1.518, 1.518, 1.518, 1.518, 1.519, 1.52, 1.52, 1.52, 1.52, 1.52, 1.52, 1.519, 1.519, 1.518, 1.517, 1.517, 1.517, 1.517, 1.517, 1.517, 1.517, 1.517, 1.517, 1.517, 1.517, 1.517, 1.517, 1.518, 1.518, 1.518, 1.518, 1.518, 1.518, 1.518, 1.518, 1.518, 1.518, 1.518, 1.518, 1.518, 1.519, 1.519, 1.52, 1.52, 1.52, 1.52, 1.52, 1.52, 1.52, 1.52, 1.52, 1.519, 1.518, 1.518, 1.513, 1.511, 1.499, 1.486, 1.474, 1.462, 1.45, 1.436, 1.425, 1.415, 1.41, 1.406, 1.404, 1.402, 1.4, 1.399, 1.399, 1.397, 1.397, 1.397, 1.397, 1.399, 1.399, 1.399, 1.399, 1.399, 1.399, 1.399, 1.399, 1.399, 1.399, 1.399, 1.399, 1.399, 1.399, 1.399, 1.399, 1.399, 1.399, 1.4, 1.4, 1.4, 1.4, 1.399, 1.399, 1.399, 1.397, 1.397, 1.397, 1.397, 1.397, 1.397, 1.397, 1.397, 1.397, 1.397, 1.397, 1.397, 1.397, 1.397, 1.397, 1.397, 1.397, 1.397, 1.397, 1.397, 1.397, 1.397, 1.395, 1.393, 1.393, 1.393, 1.391, 1.391, 1.391, 1.391, 1.391, 1.391, 1.391, 1.393, 1.393, 1.395, 1.395, 1.397, 1.397, 1.397, 1.397, 1.397, 1.397, 1.397, 1.395, 1.395, 1.393, 1.393, 1.393, 1.393, 1.393, 1.391, 1.391, 1.391, 1.391, 1.391, 1.391, 1.393, 1.393, 1.393, 1.393, 1.395, 1.393, 1.393, 1.391, 1.39, 1.39, 1.388, 1.386, 1.386, 1.386, 1.388, 1.388, 1.39, 1.391, 1.393, 1.393, 1.395, 1.395, 1.393, 1.393, 1.391, 1.391, 1.39, 1.388, 1.388, 1.388, 1.388, 1.388, 1.388, 1.39, 1.391, 1.391, 1.393, 1.393, 1.393, 1.393, 1.391, 1.39, 1.39, 1.39, 1.388, 1.386, 1.386, 1.384, 1.384, 1.384, 1.384, 1.386, 1.386, 1.386, 1.388, 1.388, 1.388, 1.388, 1.39, 1.39, 1.39, 1.39, 1.39, 1.39, 1.39, 1.39, 1.39, 1.388, 1.386, 1.386, 1.386, 1.384, 1.384, 1.384, 1.384, 1.384, 1.386, 1.386, 1.388, 1.388, 1.388, 1.388, 1.388, 1.386, 1.386, 1.386, 1.384, 1.384, 1.382, 1.382, 1.381, 1.381, 1.381, 1.381, 1.382, 1.382, 1.384, 1.386, 1.388, 1.39, 1.397, 1.404, 1.412, 1.419, 1.43, 1.44, 1.448, 1.458, 1.468, 1.47, 1.474, 1.477, 1.478, 1.48, 1.48, 1.481, 1.482, 1.482, 1.482, 1.482, 1.482, 1.481, 1.481, 1.48, 1.48, 1.48, 1.479, 1.479, 1.479, 1.478, 1.478, 1.478, 1.477, 1.476, 1.476, 1.476, 1.477, 1.478, 1.478, 1.479, 1.479, 1.48, 1.481, 1.481, 1.482, 1.482, 1.482, 1.481, 1.48, 1.479, 1.477, 1.476, 1.474, 1.473, 1.472, 1.471, 1.47, 1.47, 1.47, 1.471, 1.472, 1.472, 1.473, 1.474, 1.474, 1.476, 1.476, 1.477, 1.477, 1.476, 1.476, 1.475, 1.475, 1.474, 1.474, 1.473, 1.472, 1.471, 1.47, 1.47, 1.47, 1.469, 1.469, 1.468, 1.468, 1.466, 1.466, 1.466, 1.466, 1.466, 1.466, 1.466, 1.466, 1.468, 1.471, 1.472, 1.472, 1.473, 1.474, 1.473, 1.473, 1.472, 1.471, 1.47, 1.47, 1.47, 1.47, 1.47, 1.47, 1.471, 1.471, 1.472, 1.472, 1.472, 1.471, 1.47, 1.47, 1.469, 1.469, 1.468, 1.468, 1.468, 1.468, 1.468, 1.466, 1.466, 1.464, 1.464, 1.462, 1.462, 1.462, 1.462, 1.462, 1.462, 1.462, 1.462, 1.46, 1.46, 1.462, 0, 
1.533, 1.533, 1.534, 1.534, 1.535, 1.535, 1.535, 1.536, 1.536, 1.537, 1.537, 1.537, 1.537, 1.538, 1.539, 1.539, 1.539, 1.538, 1.538, 1.537, 1.537, 1.536, 1.535, 1.535, 1.534, 1.533, 1.533, 1.533, 1.533, 1.533, 1.533, 1.533, 1.533, 1.533, 1.533, 1.533, 1.533, 1.533, 1.533, 1.533, 1.533, 1.533, 1.533, 1.533, 1.532, 1.532, 1.528, 1.525, 1.524, 1.521, 1.52, 1.52, 1.519, 1.519, 1.52, 1.521, 1.522, 1.524, 1.525, 1.528, 1.528, 1.531, 1.532, 1.532, 1.531, 1.531, 1.528, 1.528, 1.525, 1.524, 1.524, 1.524, 1.523, 1.522, 1.521, 1.521, 1.52, 1.52, 1.519, 1.519, 1.518, 1.518, 1.518, 1.518, 1.518, 1.518, 1.519, 1.52, 1.52, 1.52, 1.52, 1.52, 1.52, 1.52, 1.519, 1.518, 1.517, 1.517, 1.516, 1.516, 1.516, 1.516, 1.516, 1.516, 1.516, 1.516, 1.516, 1.516, 1.516, 1.516, 1.517, 1.517, 1.517, 1.518, 1.518, 1.518, 1.518, 1.518, 1.518, 1.518, 1.518, 1.518, 1.518, 1.519, 1.52, 1.52, 1.52, 1.52, 1.52, 1.52, 1.52, 1.52, 1.519, 1.519, 1.518, 1.518, 1.517, 1.512, 1.51, 1.496, 1.486, 1.474, 1.462, 1.45, 1.438, 1.427, 1.415, 1.41, 1.406, 1.404, 1.402, 1.4, 1.399, 1.399, 1.397, 1.397, 1.397, 1.397, 1.399, 1.399, 1.399, 1.4, 1.4, 1.4, 1.4, 1.399, 1.399, 1.399, 1.399, 1.399, 1.399, 1.399, 1.399, 1.399, 1.399, 1.4, 1.4, 1.4, 1.4, 1.4, 1.399, 1.399, 1.399, 1.397, 1.397, 1.397, 1.397, 1.397, 1.397, 1.397, 1.397, 1.397, 1.397, 1.397, 1.397, 1.397, 1.397, 1.397, 1.397, 1.397, 1.397, 1.397, 1.397, 1.397, 1.395, 1.395, 1.393, 1.393, 1.393, 1.393, 1.391, 1.391, 1.391, 1.391, 1.393, 1.393, 1.393, 1.393, 1.395, 1.395, 1.397, 1.397, 1.397, 1.397, 1.397, 1.397, 1.397, 1.395, 1.395, 1.393, 1.393, 1.393, 1.393, 1.391, 1.391, 1.391, 1.391, 1.391, 1.391, 1.391, 1.393, 1.393, 1.393, 1.395, 1.395, 1.395, 1.395, 1.393, 1.391, 1.39, 1.39, 1.388, 1.388, 1.388, 1.388, 1.39, 1.39, 1.391, 1.393, 1.393, 1.395, 1.395, 1.393, 1.393, 1.391, 1.391, 1.39, 1.39, 1.388, 1.388, 1.388, 1.39, 1.39, 1.391, 1.391, 1.393, 1.393, 1.393, 1.393, 1.393, 1.393, 1.391, 1.39, 1.39, 1.388, 1.386, 1.386, 1.386, 1.386, 1.386, 1.386, 1.386, 1.386, 1.386, 1.388, 1.388, 1.388, 1.388, 1.39, 1.39, 1.39, 1.39, 1.391, 1.391, 1.391, 1.39, 1.39, 1.39, 1.388, 1.388, 1.386, 1.386, 1.386, 1.386, 1.386, 1.386, 1.386, 1.388, 1.388, 1.388, 1.39, 1.388, 1.388, 1.388, 1.386, 1.386, 1.384, 1.384, 1.384, 1.382, 1.382, 1.382, 1.382, 1.382, 1.384, 1.384, 1.386, 1.388, 1.39, 1.391, 1.399, 1.406, 1.415, 1.423, 1.432, 1.442, 1.45, 1.458, 1.468, 1.471, 1.474, 1.477, 1.478, 1.479, 1.48, 1.481, 1.481, 1.482, 1.482, 1.481, 1.481, 1.481, 1.48, 1.48, 1.479, 1.479, 1.479, 1.478, 1.478, 1.478, 1.478, 1.477, 1.477, 1.476, 1.476, 1.476, 1.477, 1.477, 1.478, 1.478, 1.479, 1.48, 1.48, 1.481, 1.482, 1.482, 1.482, 1.481, 1.48, 1.479, 1.478, 1.476, 1.474, 1.473, 1.472, 1.471, 1.47, 1.47, 1.47, 1.471, 1.472, 1.472, 1.473, 1.474, 1.474, 1.476, 1.476, 1.477, 1.476, 1.476, 1.476, 1.475, 1.474, 1.474, 1.473, 1.472, 1.472, 1.471, 1.47, 1.47, 1.47, 1.469, 1.468, 1.468, 1.468, 1.466, 1.466, 1.466, 1.466, 1.466, 1.466, 1.468, 1.468, 1.468, 1.472, 1.472, 1.473, 1.474, 1.475, 1.474, 1.473, 1.472, 1.471, 1.47, 1.47, 1.47, 1.47, 1.47, 1.47, 1.471, 1.472, 1.472, 1.472, 1.472, 1.471, 1.47, 1.47, 1.469, 1.468, 1.468, 1.468, 1.468, 1.468, 1.468, 1.466, 1.466, 1.464, 1.464, 1.462, 1.462, 1.462, 1.462, 1.462, 1.462, 1.462, 1.462, 1.462, 1.462, 1.462, 0, 
1.534, 1.534, 1.534, 1.535, 1.535, 1.535, 1.536, 1.536, 1.537, 1.537, 1.537, 1.537, 1.537, 1.538, 1.538, 1.539, 1.539, 1.538, 1.538, 1.537, 1.537, 1.536, 1.535, 1.535, 1.534, 1.533, 1.533, 1.533, 1.533, 1.533, 1.533, 1.533, 1.532, 1.532, 1.532, 1.532, 1.532, 1.532, 1.532, 1.533, 1.533, 1.533, 1.533, 1.533, 1.532, 1.531, 1.528, 1.524, 1.524, 1.52, 1.52, 1.519, 1.518, 1.519, 1.519, 1.52, 1.522, 1.523, 1.524, 1.528, 1.528, 1.531, 1.531, 1.531, 1.531, 1.531, 1.528, 1.528, 1.524, 1.524, 1.523, 1.523, 1.522, 1.521, 1.52, 1.52, 1.52, 1.519, 1.518, 1.518, 1.518, 1.518, 1.518, 1.518, 1.518, 1.519, 1.52, 1.52, 1.52, 1.52, 1.52, 1.52, 1.52, 1.519, 1.518, 1.518, 1.517, 1.516, 1.516, 1.516, 1.516, 1.516, 1.516, 1.516, 1.516, 1.513, 1.513, 1.513, 1.513, 1.513, 1.513, 1.516, 1.517, 1.517, 1.517, 1.518, 1.518, 1.518, 1.518, 1.518, 1.518, 1.518, 1.519, 1.519, 1.52, 1.52, 1.52, 1.52, 1.52, 1.52, 1.52, 1.519, 1.519, 1.518, 1.518, 1.517, 1.517, 1.511, 1.51, 1.496, 1.485, 1.473, 1.462, 1.45, 1.438, 1.427, 1.415, 1.41, 1.406, 1.404, 1.402, 1.4, 1.399, 1.399, 1.397, 1.397, 1.397, 1.397, 1.399, 1.399, 1.4, 1.4, 1.4, 1.4, 1.4, 1.4, 1.4, 1.4, 1.4, 1.399, 1.399, 1.399, 1.4, 1.4, 1.4, 1.4, 1.4, 1.4, 1.4, 1.4, 1.4, 1.399, 1.399, 1.397, 1.397, 1.397, 1.397, 1.397, 1.397, 1.397, 1.397, 1.397, 1.397, 1.397, 1.397, 1.397, 1.397, 1.397, 1.397, 1.397, 1.397, 1.397, 1.397, 1.397, 1.395, 1.395, 1.393, 1.393, 1.393, 1.393, 1.393, 1.393, 1.393, 1.393, 1.393, 1.393, 1.393, 1.393, 1.393, 1.395, 1.397, 1.397, 1.397, 1.397, 1.397, 1.397, 1.395, 1.395, 1.393, 1.393, 1.393, 1.393, 1.393, 1.391, 1.391, 1.391, 1.391, 1.391, 1.391, 1.391, 1.393, 1.393, 1.393, 1.395, 1.395, 1.395, 1.395, 1.393, 1.391, 1.391, 1.39, 1.39, 1.388, 1.388, 1.39, 1.39, 1.39, 1.391, 1.393, 1.393, 1.395, 1.395, 1.395, 1.393, 1.393, 1.391, 1.391, 1.39, 1.39, 1.39, 1.39, 1.39, 1.391, 1.391, 1.393, 1.393, 1.395, 1.395, 1.395, 1.395, 1.393, 1.393, 1.391, 1.39, 1.39, 1.388, 1.388, 1.386, 1.386, 1.386, 1.386, 1.386, 1.386, 1.386, 1.386, 1.386, 1.388, 1.388, 1.388, 1.39, 1.39, 1.391, 1.391, 1.391, 1.393, 1.391, 1.39, 1.39, 1.39, 1.388, 1.388, 1.386, 1.386, 1.386, 1.386, 1.386, 1.386, 1.388, 1.388, 1.39, 1.39, 1.388, 1.388, 1.386, 1.386, 1.386, 1.384, 1.384, 1.384, 1.382, 1.382, 1.382, 1.382, 1.382, 1.384, 1.384, 1.386, 1.39, 1.39, 1.395, 1.4, 1.41, 1.417, 1.427, 1.434, 1.444, 1.452, 1.46, 1.468, 1.471, 1.475, 1.476, 1.478, 1.479, 1.48, 1.48, 1.481, 1.481, 1.481, 1.48, 1.48, 1.48, 1.479, 1.479, 1.479, 1.478, 1.478, 1.478, 1.478, 1.478, 1.478, 1.477, 1.477, 1.476, 1.476, 1.476, 1.476, 1.477, 1.478, 1.478, 1.479, 1.479, 1.48, 1.481, 1.482, 1.482, 1.482, 1.482, 1.481, 1.48, 1.479, 1.476, 1.474, 1.473, 1.472, 1.471, 1.47, 1.47, 1.47, 1.471, 1.472, 1.472, 1.472, 1.474, 1.474, 1.475, 1.476, 1.476, 1.476, 1.476, 1.475, 1.474, 1.474, 1.474, 1.473, 1.472, 1.471, 1.47, 1.47, 1.47, 1.47, 1.469, 1.468, 1.468, 1.468, 1.468, 1.466, 1.466, 1.466, 1.466, 1.466, 1.468, 1.468, 1.471, 1.472, 1.473, 1.474, 1.475, 1.476, 1.475, 1.474, 1.473, 1.472, 1.471, 1.47, 1.47, 1.47, 1.47, 1.47, 1.471, 1.472, 1.472, 1.472, 1.471, 1.471, 1.47, 1.469, 1.469, 1.468, 1.468, 1.468, 1.468, 1.468, 1.466, 1.466, 1.466, 1.466, 1.464, 1.464, 1.462, 1.462, 1.462, 1.462, 1.462, 1.462, 1.462, 1.462, 1.462, 1.464, 0, 
1.535, 1.535, 1.535, 1.536, 1.536, 1.536, 1.537, 1.537, 1.537, 1.537, 1.537, 1.537, 1.537, 1.537, 1.538, 1.538, 1.538, 1.538, 1.537, 1.537, 1.537, 1.536, 1.535, 1.535, 1.534, 1.533, 1.533, 1.533, 1.533, 1.533, 1.532, 1.532, 1.532, 1.532, 1.531, 1.531, 1.531, 1.531, 1.532, 1.532, 1.533, 1.533, 1.533, 1.533, 1.532, 1.528, 1.528, 1.524, 1.523, 1.52, 1.52, 1.519, 1.518, 1.518, 1.519, 1.52, 1.522, 1.523, 1.524, 1.528, 1.528, 1.531, 1.531, 1.531, 1.531, 1.531, 1.528, 1.527, 1.524, 1.524, 1.523, 1.522, 1.522, 1.521, 1.52, 1.52, 1.52, 1.519, 1.518, 1.518, 1.518, 1.518, 1.518, 1.518, 1.519, 1.519, 1.52, 1.52, 1.521, 1.521, 1.52, 1.52, 1.52, 1.519, 1.518, 1.518, 1.517, 1.516, 1.516, 1.516, 1.516, 1.516, 1.513, 1.513, 1.513, 1.513, 1.513, 1.512, 1.512, 1.513, 1.513, 1.513, 1.513, 1.517, 1.517, 1.517, 1.518, 1.518, 1.518, 1.518, 1.518, 1.519, 1.519, 1.52, 1.52, 1.52, 1.52, 1.52, 1.52, 1.52, 1.519, 1.519, 1.518, 1.518, 1.517, 1.517, 1.513, 1.509, 1.505, 1.496, 1.484, 1.472, 1.46, 1.45, 1.438, 1.427, 1.417, 1.412, 1.408, 1.406, 1.404, 1.4, 1.399, 1.399, 1.397, 1.397, 1.397, 1.397, 1.399, 1.399, 1.4, 1.4, 1.4, 1.4, 1.402, 1.4, 1.4, 1.4, 1.4, 1.4, 1.4, 1.4, 1.4, 1.4, 1.4, 1.4, 1.4, 1.4, 1.4, 1.4, 1.4, 1.399, 1.399, 1.397, 1.397, 1.397, 1.397, 1.397, 1.397, 1.397, 1.397, 1.397, 1.397, 1.397, 1.397, 1.397, 1.397, 1.397, 1.397, 1.397, 1.397, 1.397, 1.397, 1.395, 1.395, 1.393, 1.393, 1.393, 1.393, 1.393, 1.393, 1.393, 1.393, 1.393, 1.393, 1.393, 1.393, 1.393, 1.393, 1.395, 1.397, 1.397, 1.397, 1.397, 1.397, 1.397, 1.395, 1.393, 1.393, 1.393, 1.393, 1.393, 1.391, 1.391, 1.391, 1.391, 1.391, 1.391, 1.393, 1.393, 1.393, 1.393, 1.395, 1.395, 1.395, 1.395, 1.395, 1.393, 1.391, 1.391, 1.391, 1.39, 1.39, 1.39, 1.39, 1.39, 1.39, 1.393, 1.393, 1.393, 1.395, 1.397, 1.397, 1.395, 1.393, 1.393, 1.393, 1.393, 1.393, 1.393, 1.393, 1.393, 1.393, 1.393, 1.393, 1.395, 1.395, 1.395, 1.395, 1.395, 1.393, 1.393, 1.393, 1.391, 1.39, 1.39, 1.388, 1.388, 1.386, 1.386, 1.386, 1.386, 1.386, 1.386, 1.386, 1.386, 1.386, 1.386, 1.388, 1.388, 1.39, 1.39, 1.39, 1.391, 1.391, 1.391, 1.391, 1.39, 1.39, 1.39, 1.388, 1.388, 1.386, 1.386, 1.386, 1.386, 1.388, 1.388, 1.388, 1.39, 1.39, 1.388, 1.388, 1.386, 1.386, 1.386, 1.384, 1.384, 1.384, 1.382, 1.382, 1.382, 1.382, 1.384, 1.384, 1.386, 1.388, 1.39, 1.393, 1.397, 1.404, 1.412, 1.419, 1.429, 1.438, 1.446, 1.454, 1.462, 1.468, 1.472, 1.475, 1.476, 1.478, 1.479, 1.48, 1.48, 1.48, 1.48, 1.48, 1.48, 1.479, 1.479, 1.478, 1.478, 1.478, 1.478, 1.478, 1.478, 1.478, 1.478, 1.478, 1.477, 1.477, 1.476, 1.476, 1.476, 1.476, 1.477, 1.478, 1.478, 1.478, 1.479, 1.48, 1.481, 1.482, 1.482, 1.483, 1.482, 1.482, 1.481, 1.48, 1.476, 1.475, 1.474, 1.472, 1.471, 1.47, 1.47, 1.47, 1.471, 1.471, 1.472, 1.472, 1.473, 1.474, 1.475, 1.476, 1.476, 1.476, 1.476, 1.475, 1.474, 1.474, 1.474, 1.473, 1.472, 1.471, 1.47, 1.47, 1.47, 1.47, 1.468, 1.468, 1.468, 1.468, 1.468, 1.466, 1.466, 1.466, 1.466, 1.466, 1.468, 1.468, 1.471, 1.472, 1.474, 1.475, 1.477, 1.477, 1.476, 1.475, 1.473, 1.472, 1.471, 1.47, 1.47, 1.47, 1.47, 1.47, 1.471, 1.472, 1.472, 1.472, 1.471, 1.471, 1.468, 1.468, 1.468, 1.468, 1.468, 1.468, 1.468, 1.466, 1.466, 1.466, 1.466, 1.464, 1.464, 1.464, 1.464, 1.464, 1.462, 1.462, 1.462, 1.464, 1.464, 1.464, 1.464, 1.464, 0, 
1.535, 1.535, 1.536, 1.536, 1.537, 1.537, 1.537, 1.537, 1.537, 1.537, 1.537, 1.537, 1.537, 1.537, 1.537, 1.537, 1.537, 1.537, 1.537, 1.537, 1.537, 1.536, 1.535, 1.535, 1.534, 1.533, 1.533, 1.533, 1.533, 1.532, 1.532, 1.531, 1.531, 1.528, 1.528, 1.528, 1.528, 1.528, 1.531, 1.532, 1.533, 1.533, 1.533, 1.533, 1.532, 1.528, 1.527, 1.523, 1.522, 1.521, 1.52, 1.519, 1.518, 1.519, 1.52, 1.521, 1.522, 1.524, 1.525, 1.528, 1.528, 1.531, 1.531, 1.531, 1.531, 1.528, 1.527, 1.526, 1.525, 1.524, 1.522, 1.522, 1.521, 1.52, 1.52, 1.52, 1.52, 1.519, 1.518, 1.518, 1.518, 1.518, 1.518, 1.518, 1.519, 1.52, 1.52, 1.521, 1.521, 1.521, 1.521, 1.52, 1.52, 1.519, 1.518, 1.518, 1.517, 1.516, 1.516, 1.516, 1.516, 1.516, 1.513, 1.513, 1.513, 1.512, 1.512, 1.511, 1.511, 1.512, 1.512, 1.513, 1.513, 1.513, 1.516, 1.517, 1.518, 1.518, 1.518, 1.518, 1.519, 1.519, 1.52, 1.52, 1.52, 1.52, 1.52, 1.52, 1.52, 1.519, 1.519, 1.518, 1.518, 1.517, 1.517, 1.516, 1.512, 1.508, 1.505, 1.495, 1.482, 1.471, 1.46, 1.448, 1.438, 1.427, 1.417, 1.412, 1.408, 1.406, 1.404, 1.402, 1.399, 1.399, 1.397, 1.397, 1.397, 1.397, 1.399, 1.399, 1.4, 1.4, 1.4, 1.402, 1.402, 1.402, 1.402, 1.4, 1.4, 1.4, 1.4, 1.4, 1.4, 1.4, 1.4, 1.4, 1.4, 1.4, 1.4, 1.4, 1.4, 1.399, 1.399, 1.397, 1.397, 1.397, 1.397, 1.397, 1.397, 1.397, 1.397, 1.397, 1.397, 1.397, 1.397, 1.397, 1.397, 1.397, 1.397, 1.397, 1.397, 1.397, 1.397, 1.395, 1.395, 1.393, 1.393, 1.393, 1.393, 1.393, 1.393, 1.393, 1.393, 1.393, 1.393, 1.393, 1.393, 1.393, 1.393, 1.395, 1.395, 1.397, 1.397, 1.397, 1.397, 1.397, 1.395, 1.393, 1.393, 1.393, 1.391, 1.391, 1.391, 1.391, 1.391, 1.391, 1.391, 1.393, 1.393, 1.393, 1.393, 1.393, 1.395, 1.395, 1.395, 1.395, 1.395, 1.393, 1.391, 1.391, 1.391, 1.39, 1.39, 1.39, 1.39, 1.39, 1.39, 1.391, 1.393, 1.393, 1.395, 1.397, 1.397, 1.397, 1.397, 1.395, 1.395, 1.395, 1.395, 1.393, 1.393, 1.393, 1.393, 1.393, 1.393, 1.393, 1.393, 1.395, 1.395, 1.393, 1.393, 1.393, 1.393, 1.391, 1.39, 1.39, 1.39, 1.388, 1.388, 1.386, 1.386, 1.386, 1.384, 1.384, 1.384, 1.384, 1.384, 1.384, 1.386, 1.386, 1.388, 1.39, 1.39, 1.39, 1.391, 1.391, 1.391, 1.39, 1.39, 1.39, 1.388, 1.388, 1.386, 1.386, 1.386, 1.386, 1.388, 1.388, 1.388, 1.39, 1.39, 1.388, 1.388, 1.386, 1.386, 1.386, 1.384, 1.384, 1.384, 1.382, 1.382, 1.382, 1.382, 1.384, 1.384, 1.386, 1.388, 1.391, 1.395, 1.4, 1.406, 1.415, 1.423, 1.432, 1.442, 1.45, 1.456, 1.464, 1.468, 1.472, 1.475, 1.476, 1.478, 1.479, 1.48, 1.48, 1.48, 1.48, 1.479, 1.479, 1.478, 1.478, 1.478, 1.478, 1.478, 1.478, 1.478, 1.478, 1.478, 1.478, 1.478, 1.478, 1.477, 1.476, 1.476, 1.476, 1.476, 1.477, 1.478, 1.478, 1.478, 1.479, 1.48, 1.481, 1.482, 1.483, 1.483, 1.483, 1.482, 1.481, 1.48, 1.477, 1.476, 1.474, 1.472, 1.471, 1.47, 1.47, 1.47, 1.47, 1.471, 1.472, 1.472, 1.473, 1.474, 1.475, 1.476, 1.476, 1.476, 1.476, 1.475, 1.474, 1.474, 1.473, 1.472, 1.472, 1.471, 1.47, 1.47, 1.47, 1.47, 1.469, 1.468, 1.468, 1.468, 1.468, 1.468, 1.466, 1.466, 1.468, 1.468, 1.468, 1.468, 1.472, 1.473, 1.474, 1.476, 1.477, 1.477, 1.477, 1.475, 1.474, 1.472, 1.471, 1.471, 1.47, 1.47, 1.47, 1.47, 1.471, 1.471, 1.472, 1.471, 1.471, 1.468, 1.468, 1.468, 1.468, 1.466, 1.466, 1.466, 1.466, 1.466, 1.466, 1.466, 1.466, 1.464, 1.464, 1.464, 1.464, 1.464, 1.464, 1.464, 1.464, 1.464, 1.466, 1.464, 1.464, 1.466, 0, 
1.536, 1.536, 1.537, 1.537, 1.537, 1.537, 1.537, 1.537, 1.537, 1.537, 1.537, 1.537, 1.537, 1.537, 1.537, 1.537, 1.537, 1.537, 1.537, 1.537, 1.536, 1.536, 1.535, 1.535, 1.534, 1.533, 1.533, 1.533, 1.533, 1.532, 1.531, 1.528, 1.528, 1.528, 1.528, 1.528, 1.528, 1.528, 1.528, 1.532, 1.533, 1.533, 1.533, 1.533, 1.532, 1.527, 1.527, 1.524, 1.522, 1.521, 1.52, 1.519, 1.519, 1.519, 1.52, 1.521, 1.523, 1.524, 1.526, 1.527, 1.531, 1.531, 1.531, 1.531, 1.531, 1.528, 1.527, 1.526, 1.524, 1.524, 1.522, 1.521, 1.521, 1.52, 1.52, 1.52, 1.52, 1.519, 1.518, 1.518, 1.518, 1.518, 1.518, 1.519, 1.519, 1.52, 1.52, 1.521, 1.522, 1.522, 1.521, 1.52, 1.52, 1.519, 1.518, 1.518, 1.517, 1.516, 1.516, 1.516, 1.516, 1.513, 1.513, 1.513, 1.512, 1.511, 1.511, 1.511, 1.511, 1.511, 1.511, 1.512, 1.513, 1.513, 1.513, 1.517, 1.517, 1.518, 1.518, 1.519, 1.519, 1.52, 1.52, 1.52, 1.52, 1.52, 1.52, 1.52, 1.52, 1.519, 1.518, 1.518, 1.517, 1.517, 1.516, 1.512, 1.512, 1.507, 1.5, 1.489, 1.48, 1.468, 1.456, 1.446, 1.436, 1.427, 1.417, 1.412, 1.408, 1.406, 1.404, 1.402, 1.4, 1.399, 1.397, 1.397, 1.397, 1.397, 1.399, 1.399, 1.4, 1.4, 1.4, 1.402, 1.402, 1.402, 1.402, 1.402, 1.402, 1.4, 1.4, 1.4, 1.4, 1.4, 1.4, 1.4, 1.4, 1.4, 1.4, 1.4, 1.4, 1.399, 1.399, 1.399, 1.397, 1.397, 1.397, 1.397, 1.397, 1.397, 1.397, 1.397, 1.397, 1.397, 1.397, 1.397, 1.399, 1.399, 1.399, 1.397, 1.397, 1.397, 1.397, 1.395, 1.395, 1.393, 1.393, 1.393, 1.393, 1.393, 1.393, 1.393, 1.393, 1.393, 1.393, 1.393, 1.393, 1.393, 1.393, 1.395, 1.395, 1.397, 1.397, 1.397, 1.397, 1.395, 1.395, 1.393, 1.393, 1.393, 1.391, 1.391, 1.391, 1.391, 1.391, 1.391, 1.393, 1.393, 1.393, 1.393, 1.393, 1.395, 1.395, 1.395, 1.395, 1.395, 1.395, 1.393, 1.391, 1.391, 1.39, 1.39, 1.39, 1.39, 1.39, 1.39, 1.39, 1.391, 1.393, 1.393, 1.393, 1.395, 1.397, 1.397, 1.397, 1.397, 1.397, 1.397, 1.397, 1.395, 1.395, 1.395, 1.395, 1.393, 1.393, 1.393, 1.393, 1.393, 1.393, 1.393, 1.393, 1.393, 1.393, 1.393, 1.391, 1.39, 1.39, 1.388, 1.388, 1.386, 1.386, 1.384, 1.384, 1.384, 1.384, 1.384, 1.384, 1.384, 1.384, 1.386, 1.386, 1.388, 1.39, 1.39, 1.39, 1.39, 1.39, 1.39, 1.39, 1.39, 1.388, 1.386, 1.386, 1.386, 1.386, 1.386, 1.386, 1.388, 1.388, 1.388, 1.388, 1.388, 1.388, 1.386, 1.386, 1.386, 1.384, 1.384, 1.384, 1.382, 1.382, 1.382, 1.382, 1.384, 1.384, 1.386, 1.388, 1.391, 1.397, 1.402, 1.41, 1.417, 1.427, 1.436, 1.444, 1.452, 1.46, 1.466, 1.471, 1.473, 1.476, 1.477, 1.478, 1.479, 1.48, 1.48, 1.48, 1.48, 1.479, 1.478, 1.478, 1.477, 1.477, 1.477, 1.477, 1.477, 1.478, 1.478, 1.478, 1.478, 1.478, 1.478, 1.477, 1.476, 1.476, 1.476, 1.476, 1.477, 1.478, 1.478, 1.479, 1.479, 1.48, 1.482, 1.482, 1.483, 1.484, 1.483, 1.483, 1.482, 1.481, 1.477, 1.476, 1.474, 1.473, 1.472, 1.471, 1.47, 1.47, 1.47, 1.471, 1.472, 1.472, 1.473, 1.474, 1.474, 1.475, 1.476, 1.476, 1.475, 1.475, 1.474, 1.474, 1.473, 1.472, 1.472, 1.471, 1.47, 1.47, 1.47, 1.47, 1.47, 1.468, 1.468, 1.468, 1.468, 1.468, 1.468, 1.468, 1.468, 1.468, 1.471, 1.471, 1.472, 1.472, 1.475, 1.476, 1.477, 1.478, 1.477, 1.476, 1.474, 1.473, 1.472, 1.471, 1.47, 1.47, 1.47, 1.47, 1.47, 1.471, 1.471, 1.471, 1.47, 1.468, 1.468, 1.466, 1.466, 1.466, 1.466, 1.466, 1.466, 1.466, 1.466, 1.466, 1.466, 1.464, 1.464, 1.464, 1.464, 1.464, 1.464, 1.464, 1.466, 1.466, 1.466, 1.466, 1.466, 1.466, 0, 
1.537, 1.537, 1.537, 1.537, 1.537, 1.537, 1.537, 1.537, 1.537, 1.537, 1.537, 1.536, 1.536, 1.537, 1.537, 1.537, 1.537, 1.537, 1.537, 1.537, 1.536, 1.536, 1.535, 1.535, 1.534, 1.533, 1.533, 1.533, 1.533, 1.532, 1.531, 1.528, 1.528, 1.528, 1.528, 1.528, 1.528, 1.528, 1.528, 1.532, 1.532, 1.533, 1.533, 1.533, 1.532, 1.528, 1.527, 1.524, 1.522, 1.521, 1.52, 1.52, 1.52, 1.52, 1.521, 1.522, 1.524, 1.525, 1.526, 1.527, 1.531, 1.531, 1.531, 1.531, 1.531, 1.528, 1.527, 1.526, 1.524, 1.524, 1.522, 1.521, 1.52, 1.52, 1.52, 1.52, 1.52, 1.519, 1.518, 1.518, 1.518, 1.518, 1.519, 1.519, 1.52, 1.52, 1.521, 1.521, 1.522, 1.522, 1.521, 1.52, 1.52, 1.519, 1.518, 1.518, 1.517, 1.516, 1.516, 1.516, 1.516, 1.513, 1.513, 1.512, 1.512, 1.511, 1.51, 1.51, 1.51, 1.51, 1.511, 1.511, 1.512, 1.513, 1.513, 1.516, 1.517, 1.518, 1.518, 1.519, 1.52, 1.52, 1.52, 1.52, 1.52, 1.52, 1.52, 1.52, 1.519, 1.518, 1.518, 1.517, 1.517, 1.516, 1.513, 1.512, 1.509, 1.505, 1.5, 1.489, 1.479, 1.466, 1.456, 1.446, 1.436, 1.427, 1.417, 1.412, 1.408, 1.406, 1.404, 1.402, 1.4, 1.399, 1.399, 1.399, 1.399, 1.399, 1.399, 1.399, 1.4, 1.4, 1.402, 1.402, 1.402, 1.402, 1.402, 1.402, 1.402, 1.402, 1.4, 1.4, 1.4, 1.4, 1.4, 1.4, 1.4, 1.4, 1.4, 1.4, 1.4, 1.399, 1.399, 1.399, 1.399, 1.397, 1.397, 1.397, 1.397, 1.397, 1.397, 1.399, 1.399, 1.399, 1.399, 1.399, 1.399, 1.399, 1.399, 1.399, 1.397, 1.397, 1.397, 1.397, 1.395, 1.395, 1.395, 1.393, 1.393, 1.393, 1.393, 1.393, 1.393, 1.393, 1.393, 1.393, 1.393, 1.393, 1.393, 1.395, 1.395, 1.397, 1.397, 1.397, 1.397, 1.395, 1.395, 1.393, 1.393, 1.391, 1.391, 1.391, 1.391, 1.391, 1.391, 1.391, 1.393, 1.393, 1.393, 1.393, 1.395, 1.395, 1.395, 1.395, 1.395, 1.395, 1.393, 1.393, 1.391, 1.39, 1.39, 1.39, 1.39, 1.39, 1.39, 1.39, 1.39, 1.39, 1.391, 1.393, 1.393, 1.395, 1.397, 1.397, 1.397, 1.397, 1.397, 1.397, 1.397, 1.397, 1.395, 1.395, 1.393, 1.393, 1.393, 1.393, 1.393, 1.393, 1.393, 1.393, 1.393, 1.393, 1.393, 1.393, 1.391, 1.39, 1.39, 1.39, 1.388, 1.388, 1.386, 1.384, 1.384, 1.384, 1.384, 1.384, 1.384, 1.384, 1.384, 1.384, 1.386, 1.388, 1.388, 1.39, 1.39, 1.39, 1.39, 1.39, 1.39, 1.388, 1.386, 1.386, 1.386, 1.386, 1.386, 1.386, 1.386, 1.386, 1.388, 1.388, 1.388, 1.388, 1.388, 1.386, 1.386, 1.386, 1.384, 1.384, 1.384, 1.384, 1.384, 1.384, 1.384, 1.384, 1.384, 1.386, 1.388, 1.393, 1.399, 1.404, 1.412, 1.421, 1.43, 1.438, 1.448, 1.456, 1.462, 1.468, 1.472, 1.475, 1.476, 1.477, 1.479, 1.48, 1.48, 1.48, 1.48, 1.479, 1.478, 1.478, 1.477, 1.476, 1.476, 1.476, 1.476, 1.476, 1.477, 1.478, 1.478, 1.478, 1.478, 1.478, 1.477, 1.477, 1.476, 1.476, 1.477, 1.477, 1.478, 1.478, 1.479, 1.48, 1.481, 1.482, 1.483, 1.483, 1.484, 1.484, 1.483, 1.482, 1.48, 1.477, 1.476, 1.474, 1.473, 1.472, 1.471, 1.47, 1.47, 1.47, 1.471, 1.472, 1.472, 1.473, 1.474, 1.474, 1.475, 1.476, 1.476, 1.476, 1.475, 1.474, 1.474, 1.473, 1.472, 1.472, 1.471, 1.47, 1.47, 1.47, 1.47, 1.47, 1.468, 1.468, 1.468, 1.468, 1.468, 1.468, 1.468, 1.468, 1.468, 1.471, 1.472, 1.472, 1.472, 1.476, 1.477, 1.477, 1.478, 1.477, 1.476, 1.474, 1.473, 1.472, 1.471, 1.47, 1.47, 1.47, 1.47, 1.47, 1.47, 1.47, 1.47, 1.468, 1.468, 1.466, 1.466, 1.466, 1.466, 1.466, 1.466, 1.466, 1.466, 1.466, 1.466, 1.466, 1.464, 1.464, 1.464, 1.464, 1.466, 1.466, 1.466, 1.466, 1.466, 1.466, 1.466, 1.466, 1.468, 0, 
1.537, 1.537, 1.537, 1.537, 1.537, 1.537, 1.537, 1.537, 1.537, 1.536, 1.536, 1.535, 1.536, 1.536, 1.536, 1.537, 1.537, 1.537, 1.537, 1.537, 1.536, 1.535, 1.535, 1.535, 1.534, 1.534, 1.533, 1.533, 1.533, 1.532, 1.528, 1.528, 1.528, 1.528, 1.528, 1.528, 1.528, 1.528, 1.528, 1.532, 1.532, 1.533, 1.533, 1.533, 1.533, 1.528, 1.528, 1.524, 1.523, 1.522, 1.521, 1.521, 1.521, 1.521, 1.522, 1.523, 1.525, 1.526, 1.527, 1.528, 1.531, 1.531, 1.531, 1.531, 1.528, 1.528, 1.527, 1.526, 1.524, 1.524, 1.522, 1.521, 1.521, 1.52, 1.52, 1.52, 1.52, 1.519, 1.519, 1.519, 1.519, 1.519, 1.519, 1.52, 1.52, 1.52, 1.521, 1.522, 1.522, 1.522, 1.521, 1.52, 1.52, 1.519, 1.518, 1.518, 1.517, 1.516, 1.516, 1.516, 1.516, 1.513, 1.513, 1.512, 1.511, 1.511, 1.51, 1.509, 1.509, 1.509, 1.51, 1.511, 1.512, 1.513, 1.513, 1.516, 1.517, 1.518, 1.519, 1.52, 1.52, 1.521, 1.521, 1.521, 1.521, 1.52, 1.52, 1.52, 1.519, 1.518, 1.517, 1.517, 1.516, 1.513, 1.513, 1.511, 1.507, 1.504, 1.494, 1.483, 1.474, 1.464, 1.452, 1.442, 1.434, 1.425, 1.419, 1.413, 1.41, 1.406, 1.404, 1.402, 1.4, 1.4, 1.399, 1.399, 1.399, 1.399, 1.4, 1.4, 1.4, 1.402, 1.402, 1.402, 1.402, 1.402, 1.402, 1.402, 1.402, 1.402, 1.4, 1.4, 1.4, 1.4, 1.4, 1.4, 1.4, 1.4, 1.4, 1.4, 1.4, 1.399, 1.399, 1.399, 1.399, 1.399, 1.399, 1.399, 1.399, 1.399, 1.399, 1.399, 1.399, 1.399, 1.399, 1.399, 1.399, 1.399, 1.399, 1.399, 1.399, 1.397, 1.397, 1.397, 1.397, 1.395, 1.395, 1.395, 1.395, 1.393, 1.393, 1.393, 1.393, 1.393, 1.393, 1.393, 1.393, 1.393, 1.395, 1.395, 1.397, 1.397, 1.397, 1.397, 1.397, 1.395, 1.395, 1.393, 1.393, 1.391, 1.391, 1.391, 1.391, 1.391, 1.391, 1.391, 1.393, 1.393, 1.393, 1.395, 1.395, 1.395, 1.395, 1.395, 1.395, 1.395, 1.393, 1.391, 1.391, 1.39, 1.39, 1.39, 1.388, 1.388, 1.388, 1.388, 1.39, 1.39, 1.391, 1.393, 1.393, 1.395, 1.397, 1.397, 1.397, 1.397, 1.399, 1.397, 1.397, 1.397, 1.395, 1.395, 1.393, 1.393, 1.393, 1.391, 1.391, 1.391, 1.391, 1.393, 1.393, 1.393, 1.393, 1.393, 1.393, 1.391, 1.39, 1.39, 1.388, 1.388, 1.386, 1.384, 1.384, 1.384, 1.382, 1.382, 1.382, 1.382, 1.382, 1.384, 1.386, 1.386, 1.388, 1.39, 1.39, 1.39, 1.39, 1.39, 1.39, 1.388, 1.386, 1.386, 1.386, 1.386, 1.386, 1.386, 1.386, 1.386, 1.386, 1.388, 1.388, 1.388, 1.386, 1.386, 1.386, 1.386, 1.384, 1.384, 1.384, 1.384, 1.384, 1.384, 1.384, 1.384, 1.384, 1.386, 1.388, 1.393, 1.399, 1.406, 1.413, 1.423, 1.432, 1.442, 1.452, 1.458, 1.464, 1.468, 1.473, 1.476, 1.477, 1.478, 1.479, 1.48, 1.48, 1.48, 1.48, 1.479, 1.478, 1.477, 1.476, 1.476, 1.476, 1.476, 1.476, 1.476, 1.477, 1.478, 1.478, 1.478, 1.478, 1.478, 1.478, 1.477, 1.477, 1.477, 1.477, 1.478, 1.478, 1.479, 1.479, 1.48, 1.481, 1.482, 1.483, 1.484, 1.484, 1.484, 1.483, 1.482, 1.48, 1.478, 1.476, 1.474, 1.473, 1.472, 1.471, 1.47, 1.47, 1.47, 1.471, 1.472, 1.472, 1.473, 1.474, 1.474, 1.475, 1.476, 1.476, 1.476, 1.475, 1.474, 1.474, 1.474, 1.472, 1.472, 1.471, 1.47, 1.47, 1.47, 1.47, 1.47, 1.47, 1.47, 1.468, 1.468, 1.468, 1.468, 1.468, 1.468, 1.47, 1.471, 1.472, 1.472, 1.473, 1.476, 1.476, 1.477, 1.477, 1.477, 1.475, 1.474, 1.473, 1.472, 1.471, 1.47, 1.47, 1.47, 1.47, 1.47, 1.47, 1.47, 1.47, 1.468, 1.466, 1.466, 1.466, 1.466, 1.466, 1.464, 1.464, 1.464, 1.464, 1.464, 1.464, 1.464, 1.464, 1.464, 1.464, 1.466, 1.466, 1.466, 1.466, 1.466, 1.468, 1.468, 1.468, 1.468, 1.47, 0, 
1.538, 1.538, 1.538, 1.538, 1.537, 1.537, 1.537, 1.537, 1.536, 1.536, 1.535, 1.535, 1.535, 1.535, 1.535, 1.536, 1.537, 1.537, 1.537, 1.537, 1.536, 1.535, 1.535, 1.535, 1.535, 1.534, 1.533, 1.533, 1.533, 1.532, 1.528, 1.528, 1.528, 1.528, 1.528, 1.528, 1.528, 1.528, 1.528, 1.532, 1.532, 1.533, 1.533, 1.533, 1.533, 1.532, 1.527, 1.526, 1.525, 1.524, 1.523, 1.522, 1.523, 1.524, 1.524, 1.525, 1.526, 1.527, 1.528, 1.528, 1.531, 1.531, 1.531, 1.528, 1.528, 1.527, 1.526, 1.525, 1.524, 1.524, 1.522, 1.522, 1.521, 1.52, 1.52, 1.52, 1.52, 1.52, 1.52, 1.52, 1.52, 1.52, 1.52, 1.52, 1.52, 1.52, 1.521, 1.522, 1.522, 1.522, 1.521, 1.52, 1.52, 1.519, 1.518, 1.518, 1.517, 1.517, 1.516, 1.516, 1.516, 1.513, 1.513, 1.512, 1.511, 1.511, 1.51, 1.509, 1.509, 1.509, 1.51, 1.511, 1.511, 1.512, 1.513, 1.516, 1.517, 1.518, 1.519, 1.52, 1.521, 1.521, 1.522, 1.522, 1.521, 1.521, 1.52, 1.52, 1.519, 1.518, 1.517, 1.516, 1.516, 1.513, 1.513, 1.509, 1.506, 1.499, 1.49, 1.482, 1.47, 1.46, 1.45, 1.44, 1.432, 1.425, 1.419, 1.413, 1.41, 1.408, 1.406, 1.404, 1.402, 1.4, 1.4, 1.4, 1.4, 1.4, 1.4, 1.4, 1.402, 1.402, 1.402, 1.402, 1.402, 1.402, 1.402, 1.402, 1.402, 1.402, 1.4, 1.4, 1.4, 1.4, 1.4, 1.4, 1.4, 1.4, 1.4, 1.4, 1.4, 1.399, 1.399, 1.399, 1.399, 1.399, 1.399, 1.399, 1.399, 1.399, 1.399, 1.399, 1.399, 1.399, 1.399, 1.399, 1.399, 1.399, 1.399, 1.399, 1.399, 1.397, 1.397, 1.397, 1.397, 1.395, 1.395, 1.395, 1.395, 1.395, 1.395, 1.395, 1.393, 1.393, 1.393, 1.393, 1.395, 1.395, 1.395, 1.397, 1.397, 1.397, 1.397, 1.397, 1.397, 1.397, 1.395, 1.393, 1.393, 1.391, 1.391, 1.391, 1.391, 1.391, 1.391, 1.393, 1.393, 1.395, 1.395, 1.397, 1.397, 1.397, 1.395, 1.395, 1.395, 1.393, 1.393, 1.391, 1.39, 1.39, 1.388, 1.388, 1.388, 1.388, 1.388, 1.388, 1.388, 1.39, 1.39, 1.391, 1.393, 1.393, 1.395, 1.397, 1.397, 1.399, 1.399, 1.399, 1.397, 1.397, 1.395, 1.395, 1.393, 1.393, 1.391, 1.391, 1.391, 1.391, 1.391, 1.391, 1.393, 1.393, 1.393, 1.393, 1.393, 1.391, 1.39, 1.39, 1.388, 1.388, 1.386, 1.384, 1.384, 1.382, 1.382, 1.381, 1.381, 1.381, 1.382, 1.382, 1.384, 1.384, 1.386, 1.388, 1.388, 1.39, 1.39, 1.388, 1.388, 1.386, 1.386, 1.384, 1.384, 1.384, 1.384, 1.384, 1.384, 1.386, 1.386, 1.386, 1.386, 1.386, 1.386, 1.384, 1.384, 1.384, 1.384, 1.384, 1.384, 1.384, 1.384, 1.384, 1.384, 1.384, 1.384, 1.384, 1.388, 1.393, 1.4, 1.408, 1.415, 1.427, 1.436, 1.444, 1.454, 1.462, 1.468, 1.471, 1.474, 1.477, 1.478, 1.479, 1.48, 1.48, 1.48, 1.48, 1.479, 1.478, 1.478, 1.477, 1.476, 1.475, 1.475, 1.475, 1.475, 1.476, 1.476, 1.477, 1.478, 1.478, 1.478, 1.478, 1.478, 1.478, 1.478, 1.478, 1.478, 1.478, 1.479, 1.479, 1.48, 1.481, 1.482, 1.483, 1.484, 1.484, 1.485, 1.484, 1.483, 1.482, 1.48, 1.478, 1.476, 1.474, 1.473, 1.472, 1.471, 1.47, 1.47, 1.47, 1.471, 1.472, 1.472, 1.473, 1.474, 1.474, 1.475, 1.476, 1.476, 1.476, 1.475, 1.475, 1.474, 1.474, 1.473, 1.472, 1.471, 1.471, 1.471, 1.471, 1.471, 1.471, 1.471, 1.47, 1.47, 1.47, 1.47, 1.47, 1.47, 1.47, 1.47, 1.471, 1.472, 1.472, 1.472, 1.475, 1.476, 1.476, 1.476, 1.476, 1.475, 1.474, 1.472, 1.472, 1.471, 1.47, 1.47, 1.47, 1.47, 1.47, 1.47, 1.47, 1.468, 1.466, 1.466, 1.466, 1.464, 1.464, 1.464, 1.464, 1.464, 1.464, 1.464, 1.464, 1.464, 1.464, 1.464, 1.464, 1.464, 1.466, 1.466, 1.466, 1.466, 1.468, 1.468, 1.468, 1.468, 1.468, 1.47, 0, 
1.538, 1.539, 1.539, 1.538, 1.537, 1.537, 1.537, 1.537, 1.536, 1.535, 1.534, 1.534, 1.534, 1.535, 1.535, 1.536, 1.536, 1.537, 1.537, 1.537, 1.536, 1.535, 1.535, 1.535, 1.535, 1.534, 1.533, 1.533, 1.533, 1.532, 1.528, 1.528, 1.528, 1.528, 1.528, 1.528, 1.528, 1.528, 1.528, 1.532, 1.533, 1.533, 1.533, 1.533, 1.533, 1.532, 1.528, 1.527, 1.526, 1.525, 1.524, 1.524, 1.524, 1.524, 1.525, 1.526, 1.527, 1.528, 1.528, 1.531, 1.531, 1.531, 1.531, 1.528, 1.528, 1.527, 1.526, 1.525, 1.524, 1.524, 1.523, 1.522, 1.522, 1.521, 1.52, 1.52, 1.52, 1.52, 1.52, 1.52, 1.52, 1.52, 1.52, 1.52, 1.52, 1.52, 1.521, 1.521, 1.521, 1.521, 1.521, 1.52, 1.52, 1.519, 1.518, 1.518, 1.518, 1.517, 1.517, 1.516, 1.516, 1.516, 1.513, 1.513, 1.512, 1.511, 1.51, 1.509, 1.509, 1.509, 1.51, 1.511, 1.511, 1.512, 1.513, 1.517, 1.518, 1.519, 1.52, 1.52, 1.521, 1.522, 1.522, 1.522, 1.522, 1.521, 1.52, 1.52, 1.519, 1.518, 1.517, 1.516, 1.516, 1.513, 1.512, 1.508, 1.504, 1.499, 1.49, 1.481, 1.47, 1.46, 1.448, 1.44, 1.43, 1.425, 1.419, 1.413, 1.41, 1.408, 1.406, 1.404, 1.402, 1.4, 1.4, 1.4, 1.4, 1.4, 1.4, 1.402, 1.402, 1.402, 1.404, 1.404, 1.404, 1.402, 1.402, 1.402, 1.402, 1.402, 1.4, 1.4, 1.4, 1.4, 1.4, 1.4, 1.4, 1.4, 1.4, 1.4, 1.4, 1.399, 1.399, 1.399, 1.399, 1.399, 1.399, 1.399, 1.399, 1.399, 1.399, 1.399, 1.399, 1.399, 1.399, 1.399, 1.399, 1.399, 1.399, 1.399, 1.399, 1.399, 1.397, 1.397, 1.397, 1.397, 1.395, 1.395, 1.395, 1.395, 1.395, 1.395, 1.393, 1.393, 1.393, 1.393, 1.393, 1.395, 1.395, 1.395, 1.397, 1.397, 1.397, 1.397, 1.397, 1.395, 1.395, 1.393, 1.393, 1.391, 1.391, 1.391, 1.391, 1.391, 1.393, 1.393, 1.393, 1.395, 1.397, 1.397, 1.397, 1.397, 1.397, 1.395, 1.395, 1.393, 1.391, 1.391, 1.39, 1.39, 1.388, 1.386, 1.386, 1.386, 1.386, 1.386, 1.388, 1.388, 1.39, 1.39, 1.393, 1.393, 1.395, 1.397, 1.397, 1.399, 1.399, 1.399, 1.397, 1.397, 1.395, 1.393, 1.393, 1.391, 1.391, 1.39, 1.39, 1.39, 1.39, 1.391, 1.391, 1.391, 1.391, 1.391, 1.391, 1.391, 1.39, 1.388, 1.388, 1.386, 1.384, 1.384, 1.382, 1.382, 1.381, 1.381, 1.381, 1.381, 1.381, 1.381, 1.382, 1.384, 1.384, 1.386, 1.386, 1.386, 1.388, 1.386, 1.386, 1.386, 1.384, 1.384, 1.384, 1.384, 1.384, 1.384, 1.384, 1.384, 1.386, 1.386, 1.386, 1.386, 1.384, 1.384, 1.384, 1.384, 1.384, 1.384, 1.384, 1.384, 1.384, 1.382, 1.382, 1.382, 1.382, 1.384, 1.386, 1.393, 1.399, 1.408, 1.415, 1.427, 1.436, 1.446, 1.456, 1.464, 1.468, 1.472, 1.475, 1.478, 1.479, 1.48, 1.48, 1.48, 1.48, 1.48, 1.479, 1.478, 1.478, 1.476, 1.476, 1.475, 1.474, 1.474, 1.475, 1.476, 1.476, 1.477, 1.478, 1.478, 1.479, 1.478, 1.478, 1.478, 1.478, 1.478, 1.478, 1.479, 1.479, 1.48, 1.481, 1.482, 1.483, 1.483, 1.484, 1.485, 1.485, 1.485, 1.484, 1.482, 1.48, 1.478, 1.476, 1.474, 1.473, 1.472, 1.471, 1.47, 1.47, 1.47, 1.471, 1.472, 1.472, 1.473, 1.474, 1.474, 1.475, 1.476, 1.476, 1.476, 1.476, 1.475, 1.474, 1.474, 1.473, 1.473, 1.472, 1.472, 1.472, 1.472, 1.472, 1.472, 1.471, 1.471, 1.471, 1.471, 1.47, 1.47, 1.47, 1.47, 1.47, 1.471, 1.472, 1.472, 1.473, 1.474, 1.475, 1.475, 1.475, 1.475, 1.474, 1.473, 1.472, 1.471, 1.471, 1.47, 1.47, 1.47, 1.47, 1.47, 1.469, 1.468, 1.468, 1.466, 1.466, 1.464, 1.464, 1.462, 1.462, 1.462, 1.462, 1.462, 1.462, 1.462, 1.462, 1.464, 1.464, 1.464, 1.464, 1.466, 1.466, 1.466, 1.468, 1.469, 1.469, 1.47, 1.47, 1.47, 1.47, 0, 
1.539, 1.539, 1.539, 1.538, 1.537, 1.537, 1.537, 1.536, 1.535, 1.534, 1.534, 1.533, 1.534, 1.534, 1.535, 1.535, 1.536, 1.537, 1.537, 1.536, 1.536, 1.535, 1.535, 1.535, 1.535, 1.535, 1.534, 1.533, 1.533, 1.532, 1.531, 1.528, 1.528, 1.528, 1.528, 1.528, 1.528, 1.528, 1.528, 1.532, 1.533, 1.533, 1.533, 1.533, 1.533, 1.532, 1.532, 1.528, 1.527, 1.526, 1.526, 1.524, 1.525, 1.526, 1.527, 1.527, 1.528, 1.528, 1.532, 1.532, 1.532, 1.531, 1.531, 1.528, 1.528, 1.527, 1.526, 1.525, 1.524, 1.524, 1.523, 1.523, 1.522, 1.522, 1.521, 1.521, 1.52, 1.52, 1.52, 1.52, 1.52, 1.52, 1.52, 1.52, 1.52, 1.52, 1.52, 1.52, 1.52, 1.52, 1.52, 1.52, 1.519, 1.518, 1.518, 1.518, 1.518, 1.518, 1.517, 1.517, 1.516, 1.516, 1.516, 1.513, 1.512, 1.511, 1.51, 1.51, 1.509, 1.509, 1.51, 1.511, 1.511, 1.512, 1.513, 1.517, 1.518, 1.519, 1.52, 1.521, 1.522, 1.523, 1.523, 1.523, 1.522, 1.522, 1.52, 1.52, 1.519, 1.518, 1.517, 1.516, 1.516, 1.513, 1.511, 1.507, 1.503, 1.493, 1.485, 1.475, 1.466, 1.456, 1.448, 1.438, 1.43, 1.423, 1.419, 1.413, 1.412, 1.408, 1.406, 1.404, 1.402, 1.402, 1.4, 1.4, 1.4, 1.4, 1.4, 1.402, 1.402, 1.402, 1.404, 1.404, 1.404, 1.404, 1.402, 1.402, 1.402, 1.4, 1.4, 1.4, 1.4, 1.4, 1.4, 1.4, 1.4, 1.4, 1.4, 1.4, 1.4, 1.4, 1.399, 1.399, 1.399, 1.399, 1.399, 1.399, 1.399, 1.399, 1.399, 1.399, 1.399, 1.399, 1.399, 1.399, 1.399, 1.399, 1.399, 1.399, 1.399, 1.399, 1.397, 1.397, 1.397, 1.397, 1.397, 1.397, 1.395, 1.395, 1.395, 1.395, 1.395, 1.393, 1.393, 1.393, 1.393, 1.395, 1.395, 1.395, 1.397, 1.397, 1.397, 1.397, 1.397, 1.395, 1.395, 1.393, 1.393, 1.393, 1.391, 1.391, 1.393, 1.393, 1.393, 1.393, 1.395, 1.397, 1.397, 1.397, 1.399, 1.399, 1.397, 1.395, 1.395, 1.393, 1.391, 1.39, 1.39, 1.388, 1.386, 1.386, 1.386, 1.386, 1.386, 1.386, 1.386, 1.388, 1.388, 1.39, 1.391, 1.393, 1.393, 1.395, 1.397, 1.397, 1.399, 1.397, 1.397, 1.397, 1.395, 1.393, 1.391, 1.391, 1.39, 1.388, 1.388, 1.388, 1.388, 1.39, 1.39, 1.39, 1.391, 1.391, 1.391, 1.39, 1.39, 1.388, 1.388, 1.386, 1.384, 1.384, 1.382, 1.381, 1.381, 1.381, 1.381, 1.381, 1.381, 1.381, 1.381, 1.382, 1.384, 1.384, 1.386, 1.386, 1.386, 1.386, 1.386, 1.386, 1.384, 1.382, 1.382, 1.382, 1.382, 1.384, 1.384, 1.384, 1.384, 1.386, 1.386, 1.384, 1.384, 1.384, 1.384, 1.384, 1.384, 1.384, 1.384, 1.384, 1.384, 1.382, 1.382, 1.382, 1.382, 1.384, 1.386, 1.393, 1.399, 1.408, 1.417, 1.427, 1.436, 1.448, 1.456, 1.466, 1.47, 1.473, 1.476, 1.479, 1.48, 1.48, 1.481, 1.481, 1.48, 1.48, 1.48, 1.478, 1.478, 1.476, 1.476, 1.475, 1.474, 1.474, 1.475, 1.476, 1.476, 1.477, 1.478, 1.478, 1.478, 1.479, 1.479, 1.479, 1.479, 1.479, 1.479, 1.48, 1.48, 1.481, 1.482, 1.483, 1.483, 1.484, 1.485, 1.486, 1.486, 1.485, 1.484, 1.482, 1.48, 1.478, 1.476, 1.474, 1.473, 1.472, 1.471, 1.47, 1.47, 1.47, 1.471, 1.472, 1.472, 1.473, 1.474, 1.475, 1.475, 1.476, 1.476, 1.476, 1.476, 1.475, 1.475, 1.474, 1.474, 1.473, 1.472, 1.472, 1.472, 1.472, 1.472, 1.472, 1.472, 1.472, 1.472, 1.471, 1.471, 1.471, 1.471, 1.47, 1.471, 1.471, 1.472, 1.472, 1.472, 1.473, 1.474, 1.474, 1.474, 1.474, 1.474, 1.473, 1.472, 1.471, 1.47, 1.47, 1.469, 1.469, 1.469, 1.468, 1.468, 1.468, 1.466, 1.466, 1.464, 1.462, 1.462, 1.462, 1.462, 1.462, 1.462, 1.462, 1.462, 1.462, 1.462, 1.462, 1.464, 1.464, 1.464, 1.466, 1.466, 1.466, 1.468, 1.469, 1.47, 1.47, 1.47, 1.47, 1.471, 0, 
1.539, 1.539, 1.539, 1.538, 1.537, 1.537, 1.537, 1.536, 1.535, 1.534, 1.533, 1.533, 1.533, 1.534, 1.535, 1.535, 1.536, 1.536, 1.536, 1.536, 1.535, 1.535, 1.535, 1.535, 1.535, 1.535, 1.534, 1.534, 1.533, 1.532, 1.532, 1.528, 1.528, 1.528, 1.528, 1.528, 1.528, 1.528, 1.528, 1.532, 1.533, 1.533, 1.534, 1.534, 1.533, 1.533, 1.532, 1.532, 1.528, 1.527, 1.527, 1.528, 1.528, 1.527, 1.528, 1.532, 1.532, 1.533, 1.532, 1.532, 1.532, 1.532, 1.528, 1.528, 1.528, 1.527, 1.526, 1.525, 1.524, 1.524, 1.524, 1.523, 1.523, 1.522, 1.522, 1.522, 1.521, 1.521, 1.52, 1.52, 1.52, 1.52, 1.52, 1.52, 1.52, 1.52, 1.52, 1.52, 1.52, 1.519, 1.519, 1.519, 1.518, 1.518, 1.518, 1.518, 1.518, 1.518, 1.518, 1.517, 1.517, 1.517, 1.516, 1.516, 1.512, 1.512, 1.511, 1.51, 1.51, 1.51, 1.51, 1.511, 1.511, 1.512, 1.513, 1.517, 1.518, 1.519, 1.52, 1.522, 1.523, 1.524, 1.524, 1.523, 1.523, 1.522, 1.52, 1.52, 1.518, 1.518, 1.517, 1.516, 1.516, 1.513, 1.51, 1.505, 1.501, 1.492, 1.484, 1.474, 1.464, 1.454, 1.444, 1.436, 1.429, 1.423, 1.419, 1.413, 1.412, 1.408, 1.408, 1.404, 1.402, 1.402, 1.402, 1.4, 1.4, 1.402, 1.402, 1.402, 1.402, 1.402, 1.404, 1.404, 1.404, 1.404, 1.402, 1.402, 1.402, 1.4, 1.4, 1.4, 1.4, 1.4, 1.4, 1.4, 1.4, 1.4, 1.4, 1.4, 1.4, 1.4, 1.399, 1.399, 1.399, 1.399, 1.399, 1.399, 1.399, 1.399, 1.4, 1.4, 1.4, 1.4, 1.399, 1.399, 1.399, 1.399, 1.399, 1.399, 1.399, 1.399, 1.399, 1.399, 1.397, 1.397, 1.397, 1.397, 1.397, 1.397, 1.395, 1.395, 1.395, 1.395, 1.395, 1.395, 1.395, 1.395, 1.395, 1.395, 1.397, 1.397, 1.397, 1.397, 1.397, 1.395, 1.395, 1.393, 1.393, 1.393, 1.393, 1.393, 1.393, 1.393, 1.393, 1.395, 1.397, 1.397, 1.397, 1.399, 1.399, 1.399, 1.397, 1.397, 1.395, 1.393, 1.391, 1.39, 1.388, 1.388, 1.386, 1.386, 1.384, 1.384, 1.384, 1.384, 1.384, 1.386, 1.386, 1.388, 1.39, 1.39, 1.393, 1.393, 1.395, 1.397, 1.397, 1.397, 1.397, 1.395, 1.393, 1.393, 1.391, 1.39, 1.388, 1.388, 1.388, 1.388, 1.388, 1.388, 1.388, 1.39, 1.39, 1.39, 1.39, 1.39, 1.39, 1.388, 1.388, 1.386, 1.384, 1.384, 1.382, 1.381, 1.381, 1.381, 1.381, 1.381, 1.381, 1.381, 1.381, 1.382, 1.382, 1.384, 1.384, 1.384, 1.386, 1.384, 1.384, 1.384, 1.382, 1.382, 1.382, 1.382, 1.382, 1.382, 1.384, 1.384, 1.384, 1.386, 1.384, 1.384, 1.384, 1.384, 1.384, 1.384, 1.384, 1.384, 1.384, 1.384, 1.384, 1.382, 1.382, 1.382, 1.382, 1.384, 1.386, 1.393, 1.4, 1.408, 1.417, 1.427, 1.438, 1.448, 1.458, 1.466, 1.471, 1.474, 1.477, 1.48, 1.48, 1.481, 1.482, 1.481, 1.481, 1.481, 1.48, 1.479, 1.478, 1.476, 1.476, 1.475, 1.474, 1.474, 1.474, 1.475, 1.476, 1.477, 1.477, 1.478, 1.478, 1.479, 1.479, 1.48, 1.48, 1.48, 1.48, 1.48, 1.481, 1.482, 1.483, 1.484, 1.484, 1.485, 1.486, 1.486, 1.486, 1.485, 1.484, 1.482, 1.48, 1.478, 1.476, 1.474, 1.473, 1.472, 1.471, 1.47, 1.47, 1.47, 1.471, 1.472, 1.473, 1.474, 1.474, 1.475, 1.476, 1.476, 1.476, 1.476, 1.476, 1.476, 1.475, 1.474, 1.474, 1.474, 1.473, 1.473, 1.473, 1.472, 1.472, 1.472, 1.472, 1.472, 1.472, 1.472, 1.472, 1.472, 1.471, 1.471, 1.471, 1.472, 1.472, 1.472, 1.472, 1.473, 1.473, 1.474, 1.474, 1.473, 1.473, 1.472, 1.472, 1.471, 1.47, 1.47, 1.469, 1.468, 1.468, 1.468, 1.468, 1.466, 1.466, 1.466, 1.464, 1.462, 1.462, 1.462, 1.462, 1.462, 1.462, 1.462, 1.462, 1.462, 1.462, 1.462, 1.464, 1.464, 1.464, 1.466, 1.466, 1.466, 1.469, 1.469, 1.47, 1.47, 1.47, 1.47, 1.471, 0, 
1.539, 1.539, 1.539, 1.538, 1.537, 1.537, 1.536, 1.536, 1.535, 1.534, 1.533, 1.533, 1.533, 1.534, 1.535, 1.535, 1.535, 1.535, 1.535, 1.535, 1.535, 1.535, 1.535, 1.535, 1.535, 1.535, 1.535, 1.534, 1.534, 1.533, 1.532, 1.531, 1.528, 1.528, 1.528, 1.528, 1.528, 1.528, 1.532, 1.532, 1.533, 1.534, 1.535, 1.535, 1.534, 1.533, 1.533, 1.532, 1.532, 1.531, 1.528, 1.528, 1.528, 1.532, 1.532, 1.532, 1.533, 1.533, 1.533, 1.533, 1.532, 1.532, 1.528, 1.528, 1.527, 1.527, 1.526, 1.525, 1.524, 1.524, 1.524, 1.524, 1.523, 1.523, 1.522, 1.522, 1.522, 1.522, 1.521, 1.521, 1.52, 1.52, 1.52, 1.52, 1.52, 1.52, 1.519, 1.519, 1.518, 1.518, 1.518, 1.518, 1.518, 1.518, 1.518, 1.518, 1.518, 1.518, 1.518, 1.518, 1.518, 1.517, 1.517, 1.516, 1.513, 1.512, 1.511, 1.511, 1.511, 1.511, 1.511, 1.511, 1.512, 1.512, 1.516, 1.517, 1.518, 1.52, 1.521, 1.522, 1.523, 1.524, 1.524, 1.524, 1.523, 1.522, 1.52, 1.52, 1.518, 1.518, 1.517, 1.516, 1.513, 1.513, 1.509, 1.505, 1.5, 1.491, 1.482, 1.472, 1.462, 1.452, 1.442, 1.434, 1.429, 1.423, 1.419, 1.413, 1.412, 1.41, 1.408, 1.406, 1.404, 1.402, 1.402, 1.402, 1.402, 1.402, 1.402, 1.402, 1.402, 1.404, 1.404, 1.404, 1.404, 1.404, 1.402, 1.402, 1.402, 1.4, 1.4, 1.4, 1.4, 1.4, 1.4, 1.4, 1.4, 1.4, 1.4, 1.4, 1.4, 1.4, 1.4, 1.399, 1.399, 1.4, 1.4, 1.4, 1.4, 1.4, 1.4, 1.402, 1.4, 1.4, 1.4, 1.399, 1.399, 1.399, 1.399, 1.399, 1.399, 1.399, 1.399, 1.399, 1.399, 1.399, 1.397, 1.397, 1.397, 1.397, 1.397, 1.397, 1.395, 1.395, 1.395, 1.395, 1.395, 1.395, 1.395, 1.395, 1.397, 1.397, 1.397, 1.397, 1.397, 1.395, 1.395, 1.393, 1.393, 1.393, 1.393, 1.393, 1.393, 1.393, 1.393, 1.395, 1.397, 1.397, 1.399, 1.4, 1.4, 1.399, 1.399, 1.397, 1.395, 1.393, 1.391, 1.39, 1.388, 1.388, 1.386, 1.386, 1.384, 1.384, 1.384, 1.384, 1.384, 1.384, 1.386, 1.386, 1.388, 1.39, 1.39, 1.393, 1.393, 1.395, 1.395, 1.397, 1.395, 1.393, 1.393, 1.391, 1.39, 1.388, 1.388, 1.388, 1.388, 1.388, 1.388, 1.388, 1.388, 1.388, 1.39, 1.39, 1.39, 1.39, 1.388, 1.388, 1.386, 1.386, 1.384, 1.384, 1.382, 1.382, 1.381, 1.381, 1.381, 1.381, 1.381, 1.381, 1.381, 1.382, 1.382, 1.382, 1.384, 1.384, 1.384, 1.384, 1.384, 1.382, 1.382, 1.382, 1.382, 1.382, 1.382, 1.382, 1.382, 1.382, 1.384, 1.384, 1.384, 1.384, 1.384, 1.384, 1.384, 1.384, 1.384, 1.382, 1.382, 1.382, 1.382, 1.382, 1.382, 1.382, 1.382, 1.384, 1.386, 1.393, 1.4, 1.408, 1.417, 1.429, 1.438, 1.45, 1.46, 1.468, 1.472, 1.476, 1.479, 1.48, 1.481, 1.482, 1.482, 1.482, 1.482, 1.481, 1.48, 1.479, 1.478, 1.477, 1.476, 1.475, 1.474, 1.474, 1.474, 1.475, 1.476, 1.476, 1.477, 1.477, 1.478, 1.478, 1.479, 1.479, 1.48, 1.48, 1.48, 1.481, 1.482, 1.483, 1.484, 1.484, 1.485, 1.486, 1.486, 1.486, 1.486, 1.485, 1.484, 1.482, 1.48, 1.478, 1.476, 1.474, 1.473, 1.472, 1.471, 1.471, 1.471, 1.471, 1.471, 1.472, 1.473, 1.474, 1.475, 1.475, 1.476, 1.476, 1.476, 1.476, 1.476, 1.476, 1.476, 1.475, 1.474, 1.474, 1.474, 1.474, 1.474, 1.474, 1.473, 1.473, 1.473, 1.473, 1.473, 1.472, 1.472, 1.472, 1.472, 1.472, 1.472, 1.472, 1.472, 1.472, 1.472, 1.472, 1.472, 1.472, 1.472, 1.472, 1.472, 1.472, 1.471, 1.47, 1.47, 1.47, 1.469, 1.468, 1.468, 1.468, 1.466, 1.466, 1.466, 1.464, 1.462, 1.462, 1.462, 1.462, 1.462, 1.462, 1.462, 1.462, 1.462, 1.462, 1.462, 1.462, 1.464, 1.464, 1.464, 1.466, 1.466, 1.466, 1.469, 1.469, 1.47, 1.47, 1.47, 1.47, 1.471, 0, 
1.539, 1.539, 1.539, 1.538, 1.537, 1.537, 1.536, 1.535, 1.534, 1.533, 1.533, 1.533, 1.533, 1.534, 1.534, 1.535, 1.535, 1.535, 1.535, 1.535, 1.535, 1.535, 1.535, 1.535, 1.535, 1.535, 1.535, 1.535, 1.534, 1.533, 1.533, 1.532, 1.532, 1.528, 1.528, 1.528, 1.528, 1.528, 1.532, 1.533, 1.534, 1.534, 1.535, 1.535, 1.535, 1.534, 1.533, 1.533, 1.532, 1.532, 1.532, 1.532, 1.532, 1.532, 1.533, 1.533, 1.533, 1.533, 1.533, 1.533, 1.533, 1.532, 1.528, 1.528, 1.527, 1.526, 1.526, 1.525, 1.524, 1.524, 1.524, 1.524, 1.524, 1.523, 1.523, 1.522, 1.522, 1.522, 1.522, 1.521, 1.52, 1.52, 1.52, 1.52, 1.519, 1.519, 1.518, 1.518, 1.517, 1.517, 1.517, 1.517, 1.517, 1.517, 1.517, 1.517, 1.517, 1.518, 1.519, 1.519, 1.519, 1.518, 1.518, 1.517, 1.516, 1.512, 1.512, 1.511, 1.511, 1.511, 1.511, 1.511, 1.512, 1.512, 1.517, 1.518, 1.519, 1.52, 1.522, 1.523, 1.524, 1.524, 1.524, 1.524, 1.523, 1.522, 1.52, 1.52, 1.518, 1.517, 1.516, 1.516, 1.513, 1.512, 1.509, 1.504, 1.496, 1.49, 1.481, 1.471, 1.46, 1.452, 1.442, 1.434, 1.429, 1.423, 1.419, 1.413, 1.412, 1.41, 1.408, 1.406, 1.404, 1.404, 1.402, 1.402, 1.402, 1.402, 1.402, 1.402, 1.404, 1.404, 1.404, 1.404, 1.404, 1.404, 1.402, 1.402, 1.402, 1.4, 1.4, 1.4, 1.4, 1.4, 1.4, 1.4, 1.4, 1.402, 1.402, 1.402, 1.4, 1.4, 1.4, 1.4, 1.4, 1.4, 1.4, 1.402, 1.402, 1.402, 1.402, 1.402, 1.402, 1.402, 1.4, 1.4, 1.399, 1.399, 1.399, 1.399, 1.399, 1.399, 1.399, 1.399, 1.399, 1.399, 1.399, 1.399, 1.399, 1.397, 1.397, 1.397, 1.397, 1.395, 1.395, 1.395, 1.395, 1.395, 1.395, 1.395, 1.395, 1.397, 1.397, 1.397, 1.397, 1.395, 1.395, 1.393, 1.393, 1.393, 1.393, 1.393, 1.393, 1.393, 1.393, 1.395, 1.397, 1.397, 1.399, 1.4, 1.4, 1.4, 1.399, 1.397, 1.395, 1.393, 1.391, 1.39, 1.39, 1.388, 1.386, 1.386, 1.384, 1.384, 1.384, 1.384, 1.384, 1.384, 1.386, 1.386, 1.388, 1.39, 1.39, 1.391, 1.393, 1.393, 1.395, 1.395, 1.393, 1.393, 1.393, 1.391, 1.39, 1.388, 1.388, 1.388, 1.386, 1.386, 1.386, 1.386, 1.388, 1.388, 1.388, 1.39, 1.39, 1.39, 1.388, 1.388, 1.386, 1.386, 1.384, 1.384, 1.384, 1.382, 1.381, 1.381, 1.381, 1.381, 1.381, 1.381, 1.381, 1.381, 1.382, 1.382, 1.382, 1.382, 1.382, 1.382, 1.382, 1.382, 1.382, 1.382, 1.382, 1.382, 1.382, 1.382, 1.382, 1.382, 1.384, 1.384, 1.384, 1.384, 1.384, 1.384, 1.384, 1.384, 1.384, 1.382, 1.382, 1.382, 1.382, 1.382, 1.382, 1.382, 1.382, 1.384, 1.388, 1.393, 1.4, 1.41, 1.419, 1.429, 1.44, 1.45, 1.46, 1.47, 1.473, 1.476, 1.48, 1.481, 1.482, 1.482, 1.482, 1.482, 1.482, 1.481, 1.48, 1.479, 1.478, 1.477, 1.476, 1.475, 1.474, 1.474, 1.474, 1.474, 1.475, 1.476, 1.476, 1.477, 1.477, 1.478, 1.478, 1.479, 1.48, 1.48, 1.481, 1.481, 1.482, 1.483, 1.484, 1.485, 1.486, 1.486, 1.487, 1.487, 1.486, 1.485, 1.484, 1.482, 1.48, 1.478, 1.476, 1.474, 1.473, 1.472, 1.472, 1.472, 1.472, 1.472, 1.472, 1.473, 1.474, 1.474, 1.475, 1.476, 1.476, 1.476, 1.476, 1.476, 1.476, 1.476, 1.476, 1.475, 1.475, 1.474, 1.474, 1.474, 1.474, 1.474, 1.474, 1.474, 1.474, 1.474, 1.474, 1.473, 1.473, 1.472, 1.472, 1.472, 1.472, 1.472, 1.472, 1.472, 1.472, 1.472, 1.472, 1.472, 1.472, 1.472, 1.472, 1.472, 1.471, 1.47, 1.47, 1.47, 1.469, 1.468, 1.468, 1.466, 1.466, 1.466, 1.464, 1.462, 1.462, 1.462, 1.462, 1.462, 1.462, 1.462, 1.462, 1.462, 1.462, 1.462, 1.462, 1.462, 1.464, 1.464, 1.464, 1.466, 1.466, 1.466, 1.469, 1.469, 1.47, 1.47, 1.47, 1.47, 1.471, 0, 
1.539, 1.539, 1.539, 1.538, 1.537, 1.537, 1.536, 1.535, 1.534, 1.533, 1.533, 1.533, 1.533, 1.533, 1.534, 1.535, 1.535, 1.535, 1.535, 1.535, 1.535, 1.535, 1.535, 1.535, 1.535, 1.535, 1.535, 1.535, 1.535, 1.534, 1.533, 1.533, 1.532, 1.532, 1.532, 1.532, 1.532, 1.532, 1.533, 1.534, 1.535, 1.535, 1.536, 1.536, 1.535, 1.535, 1.534, 1.533, 1.533, 1.533, 1.533, 1.533, 1.533, 1.533, 1.533, 1.533, 1.533, 1.533, 1.533, 1.533, 1.533, 1.532, 1.528, 1.527, 1.527, 1.526, 1.525, 1.524, 1.524, 1.524, 1.524, 1.524, 1.524, 1.524, 1.523, 1.523, 1.523, 1.522, 1.522, 1.521, 1.521, 1.52, 1.52, 1.519, 1.519, 1.518, 1.517, 1.517, 1.516, 1.516, 1.516, 1.516, 1.516, 1.516, 1.516, 1.516, 1.517, 1.518, 1.519, 1.52, 1.519, 1.519, 1.518, 1.518, 1.517, 1.516, 1.512, 1.511, 1.511, 1.511, 1.511, 1.511, 1.512, 1.513, 1.517, 1.518, 1.519, 1.52, 1.522, 1.523, 1.524, 1.524, 1.524, 1.523, 1.522, 1.521, 1.52, 1.519, 1.518, 1.517, 1.516, 1.516, 1.512, 1.511, 1.51, 1.503, 1.496, 1.488, 1.48, 1.47, 1.46, 1.45, 1.442, 1.432, 1.429, 1.423, 1.419, 1.415, 1.412, 1.41, 1.408, 1.406, 1.404, 1.404, 1.402, 1.402, 1.402, 1.404, 1.404, 1.404, 1.404, 1.406, 1.406, 1.406, 1.404, 1.404, 1.402, 1.402, 1.402, 1.4, 1.4, 1.4, 1.4, 1.4, 1.4, 1.4, 1.4, 1.402, 1.402, 1.402, 1.402, 1.4, 1.4, 1.4, 1.4, 1.402, 1.402, 1.402, 1.402, 1.402, 1.402, 1.402, 1.402, 1.402, 1.402, 1.4, 1.4, 1.399, 1.399, 1.397, 1.397, 1.397, 1.397, 1.399, 1.399, 1.399, 1.399, 1.399, 1.399, 1.397, 1.397, 1.397, 1.397, 1.397, 1.395, 1.395, 1.395, 1.395, 1.395, 1.395, 1.395, 1.395, 1.397, 1.397, 1.395, 1.395, 1.393, 1.393, 1.393, 1.393, 1.393, 1.393, 1.393, 1.393, 1.393, 1.395, 1.397, 1.399, 1.4, 1.4, 1.4, 1.4, 1.399, 1.397, 1.395, 1.393, 1.391, 1.39, 1.39, 1.388, 1.386, 1.386, 1.386, 1.384, 1.384, 1.384, 1.384, 1.384, 1.386, 1.386, 1.386, 1.388, 1.39, 1.39, 1.391, 1.393, 1.393, 1.393, 1.393, 1.393, 1.391, 1.39, 1.39, 1.388, 1.388, 1.386, 1.386, 1.386, 1.386, 1.386, 1.386, 1.388, 1.388, 1.388, 1.388, 1.39, 1.388, 1.388, 1.386, 1.386, 1.384, 1.384, 1.384, 1.382, 1.382, 1.381, 1.381, 1.381, 1.381, 1.381, 1.381, 1.381, 1.382, 1.382, 1.382, 1.382, 1.382, 1.382, 1.382, 1.382, 1.382, 1.382, 1.382, 1.382, 1.382, 1.382, 1.382, 1.382, 1.384, 1.384, 1.384, 1.384, 1.384, 1.384, 1.384, 1.384, 1.384, 1.382, 1.382, 1.382, 1.382, 1.382, 1.382, 1.382, 1.382, 1.384, 1.388, 1.393, 1.4, 1.41, 1.419, 1.43, 1.44, 1.452, 1.462, 1.471, 1.474, 1.479, 1.48, 1.481, 1.482, 1.483, 1.483, 1.483, 1.482, 1.482, 1.481, 1.48, 1.478, 1.477, 1.476, 1.475, 1.474, 1.474, 1.474, 1.474, 1.475, 1.475, 1.476, 1.476, 1.477, 1.477, 1.478, 1.479, 1.48, 1.48, 1.481, 1.482, 1.483, 1.484, 1.485, 1.486, 1.486, 1.487, 1.487, 1.487, 1.486, 1.485, 1.484, 1.482, 1.48, 1.479, 1.477, 1.475, 1.474, 1.473, 1.472, 1.472, 1.472, 1.472, 1.473, 1.473, 1.474, 1.475, 1.475, 1.476, 1.476, 1.476, 1.476, 1.476, 1.476, 1.476, 1.476, 1.476, 1.475, 1.475, 1.475, 1.474, 1.474, 1.474, 1.474, 1.474, 1.474, 1.474, 1.474, 1.474, 1.473, 1.473, 1.472, 1.472, 1.472, 1.472, 1.472, 1.471, 1.471, 1.471, 1.472, 1.472, 1.472, 1.472, 1.472, 1.471, 1.47, 1.47, 1.47, 1.469, 1.469, 1.468, 1.468, 1.466, 1.466, 1.466, 1.464, 1.462, 1.462, 1.46, 1.46, 1.46, 1.46, 1.46, 1.462, 1.462, 1.462, 1.462, 1.462, 1.462, 1.464, 1.464, 1.464, 1.466, 1.466, 1.466, 1.469, 1.469, 1.47, 1.47, 1.47, 1.47, 1.47, 0, 
1.539, 1.539, 1.539, 1.538, 1.537, 1.537, 1.535, 1.535, 1.534, 1.533, 1.533, 1.533, 1.533, 1.533, 1.534, 1.534, 1.535, 1.535, 1.535, 1.535, 1.535, 1.535, 1.535, 1.535, 1.535, 1.535, 1.535, 1.535, 1.535, 1.535, 1.534, 1.534, 1.533, 1.533, 1.533, 1.533, 1.533, 1.533, 1.534, 1.535, 1.535, 1.536, 1.537, 1.537, 1.536, 1.536, 1.535, 1.534, 1.534, 1.533, 1.533, 1.533, 1.533, 1.533, 1.533, 1.533, 1.533, 1.533, 1.533, 1.533, 1.533, 1.532, 1.528, 1.527, 1.526, 1.526, 1.525, 1.524, 1.524, 1.524, 1.524, 1.524, 1.524, 1.524, 1.524, 1.524, 1.523, 1.523, 1.522, 1.522, 1.521, 1.52, 1.52, 1.519, 1.518, 1.517, 1.517, 1.516, 1.516, 1.516, 1.516, 1.516, 1.516, 1.516, 1.516, 1.516, 1.517, 1.518, 1.519, 1.52, 1.52, 1.52, 1.52, 1.519, 1.517, 1.516, 1.512, 1.512, 1.511, 1.511, 1.511, 1.511, 1.512, 1.513, 1.517, 1.518, 1.519, 1.52, 1.522, 1.523, 1.524, 1.524, 1.523, 1.522, 1.522, 1.52, 1.52, 1.519, 1.518, 1.517, 1.516, 1.516, 1.512, 1.511, 1.51, 1.503, 1.495, 1.488, 1.478, 1.468, 1.458, 1.45, 1.44, 1.432, 1.427, 1.423, 1.419, 1.415, 1.413, 1.41, 1.41, 1.406, 1.406, 1.404, 1.404, 1.404, 1.404, 1.404, 1.404, 1.404, 1.406, 1.406, 1.406, 1.406, 1.406, 1.404, 1.402, 1.402, 1.4, 1.4, 1.4, 1.4, 1.4, 1.4, 1.4, 1.4, 1.4, 1.402, 1.402, 1.402, 1.402, 1.402, 1.4, 1.4, 1.402, 1.402, 1.402, 1.402, 1.402, 1.402, 1.404, 1.402, 1.402, 1.402, 1.402, 1.4, 1.4, 1.399, 1.399, 1.397, 1.397, 1.397, 1.397, 1.397, 1.399, 1.399, 1.399, 1.399, 1.399, 1.399, 1.399, 1.397, 1.397, 1.397, 1.397, 1.395, 1.395, 1.395, 1.395, 1.395, 1.395, 1.395, 1.395, 1.395, 1.395, 1.393, 1.393, 1.393, 1.393, 1.391, 1.391, 1.391, 1.393, 1.393, 1.393, 1.395, 1.397, 1.399, 1.4, 1.4, 1.402, 1.4, 1.4, 1.397, 1.397, 1.393, 1.393, 1.39, 1.39, 1.388, 1.386, 1.386, 1.386, 1.386, 1.384, 1.384, 1.384, 1.384, 1.384, 1.386, 1.386, 1.388, 1.39, 1.39, 1.391, 1.393, 1.393, 1.393, 1.393, 1.393, 1.391, 1.39, 1.39, 1.388, 1.386, 1.386, 1.386, 1.386, 1.386, 1.386, 1.386, 1.386, 1.386, 1.388, 1.388, 1.388, 1.388, 1.388, 1.386, 1.386, 1.386, 1.384, 1.384, 1.382, 1.382, 1.381, 1.381, 1.381, 1.381, 1.381, 1.381, 1.381, 1.382, 1.382, 1.382, 1.382, 1.382, 1.382, 1.382, 1.382, 1.382, 1.382, 1.382, 1.382, 1.382, 1.382, 1.382, 1.382, 1.384, 1.384, 1.384, 1.384, 1.384, 1.384, 1.384, 1.384, 1.382, 1.382, 1.382, 1.382, 1.382, 1.382, 1.382, 1.382, 1.382, 1.384, 1.388, 1.393, 1.402, 1.41, 1.421, 1.43, 1.442, 1.454, 1.462, 1.471, 1.475, 1.48, 1.481, 1.482, 1.483, 1.484, 1.484, 1.483, 1.482, 1.482, 1.481, 1.48, 1.478, 1.477, 1.476, 1.475, 1.474, 1.474, 1.474, 1.474, 1.474, 1.475, 1.475, 1.476, 1.476, 1.477, 1.477, 1.478, 1.479, 1.48, 1.481, 1.482, 1.484, 1.485, 1.486, 1.486, 1.487, 1.487, 1.487, 1.487, 1.486, 1.485, 1.484, 1.482, 1.481, 1.479, 1.478, 1.476, 1.475, 1.474, 1.473, 1.473, 1.473, 1.473, 1.473, 1.474, 1.474, 1.475, 1.476, 1.476, 1.476, 1.476, 1.476, 1.476, 1.476, 1.476, 1.476, 1.476, 1.476, 1.476, 1.476, 1.475, 1.475, 1.475, 1.475, 1.475, 1.474, 1.474, 1.474, 1.474, 1.474, 1.473, 1.472, 1.472, 1.472, 1.471, 1.471, 1.471, 1.471, 1.471, 1.471, 1.471, 1.471, 1.471, 1.471, 1.471, 1.47, 1.47, 1.47, 1.47, 1.469, 1.468, 1.466, 1.466, 1.466, 1.464, 1.462, 1.462, 1.462, 1.46, 1.46, 1.46, 1.46, 1.46, 1.462, 1.462, 1.462, 1.462, 1.462, 1.462, 1.464, 1.464, 1.464, 1.466, 1.466, 1.466, 1.468, 1.469, 1.47, 1.47, 1.47, 1.47, 1.47, 0, 
1.539, 1.539, 1.539, 1.538, 1.537, 1.537, 1.535, 1.535, 1.534, 1.533, 1.533, 1.533, 1.533, 1.533, 1.533, 1.534, 1.535, 1.535, 1.535, 1.535, 1.535, 1.535, 1.535, 1.535, 1.535, 1.535, 1.535, 1.535, 1.535, 1.535, 1.535, 1.534, 1.534, 1.533, 1.533, 1.533, 1.534, 1.534, 1.535, 1.535, 1.536, 1.537, 1.538, 1.537, 1.537, 1.537, 1.536, 1.535, 1.534, 1.534, 1.533, 1.533, 1.533, 1.534, 1.534, 1.534, 1.533, 1.533, 1.533, 1.533, 1.532, 1.532, 1.528, 1.527, 1.526, 1.525, 1.525, 1.524, 1.524, 1.524, 1.524, 1.524, 1.524, 1.524, 1.524, 1.524, 1.524, 1.523, 1.523, 1.522, 1.521, 1.52, 1.52, 1.519, 1.518, 1.517, 1.516, 1.513, 1.513, 1.512, 1.512, 1.512, 1.513, 1.513, 1.516, 1.516, 1.517, 1.518, 1.519, 1.52, 1.52, 1.52, 1.52, 1.52, 1.518, 1.517, 1.516, 1.512, 1.512, 1.511, 1.511, 1.512, 1.512, 1.513, 1.517, 1.518, 1.519, 1.52, 1.522, 1.523, 1.524, 1.524, 1.523, 1.522, 1.521, 1.52, 1.519, 1.518, 1.517, 1.516, 1.516, 1.516, 1.512, 1.511, 1.51, 1.503, 1.495, 1.487, 1.478, 1.468, 1.458, 1.448, 1.438, 1.432, 1.427, 1.421, 1.419, 1.415, 1.413, 1.41, 1.41, 1.406, 1.406, 1.404, 1.404, 1.404, 1.404, 1.404, 1.404, 1.404, 1.406, 1.406, 1.406, 1.406, 1.404, 1.404, 1.402, 1.402, 1.4, 1.4, 1.4, 1.4, 1.4, 1.4, 1.4, 1.4, 1.4, 1.402, 1.402, 1.402, 1.402, 1.402, 1.402, 1.402, 1.402, 1.402, 1.402, 1.402, 1.402, 1.404, 1.404, 1.404, 1.402, 1.402, 1.402, 1.4, 1.4, 1.399, 1.399, 1.397, 1.397, 1.397, 1.397, 1.397, 1.397, 1.399, 1.399, 1.399, 1.399, 1.399, 1.399, 1.399, 1.397, 1.397, 1.397, 1.395, 1.395, 1.395, 1.395, 1.395, 1.393, 1.393, 1.393, 1.393, 1.393, 1.393, 1.393, 1.393, 1.391, 1.391, 1.391, 1.391, 1.393, 1.393, 1.393, 1.395, 1.397, 1.399, 1.4, 1.4, 1.402, 1.4, 1.4, 1.399, 1.397, 1.395, 1.393, 1.391, 1.39, 1.39, 1.388, 1.386, 1.386, 1.386, 1.386, 1.384, 1.384, 1.384, 1.384, 1.386, 1.386, 1.386, 1.388, 1.39, 1.39, 1.391, 1.393, 1.393, 1.393, 1.391, 1.39, 1.39, 1.39, 1.388, 1.386, 1.386, 1.386, 1.386, 1.386, 1.386, 1.386, 1.386, 1.386, 1.386, 1.388, 1.388, 1.388, 1.386, 1.386, 1.386, 1.386, 1.384, 1.384, 1.382, 1.382, 1.381, 1.381, 1.381, 1.381, 1.381, 1.381, 1.381, 1.381, 1.381, 1.382, 1.382, 1.382, 1.382, 1.382, 1.382, 1.382, 1.382, 1.382, 1.382, 1.382, 1.382, 1.382, 1.382, 1.384, 1.384, 1.384, 1.384, 1.384, 1.384, 1.384, 1.384, 1.382, 1.382, 1.382, 1.382, 1.382, 1.381, 1.381, 1.381, 1.382, 1.384, 1.388, 1.393, 1.402, 1.412, 1.421, 1.432, 1.442, 1.454, 1.464, 1.472, 1.476, 1.48, 1.481, 1.482, 1.483, 1.484, 1.484, 1.483, 1.482, 1.482, 1.481, 1.48, 1.478, 1.477, 1.476, 1.475, 1.474, 1.474, 1.474, 1.474, 1.474, 1.474, 1.474, 1.475, 1.475, 1.476, 1.477, 1.478, 1.479, 1.48, 1.481, 1.482, 1.484, 1.486, 1.487, 1.487, 1.488, 1.488, 1.487, 1.486, 1.486, 1.485, 1.484, 1.482, 1.481, 1.48, 1.478, 1.477, 1.476, 1.475, 1.474, 1.474, 1.474, 1.474, 1.474, 1.474, 1.475, 1.475, 1.476, 1.476, 1.476, 1.476, 1.476, 1.476, 1.476, 1.476, 1.476, 1.476, 1.476, 1.476, 1.476, 1.476, 1.476, 1.476, 1.476, 1.475, 1.475, 1.475, 1.475, 1.474, 1.474, 1.473, 1.473, 1.472, 1.472, 1.471, 1.47, 1.47, 1.47, 1.47, 1.47, 1.47, 1.47, 1.47, 1.47, 1.47, 1.47, 1.47, 1.47, 1.47, 1.469, 1.468, 1.466, 1.466, 1.466, 1.464, 1.462, 1.462, 1.46, 1.46, 1.46, 1.46, 1.46, 1.46, 1.462, 1.462, 1.462, 1.462, 1.462, 1.462, 1.464, 1.464, 1.464, 1.466, 1.466, 1.466, 1.468, 1.469, 1.469, 1.469, 1.469, 1.469, 1.47, 0, 
1.539, 1.539, 1.539, 1.538, 1.537, 1.536, 1.535, 1.535, 1.534, 1.533, 1.533, 1.533, 1.533, 1.533, 1.533, 1.533, 1.534, 1.535, 1.535, 1.535, 1.535, 1.535, 1.535, 1.535, 1.535, 1.535, 1.535, 1.536, 1.536, 1.536, 1.536, 1.535, 1.535, 1.535, 1.535, 1.535, 1.535, 1.535, 1.536, 1.537, 1.537, 1.538, 1.538, 1.538, 1.538, 1.537, 1.536, 1.536, 1.535, 1.535, 1.534, 1.534, 1.534, 1.534, 1.535, 1.534, 1.534, 1.533, 1.533, 1.533, 1.533, 1.528, 1.527, 1.526, 1.526, 1.525, 1.524, 1.524, 1.524, 1.524, 1.524, 1.524, 1.524, 1.524, 1.524, 1.524, 1.524, 1.524, 1.523, 1.522, 1.521, 1.52, 1.52, 1.518, 1.517, 1.516, 1.516, 1.512, 1.512, 1.512, 1.512, 1.512, 1.512, 1.512, 1.513, 1.516, 1.517, 1.518, 1.52, 1.52, 1.521, 1.521, 1.521, 1.52, 1.519, 1.518, 1.517, 1.513, 1.512, 1.512, 1.511, 1.512, 1.512, 1.513, 1.517, 1.518, 1.519, 1.52, 1.521, 1.522, 1.523, 1.523, 1.522, 1.521, 1.52, 1.52, 1.519, 1.518, 1.517, 1.516, 1.516, 1.513, 1.512, 1.511, 1.51, 1.503, 1.494, 1.486, 1.477, 1.468, 1.458, 1.448, 1.438, 1.43, 1.427, 1.421, 1.419, 1.415, 1.413, 1.41, 1.41, 1.406, 1.406, 1.404, 1.404, 1.404, 1.404, 1.404, 1.404, 1.404, 1.406, 1.406, 1.406, 1.406, 1.404, 1.404, 1.402, 1.402, 1.4, 1.4, 1.4, 1.4, 1.4, 1.4, 1.4, 1.4, 1.4, 1.402, 1.402, 1.402, 1.402, 1.402, 1.402, 1.402, 1.402, 1.402, 1.402, 1.402, 1.404, 1.404, 1.404, 1.404, 1.404, 1.402, 1.402, 1.402, 1.4, 1.399, 1.397, 1.397, 1.397, 1.397, 1.397, 1.397, 1.397, 1.399, 1.399, 1.399, 1.399, 1.399, 1.399, 1.399, 1.399, 1.397, 1.397, 1.397, 1.395, 1.395, 1.395, 1.393, 1.393, 1.393, 1.393, 1.393, 1.393, 1.393, 1.393, 1.391, 1.391, 1.39, 1.39, 1.39, 1.391, 1.393, 1.393, 1.393, 1.397, 1.399, 1.4, 1.4, 1.402, 1.402, 1.4, 1.399, 1.397, 1.395, 1.393, 1.391, 1.39, 1.39, 1.388, 1.388, 1.386, 1.386, 1.386, 1.386, 1.386, 1.386, 1.386, 1.386, 1.386, 1.386, 1.388, 1.39, 1.39, 1.391, 1.393, 1.393, 1.393, 1.391, 1.39, 1.39, 1.388, 1.388, 1.386, 1.386, 1.386, 1.386, 1.386, 1.386, 1.386, 1.386, 1.386, 1.386, 1.386, 1.388, 1.386, 1.386, 1.386, 1.386, 1.386, 1.384, 1.384, 1.382, 1.382, 1.382, 1.381, 1.381, 1.381, 1.381, 1.381, 1.381, 1.381, 1.381, 1.381, 1.381, 1.381, 1.381, 1.382, 1.382, 1.382, 1.382, 1.382, 1.382, 1.382, 1.382, 1.384, 1.384, 1.384, 1.384, 1.384, 1.384, 1.384, 1.384, 1.384, 1.384, 1.382, 1.382, 1.382, 1.382, 1.382, 1.381, 1.381, 1.381, 1.382, 1.384, 1.388, 1.395, 1.402, 1.412, 1.423, 1.434, 1.444, 1.454, 1.464, 1.472, 1.476, 1.481, 1.482, 1.482, 1.483, 1.484, 1.484, 1.484, 1.483, 1.482, 1.481, 1.48, 1.479, 1.478, 1.476, 1.475, 1.474, 1.473, 1.473, 1.473, 1.473, 1.473, 1.473, 1.474, 1.474, 1.475, 1.476, 1.477, 1.478, 1.479, 1.481, 1.482, 1.484, 1.486, 1.487, 1.488, 1.488, 1.488, 1.487, 1.486, 1.486, 1.485, 1.484, 1.482, 1.482, 1.48, 1.479, 1.477, 1.476, 1.475, 1.475, 1.474, 1.474, 1.474, 1.474, 1.475, 1.475, 1.476, 1.476, 1.476, 1.476, 1.476, 1.476, 1.476, 1.476, 1.476, 1.476, 1.476, 1.476, 1.476, 1.476, 1.476, 1.476, 1.476, 1.476, 1.476, 1.476, 1.476, 1.475, 1.475, 1.474, 1.474, 1.473, 1.472, 1.472, 1.471, 1.47, 1.47, 1.468, 1.468, 1.468, 1.468, 1.468, 1.47, 1.47, 1.47, 1.47, 1.47, 1.47, 1.47, 1.47, 1.468, 1.466, 1.466, 1.466, 1.464, 1.462, 1.462, 1.46, 1.46, 1.46, 1.46, 1.46, 1.46, 1.462, 1.462, 1.462, 1.462, 1.462, 1.462, 1.464, 1.464, 1.464, 1.466, 1.466, 1.466, 1.468, 1.468, 1.468, 1.469, 1.468, 1.469, 1.47, 0, 
1.539, 1.539, 1.539, 1.538, 1.537, 1.536, 1.535, 1.535, 1.534, 1.533, 1.533, 1.533, 1.533, 1.533, 1.533, 1.533, 1.534, 1.534, 1.534, 1.535, 1.535, 1.535, 1.535, 1.535, 1.535, 1.535, 1.535, 1.536, 1.537, 1.537, 1.536, 1.535, 1.535, 1.535, 1.535, 1.535, 1.535, 1.536, 1.537, 1.537, 1.538, 1.539, 1.539, 1.539, 1.538, 1.538, 1.537, 1.537, 1.536, 1.535, 1.535, 1.535, 1.535, 1.535, 1.535, 1.535, 1.534, 1.533, 1.533, 1.533, 1.532, 1.528, 1.527, 1.526, 1.525, 1.525, 1.524, 1.523, 1.523, 1.523, 1.523, 1.524, 1.524, 1.524, 1.524, 1.524, 1.524, 1.524, 1.523, 1.522, 1.522, 1.52, 1.52, 1.518, 1.517, 1.516, 1.513, 1.512, 1.511, 1.511, 1.511, 1.511, 1.511, 1.512, 1.512, 1.513, 1.517, 1.518, 1.52, 1.521, 1.522, 1.522, 1.523, 1.522, 1.52, 1.519, 1.516, 1.516, 1.513, 1.512, 1.512, 1.512, 1.513, 1.513, 1.516, 1.517, 1.518, 1.52, 1.521, 1.522, 1.522, 1.522, 1.521, 1.521, 1.52, 1.519, 1.518, 1.517, 1.516, 1.516, 1.516, 1.513, 1.512, 1.511, 1.51, 1.503, 1.494, 1.486, 1.476, 1.468, 1.458, 1.448, 1.438, 1.43, 1.427, 1.421, 1.419, 1.415, 1.413, 1.41, 1.41, 1.406, 1.406, 1.404, 1.404, 1.404, 1.404, 1.404, 1.406, 1.406, 1.406, 1.406, 1.406, 1.406, 1.404, 1.404, 1.402, 1.4, 1.4, 1.4, 1.4, 1.4, 1.4, 1.4, 1.4, 1.4, 1.4, 1.402, 1.402, 1.402, 1.402, 1.402, 1.402, 1.402, 1.402, 1.402, 1.402, 1.402, 1.404, 1.404, 1.404, 1.404, 1.404, 1.404, 1.402, 1.402, 1.4, 1.399, 1.397, 1.397, 1.397, 1.397, 1.397, 1.397, 1.397, 1.397, 1.399, 1.399, 1.399, 1.399, 1.399, 1.399, 1.399, 1.397, 1.397, 1.397, 1.395, 1.395, 1.393, 1.393, 1.393, 1.393, 1.393, 1.393, 1.393, 1.391, 1.391, 1.391, 1.39, 1.39, 1.39, 1.39, 1.391, 1.393, 1.393, 1.393, 1.397, 1.397, 1.4, 1.4, 1.402, 1.402, 1.4, 1.399, 1.397, 1.395, 1.393, 1.393, 1.39, 1.39, 1.39, 1.388, 1.388, 1.386, 1.386, 1.386, 1.386, 1.386, 1.386, 1.386, 1.386, 1.386, 1.388, 1.39, 1.39, 1.391, 1.391, 1.393, 1.391, 1.391, 1.39, 1.39, 1.388, 1.388, 1.386, 1.386, 1.386, 1.386, 1.386, 1.386, 1.386, 1.386, 1.386, 1.386, 1.386, 1.386, 1.386, 1.386, 1.386, 1.386, 1.386, 1.384, 1.384, 1.382, 1.382, 1.382, 1.382, 1.381, 1.381, 1.381, 1.381, 1.381, 1.381, 1.381, 1.381, 1.381, 1.381, 1.381, 1.381, 1.382, 1.382, 1.382, 1.382, 1.382, 1.382, 1.384, 1.384, 1.384, 1.384, 1.384, 1.384, 1.384, 1.384, 1.384, 1.384, 1.384, 1.382, 1.382, 1.382, 1.382, 1.381, 1.381, 1.381, 1.381, 1.382, 1.384, 1.39, 1.395, 1.402, 1.413, 1.423, 1.434, 1.446, 1.456, 1.464, 1.472, 1.476, 1.481, 1.482, 1.482, 1.483, 1.484, 1.484, 1.484, 1.483, 1.482, 1.482, 1.48, 1.479, 1.478, 1.476, 1.474, 1.474, 1.473, 1.472, 1.472, 1.472, 1.472, 1.472, 1.473, 1.474, 1.474, 1.475, 1.476, 1.477, 1.479, 1.48, 1.482, 1.484, 1.485, 1.486, 1.487, 1.488, 1.488, 1.487, 1.486, 1.486, 1.485, 1.484, 1.482, 1.482, 1.481, 1.479, 1.478, 1.477, 1.476, 1.475, 1.475, 1.474, 1.475, 1.475, 1.475, 1.476, 1.476, 1.476, 1.476, 1.476, 1.476, 1.476, 1.476, 1.476, 1.476, 1.476, 1.476, 1.476, 1.476, 1.476, 1.476, 1.476, 1.476, 1.476, 1.476, 1.476, 1.476, 1.476, 1.475, 1.474, 1.474, 1.473, 1.472, 1.472, 1.471, 1.47, 1.47, 1.468, 1.468, 1.468, 1.468, 1.468, 1.468, 1.47, 1.47, 1.47, 1.47, 1.47, 1.47, 1.47, 1.468, 1.468, 1.466, 1.466, 1.464, 1.462, 1.462, 1.462, 1.46, 1.46, 1.46, 1.46, 1.462, 1.462, 1.462, 1.462, 1.462, 1.462, 1.464, 1.464, 1.464, 1.464, 1.466, 1.466, 1.466, 1.466, 1.468, 1.468, 1.468, 1.468, 1.468, 1.468, 0, 
1.542, 1.539, 1.539, 1.538, 1.537, 1.537, 1.535, 1.535, 1.534, 1.533, 1.533, 1.533, 1.533, 1.533, 1.533, 1.533, 1.533, 1.533, 1.534, 1.534, 1.535, 1.535, 1.535, 1.535, 1.535, 1.535, 1.535, 1.536, 1.537, 1.537, 1.537, 1.536, 1.536, 1.536, 1.536, 1.536, 1.536, 1.537, 1.537, 1.538, 1.539, 1.539, 1.539, 1.542, 1.539, 1.538, 1.538, 1.537, 1.537, 1.536, 1.535, 1.535, 1.535, 1.535, 1.535, 1.535, 1.534, 1.533, 1.533, 1.533, 1.532, 1.528, 1.527, 1.526, 1.525, 1.524, 1.523, 1.522, 1.522, 1.522, 1.523, 1.523, 1.524, 1.524, 1.524, 1.524, 1.524, 1.524, 1.523, 1.522, 1.522, 1.52, 1.52, 1.518, 1.517, 1.516, 1.512, 1.512, 1.511, 1.511, 1.511, 1.511, 1.511, 1.511, 1.512, 1.512, 1.516, 1.517, 1.52, 1.521, 1.522, 1.523, 1.523, 1.523, 1.52, 1.52, 1.516, 1.516, 1.513, 1.512, 1.512, 1.512, 1.513, 1.513, 1.516, 1.517, 1.518, 1.519, 1.52, 1.521, 1.521, 1.521, 1.521, 1.52, 1.519, 1.518, 1.517, 1.517, 1.516, 1.516, 1.516, 1.512, 1.512, 1.511, 1.51, 1.503, 1.494, 1.486, 1.477, 1.468, 1.458, 1.448, 1.438, 1.43, 1.427, 1.421, 1.417, 1.415, 1.413, 1.41, 1.41, 1.408, 1.406, 1.406, 1.406, 1.406, 1.406, 1.406, 1.406, 1.406, 1.406, 1.406, 1.406, 1.406, 1.404, 1.404, 1.402, 1.4, 1.4, 1.4, 1.4, 1.4, 1.4, 1.4, 1.4, 1.4, 1.4, 1.402, 1.402, 1.402, 1.402, 1.402, 1.402, 1.402, 1.402, 1.402, 1.402, 1.404, 1.404, 1.406, 1.406, 1.406, 1.404, 1.404, 1.402, 1.402, 1.4, 1.399, 1.397, 1.397, 1.397, 1.397, 1.397, 1.397, 1.397, 1.397, 1.397, 1.399, 1.399, 1.4, 1.4, 1.399, 1.399, 1.399, 1.397, 1.397, 1.395, 1.395, 1.393, 1.393, 1.393, 1.393, 1.391, 1.391, 1.391, 1.39, 1.39, 1.39, 1.39, 1.39, 1.39, 1.39, 1.39, 1.391, 1.391, 1.393, 1.395, 1.397, 1.4, 1.4, 1.402, 1.402, 1.402, 1.399, 1.397, 1.395, 1.393, 1.393, 1.391, 1.39, 1.39, 1.39, 1.39, 1.388, 1.386, 1.386, 1.386, 1.386, 1.386, 1.386, 1.386, 1.386, 1.388, 1.39, 1.39, 1.391, 1.391, 1.391, 1.391, 1.391, 1.39, 1.39, 1.388, 1.388, 1.386, 1.386, 1.386, 1.386, 1.386, 1.386, 1.386, 1.386, 1.386, 1.386, 1.386, 1.386, 1.386, 1.386, 1.386, 1.386, 1.386, 1.384, 1.384, 1.384, 1.382, 1.382, 1.382, 1.382, 1.382, 1.381, 1.381, 1.381, 1.381, 1.381, 1.381, 1.381, 1.381, 1.381, 1.381, 1.382, 1.382, 1.382, 1.382, 1.382, 1.384, 1.384, 1.384, 1.384, 1.384, 1.384, 1.384, 1.384, 1.384, 1.384, 1.384, 1.384, 1.382, 1.382, 1.382, 1.382, 1.381, 1.381, 1.381, 1.381, 1.382, 1.384, 1.39, 1.395, 1.402, 1.413, 1.423, 1.434, 1.446, 1.454, 1.464, 1.472, 1.476, 1.481, 1.482, 1.482, 1.483, 1.484, 1.484, 1.484, 1.483, 1.482, 1.482, 1.48, 1.479, 1.478, 1.476, 1.474, 1.473, 1.472, 1.472, 1.471, 1.471, 1.471, 1.471, 1.472, 1.473, 1.474, 1.475, 1.476, 1.477, 1.478, 1.48, 1.482, 1.484, 1.485, 1.486, 1.487, 1.487, 1.487, 1.487, 1.486, 1.485, 1.484, 1.483, 1.482, 1.482, 1.481, 1.48, 1.478, 1.477, 1.477, 1.476, 1.475, 1.475, 1.475, 1.476, 1.476, 1.476, 1.476, 1.476, 1.476, 1.476, 1.476, 1.476, 1.476, 1.476, 1.476, 1.476, 1.476, 1.476, 1.476, 1.476, 1.476, 1.476, 1.476, 1.476, 1.476, 1.476, 1.476, 1.476, 1.475, 1.474, 1.474, 1.473, 1.472, 1.472, 1.471, 1.47, 1.47, 1.468, 1.468, 1.468, 1.468, 1.468, 1.468, 1.47, 1.47, 1.47, 1.47, 1.47, 1.47, 1.47, 1.468, 1.468, 1.466, 1.466, 1.464, 1.462, 1.462, 1.462, 1.46, 1.46, 1.46, 1.462, 1.462, 1.462, 1.462, 1.462, 1.464, 1.464, 1.464, 1.464, 1.464, 1.466, 1.466, 1.466, 1.466, 1.466, 1.466, 1.466, 1.468, 1.466, 1.466, 1.468, 0, 
1.542, 1.539, 1.539, 1.538, 1.537, 1.537, 1.535, 1.535, 1.534, 1.533, 1.533, 1.533, 1.533, 1.533, 1.533, 1.533, 1.533, 1.533, 1.533, 1.533, 1.534, 1.534, 1.535, 1.535, 1.535, 1.535, 1.535, 1.536, 1.537, 1.537, 1.537, 1.537, 1.537, 1.536, 1.536, 1.537, 1.537, 1.537, 1.538, 1.539, 1.539, 1.542, 1.542, 1.542, 1.539, 1.539, 1.538, 1.538, 1.537, 1.536, 1.535, 1.535, 1.535, 1.535, 1.535, 1.535, 1.534, 1.533, 1.533, 1.533, 1.532, 1.528, 1.527, 1.526, 1.525, 1.524, 1.523, 1.522, 1.522, 1.522, 1.522, 1.523, 1.523, 1.523, 1.523, 1.524, 1.524, 1.524, 1.523, 1.522, 1.522, 1.52, 1.52, 1.518, 1.517, 1.516, 1.512, 1.512, 1.511, 1.511, 1.511, 1.511, 1.511, 1.511, 1.511, 1.512, 1.516, 1.516, 1.52, 1.521, 1.522, 1.523, 1.524, 1.524, 1.521, 1.52, 1.517, 1.517, 1.513, 1.513, 1.512, 1.512, 1.513, 1.513, 1.516, 1.517, 1.518, 1.519, 1.52, 1.52, 1.52, 1.52, 1.52, 1.519, 1.518, 1.518, 1.517, 1.516, 1.516, 1.513, 1.513, 1.512, 1.511, 1.511, 1.51, 1.503, 1.494, 1.486, 1.477, 1.468, 1.458, 1.448, 1.438, 1.43, 1.427, 1.421, 1.417, 1.415, 1.413, 1.41, 1.41, 1.408, 1.408, 1.406, 1.406, 1.406, 1.406, 1.406, 1.406, 1.408, 1.408, 1.406, 1.406, 1.406, 1.404, 1.404, 1.402, 1.4, 1.4, 1.4, 1.4, 1.4, 1.4, 1.4, 1.4, 1.4, 1.4, 1.402, 1.402, 1.402, 1.402, 1.402, 1.402, 1.402, 1.402, 1.402, 1.404, 1.404, 1.404, 1.406, 1.406, 1.406, 1.406, 1.404, 1.402, 1.4, 1.4, 1.399, 1.397, 1.397, 1.397, 1.397, 1.397, 1.397, 1.397, 1.397, 1.397, 1.399, 1.399, 1.4, 1.4, 1.4, 1.399, 1.399, 1.397, 1.397, 1.395, 1.395, 1.393, 1.393, 1.391, 1.391, 1.391, 1.39, 1.39, 1.39, 1.39, 1.39, 1.39, 1.39, 1.39, 1.39, 1.39, 1.391, 1.391, 1.393, 1.395, 1.397, 1.399, 1.4, 1.402, 1.402, 1.402, 1.4, 1.399, 1.397, 1.395, 1.393, 1.393, 1.391, 1.391, 1.39, 1.39, 1.39, 1.388, 1.386, 1.386, 1.386, 1.386, 1.386, 1.386, 1.386, 1.388, 1.39, 1.39, 1.391, 1.391, 1.391, 1.391, 1.391, 1.39, 1.39, 1.388, 1.388, 1.386, 1.386, 1.386, 1.386, 1.386, 1.386, 1.386, 1.386, 1.386, 1.386, 1.386, 1.386, 1.386, 1.386, 1.386, 1.386, 1.386, 1.384, 1.384, 1.384, 1.382, 1.382, 1.382, 1.382, 1.382, 1.381, 1.381, 1.381, 1.381, 1.381, 1.381, 1.381, 1.381, 1.381, 1.381, 1.382, 1.382, 1.382, 1.382, 1.384, 1.384, 1.384, 1.384, 1.384, 1.384, 1.384, 1.384, 1.384, 1.384, 1.384, 1.384, 1.384, 1.382, 1.382, 1.382, 1.381, 1.381, 1.381, 1.381, 1.381, 1.382, 1.384, 1.388, 1.395, 1.402, 1.413, 1.423, 1.434, 1.446, 1.454, 1.464, 1.471, 1.476, 1.481, 1.482, 1.482, 1.483, 1.484, 1.484, 1.484, 1.483, 1.482, 1.482, 1.48, 1.479, 1.478, 1.476, 1.474, 1.473, 1.472, 1.471, 1.47, 1.47, 1.47, 1.47, 1.471, 1.472, 1.473, 1.474, 1.475, 1.476, 1.478, 1.48, 1.482, 1.483, 1.484, 1.485, 1.486, 1.487, 1.487, 1.486, 1.486, 1.485, 1.484, 1.483, 1.482, 1.482, 1.481, 1.48, 1.479, 1.478, 1.477, 1.476, 1.476, 1.476, 1.476, 1.476, 1.476, 1.476, 1.476, 1.476, 1.476, 1.476, 1.476, 1.476, 1.476, 1.476, 1.476, 1.476, 1.476, 1.476, 1.477, 1.477, 1.477, 1.476, 1.476, 1.476, 1.476, 1.476, 1.476, 1.476, 1.475, 1.474, 1.474, 1.473, 1.472, 1.472, 1.471, 1.47, 1.468, 1.468, 1.468, 1.468, 1.468, 1.468, 1.468, 1.47, 1.47, 1.47, 1.47, 1.47, 1.47, 1.47, 1.47, 1.468, 1.466, 1.466, 1.464, 1.464, 1.462, 1.462, 1.462, 1.462, 1.462, 1.462, 1.462, 1.462, 1.464, 1.464, 1.464, 1.464, 1.464, 1.466, 1.466, 1.466, 1.466, 1.466, 1.466, 1.466, 1.466, 1.466, 1.468, 1.466, 1.466, 1.466, 0, 
1.542, 1.542, 1.539, 1.538, 1.537, 1.537, 1.536, 1.535, 1.534, 1.533, 1.533, 1.533, 1.533, 1.533, 1.533, 1.533, 1.533, 1.533, 1.533, 1.533, 1.533, 1.534, 1.534, 1.535, 1.535, 1.535, 1.535, 1.536, 1.537, 1.537, 1.537, 1.537, 1.537, 1.537, 1.537, 1.537, 1.537, 1.538, 1.538, 1.539, 1.539, 1.542, 1.542, 1.542, 1.542, 1.539, 1.539, 1.538, 1.537, 1.537, 1.536, 1.535, 1.535, 1.535, 1.535, 1.535, 1.534, 1.533, 1.533, 1.533, 1.532, 1.528, 1.527, 1.526, 1.525, 1.524, 1.523, 1.522, 1.522, 1.522, 1.522, 1.522, 1.522, 1.522, 1.522, 1.523, 1.523, 1.524, 1.523, 1.523, 1.522, 1.521, 1.52, 1.518, 1.517, 1.516, 1.512, 1.512, 1.511, 1.511, 1.511, 1.511, 1.511, 1.511, 1.511, 1.511, 1.516, 1.516, 1.52, 1.521, 1.522, 1.523, 1.524, 1.523, 1.522, 1.52, 1.518, 1.517, 1.513, 1.513, 1.512, 1.512, 1.513, 1.513, 1.516, 1.517, 1.518, 1.519, 1.52, 1.52, 1.52, 1.52, 1.519, 1.518, 1.517, 1.517, 1.516, 1.516, 1.513, 1.513, 1.512, 1.512, 1.511, 1.51, 1.509, 1.503, 1.494, 1.486, 1.478, 1.468, 1.458, 1.448, 1.438, 1.43, 1.425, 1.421, 1.417, 1.415, 1.413, 1.412, 1.41, 1.408, 1.408, 1.406, 1.406, 1.406, 1.406, 1.406, 1.408, 1.408, 1.408, 1.408, 1.406, 1.406, 1.404, 1.402, 1.4, 1.4, 1.4, 1.4, 1.399, 1.399, 1.4, 1.4, 1.4, 1.4, 1.4, 1.402, 1.402, 1.402, 1.402, 1.402, 1.402, 1.402, 1.402, 1.402, 1.404, 1.404, 1.404, 1.406, 1.406, 1.406, 1.404, 1.404, 1.402, 1.4, 1.4, 1.399, 1.397, 1.397, 1.397, 1.395, 1.395, 1.395, 1.397, 1.397, 1.397, 1.399, 1.399, 1.4, 1.4, 1.4, 1.399, 1.399, 1.399, 1.397, 1.395, 1.393, 1.393, 1.393, 1.391, 1.39, 1.39, 1.39, 1.39, 1.39, 1.39, 1.39, 1.388, 1.388, 1.388, 1.39, 1.39, 1.391, 1.391, 1.393, 1.395, 1.397, 1.399, 1.4, 1.402, 1.402, 1.402, 1.4, 1.399, 1.397, 1.395, 1.393, 1.393, 1.393, 1.391, 1.391, 1.391, 1.39, 1.39, 1.386, 1.386, 1.386, 1.386, 1.386, 1.386, 1.386, 1.388, 1.39, 1.39, 1.391, 1.391, 1.393, 1.391, 1.391, 1.39, 1.39, 1.388, 1.388, 1.386, 1.386, 1.386, 1.386, 1.386, 1.386, 1.386, 1.386, 1.386, 1.386, 1.386, 1.386, 1.386, 1.386, 1.386, 1.386, 1.386, 1.384, 1.384, 1.384, 1.382, 1.382, 1.382, 1.382, 1.382, 1.382, 1.381, 1.381, 1.381, 1.381, 1.381, 1.381, 1.381, 1.381, 1.381, 1.382, 1.382, 1.384, 1.384, 1.384, 1.384, 1.384, 1.384, 1.384, 1.384, 1.384, 1.384, 1.384, 1.384, 1.384, 1.384, 1.384, 1.382, 1.382, 1.382, 1.381, 1.381, 1.381, 1.381, 1.381, 1.382, 1.384, 1.388, 1.395, 1.404, 1.413, 1.423, 1.434, 1.444, 1.454, 1.462, 1.471, 1.476, 1.48, 1.482, 1.482, 1.483, 1.484, 1.484, 1.484, 1.483, 1.482, 1.482, 1.48, 1.479, 1.478, 1.476, 1.474, 1.473, 1.472, 1.471, 1.47, 1.47, 1.47, 1.47, 1.47, 1.471, 1.472, 1.473, 1.474, 1.476, 1.478, 1.479, 1.481, 1.482, 1.484, 1.485, 1.486, 1.486, 1.486, 1.486, 1.485, 1.484, 1.484, 1.483, 1.482, 1.482, 1.481, 1.48, 1.479, 1.478, 1.477, 1.476, 1.476, 1.476, 1.476, 1.476, 1.476, 1.476, 1.476, 1.476, 1.476, 1.476, 1.476, 1.476, 1.476, 1.476, 1.476, 1.476, 1.476, 1.476, 1.477, 1.477, 1.477, 1.476, 1.476, 1.476, 1.476, 1.476, 1.476, 1.476, 1.475, 1.474, 1.474, 1.473, 1.472, 1.472, 1.471, 1.47, 1.468, 1.468, 1.468, 1.468, 1.468, 1.468, 1.468, 1.47, 1.47, 1.47, 1.47, 1.47, 1.47, 1.47, 1.47, 1.468, 1.466, 1.466, 1.466, 1.464, 1.462, 1.462, 1.462, 1.462, 1.462, 1.462, 1.462, 1.464, 1.464, 1.466, 1.466, 1.466, 1.466, 1.466, 1.466, 1.466, 1.466, 1.466, 1.466, 1.466, 1.466, 1.466, 1.466, 1.466, 1.466, 1.466, 0, 
1.542, 1.542, 1.539, 1.538, 1.537, 1.537, 1.536, 1.535, 1.534, 1.534, 1.533, 1.533, 1.533, 1.533, 1.533, 1.533, 1.533, 1.533, 1.533, 1.533, 1.533, 1.533, 1.533, 1.534, 1.534, 1.535, 1.535, 1.536, 1.536, 1.537, 1.537, 1.537, 1.537, 1.537, 1.537, 1.537, 1.537, 1.538, 1.539, 1.539, 1.539, 1.542, 1.542, 1.542, 1.542, 1.539, 1.538, 1.538, 1.537, 1.537, 1.535, 1.535, 1.535, 1.535, 1.535, 1.534, 1.534, 1.533, 1.533, 1.533, 1.532, 1.528, 1.527, 1.526, 1.525, 1.524, 1.522, 1.522, 1.522, 1.522, 1.522, 1.522, 1.522, 1.522, 1.522, 1.522, 1.523, 1.523, 1.524, 1.523, 1.522, 1.521, 1.52, 1.519, 1.518, 1.517, 1.513, 1.512, 1.511, 1.511, 1.511, 1.511, 1.511, 1.511, 1.511, 1.511, 1.516, 1.516, 1.52, 1.521, 1.522, 1.523, 1.524, 1.524, 1.523, 1.519, 1.518, 1.517, 1.516, 1.513, 1.513, 1.513, 1.513, 1.513, 1.516, 1.516, 1.517, 1.518, 1.519, 1.519, 1.519, 1.519, 1.518, 1.517, 1.516, 1.516, 1.516, 1.513, 1.513, 1.512, 1.512, 1.511, 1.511, 1.509, 1.508, 1.502, 1.494, 1.486, 1.477, 1.468, 1.458, 1.448, 1.438, 1.43, 1.425, 1.421, 1.417, 1.415, 1.413, 1.412, 1.41, 1.408, 1.408, 1.406, 1.406, 1.406, 1.406, 1.408, 1.408, 1.408, 1.408, 1.406, 1.406, 1.406, 1.404, 1.402, 1.4, 1.4, 1.399, 1.399, 1.399, 1.399, 1.399, 1.4, 1.4, 1.4, 1.4, 1.402, 1.402, 1.402, 1.402, 1.402, 1.402, 1.402, 1.402, 1.402, 1.404, 1.404, 1.404, 1.406, 1.406, 1.406, 1.404, 1.404, 1.402, 1.4, 1.4, 1.399, 1.397, 1.397, 1.397, 1.395, 1.395, 1.395, 1.395, 1.397, 1.397, 1.399, 1.399, 1.4, 1.4, 1.4, 1.399, 1.399, 1.399, 1.397, 1.395, 1.393, 1.393, 1.391, 1.39, 1.39, 1.39, 1.39, 1.39, 1.388, 1.388, 1.388, 1.388, 1.388, 1.388, 1.388, 1.39, 1.39, 1.39, 1.391, 1.393, 1.397, 1.399, 1.4, 1.4, 1.402, 1.4, 1.4, 1.399, 1.397, 1.395, 1.395, 1.393, 1.393, 1.393, 1.393, 1.391, 1.391, 1.39, 1.39, 1.388, 1.386, 1.386, 1.386, 1.386, 1.386, 1.388, 1.39, 1.39, 1.391, 1.391, 1.393, 1.391, 1.391, 1.39, 1.39, 1.388, 1.388, 1.386, 1.386, 1.386, 1.386, 1.386, 1.386, 1.386, 1.386, 1.386, 1.386, 1.386, 1.386, 1.386, 1.386, 1.386, 1.386, 1.386, 1.384, 1.384, 1.384, 1.384, 1.384, 1.382, 1.382, 1.382, 1.382, 1.381, 1.381, 1.381, 1.381, 1.381, 1.381, 1.381, 1.381, 1.382, 1.382, 1.384, 1.384, 1.384, 1.384, 1.384, 1.384, 1.384, 1.384, 1.384, 1.384, 1.384, 1.384, 1.384, 1.384, 1.384, 1.384, 1.382, 1.382, 1.382, 1.381, 1.381, 1.381, 1.381, 1.381, 1.382, 1.386, 1.39, 1.397, 1.402, 1.412, 1.423, 1.432, 1.444, 1.452, 1.462, 1.47, 1.475, 1.479, 1.482, 1.482, 1.483, 1.484, 1.484, 1.484, 1.483, 1.482, 1.482, 1.48, 1.479, 1.478, 1.476, 1.475, 1.473, 1.472, 1.471, 1.47, 1.47, 1.47, 1.47, 1.47, 1.471, 1.472, 1.473, 1.474, 1.475, 1.477, 1.478, 1.48, 1.482, 1.483, 1.484, 1.485, 1.486, 1.486, 1.486, 1.485, 1.484, 1.484, 1.483, 1.482, 1.482, 1.481, 1.48, 1.479, 1.478, 1.477, 1.476, 1.476, 1.476, 1.476, 1.476, 1.476, 1.476, 1.476, 1.476, 1.476, 1.476, 1.476, 1.476, 1.476, 1.476, 1.476, 1.476, 1.476, 1.476, 1.477, 1.478, 1.477, 1.476, 1.476, 1.476, 1.476, 1.476, 1.476, 1.475, 1.475, 1.474, 1.474, 1.473, 1.472, 1.472, 1.471, 1.47, 1.468, 1.468, 1.468, 1.468, 1.468, 1.468, 1.468, 1.47, 1.47, 1.47, 1.471, 1.471, 1.471, 1.471, 1.47, 1.47, 1.468, 1.466, 1.466, 1.466, 1.464, 1.464, 1.462, 1.462, 1.464, 1.464, 1.464, 1.466, 1.466, 1.466, 1.466, 1.466, 1.466, 1.466, 1.466, 1.466, 1.466, 1.466, 1.466, 1.466, 1.466, 1.466, 1.466, 1.466, 1.466, 1.466, 0, 
1.542, 1.542, 1.539, 1.539, 1.538, 1.537, 1.536, 1.535, 1.535, 1.534, 1.533, 1.533, 1.533, 1.533, 1.533, 1.533, 1.533, 1.533, 1.533, 1.533, 1.533, 1.533, 1.533, 1.533, 1.534, 1.534, 1.535, 1.535, 1.536, 1.536, 1.537, 1.537, 1.537, 1.537, 1.537, 1.537, 1.538, 1.539, 1.539, 1.539, 1.539, 1.542, 1.542, 1.542, 1.542, 1.539, 1.538, 1.537, 1.537, 1.536, 1.535, 1.535, 1.535, 1.534, 1.534, 1.534, 1.533, 1.533, 1.533, 1.533, 1.532, 1.528, 1.527, 1.526, 1.524, 1.524, 1.522, 1.521, 1.521, 1.521, 1.521, 1.521, 1.521, 1.521, 1.521, 1.521, 1.522, 1.523, 1.523, 1.524, 1.523, 1.522, 1.521, 1.52, 1.518, 1.517, 1.516, 1.512, 1.511, 1.511, 1.511, 1.511, 1.511, 1.511, 1.511, 1.512, 1.516, 1.517, 1.521, 1.522, 1.523, 1.524, 1.524, 1.524, 1.524, 1.519, 1.518, 1.517, 1.516, 1.513, 1.513, 1.513, 1.513, 1.513, 1.516, 1.516, 1.517, 1.517, 1.518, 1.518, 1.518, 1.518, 1.517, 1.516, 1.516, 1.516, 1.516, 1.513, 1.513, 1.512, 1.511, 1.511, 1.51, 1.509, 1.508, 1.502, 1.494, 1.486, 1.477, 1.468, 1.458, 1.448, 1.438, 1.43, 1.425, 1.421, 1.417, 1.415, 1.412, 1.412, 1.41, 1.408, 1.408, 1.408, 1.408, 1.406, 1.406, 1.408, 1.408, 1.408, 1.408, 1.406, 1.406, 1.404, 1.402, 1.4, 1.4, 1.4, 1.399, 1.399, 1.399, 1.399, 1.399, 1.4, 1.4, 1.4, 1.402, 1.402, 1.402, 1.402, 1.402, 1.402, 1.402, 1.402, 1.402, 1.402, 1.404, 1.404, 1.404, 1.404, 1.404, 1.406, 1.404, 1.404, 1.402, 1.4, 1.4, 1.399, 1.397, 1.397, 1.395, 1.395, 1.395, 1.395, 1.395, 1.397, 1.397, 1.399, 1.399, 1.4, 1.4, 1.4, 1.4, 1.399, 1.399, 1.397, 1.395, 1.393, 1.393, 1.391, 1.39, 1.39, 1.39, 1.39, 1.39, 1.388, 1.388, 1.388, 1.388, 1.388, 1.388, 1.388, 1.39, 1.39, 1.39, 1.391, 1.393, 1.395, 1.397, 1.399, 1.4, 1.4, 1.4, 1.399, 1.399, 1.397, 1.397, 1.395, 1.395, 1.393, 1.393, 1.393, 1.393, 1.393, 1.391, 1.39, 1.388, 1.388, 1.386, 1.386, 1.386, 1.388, 1.39, 1.39, 1.39, 1.391, 1.393, 1.393, 1.391, 1.391, 1.39, 1.39, 1.388, 1.388, 1.386, 1.386, 1.386, 1.386, 1.386, 1.386, 1.386, 1.386, 1.386, 1.386, 1.386, 1.386, 1.386, 1.386, 1.386, 1.386, 1.386, 1.384, 1.384, 1.384, 1.384, 1.384, 1.382, 1.382, 1.382, 1.382, 1.382, 1.381, 1.381, 1.381, 1.381, 1.381, 1.381, 1.381, 1.382, 1.382, 1.384, 1.384, 1.384, 1.384, 1.384, 1.386, 1.386, 1.386, 1.386, 1.384, 1.384, 1.384, 1.384, 1.384, 1.384, 1.384, 1.384, 1.382, 1.382, 1.382, 1.381, 1.381, 1.381, 1.381, 1.382, 1.386, 1.39, 1.395, 1.402, 1.412, 1.421, 1.432, 1.442, 1.452, 1.46, 1.468, 1.474, 1.478, 1.482, 1.482, 1.483, 1.484, 1.484, 1.484, 1.483, 1.482, 1.482, 1.48, 1.479, 1.478, 1.477, 1.475, 1.474, 1.472, 1.471, 1.47, 1.47, 1.47, 1.47, 1.47, 1.471, 1.472, 1.472, 1.473, 1.475, 1.476, 1.478, 1.479, 1.481, 1.482, 1.484, 1.485, 1.485, 1.486, 1.486, 1.485, 1.484, 1.484, 1.483, 1.482, 1.482, 1.481, 1.48, 1.479, 1.478, 1.477, 1.476, 1.476, 1.476, 1.476, 1.476, 1.476, 1.476, 1.476, 1.476, 1.476, 1.476, 1.476, 1.476, 1.476, 1.476, 1.476, 1.476, 1.476, 1.476, 1.477, 1.477, 1.477, 1.476, 1.476, 1.476, 1.476, 1.475, 1.475, 1.475, 1.474, 1.474, 1.474, 1.474, 1.473, 1.472, 1.471, 1.471, 1.47, 1.468, 1.468, 1.468, 1.468, 1.468, 1.468, 1.47, 1.47, 1.47, 1.471, 1.472, 1.472, 1.471, 1.471, 1.47, 1.47, 1.468, 1.466, 1.466, 1.466, 1.466, 1.464, 1.464, 1.466, 1.466, 1.466, 1.466, 1.466, 1.466, 1.466, 1.466, 1.466, 1.466, 1.466, 1.466, 1.466, 1.466, 1.466, 1.466, 1.466, 1.466, 1.466, 1.466, 1.466, 1.466, 0, 
1.542, 1.542, 1.542, 1.539, 1.538, 1.537, 1.536, 1.536, 1.535, 1.534, 1.534, 1.533, 1.533, 1.533, 1.533, 1.533, 1.533, 1.533, 1.533, 1.533, 1.533, 1.533, 1.533, 1.533, 1.533, 1.533, 1.534, 1.534, 1.535, 1.536, 1.536, 1.537, 1.537, 1.537, 1.537, 1.537, 1.538, 1.539, 1.539, 1.539, 1.539, 1.542, 1.542, 1.542, 1.542, 1.539, 1.538, 1.537, 1.537, 1.536, 1.535, 1.534, 1.534, 1.534, 1.533, 1.533, 1.533, 1.533, 1.533, 1.533, 1.532, 1.528, 1.527, 1.526, 1.524, 1.524, 1.522, 1.521, 1.52, 1.52, 1.52, 1.52, 1.52, 1.52, 1.52, 1.521, 1.522, 1.522, 1.523, 1.524, 1.524, 1.523, 1.522, 1.52, 1.519, 1.516, 1.516, 1.512, 1.511, 1.511, 1.511, 1.511, 1.511, 1.511, 1.511, 1.512, 1.517, 1.518, 1.52, 1.522, 1.523, 1.524, 1.524, 1.524, 1.524, 1.519, 1.518, 1.517, 1.516, 1.513, 1.513, 1.513, 1.513, 1.513, 1.516, 1.516, 1.516, 1.517, 1.517, 1.517, 1.517, 1.517, 1.516, 1.516, 1.516, 1.513, 1.513, 1.513, 1.512, 1.512, 1.511, 1.511, 1.511, 1.51, 1.507, 1.501, 1.494, 1.486, 1.476, 1.468, 1.458, 1.448, 1.438, 1.43, 1.425, 1.421, 1.417, 1.415, 1.412, 1.412, 1.41, 1.408, 1.408, 1.408, 1.408, 1.408, 1.408, 1.408, 1.408, 1.408, 1.408, 1.406, 1.406, 1.404, 1.402, 1.4, 1.4, 1.399, 1.399, 1.399, 1.399, 1.399, 1.399, 1.4, 1.4, 1.4, 1.402, 1.402, 1.402, 1.402, 1.402, 1.402, 1.402, 1.402, 1.402, 1.402, 1.404, 1.404, 1.404, 1.404, 1.404, 1.404, 1.404, 1.404, 1.402, 1.4, 1.4, 1.399, 1.397, 1.397, 1.395, 1.395, 1.395, 1.395, 1.395, 1.397, 1.397, 1.399, 1.399, 1.4, 1.4, 1.4, 1.4, 1.399, 1.399, 1.397, 1.395, 1.393, 1.393, 1.391, 1.39, 1.39, 1.39, 1.388, 1.388, 1.388, 1.388, 1.388, 1.388, 1.388, 1.388, 1.388, 1.39, 1.39, 1.39, 1.391, 1.393, 1.395, 1.397, 1.399, 1.4, 1.4, 1.4, 1.399, 1.399, 1.397, 1.397, 1.397, 1.395, 1.395, 1.395, 1.393, 1.393, 1.393, 1.391, 1.39, 1.39, 1.388, 1.388, 1.388, 1.388, 1.388, 1.39, 1.39, 1.391, 1.391, 1.393, 1.393, 1.391, 1.391, 1.39, 1.39, 1.39, 1.388, 1.388, 1.386, 1.386, 1.386, 1.386, 1.386, 1.386, 1.386, 1.386, 1.386, 1.386, 1.386, 1.386, 1.386, 1.386, 1.386, 1.386, 1.384, 1.384, 1.384, 1.384, 1.384, 1.382, 1.382, 1.382, 1.382, 1.382, 1.382, 1.382, 1.382, 1.381, 1.381, 1.382, 1.382, 1.382, 1.382, 1.384, 1.384, 1.384, 1.384, 1.386, 1.386, 1.386, 1.386, 1.386, 1.386, 1.384, 1.384, 1.384, 1.384, 1.384, 1.384, 1.384, 1.382, 1.382, 1.382, 1.381, 1.381, 1.381, 1.381, 1.382, 1.386, 1.39, 1.395, 1.402, 1.41, 1.421, 1.43, 1.44, 1.45, 1.46, 1.468, 1.473, 1.478, 1.481, 1.482, 1.483, 1.484, 1.484, 1.484, 1.483, 1.482, 1.481, 1.48, 1.48, 1.478, 1.477, 1.476, 1.474, 1.473, 1.471, 1.471, 1.47, 1.47, 1.47, 1.47, 1.471, 1.472, 1.472, 1.473, 1.474, 1.476, 1.478, 1.479, 1.48, 1.482, 1.483, 1.484, 1.485, 1.486, 1.486, 1.485, 1.484, 1.484, 1.483, 1.482, 1.482, 1.481, 1.48, 1.479, 1.478, 1.477, 1.477, 1.476, 1.476, 1.476, 1.476, 1.476, 1.476, 1.476, 1.476, 1.476, 1.476, 1.476, 1.476, 1.476, 1.476, 1.476, 1.476, 1.476, 1.476, 1.477, 1.477, 1.476, 1.476, 1.476, 1.475, 1.475, 1.475, 1.474, 1.474, 1.474, 1.474, 1.474, 1.474, 1.473, 1.472, 1.472, 1.471, 1.47, 1.468, 1.468, 1.468, 1.468, 1.468, 1.468, 1.47, 1.47, 1.471, 1.471, 1.472, 1.472, 1.472, 1.471, 1.471, 1.47, 1.47, 1.468, 1.468, 1.466, 1.466, 1.466, 1.466, 1.466, 1.466, 1.466, 1.468, 1.468, 1.466, 1.466, 1.466, 1.466, 1.466, 1.466, 1.466, 1.466, 1.466, 1.466, 1.466, 1.466, 1.466, 1.466, 1.466, 1.466, 1.466, 0, 
1.543, 1.542, 1.542, 1.539, 1.538, 1.537, 1.537, 1.536, 1.536, 1.535, 1.534, 1.533, 1.533, 1.533, 1.533, 1.533, 1.533, 1.533, 1.532, 1.532, 1.532, 1.532, 1.532, 1.533, 1.533, 1.533, 1.533, 1.534, 1.534, 1.535, 1.536, 1.536, 1.537, 1.537, 1.537, 1.538, 1.539, 1.539, 1.539, 1.539, 1.539, 1.542, 1.542, 1.542, 1.539, 1.538, 1.538, 1.537, 1.537, 1.536, 1.535, 1.534, 1.533, 1.533, 1.533, 1.533, 1.533, 1.533, 1.533, 1.533, 1.532, 1.528, 1.527, 1.526, 1.525, 1.524, 1.522, 1.521, 1.52, 1.52, 1.52, 1.52, 1.52, 1.52, 1.52, 1.521, 1.522, 1.522, 1.523, 1.524, 1.524, 1.523, 1.522, 1.521, 1.52, 1.516, 1.516, 1.512, 1.512, 1.511, 1.511, 1.511, 1.511, 1.511, 1.511, 1.512, 1.517, 1.518, 1.52, 1.521, 1.524, 1.524, 1.524, 1.524, 1.523, 1.519, 1.518, 1.517, 1.516, 1.513, 1.513, 1.513, 1.513, 1.513, 1.516, 1.516, 1.516, 1.516, 1.516, 1.516, 1.516, 1.516, 1.513, 1.513, 1.513, 1.513, 1.513, 1.512, 1.512, 1.511, 1.511, 1.511, 1.511, 1.51, 1.506, 1.501, 1.494, 1.486, 1.476, 1.466, 1.458, 1.448, 1.438, 1.43, 1.425, 1.421, 1.417, 1.415, 1.412, 1.412, 1.41, 1.41, 1.408, 1.408, 1.408, 1.408, 1.408, 1.408, 1.408, 1.408, 1.408, 1.406, 1.406, 1.404, 1.402, 1.4, 1.399, 1.399, 1.397, 1.397, 1.397, 1.399, 1.399, 1.4, 1.4, 1.402, 1.402, 1.402, 1.402, 1.402, 1.402, 1.402, 1.402, 1.402, 1.402, 1.402, 1.402, 1.404, 1.404, 1.404, 1.404, 1.404, 1.404, 1.404, 1.402, 1.4, 1.4, 1.399, 1.397, 1.397, 1.395, 1.395, 1.395, 1.395, 1.395, 1.397, 1.397, 1.399, 1.399, 1.4, 1.4, 1.4, 1.4, 1.399, 1.399, 1.397, 1.395, 1.393, 1.393, 1.391, 1.39, 1.39, 1.388, 1.388, 1.388, 1.388, 1.388, 1.388, 1.388, 1.388, 1.388, 1.388, 1.39, 1.39, 1.39, 1.39, 1.393, 1.395, 1.397, 1.397, 1.399, 1.4, 1.4, 1.399, 1.399, 1.397, 1.397, 1.397, 1.397, 1.395, 1.395, 1.395, 1.395, 1.393, 1.391, 1.39, 1.39, 1.39, 1.388, 1.388, 1.388, 1.39, 1.39, 1.39, 1.391, 1.393, 1.393, 1.393, 1.393, 1.391, 1.39, 1.39, 1.39, 1.39, 1.388, 1.388, 1.388, 1.388, 1.386, 1.386, 1.386, 1.386, 1.386, 1.386, 1.386, 1.386, 1.386, 1.386, 1.386, 1.386, 1.386, 1.384, 1.384, 1.384, 1.384, 1.384, 1.384, 1.382, 1.382, 1.382, 1.382, 1.382, 1.382, 1.382, 1.382, 1.382, 1.382, 1.382, 1.382, 1.384, 1.384, 1.384, 1.384, 1.386, 1.386, 1.386, 1.386, 1.386, 1.386, 1.386, 1.386, 1.386, 1.386, 1.384, 1.384, 1.384, 1.384, 1.382, 1.382, 1.382, 1.381, 1.381, 1.381, 1.381, 1.382, 1.386, 1.39, 1.395, 1.402, 1.41, 1.419, 1.429, 1.438, 1.45, 1.458, 1.466, 1.472, 1.477, 1.481, 1.482, 1.483, 1.484, 1.484, 1.484, 1.483, 1.482, 1.482, 1.48, 1.48, 1.478, 1.477, 1.476, 1.474, 1.473, 1.472, 1.471, 1.47, 1.47, 1.47, 1.47, 1.471, 1.472, 1.473, 1.474, 1.475, 1.476, 1.478, 1.479, 1.48, 1.482, 1.483, 1.484, 1.485, 1.485, 1.486, 1.485, 1.485, 1.484, 1.483, 1.482, 1.482, 1.482, 1.48, 1.479, 1.479, 1.478, 1.477, 1.476, 1.476, 1.476, 1.476, 1.476, 1.476, 1.476, 1.476, 1.476, 1.476, 1.476, 1.476, 1.476, 1.476, 1.476, 1.476, 1.476, 1.476, 1.476, 1.477, 1.476, 1.476, 1.476, 1.475, 1.474, 1.474, 1.474, 1.474, 1.474, 1.474, 1.474, 1.474, 1.473, 1.473, 1.472, 1.471, 1.471, 1.47, 1.47, 1.47, 1.47, 1.47, 1.47, 1.47, 1.471, 1.471, 1.472, 1.472, 1.472, 1.472, 1.472, 1.471, 1.471, 1.471, 1.47, 1.47, 1.47, 1.468, 1.468, 1.468, 1.468, 1.468, 1.468, 1.468, 1.468, 1.468, 1.468, 1.466, 1.466, 1.466, 1.466, 1.466, 1.466, 1.466, 1.468, 1.468, 1.466, 1.466, 1.466, 1.466, 1.466, 1.466, 0, 
1.543, 1.542, 1.542, 1.539, 1.538, 1.537, 1.537, 1.537, 1.536, 1.535, 1.535, 1.534, 1.533, 1.533, 1.533, 1.533, 1.533, 1.533, 1.532, 1.531, 1.531, 1.531, 1.532, 1.532, 1.532, 1.533, 1.533, 1.533, 1.534, 1.534, 1.535, 1.536, 1.537, 1.537, 1.538, 1.538, 1.539, 1.539, 1.539, 1.539, 1.539, 1.542, 1.542, 1.539, 1.539, 1.538, 1.537, 1.537, 1.536, 1.535, 1.534, 1.533, 1.533, 1.533, 1.533, 1.533, 1.533, 1.533, 1.533, 1.532, 1.532, 1.528, 1.527, 1.526, 1.525, 1.524, 1.522, 1.521, 1.52, 1.52, 1.52, 1.52, 1.52, 1.52, 1.52, 1.521, 1.522, 1.522, 1.523, 1.524, 1.524, 1.523, 1.522, 1.521, 1.52, 1.517, 1.517, 1.512, 1.512, 1.511, 1.511, 1.511, 1.511, 1.511, 1.511, 1.512, 1.517, 1.518, 1.519, 1.52, 1.524, 1.524, 1.524, 1.523, 1.522, 1.52, 1.519, 1.516, 1.516, 1.513, 1.513, 1.513, 1.513, 1.513, 1.516, 1.516, 1.516, 1.516, 1.516, 1.516, 1.516, 1.513, 1.513, 1.513, 1.513, 1.512, 1.512, 1.512, 1.511, 1.511, 1.511, 1.511, 1.511, 1.51, 1.506, 1.502, 1.494, 1.486, 1.477, 1.466, 1.458, 1.448, 1.438, 1.43, 1.425, 1.421, 1.417, 1.415, 1.412, 1.412, 1.41, 1.41, 1.408, 1.408, 1.408, 1.408, 1.408, 1.408, 1.408, 1.408, 1.406, 1.406, 1.404, 1.402, 1.402, 1.4, 1.399, 1.399, 1.397, 1.397, 1.397, 1.399, 1.399, 1.4, 1.4, 1.402, 1.402, 1.402, 1.402, 1.402, 1.402, 1.402, 1.402, 1.402, 1.402, 1.402, 1.402, 1.402, 1.404, 1.404, 1.404, 1.404, 1.404, 1.402, 1.402, 1.4, 1.4, 1.399, 1.397, 1.397, 1.395, 1.395, 1.395, 1.395, 1.395, 1.397, 1.397, 1.399, 1.399, 1.4, 1.4, 1.4, 1.4, 1.399, 1.399, 1.397, 1.395, 1.393, 1.393, 1.391, 1.39, 1.39, 1.388, 1.388, 1.388, 1.388, 1.388, 1.388, 1.388, 1.388, 1.388, 1.388, 1.388, 1.39, 1.39, 1.39, 1.393, 1.393, 1.395, 1.397, 1.399, 1.4, 1.4, 1.399, 1.399, 1.397, 1.397, 1.397, 1.397, 1.397, 1.397, 1.397, 1.395, 1.393, 1.393, 1.391, 1.39, 1.39, 1.39, 1.39, 1.39, 1.39, 1.39, 1.391, 1.393, 1.393, 1.393, 1.393, 1.393, 1.391, 1.391, 1.39, 1.39, 1.39, 1.39, 1.39, 1.39, 1.388, 1.388, 1.388, 1.388, 1.388, 1.386, 1.386, 1.386, 1.388, 1.388, 1.388, 1.386, 1.386, 1.386, 1.384, 1.384, 1.384, 1.384, 1.384, 1.384, 1.382, 1.382, 1.382, 1.382, 1.382, 1.382, 1.382, 1.382, 1.382, 1.382, 1.382, 1.382, 1.384, 1.384, 1.384, 1.386, 1.386, 1.386, 1.386, 1.386, 1.386, 1.386, 1.386, 1.386, 1.386, 1.386, 1.386, 1.386, 1.384, 1.384, 1.382, 1.382, 1.382, 1.381, 1.381, 1.381, 1.381, 1.382, 1.386, 1.39, 1.393, 1.4, 1.408, 1.417, 1.427, 1.436, 1.446, 1.456, 1.464, 1.471, 1.476, 1.481, 1.482, 1.483, 1.484, 1.484, 1.484, 1.483, 1.482, 1.482, 1.481, 1.48, 1.478, 1.478, 1.476, 1.475, 1.474, 1.472, 1.472, 1.471, 1.471, 1.471, 1.471, 1.472, 1.472, 1.473, 1.474, 1.475, 1.476, 1.478, 1.479, 1.48, 1.482, 1.483, 1.484, 1.485, 1.485, 1.486, 1.486, 1.485, 1.484, 1.483, 1.483, 1.482, 1.482, 1.481, 1.48, 1.479, 1.478, 1.478, 1.477, 1.476, 1.476, 1.476, 1.475, 1.475, 1.475, 1.475, 1.476, 1.476, 1.476, 1.476, 1.476, 1.476, 1.476, 1.476, 1.476, 1.476, 1.476, 1.476, 1.476, 1.476, 1.475, 1.474, 1.474, 1.474, 1.474, 1.474, 1.474, 1.474, 1.474, 1.474, 1.474, 1.473, 1.472, 1.472, 1.471, 1.47, 1.47, 1.47, 1.47, 1.47, 1.47, 1.47, 1.471, 1.472, 1.472, 1.472, 1.472, 1.472, 1.472, 1.472, 1.472, 1.471, 1.471, 1.471, 1.471, 1.47, 1.47, 1.47, 1.47, 1.47, 1.47, 1.47, 1.469, 1.469, 1.468, 1.468, 1.468, 1.466, 1.466, 1.466, 1.466, 1.466, 1.468, 1.468, 1.466, 1.466, 1.466, 1.466, 1.466, 1.466, 0, 
1.543, 1.543, 1.542, 1.539, 1.538, 1.538, 1.537, 1.537, 1.536, 1.536, 1.535, 1.534, 1.534, 1.533, 1.533, 1.533, 1.533, 1.533, 1.532, 1.531, 1.531, 1.531, 1.531, 1.531, 1.532, 1.532, 1.533, 1.533, 1.533, 1.534, 1.535, 1.535, 1.537, 1.537, 1.538, 1.539, 1.539, 1.539, 1.539, 1.539, 1.539, 1.542, 1.542, 1.539, 1.538, 1.538, 1.537, 1.537, 1.536, 1.535, 1.534, 1.533, 1.533, 1.533, 1.533, 1.533, 1.533, 1.533, 1.533, 1.532, 1.532, 1.528, 1.527, 1.526, 1.525, 1.524, 1.522, 1.521, 1.52, 1.52, 1.52, 1.52, 1.52, 1.52, 1.52, 1.521, 1.522, 1.522, 1.523, 1.524, 1.524, 1.524, 1.523, 1.522, 1.52, 1.518, 1.517, 1.512, 1.512, 1.511, 1.511, 1.511, 1.511, 1.511, 1.512, 1.512, 1.517, 1.518, 1.519, 1.52, 1.523, 1.524, 1.524, 1.523, 1.522, 1.521, 1.52, 1.516, 1.516, 1.516, 1.513, 1.513, 1.513, 1.516, 1.516, 1.516, 1.516, 1.516, 1.516, 1.513, 1.513, 1.513, 1.512, 1.512, 1.512, 1.512, 1.511, 1.511, 1.511, 1.511, 1.511, 1.511, 1.511, 1.51, 1.507, 1.502, 1.494, 1.486, 1.477, 1.468, 1.458, 1.448, 1.44, 1.43, 1.425, 1.421, 1.417, 1.415, 1.413, 1.412, 1.41, 1.41, 1.408, 1.408, 1.408, 1.408, 1.408, 1.408, 1.408, 1.408, 1.406, 1.406, 1.404, 1.402, 1.402, 1.4, 1.399, 1.397, 1.397, 1.397, 1.397, 1.399, 1.399, 1.4, 1.4, 1.402, 1.402, 1.402, 1.402, 1.402, 1.402, 1.402, 1.402, 1.402, 1.402, 1.402, 1.402, 1.402, 1.402, 1.402, 1.402, 1.402, 1.404, 1.402, 1.402, 1.4, 1.4, 1.399, 1.397, 1.397, 1.395, 1.395, 1.395, 1.395, 1.395, 1.397, 1.397, 1.399, 1.399, 1.4, 1.4, 1.4, 1.4, 1.399, 1.399, 1.397, 1.395, 1.393, 1.393, 1.391, 1.39, 1.39, 1.388, 1.388, 1.388, 1.386, 1.386, 1.386, 1.388, 1.388, 1.388, 1.388, 1.388, 1.39, 1.39, 1.39, 1.391, 1.393, 1.395, 1.397, 1.397, 1.399, 1.399, 1.399, 1.399, 1.397, 1.397, 1.397, 1.397, 1.397, 1.397, 1.397, 1.395, 1.395, 1.393, 1.393, 1.391, 1.39, 1.39, 1.39, 1.39, 1.39, 1.391, 1.391, 1.393, 1.393, 1.393, 1.393, 1.393, 1.391, 1.391, 1.39, 1.39, 1.39, 1.39, 1.39, 1.39, 1.39, 1.39, 1.388, 1.388, 1.388, 1.388, 1.388, 1.388, 1.388, 1.388, 1.388, 1.388, 1.386, 1.386, 1.386, 1.384, 1.384, 1.384, 1.384, 1.384, 1.382, 1.382, 1.382, 1.382, 1.382, 1.382, 1.382, 1.382, 1.382, 1.382, 1.382, 1.382, 1.384, 1.384, 1.386, 1.386, 1.386, 1.388, 1.388, 1.388, 1.388, 1.388, 1.388, 1.386, 1.386, 1.386, 1.386, 1.386, 1.384, 1.384, 1.382, 1.382, 1.382, 1.382, 1.381, 1.381, 1.381, 1.382, 1.386, 1.388, 1.393, 1.399, 1.406, 1.415, 1.425, 1.434, 1.444, 1.454, 1.462, 1.47, 1.475, 1.48, 1.482, 1.483, 1.484, 1.484, 1.484, 1.483, 1.482, 1.482, 1.481, 1.48, 1.479, 1.478, 1.477, 1.475, 1.474, 1.473, 1.472, 1.472, 1.472, 1.472, 1.472, 1.472, 1.473, 1.474, 1.474, 1.476, 1.477, 1.478, 1.479, 1.48, 1.482, 1.483, 1.484, 1.485, 1.485, 1.486, 1.486, 1.485, 1.484, 1.484, 1.483, 1.483, 1.482, 1.481, 1.48, 1.48, 1.478, 1.478, 1.477, 1.476, 1.476, 1.475, 1.475, 1.474, 1.474, 1.475, 1.475, 1.476, 1.476, 1.476, 1.476, 1.476, 1.476, 1.476, 1.476, 1.476, 1.476, 1.476, 1.476, 1.475, 1.475, 1.474, 1.474, 1.474, 1.473, 1.473, 1.473, 1.473, 1.474, 1.474, 1.474, 1.473, 1.473, 1.472, 1.471, 1.471, 1.47, 1.47, 1.47, 1.47, 1.471, 1.471, 1.471, 1.472, 1.472, 1.472, 1.472, 1.472, 1.472, 1.472, 1.472, 1.472, 1.472, 1.472, 1.472, 1.471, 1.471, 1.471, 1.471, 1.47, 1.47, 1.47, 1.47, 1.469, 1.468, 1.468, 1.468, 1.468, 1.466, 1.466, 1.468, 1.468, 1.468, 1.468, 1.466, 1.466, 1.466, 1.466, 1.466, 1.466, 0, 
1.543, 1.543, 1.542, 1.539, 1.538, 1.538, 1.537, 1.537, 1.537, 1.536, 1.536, 1.535, 1.534, 1.533, 1.533, 1.533, 1.533, 1.532, 1.532, 1.531, 1.531, 1.531, 1.531, 1.531, 1.531, 1.532, 1.532, 1.532, 1.533, 1.533, 1.534, 1.535, 1.536, 1.537, 1.538, 1.538, 1.539, 1.539, 1.539, 1.539, 1.539, 1.539, 1.539, 1.539, 1.538, 1.537, 1.537, 1.536, 1.535, 1.534, 1.533, 1.533, 1.533, 1.533, 1.532, 1.532, 1.532, 1.532, 1.532, 1.532, 1.531, 1.528, 1.527, 1.526, 1.525, 1.524, 1.523, 1.522, 1.521, 1.52, 1.52, 1.52, 1.52, 1.52, 1.52, 1.521, 1.522, 1.522, 1.523, 1.524, 1.524, 1.524, 1.524, 1.523, 1.52, 1.519, 1.516, 1.513, 1.512, 1.511, 1.511, 1.511, 1.511, 1.511, 1.512, 1.512, 1.517, 1.518, 1.52, 1.521, 1.522, 1.523, 1.524, 1.524, 1.523, 1.52, 1.52, 1.516, 1.516, 1.516, 1.513, 1.513, 1.513, 1.516, 1.516, 1.516, 1.516, 1.516, 1.513, 1.513, 1.513, 1.512, 1.512, 1.511, 1.511, 1.511, 1.511, 1.511, 1.511, 1.511, 1.511, 1.511, 1.51, 1.509, 1.508, 1.503, 1.494, 1.486, 1.478, 1.468, 1.458, 1.448, 1.438, 1.43, 1.425, 1.419, 1.417, 1.415, 1.413, 1.412, 1.41, 1.41, 1.408, 1.408, 1.408, 1.408, 1.408, 1.408, 1.408, 1.406, 1.406, 1.406, 1.404, 1.402, 1.4, 1.399, 1.399, 1.397, 1.397, 1.397, 1.397, 1.399, 1.399, 1.4, 1.4, 1.402, 1.402, 1.402, 1.402, 1.402, 1.402, 1.402, 1.402, 1.402, 1.402, 1.402, 1.402, 1.402, 1.402, 1.402, 1.402, 1.402, 1.402, 1.402, 1.402, 1.4, 1.4, 1.399, 1.397, 1.397, 1.395, 1.395, 1.395, 1.395, 1.395, 1.397, 1.397, 1.399, 1.399, 1.4, 1.4, 1.4, 1.4, 1.399, 1.399, 1.397, 1.395, 1.393, 1.393, 1.391, 1.39, 1.39, 1.388, 1.388, 1.388, 1.386, 1.386, 1.386, 1.388, 1.388, 1.388, 1.388, 1.388, 1.39, 1.39, 1.39, 1.391, 1.393, 1.395, 1.397, 1.397, 1.399, 1.399, 1.399, 1.399, 1.397, 1.397, 1.397, 1.397, 1.397, 1.397, 1.397, 1.397, 1.395, 1.395, 1.393, 1.393, 1.391, 1.391, 1.391, 1.391, 1.391, 1.391, 1.393, 1.393, 1.393, 1.393, 1.393, 1.393, 1.393, 1.391, 1.391, 1.391, 1.391, 1.39, 1.39, 1.39, 1.39, 1.39, 1.39, 1.39, 1.388, 1.388, 1.388, 1.388, 1.388, 1.388, 1.388, 1.388, 1.386, 1.386, 1.386, 1.384, 1.384, 1.384, 1.384, 1.384, 1.384, 1.382, 1.382, 1.382, 1.382, 1.382, 1.382, 1.382, 1.382, 1.382, 1.382, 1.384, 1.384, 1.386, 1.386, 1.386, 1.388, 1.388, 1.388, 1.388, 1.388, 1.388, 1.388, 1.388, 1.388, 1.386, 1.386, 1.386, 1.386, 1.384, 1.382, 1.382, 1.382, 1.382, 1.381, 1.381, 1.382, 1.382, 1.384, 1.388, 1.393, 1.399, 1.406, 1.413, 1.423, 1.432, 1.442, 1.452, 1.46, 1.468, 1.474, 1.479, 1.482, 1.484, 1.484, 1.484, 1.484, 1.484, 1.483, 1.482, 1.481, 1.48, 1.479, 1.478, 1.477, 1.476, 1.475, 1.474, 1.473, 1.472, 1.472, 1.472, 1.472, 1.473, 1.474, 1.474, 1.475, 1.476, 1.477, 1.479, 1.48, 1.481, 1.482, 1.483, 1.484, 1.485, 1.486, 1.486, 1.486, 1.485, 1.485, 1.484, 1.484, 1.483, 1.482, 1.482, 1.481, 1.48, 1.478, 1.478, 1.477, 1.476, 1.476, 1.475, 1.474, 1.474, 1.474, 1.474, 1.475, 1.476, 1.476, 1.476, 1.476, 1.476, 1.476, 1.477, 1.477, 1.476, 1.476, 1.476, 1.476, 1.475, 1.474, 1.474, 1.474, 1.474, 1.473, 1.472, 1.472, 1.473, 1.474, 1.474, 1.474, 1.474, 1.473, 1.472, 1.472, 1.471, 1.471, 1.471, 1.471, 1.471, 1.471, 1.472, 1.472, 1.472, 1.472, 1.472, 1.472, 1.473, 1.473, 1.473, 1.473, 1.473, 1.473, 1.473, 1.472, 1.472, 1.472, 1.472, 1.472, 1.471, 1.471, 1.47, 1.47, 1.47, 1.469, 1.468, 1.468, 1.468, 1.468, 1.468, 1.468, 1.468, 1.468, 1.468, 1.468, 1.468, 1.466, 1.466, 1.466, 1.466, 0, 
1.543, 1.542, 1.542, 1.539, 1.538, 1.537, 1.537, 1.537, 1.537, 1.537, 1.536, 1.535, 1.535, 1.534, 1.533, 1.533, 1.533, 1.532, 1.532, 1.531, 1.528, 1.528, 1.528, 1.528, 1.528, 1.528, 1.531, 1.532, 1.533, 1.533, 1.534, 1.535, 1.536, 1.537, 1.537, 1.538, 1.539, 1.539, 1.539, 1.539, 1.539, 1.539, 1.538, 1.538, 1.538, 1.537, 1.537, 1.536, 1.535, 1.534, 1.533, 1.533, 1.532, 1.532, 1.532, 1.531, 1.531, 1.531, 1.531, 1.531, 1.531, 1.531, 1.528, 1.527, 1.526, 1.524, 1.523, 1.522, 1.521, 1.52, 1.52, 1.52, 1.52, 1.52, 1.52, 1.521, 1.522, 1.522, 1.523, 1.524, 1.524, 1.525, 1.524, 1.524, 1.52, 1.52, 1.516, 1.513, 1.512, 1.511, 1.511, 1.511, 1.511, 1.511, 1.512, 1.516, 1.517, 1.518, 1.52, 1.521, 1.523, 1.523, 1.524, 1.524, 1.524, 1.52, 1.52, 1.517, 1.517, 1.516, 1.516, 1.516, 1.516, 1.516, 1.516, 1.516, 1.516, 1.513, 1.513, 1.513, 1.513, 1.512, 1.511, 1.511, 1.511, 1.511, 1.511, 1.511, 1.511, 1.511, 1.511, 1.511, 1.51, 1.509, 1.508, 1.503, 1.494, 1.486, 1.478, 1.468, 1.458, 1.448, 1.438, 1.43, 1.425, 1.419, 1.417, 1.415, 1.413, 1.412, 1.41, 1.41, 1.408, 1.408, 1.408, 1.408, 1.408, 1.408, 1.408, 1.406, 1.406, 1.404, 1.402, 1.402, 1.4, 1.399, 1.399, 1.397, 1.397, 1.397, 1.397, 1.399, 1.399, 1.4, 1.4, 1.402, 1.402, 1.402, 1.402, 1.402, 1.402, 1.402, 1.402, 1.4, 1.4, 1.4, 1.4, 1.4, 1.402, 1.402, 1.402, 1.402, 1.402, 1.402, 1.402, 1.4, 1.4, 1.399, 1.397, 1.397, 1.395, 1.395, 1.395, 1.395, 1.395, 1.397, 1.397, 1.399, 1.399, 1.399, 1.4, 1.4, 1.399, 1.399, 1.399, 1.397, 1.395, 1.393, 1.393, 1.391, 1.39, 1.39, 1.388, 1.388, 1.388, 1.388, 1.388, 1.388, 1.388, 1.388, 1.388, 1.388, 1.39, 1.39, 1.39, 1.39, 1.391, 1.393, 1.395, 1.397, 1.397, 1.399, 1.399, 1.399, 1.399, 1.397, 1.397, 1.397, 1.397, 1.397, 1.397, 1.397, 1.397, 1.395, 1.395, 1.393, 1.393, 1.391, 1.391, 1.391, 1.391, 1.391, 1.393, 1.393, 1.395, 1.395, 1.395, 1.395, 1.393, 1.393, 1.393, 1.391, 1.391, 1.391, 1.391, 1.391, 1.391, 1.391, 1.39, 1.39, 1.39, 1.39, 1.388, 1.388, 1.388, 1.388, 1.388, 1.388, 1.388, 1.388, 1.386, 1.386, 1.384, 1.384, 1.384, 1.384, 1.384, 1.384, 1.384, 1.382, 1.382, 1.382, 1.382, 1.382, 1.382, 1.382, 1.382, 1.384, 1.384, 1.384, 1.386, 1.386, 1.386, 1.388, 1.388, 1.388, 1.388, 1.388, 1.388, 1.388, 1.388, 1.388, 1.388, 1.386, 1.386, 1.386, 1.384, 1.382, 1.382, 1.382, 1.382, 1.381, 1.381, 1.382, 1.382, 1.384, 1.388, 1.391, 1.397, 1.404, 1.41, 1.419, 1.429, 1.44, 1.45, 1.458, 1.466, 1.474, 1.478, 1.481, 1.484, 1.484, 1.484, 1.484, 1.484, 1.483, 1.483, 1.482, 1.481, 1.48, 1.479, 1.478, 1.477, 1.475, 1.474, 1.474, 1.473, 1.473, 1.473, 1.473, 1.474, 1.474, 1.475, 1.476, 1.477, 1.478, 1.479, 1.48, 1.481, 1.482, 1.484, 1.484, 1.485, 1.486, 1.486, 1.486, 1.486, 1.485, 1.484, 1.484, 1.483, 1.482, 1.482, 1.481, 1.48, 1.479, 1.478, 1.477, 1.476, 1.476, 1.475, 1.474, 1.474, 1.474, 1.474, 1.475, 1.476, 1.476, 1.476, 1.476, 1.477, 1.477, 1.477, 1.478, 1.477, 1.477, 1.476, 1.476, 1.475, 1.474, 1.474, 1.474, 1.474, 1.473, 1.472, 1.472, 1.473, 1.474, 1.474, 1.474, 1.474, 1.473, 1.472, 1.472, 1.472, 1.472, 1.472, 1.472, 1.472, 1.472, 1.472, 1.472, 1.472, 1.472, 1.472, 1.472, 1.473, 1.474, 1.474, 1.474, 1.474, 1.474, 1.474, 1.474, 1.474, 1.473, 1.473, 1.472, 1.472, 1.471, 1.471, 1.47, 1.47, 1.469, 1.468, 1.468, 1.468, 1.468, 1.468, 1.468, 1.468, 1.468, 1.468, 1.468, 1.468, 1.468, 1.466, 1.466, 1.466, 0, 
1.543, 1.542, 1.539, 1.539, 1.538, 1.537, 1.537, 1.537, 1.537, 1.537, 1.536, 1.535, 1.535, 1.534, 1.533, 1.533, 1.533, 1.533, 1.532, 1.531, 1.528, 1.528, 1.528, 1.528, 1.528, 1.528, 1.528, 1.532, 1.532, 1.533, 1.534, 1.535, 1.536, 1.537, 1.537, 1.538, 1.538, 1.539, 1.539, 1.539, 1.538, 1.538, 1.538, 1.537, 1.537, 1.537, 1.536, 1.535, 1.534, 1.533, 1.533, 1.533, 1.532, 1.531, 1.531, 1.531, 1.531, 1.531, 1.531, 1.531, 1.531, 1.531, 1.528, 1.527, 1.526, 1.525, 1.524, 1.522, 1.521, 1.52, 1.52, 1.52, 1.52, 1.52, 1.52, 1.521, 1.522, 1.522, 1.524, 1.524, 1.525, 1.525, 1.524, 1.524, 1.52, 1.52, 1.516, 1.516, 1.512, 1.511, 1.511, 1.511, 1.511, 1.511, 1.512, 1.516, 1.517, 1.518, 1.519, 1.521, 1.522, 1.523, 1.524, 1.524, 1.524, 1.521, 1.52, 1.519, 1.517, 1.517, 1.516, 1.516, 1.516, 1.516, 1.516, 1.516, 1.516, 1.513, 1.513, 1.513, 1.513, 1.512, 1.511, 1.511, 1.511, 1.511, 1.511, 1.511, 1.511, 1.511, 1.511, 1.511, 1.51, 1.509, 1.508, 1.503, 1.495, 1.486, 1.478, 1.468, 1.458, 1.448, 1.438, 1.43, 1.425, 1.419, 1.417, 1.415, 1.413, 1.412, 1.41, 1.41, 1.408, 1.408, 1.408, 1.408, 1.408, 1.408, 1.406, 1.406, 1.406, 1.404, 1.402, 1.402, 1.4, 1.399, 1.399, 1.397, 1.397, 1.397, 1.397, 1.399, 1.399, 1.4, 1.402, 1.402, 1.402, 1.402, 1.402, 1.402, 1.402, 1.402, 1.4, 1.4, 1.4, 1.4, 1.4, 1.4, 1.4, 1.4, 1.4, 1.402, 1.402, 1.402, 1.4, 1.4, 1.399, 1.399, 1.397, 1.397, 1.395, 1.395, 1.395, 1.395, 1.395, 1.397, 1.397, 1.399, 1.399, 1.399, 1.4, 1.4, 1.399, 1.399, 1.399, 1.397, 1.395, 1.393, 1.393, 1.391, 1.39, 1.39, 1.388, 1.388, 1.388, 1.388, 1.388, 1.388, 1.388, 1.388, 1.388, 1.388, 1.39, 1.39, 1.39, 1.39, 1.391, 1.393, 1.395, 1.397, 1.397, 1.399, 1.399, 1.399, 1.399, 1.397, 1.397, 1.397, 1.397, 1.397, 1.397, 1.397, 1.397, 1.395, 1.395, 1.393, 1.393, 1.393, 1.391, 1.391, 1.391, 1.393, 1.393, 1.395, 1.395, 1.395, 1.397, 1.395, 1.395, 1.393, 1.393, 1.393, 1.393, 1.393, 1.393, 1.393, 1.393, 1.391, 1.391, 1.391, 1.39, 1.39, 1.39, 1.388, 1.388, 1.388, 1.388, 1.388, 1.388, 1.388, 1.386, 1.386, 1.386, 1.384, 1.384, 1.384, 1.384, 1.384, 1.384, 1.384, 1.384, 1.384, 1.384, 1.384, 1.384, 1.384, 1.384, 1.384, 1.384, 1.386, 1.386, 1.386, 1.386, 1.388, 1.388, 1.388, 1.388, 1.388, 1.388, 1.388, 1.388, 1.388, 1.388, 1.388, 1.386, 1.386, 1.384, 1.382, 1.382, 1.382, 1.382, 1.382, 1.382, 1.382, 1.382, 1.384, 1.388, 1.39, 1.395, 1.4, 1.41, 1.417, 1.427, 1.436, 1.446, 1.456, 1.464, 1.473, 1.478, 1.481, 1.484, 1.484, 1.484, 1.484, 1.484, 1.484, 1.483, 1.482, 1.481, 1.48, 1.479, 1.478, 1.477, 1.476, 1.475, 1.475, 1.474, 1.474, 1.474, 1.474, 1.475, 1.476, 1.476, 1.477, 1.478, 1.479, 1.48, 1.481, 1.482, 1.482, 1.484, 1.484, 1.485, 1.486, 1.486, 1.486, 1.486, 1.485, 1.484, 1.484, 1.483, 1.482, 1.482, 1.481, 1.48, 1.479, 1.478, 1.477, 1.476, 1.476, 1.475, 1.474, 1.474, 1.474, 1.474, 1.475, 1.476, 1.476, 1.476, 1.477, 1.477, 1.478, 1.478, 1.478, 1.478, 1.478, 1.477, 1.476, 1.475, 1.475, 1.474, 1.474, 1.474, 1.473, 1.472, 1.472, 1.473, 1.474, 1.474, 1.474, 1.474, 1.473, 1.472, 1.472, 1.472, 1.472, 1.472, 1.472, 1.472, 1.472, 1.472, 1.472, 1.472, 1.472, 1.472, 1.472, 1.473, 1.474, 1.474, 1.475, 1.475, 1.475, 1.475, 1.475, 1.475, 1.474, 1.474, 1.473, 1.473, 1.472, 1.471, 1.47, 1.47, 1.469, 1.468, 1.468, 1.468, 1.468, 1.468, 1.468, 1.468, 1.468, 1.468, 1.468, 1.468, 1.468, 1.466, 1.466, 1.468, 0, 
1.542, 1.542, 1.539, 1.538, 1.538, 1.537, 1.537, 1.537, 1.537, 1.537, 1.536, 1.535, 1.535, 1.534, 1.533, 1.533, 1.533, 1.533, 1.532, 1.531, 1.528, 1.528, 1.528, 1.528, 1.528, 1.528, 1.528, 1.528, 1.532, 1.533, 1.533, 1.535, 1.536, 1.537, 1.537, 1.537, 1.538, 1.538, 1.538, 1.538, 1.538, 1.537, 1.537, 1.537, 1.537, 1.536, 1.535, 1.535, 1.534, 1.533, 1.533, 1.533, 1.532, 1.531, 1.531, 1.531, 1.531, 1.531, 1.531, 1.531, 1.531, 1.531, 1.528, 1.527, 1.526, 1.525, 1.524, 1.522, 1.521, 1.52, 1.52, 1.52, 1.52, 1.52, 1.52, 1.521, 1.522, 1.522, 1.524, 1.524, 1.525, 1.525, 1.525, 1.524, 1.521, 1.52, 1.517, 1.517, 1.512, 1.512, 1.511, 1.511, 1.511, 1.511, 1.512, 1.516, 1.517, 1.518, 1.519, 1.52, 1.521, 1.522, 1.523, 1.524, 1.523, 1.522, 1.52, 1.519, 1.518, 1.517, 1.516, 1.516, 1.516, 1.516, 1.516, 1.516, 1.516, 1.513, 1.513, 1.513, 1.512, 1.512, 1.511, 1.511, 1.511, 1.511, 1.511, 1.511, 1.511, 1.511, 1.511, 1.511, 1.511, 1.509, 1.508, 1.503, 1.495, 1.487, 1.479, 1.468, 1.458, 1.448, 1.44, 1.43, 1.425, 1.421, 1.417, 1.415, 1.413, 1.412, 1.41, 1.41, 1.408, 1.408, 1.408, 1.408, 1.408, 1.408, 1.406, 1.406, 1.404, 1.404, 1.402, 1.4, 1.399, 1.399, 1.399, 1.397, 1.397, 1.397, 1.397, 1.399, 1.399, 1.4, 1.4, 1.402, 1.402, 1.402, 1.402, 1.402, 1.4, 1.4, 1.4, 1.4, 1.4, 1.4, 1.4, 1.4, 1.4, 1.4, 1.4, 1.402, 1.402, 1.402, 1.4, 1.4, 1.399, 1.399, 1.397, 1.397, 1.395, 1.395, 1.395, 1.395, 1.395, 1.397, 1.397, 1.399, 1.399, 1.399, 1.4, 1.4, 1.399, 1.399, 1.397, 1.397, 1.395, 1.393, 1.393, 1.391, 1.39, 1.39, 1.388, 1.388, 1.388, 1.388, 1.388, 1.388, 1.388, 1.388, 1.388, 1.388, 1.39, 1.39, 1.391, 1.391, 1.391, 1.393, 1.395, 1.395, 1.397, 1.397, 1.399, 1.399, 1.399, 1.399, 1.397, 1.397, 1.397, 1.397, 1.397, 1.397, 1.397, 1.397, 1.395, 1.393, 1.393, 1.393, 1.393, 1.393, 1.393, 1.393, 1.395, 1.395, 1.397, 1.397, 1.397, 1.397, 1.395, 1.395, 1.393, 1.393, 1.393, 1.393, 1.393, 1.393, 1.393, 1.393, 1.391, 1.391, 1.39, 1.39, 1.39, 1.388, 1.388, 1.388, 1.388, 1.388, 1.388, 1.388, 1.386, 1.386, 1.386, 1.384, 1.384, 1.384, 1.384, 1.384, 1.384, 1.384, 1.384, 1.384, 1.384, 1.384, 1.384, 1.384, 1.384, 1.384, 1.384, 1.386, 1.386, 1.386, 1.386, 1.388, 1.388, 1.388, 1.388, 1.388, 1.388, 1.388, 1.388, 1.388, 1.388, 1.388, 1.388, 1.386, 1.384, 1.384, 1.382, 1.382, 1.382, 1.382, 1.382, 1.382, 1.382, 1.384, 1.386, 1.39, 1.393, 1.4, 1.408, 1.415, 1.425, 1.436, 1.446, 1.456, 1.464, 1.472, 1.477, 1.48, 1.483, 1.484, 1.484, 1.484, 1.484, 1.484, 1.484, 1.483, 1.482, 1.481, 1.48, 1.479, 1.478, 1.477, 1.476, 1.476, 1.476, 1.476, 1.476, 1.476, 1.476, 1.477, 1.478, 1.478, 1.479, 1.48, 1.48, 1.481, 1.482, 1.483, 1.484, 1.484, 1.485, 1.486, 1.486, 1.486, 1.486, 1.485, 1.484, 1.484, 1.483, 1.482, 1.482, 1.481, 1.48, 1.478, 1.478, 1.477, 1.476, 1.475, 1.474, 1.474, 1.474, 1.474, 1.474, 1.475, 1.476, 1.476, 1.477, 1.478, 1.478, 1.479, 1.479, 1.479, 1.479, 1.478, 1.478, 1.477, 1.476, 1.475, 1.474, 1.474, 1.474, 1.473, 1.473, 1.473, 1.473, 1.474, 1.474, 1.474, 1.474, 1.473, 1.472, 1.472, 1.472, 1.472, 1.472, 1.472, 1.472, 1.472, 1.472, 1.472, 1.472, 1.472, 1.472, 1.472, 1.473, 1.474, 1.474, 1.475, 1.475, 1.476, 1.476, 1.476, 1.475, 1.475, 1.475, 1.474, 1.473, 1.472, 1.472, 1.47, 1.47, 1.469, 1.468, 1.468, 1.468, 1.468, 1.468, 1.468, 1.468, 1.468, 1.468, 1.468, 1.468, 1.468, 1.466, 1.466, 1.468, 0, 
1.542, 1.539, 1.538, 1.538, 1.537, 1.537, 1.536, 1.536, 1.536, 1.536, 1.536, 1.535, 1.535, 1.534, 1.533, 1.533, 1.533, 1.533, 1.532, 1.532, 1.528, 1.528, 1.528, 1.528, 1.528, 1.528, 1.528, 1.528, 1.531, 1.532, 1.533, 1.535, 1.536, 1.537, 1.537, 1.537, 1.538, 1.538, 1.538, 1.538, 1.537, 1.537, 1.537, 1.536, 1.536, 1.535, 1.535, 1.534, 1.533, 1.533, 1.533, 1.532, 1.532, 1.531, 1.531, 1.531, 1.531, 1.531, 1.531, 1.531, 1.531, 1.531, 1.528, 1.528, 1.527, 1.526, 1.524, 1.522, 1.522, 1.521, 1.52, 1.52, 1.52, 1.52, 1.52, 1.521, 1.522, 1.523, 1.524, 1.525, 1.526, 1.526, 1.525, 1.524, 1.522, 1.52, 1.518, 1.517, 1.513, 1.512, 1.511, 1.511, 1.511, 1.512, 1.512, 1.513, 1.516, 1.517, 1.518, 1.52, 1.521, 1.522, 1.523, 1.524, 1.523, 1.522, 1.52, 1.519, 1.518, 1.517, 1.516, 1.516, 1.516, 1.516, 1.516, 1.516, 1.516, 1.513, 1.513, 1.513, 1.512, 1.512, 1.511, 1.511, 1.511, 1.511, 1.511, 1.511, 1.511, 1.511, 1.511, 1.511, 1.511, 1.51, 1.509, 1.504, 1.496, 1.488, 1.48, 1.47, 1.458, 1.448, 1.44, 1.432, 1.427, 1.421, 1.417, 1.415, 1.413, 1.412, 1.41, 1.41, 1.408, 1.408, 1.408, 1.408, 1.406, 1.406, 1.406, 1.406, 1.404, 1.402, 1.402, 1.4, 1.399, 1.399, 1.399, 1.397, 1.397, 1.397, 1.397, 1.399, 1.399, 1.4, 1.4, 1.402, 1.402, 1.402, 1.402, 1.402, 1.4, 1.4, 1.4, 1.4, 1.4, 1.4, 1.4, 1.4, 1.4, 1.4, 1.4, 1.4, 1.4, 1.4, 1.4, 1.4, 1.399, 1.397, 1.397, 1.397, 1.395, 1.395, 1.395, 1.395, 1.395, 1.397, 1.397, 1.399, 1.399, 1.4, 1.4, 1.4, 1.399, 1.399, 1.397, 1.397, 1.397, 1.395, 1.393, 1.393, 1.391, 1.39, 1.388, 1.388, 1.388, 1.388, 1.388, 1.388, 1.388, 1.388, 1.388, 1.39, 1.39, 1.391, 1.391, 1.391, 1.391, 1.393, 1.395, 1.395, 1.397, 1.397, 1.399, 1.399, 1.399, 1.399, 1.399, 1.397, 1.397, 1.397, 1.397, 1.397, 1.397, 1.397, 1.395, 1.395, 1.393, 1.393, 1.393, 1.393, 1.393, 1.393, 1.395, 1.397, 1.397, 1.397, 1.397, 1.397, 1.397, 1.397, 1.395, 1.395, 1.395, 1.395, 1.393, 1.393, 1.393, 1.393, 1.393, 1.391, 1.391, 1.39, 1.39, 1.39, 1.388, 1.388, 1.388, 1.388, 1.388, 1.388, 1.386, 1.386, 1.386, 1.386, 1.386, 1.386, 1.386, 1.386, 1.386, 1.386, 1.386, 1.386, 1.384, 1.384, 1.384, 1.384, 1.384, 1.384, 1.386, 1.386, 1.386, 1.386, 1.386, 1.386, 1.386, 1.386, 1.388, 1.388, 1.388, 1.388, 1.388, 1.388, 1.388, 1.388, 1.388, 1.386, 1.386, 1.384, 1.384, 1.382, 1.382, 1.382, 1.382, 1.382, 1.382, 1.384, 1.386, 1.39, 1.393, 1.4, 1.406, 1.415, 1.425, 1.434, 1.446, 1.454, 1.464, 1.472, 1.476, 1.48, 1.482, 1.485, 1.485, 1.485, 1.485, 1.484, 1.484, 1.484, 1.483, 1.482, 1.481, 1.48, 1.479, 1.478, 1.477, 1.477, 1.477, 1.477, 1.477, 1.477, 1.478, 1.478, 1.479, 1.479, 1.48, 1.48, 1.481, 1.482, 1.482, 1.483, 1.484, 1.485, 1.486, 1.486, 1.486, 1.486, 1.486, 1.485, 1.484, 1.483, 1.482, 1.482, 1.481, 1.48, 1.479, 1.478, 1.478, 1.476, 1.476, 1.475, 1.474, 1.474, 1.474, 1.474, 1.474, 1.475, 1.476, 1.476, 1.477, 1.478, 1.479, 1.479, 1.48, 1.48, 1.48, 1.48, 1.479, 1.478, 1.477, 1.476, 1.475, 1.474, 1.474, 1.474, 1.474, 1.474, 1.474, 1.474, 1.474, 1.474, 1.473, 1.473, 1.472, 1.472, 1.472, 1.472, 1.472, 1.472, 1.472, 1.472, 1.472, 1.472, 1.472, 1.472, 1.472, 1.472, 1.473, 1.474, 1.474, 1.475, 1.476, 1.476, 1.476, 1.476, 1.476, 1.476, 1.475, 1.474, 1.473, 1.472, 1.472, 1.471, 1.47, 1.468, 1.468, 1.468, 1.468, 1.468, 1.468, 1.468, 1.468, 1.468, 1.468, 1.468, 1.468, 1.468, 1.468, 1.468, 1.468, 0, 
1.542, 1.538, 1.538, 1.537, 1.536, 1.536, 1.535, 1.535, 1.535, 1.535, 1.535, 1.535, 1.534, 1.533, 1.533, 1.533, 1.533, 1.533, 1.532, 1.532, 1.528, 1.528, 1.528, 1.528, 1.528, 1.528, 1.528, 1.528, 1.528, 1.532, 1.532, 1.535, 1.536, 1.537, 1.537, 1.538, 1.538, 1.538, 1.538, 1.537, 1.537, 1.537, 1.536, 1.535, 1.535, 1.534, 1.534, 1.533, 1.533, 1.533, 1.533, 1.532, 1.532, 1.531, 1.531, 1.531, 1.531, 1.531, 1.531, 1.531, 1.531, 1.531, 1.531, 1.528, 1.527, 1.526, 1.525, 1.522, 1.522, 1.521, 1.52, 1.52, 1.52, 1.52, 1.52, 1.521, 1.522, 1.523, 1.524, 1.525, 1.526, 1.526, 1.526, 1.524, 1.523, 1.52, 1.519, 1.516, 1.516, 1.512, 1.512, 1.511, 1.511, 1.512, 1.513, 1.513, 1.516, 1.517, 1.518, 1.519, 1.52, 1.521, 1.522, 1.523, 1.523, 1.522, 1.52, 1.52, 1.519, 1.518, 1.517, 1.516, 1.516, 1.516, 1.516, 1.516, 1.516, 1.513, 1.513, 1.513, 1.512, 1.512, 1.511, 1.511, 1.511, 1.511, 1.511, 1.511, 1.511, 1.511, 1.511, 1.511, 1.511, 1.511, 1.51, 1.505, 1.496, 1.49, 1.481, 1.471, 1.46, 1.45, 1.442, 1.432, 1.427, 1.421, 1.417, 1.415, 1.413, 1.412, 1.41, 1.408, 1.408, 1.408, 1.408, 1.406, 1.406, 1.406, 1.406, 1.406, 1.404, 1.402, 1.402, 1.4, 1.399, 1.399, 1.397, 1.397, 1.397, 1.397, 1.397, 1.397, 1.399, 1.4, 1.4, 1.4, 1.402, 1.402, 1.402, 1.4, 1.4, 1.4, 1.4, 1.4, 1.4, 1.4, 1.4, 1.4, 1.4, 1.4, 1.4, 1.4, 1.4, 1.4, 1.4, 1.4, 1.399, 1.397, 1.397, 1.397, 1.395, 1.395, 1.395, 1.395, 1.397, 1.397, 1.397, 1.399, 1.399, 1.4, 1.4, 1.4, 1.399, 1.399, 1.399, 1.397, 1.397, 1.395, 1.395, 1.393, 1.391, 1.391, 1.39, 1.39, 1.388, 1.388, 1.388, 1.388, 1.388, 1.388, 1.39, 1.39, 1.391, 1.391, 1.391, 1.391, 1.393, 1.393, 1.395, 1.395, 1.397, 1.397, 1.399, 1.399, 1.399, 1.399, 1.399, 1.399, 1.399, 1.397, 1.397, 1.397, 1.397, 1.397, 1.395, 1.395, 1.393, 1.393, 1.393, 1.393, 1.393, 1.395, 1.397, 1.397, 1.397, 1.397, 1.397, 1.397, 1.397, 1.397, 1.397, 1.395, 1.395, 1.395, 1.395, 1.395, 1.393, 1.393, 1.393, 1.393, 1.391, 1.391, 1.39, 1.39, 1.388, 1.388, 1.388, 1.388, 1.388, 1.388, 1.386, 1.386, 1.386, 1.386, 1.386, 1.386, 1.386, 1.386, 1.386, 1.386, 1.386, 1.386, 1.386, 1.386, 1.386, 1.386, 1.386, 1.386, 1.386, 1.386, 1.386, 1.386, 1.386, 1.386, 1.386, 1.386, 1.386, 1.388, 1.388, 1.388, 1.388, 1.388, 1.388, 1.388, 1.386, 1.386, 1.386, 1.384, 1.384, 1.382, 1.382, 1.382, 1.382, 1.382, 1.382, 1.384, 1.386, 1.39, 1.393, 1.399, 1.406, 1.415, 1.423, 1.432, 1.444, 1.454, 1.462, 1.471, 1.476, 1.48, 1.482, 1.486, 1.486, 1.486, 1.485, 1.485, 1.485, 1.484, 1.484, 1.483, 1.482, 1.481, 1.48, 1.479, 1.479, 1.478, 1.478, 1.478, 1.478, 1.479, 1.48, 1.48, 1.48, 1.48, 1.481, 1.482, 1.482, 1.483, 1.483, 1.484, 1.485, 1.485, 1.486, 1.486, 1.486, 1.486, 1.485, 1.484, 1.484, 1.483, 1.482, 1.482, 1.481, 1.48, 1.479, 1.478, 1.477, 1.476, 1.475, 1.474, 1.474, 1.474, 1.473, 1.473, 1.474, 1.474, 1.476, 1.476, 1.478, 1.479, 1.479, 1.48, 1.48, 1.481, 1.481, 1.48, 1.48, 1.479, 1.478, 1.477, 1.476, 1.475, 1.474, 1.474, 1.474, 1.474, 1.474, 1.474, 1.474, 1.474, 1.473, 1.472, 1.472, 1.472, 1.472, 1.472, 1.472, 1.472, 1.472, 1.472, 1.472, 1.472, 1.472, 1.472, 1.472, 1.472, 1.473, 1.474, 1.474, 1.475, 1.476, 1.476, 1.476, 1.476, 1.476, 1.476, 1.475, 1.474, 1.474, 1.472, 1.472, 1.471, 1.47, 1.468, 1.468, 1.468, 1.468, 1.468, 1.468, 1.468, 1.468, 1.468, 1.468, 1.468, 1.468, 1.468, 1.468, 1.468, 1.47, 0, 
1.539, 1.538, 1.537, 1.536, 1.535, 1.535, 1.535, 1.535, 1.535, 1.535, 1.535, 1.534, 1.534, 1.533, 1.533, 1.533, 1.533, 1.533, 1.532, 1.532, 1.528, 1.528, 1.528, 1.527, 1.527, 1.527, 1.527, 1.528, 1.528, 1.531, 1.531, 1.535, 1.535, 1.537, 1.538, 1.538, 1.538, 1.538, 1.537, 1.537, 1.536, 1.536, 1.535, 1.534, 1.534, 1.533, 1.533, 1.533, 1.533, 1.533, 1.533, 1.533, 1.532, 1.531, 1.531, 1.531, 1.531, 1.531, 1.531, 1.532, 1.531, 1.531, 1.531, 1.531, 1.527, 1.526, 1.526, 1.522, 1.522, 1.521, 1.521, 1.52, 1.52, 1.52, 1.52, 1.521, 1.522, 1.523, 1.524, 1.525, 1.526, 1.527, 1.526, 1.525, 1.524, 1.52, 1.52, 1.516, 1.516, 1.512, 1.512, 1.512, 1.512, 1.512, 1.513, 1.513, 1.516, 1.517, 1.518, 1.519, 1.52, 1.521, 1.522, 1.523, 1.523, 1.522, 1.521, 1.52, 1.519, 1.518, 1.517, 1.517, 1.517, 1.516, 1.516, 1.516, 1.516, 1.513, 1.513, 1.513, 1.513, 1.512, 1.511, 1.511, 1.511, 1.511, 1.511, 1.512, 1.512, 1.512, 1.512, 1.512, 1.512, 1.511, 1.511, 1.506, 1.501, 1.491, 1.482, 1.472, 1.462, 1.452, 1.442, 1.434, 1.427, 1.421, 1.417, 1.413, 1.413, 1.412, 1.41, 1.408, 1.408, 1.408, 1.406, 1.406, 1.406, 1.406, 1.404, 1.404, 1.404, 1.402, 1.4, 1.4, 1.399, 1.397, 1.397, 1.397, 1.397, 1.397, 1.397, 1.397, 1.399, 1.4, 1.4, 1.4, 1.402, 1.402, 1.4, 1.4, 1.4, 1.4, 1.4, 1.4, 1.399, 1.399, 1.399, 1.399, 1.399, 1.4, 1.4, 1.4, 1.4, 1.4, 1.4, 1.399, 1.399, 1.399, 1.397, 1.397, 1.395, 1.395, 1.395, 1.395, 1.397, 1.397, 1.397, 1.399, 1.399, 1.399, 1.399, 1.399, 1.399, 1.399, 1.399, 1.397, 1.397, 1.397, 1.395, 1.393, 1.391, 1.391, 1.39, 1.39, 1.388, 1.388, 1.388, 1.388, 1.39, 1.39, 1.39, 1.391, 1.391, 1.391, 1.393, 1.393, 1.393, 1.395, 1.395, 1.395, 1.397, 1.397, 1.399, 1.399, 1.399, 1.399, 1.399, 1.399, 1.399, 1.397, 1.397, 1.397, 1.397, 1.397, 1.395, 1.395, 1.395, 1.395, 1.393, 1.393, 1.395, 1.395, 1.397, 1.397, 1.397, 1.397, 1.397, 1.397, 1.397, 1.397, 1.397, 1.397, 1.397, 1.395, 1.395, 1.395, 1.395, 1.393, 1.393, 1.393, 1.391, 1.391, 1.391, 1.39, 1.388, 1.388, 1.388, 1.388, 1.388, 1.388, 1.386, 1.386, 1.386, 1.386, 1.386, 1.386, 1.388, 1.388, 1.386, 1.386, 1.386, 1.386, 1.386, 1.386, 1.386, 1.386, 1.386, 1.386, 1.386, 1.386, 1.386, 1.386, 1.386, 1.386, 1.386, 1.386, 1.386, 1.388, 1.388, 1.388, 1.388, 1.388, 1.388, 1.388, 1.386, 1.386, 1.384, 1.384, 1.382, 1.382, 1.382, 1.382, 1.382, 1.382, 1.382, 1.384, 1.386, 1.39, 1.391, 1.399, 1.404, 1.413, 1.421, 1.43, 1.442, 1.452, 1.462, 1.47, 1.476, 1.48, 1.483, 1.486, 1.486, 1.486, 1.486, 1.486, 1.486, 1.485, 1.484, 1.483, 1.483, 1.482, 1.481, 1.481, 1.48, 1.48, 1.48, 1.48, 1.48, 1.48, 1.481, 1.482, 1.482, 1.482, 1.482, 1.483, 1.483, 1.484, 1.484, 1.485, 1.485, 1.486, 1.486, 1.486, 1.486, 1.485, 1.485, 1.484, 1.483, 1.482, 1.482, 1.481, 1.48, 1.479, 1.478, 1.477, 1.477, 1.476, 1.475, 1.474, 1.474, 1.473, 1.473, 1.473, 1.474, 1.474, 1.476, 1.476, 1.478, 1.479, 1.48, 1.481, 1.481, 1.482, 1.482, 1.481, 1.481, 1.48, 1.479, 1.478, 1.477, 1.476, 1.475, 1.475, 1.474, 1.474, 1.474, 1.474, 1.474, 1.473, 1.472, 1.472, 1.472, 1.472, 1.472, 1.472, 1.472, 1.472, 1.472, 1.472, 1.472, 1.472, 1.472, 1.472, 1.472, 1.472, 1.473, 1.474, 1.474, 1.475, 1.476, 1.476, 1.476, 1.476, 1.476, 1.476, 1.475, 1.474, 1.474, 1.473, 1.472, 1.471, 1.47, 1.468, 1.468, 1.468, 1.468, 1.468, 1.468, 1.468, 1.468, 1.468, 1.468, 1.468, 1.47, 1.47, 1.468, 1.468, 1.47, 0, 
1.538, 1.537, 1.536, 1.535, 1.535, 1.534, 1.534, 1.534, 1.534, 1.534, 1.533, 1.533, 1.533, 1.533, 1.533, 1.533, 1.533, 1.532, 1.532, 1.531, 1.528, 1.528, 1.528, 1.527, 1.526, 1.526, 1.527, 1.528, 1.528, 1.531, 1.531, 1.534, 1.535, 1.536, 1.537, 1.538, 1.538, 1.538, 1.537, 1.537, 1.536, 1.535, 1.534, 1.534, 1.533, 1.533, 1.533, 1.533, 1.533, 1.533, 1.533, 1.533, 1.532, 1.532, 1.532, 1.531, 1.531, 1.531, 1.532, 1.532, 1.532, 1.531, 1.531, 1.531, 1.527, 1.527, 1.526, 1.523, 1.522, 1.522, 1.521, 1.52, 1.52, 1.52, 1.52, 1.521, 1.522, 1.523, 1.524, 1.525, 1.526, 1.527, 1.526, 1.525, 1.524, 1.521, 1.52, 1.517, 1.516, 1.516, 1.513, 1.512, 1.513, 1.513, 1.513, 1.513, 1.516, 1.517, 1.518, 1.518, 1.52, 1.52, 1.521, 1.522, 1.522, 1.521, 1.52, 1.52, 1.519, 1.518, 1.518, 1.518, 1.517, 1.517, 1.517, 1.516, 1.516, 1.516, 1.513, 1.513, 1.513, 1.512, 1.511, 1.511, 1.511, 1.511, 1.512, 1.512, 1.513, 1.513, 1.513, 1.513, 1.513, 1.512, 1.512, 1.507, 1.502, 1.492, 1.484, 1.474, 1.464, 1.454, 1.444, 1.434, 1.427, 1.421, 1.417, 1.413, 1.413, 1.41, 1.41, 1.408, 1.408, 1.408, 1.406, 1.406, 1.406, 1.406, 1.404, 1.404, 1.402, 1.402, 1.4, 1.4, 1.399, 1.397, 1.397, 1.397, 1.397, 1.397, 1.397, 1.397, 1.399, 1.4, 1.4, 1.4, 1.4, 1.4, 1.4, 1.4, 1.4, 1.399, 1.399, 1.399, 1.399, 1.399, 1.399, 1.399, 1.399, 1.399, 1.399, 1.399, 1.399, 1.399, 1.399, 1.399, 1.399, 1.399, 1.397, 1.397, 1.397, 1.397, 1.397, 1.397, 1.397, 1.397, 1.399, 1.399, 1.399, 1.399, 1.399, 1.399, 1.399, 1.399, 1.399, 1.399, 1.397, 1.397, 1.397, 1.395, 1.393, 1.391, 1.391, 1.39, 1.39, 1.388, 1.388, 1.388, 1.39, 1.39, 1.391, 1.391, 1.391, 1.393, 1.393, 1.393, 1.393, 1.395, 1.395, 1.395, 1.397, 1.397, 1.399, 1.399, 1.399, 1.399, 1.399, 1.399, 1.399, 1.397, 1.397, 1.397, 1.397, 1.395, 1.395, 1.393, 1.393, 1.393, 1.395, 1.395, 1.395, 1.395, 1.397, 1.397, 1.397, 1.397, 1.397, 1.397, 1.397, 1.397, 1.397, 1.397, 1.397, 1.397, 1.395, 1.395, 1.395, 1.395, 1.393, 1.393, 1.393, 1.391, 1.391, 1.39, 1.39, 1.388, 1.388, 1.388, 1.388, 1.386, 1.386, 1.386, 1.386, 1.386, 1.386, 1.388, 1.388, 1.388, 1.388, 1.388, 1.388, 1.386, 1.386, 1.386, 1.386, 1.386, 1.386, 1.386, 1.384, 1.384, 1.384, 1.384, 1.384, 1.384, 1.386, 1.386, 1.386, 1.386, 1.388, 1.388, 1.388, 1.388, 1.386, 1.386, 1.386, 1.384, 1.384, 1.384, 1.382, 1.382, 1.382, 1.382, 1.382, 1.382, 1.384, 1.384, 1.386, 1.388, 1.391, 1.397, 1.404, 1.412, 1.421, 1.43, 1.442, 1.452, 1.462, 1.47, 1.476, 1.48, 1.483, 1.486, 1.486, 1.486, 1.486, 1.486, 1.486, 1.486, 1.485, 1.484, 1.484, 1.483, 1.482, 1.482, 1.482, 1.481, 1.481, 1.482, 1.482, 1.482, 1.483, 1.483, 1.483, 1.483, 1.484, 1.484, 1.484, 1.485, 1.485, 1.485, 1.486, 1.486, 1.486, 1.486, 1.485, 1.485, 1.484, 1.483, 1.482, 1.482, 1.481, 1.48, 1.48, 1.479, 1.478, 1.477, 1.476, 1.475, 1.474, 1.474, 1.474, 1.473, 1.473, 1.473, 1.474, 1.474, 1.475, 1.476, 1.478, 1.479, 1.48, 1.481, 1.482, 1.483, 1.482, 1.482, 1.482, 1.481, 1.48, 1.479, 1.478, 1.477, 1.476, 1.475, 1.475, 1.474, 1.474, 1.474, 1.474, 1.473, 1.472, 1.472, 1.472, 1.472, 1.472, 1.472, 1.472, 1.472, 1.472, 1.472, 1.472, 1.472, 1.472, 1.472, 1.472, 1.472, 1.472, 1.473, 1.474, 1.475, 1.476, 1.476, 1.476, 1.476, 1.476, 1.476, 1.476, 1.475, 1.474, 1.473, 1.472, 1.471, 1.471, 1.47, 1.468, 1.468, 1.468, 1.468, 1.468, 1.468, 1.468, 1.47, 1.47, 1.47, 1.47, 1.47, 1.47, 1.47, 1.47, 0, 
1.538, 1.537, 1.536, 1.535, 1.534, 1.533, 1.533, 1.533, 1.533, 1.533, 1.533, 1.533, 1.533, 1.533, 1.533, 1.532, 1.532, 1.532, 1.531, 1.531, 1.528, 1.528, 1.528, 1.527, 1.526, 1.526, 1.527, 1.528, 1.528, 1.531, 1.532, 1.533, 1.535, 1.536, 1.537, 1.538, 1.537, 1.537, 1.537, 1.536, 1.535, 1.534, 1.533, 1.533, 1.533, 1.533, 1.533, 1.533, 1.533, 1.533, 1.533, 1.533, 1.533, 1.532, 1.532, 1.532, 1.532, 1.532, 1.532, 1.532, 1.532, 1.531, 1.531, 1.531, 1.527, 1.527, 1.526, 1.524, 1.523, 1.522, 1.521, 1.52, 1.52, 1.52, 1.52, 1.521, 1.522, 1.523, 1.524, 1.525, 1.526, 1.527, 1.526, 1.525, 1.524, 1.522, 1.52, 1.518, 1.517, 1.516, 1.513, 1.513, 1.513, 1.513, 1.513, 1.516, 1.516, 1.517, 1.518, 1.518, 1.519, 1.52, 1.521, 1.521, 1.522, 1.521, 1.52, 1.52, 1.519, 1.518, 1.518, 1.518, 1.518, 1.518, 1.517, 1.516, 1.516, 1.516, 1.516, 1.513, 1.513, 1.512, 1.512, 1.512, 1.512, 1.512, 1.512, 1.513, 1.513, 1.513, 1.516, 1.516, 1.516, 1.512, 1.512, 1.508, 1.503, 1.494, 1.484, 1.475, 1.464, 1.454, 1.444, 1.434, 1.427, 1.421, 1.417, 1.413, 1.413, 1.41, 1.408, 1.408, 1.408, 1.408, 1.406, 1.406, 1.406, 1.404, 1.404, 1.402, 1.402, 1.4, 1.4, 1.399, 1.399, 1.397, 1.397, 1.397, 1.397, 1.397, 1.397, 1.399, 1.399, 1.4, 1.4, 1.4, 1.4, 1.4, 1.4, 1.399, 1.399, 1.399, 1.399, 1.399, 1.399, 1.397, 1.397, 1.397, 1.399, 1.399, 1.399, 1.399, 1.399, 1.399, 1.399, 1.399, 1.399, 1.399, 1.399, 1.397, 1.397, 1.397, 1.397, 1.397, 1.399, 1.399, 1.399, 1.399, 1.399, 1.399, 1.399, 1.399, 1.399, 1.4, 1.4, 1.399, 1.399, 1.397, 1.397, 1.395, 1.393, 1.391, 1.391, 1.39, 1.39, 1.39, 1.39, 1.39, 1.39, 1.391, 1.391, 1.391, 1.393, 1.393, 1.393, 1.395, 1.395, 1.395, 1.395, 1.397, 1.397, 1.399, 1.399, 1.399, 1.399, 1.399, 1.399, 1.399, 1.399, 1.397, 1.397, 1.397, 1.395, 1.395, 1.395, 1.393, 1.393, 1.393, 1.393, 1.395, 1.395, 1.397, 1.397, 1.397, 1.397, 1.397, 1.397, 1.397, 1.397, 1.397, 1.397, 1.397, 1.397, 1.397, 1.397, 1.397, 1.395, 1.395, 1.395, 1.393, 1.393, 1.391, 1.391, 1.39, 1.388, 1.388, 1.388, 1.388, 1.388, 1.386, 1.386, 1.386, 1.386, 1.386, 1.388, 1.388, 1.388, 1.388, 1.388, 1.388, 1.388, 1.388, 1.386, 1.386, 1.386, 1.386, 1.386, 1.386, 1.384, 1.384, 1.384, 1.384, 1.384, 1.384, 1.386, 1.386, 1.386, 1.386, 1.388, 1.388, 1.388, 1.388, 1.386, 1.386, 1.386, 1.384, 1.384, 1.382, 1.382, 1.382, 1.382, 1.382, 1.382, 1.384, 1.384, 1.384, 1.386, 1.388, 1.391, 1.397, 1.404, 1.412, 1.421, 1.43, 1.442, 1.452, 1.462, 1.47, 1.476, 1.48, 1.484, 1.486, 1.486, 1.486, 1.486, 1.486, 1.486, 1.486, 1.485, 1.485, 1.484, 1.484, 1.483, 1.483, 1.482, 1.482, 1.482, 1.483, 1.483, 1.484, 1.484, 1.484, 1.484, 1.484, 1.485, 1.485, 1.485, 1.486, 1.486, 1.486, 1.486, 1.486, 1.486, 1.485, 1.485, 1.484, 1.483, 1.482, 1.482, 1.481, 1.48, 1.48, 1.479, 1.478, 1.478, 1.476, 1.476, 1.475, 1.474, 1.473, 1.473, 1.473, 1.472, 1.472, 1.473, 1.474, 1.475, 1.476, 1.478, 1.48, 1.481, 1.482, 1.482, 1.483, 1.483, 1.483, 1.483, 1.482, 1.481, 1.48, 1.478, 1.478, 1.477, 1.476, 1.476, 1.475, 1.474, 1.474, 1.474, 1.473, 1.472, 1.472, 1.472, 1.472, 1.472, 1.471, 1.471, 1.471, 1.471, 1.471, 1.471, 1.471, 1.471, 1.472, 1.472, 1.472, 1.472, 1.473, 1.474, 1.475, 1.475, 1.476, 1.476, 1.476, 1.476, 1.476, 1.476, 1.475, 1.474, 1.473, 1.472, 1.472, 1.471, 1.47, 1.47, 1.47, 1.468, 1.468, 1.468, 1.47, 1.47, 1.47, 1.47, 1.47, 1.47, 1.47, 1.47, 1.47, 1.47, 0, 
1.537, 1.536, 1.535, 1.534, 1.533, 1.533, 1.533, 1.533, 1.533, 1.533, 1.533, 1.533, 1.533, 1.532, 1.532, 1.532, 1.531, 1.531, 1.531, 1.528, 1.528, 1.528, 1.528, 1.527, 1.526, 1.526, 1.527, 1.527, 1.528, 1.531, 1.532, 1.533, 1.534, 1.535, 1.536, 1.537, 1.537, 1.536, 1.536, 1.535, 1.534, 1.533, 1.533, 1.533, 1.532, 1.532, 1.532, 1.532, 1.532, 1.532, 1.533, 1.533, 1.532, 1.532, 1.533, 1.532, 1.532, 1.532, 1.532, 1.532, 1.532, 1.531, 1.531, 1.531, 1.528, 1.527, 1.526, 1.524, 1.523, 1.522, 1.521, 1.521, 1.52, 1.52, 1.52, 1.52, 1.521, 1.523, 1.524, 1.525, 1.526, 1.526, 1.526, 1.525, 1.524, 1.522, 1.52, 1.519, 1.517, 1.516, 1.516, 1.516, 1.516, 1.516, 1.516, 1.516, 1.516, 1.517, 1.518, 1.518, 1.519, 1.52, 1.52, 1.521, 1.521, 1.521, 1.52, 1.52, 1.519, 1.518, 1.518, 1.517, 1.517, 1.517, 1.517, 1.516, 1.516, 1.516, 1.516, 1.513, 1.513, 1.513, 1.513, 1.513, 1.513, 1.513, 1.513, 1.513, 1.516, 1.516, 1.516, 1.516, 1.516, 1.516, 1.513, 1.509, 1.504, 1.495, 1.486, 1.476, 1.464, 1.454, 1.444, 1.434, 1.427, 1.421, 1.417, 1.413, 1.41, 1.41, 1.408, 1.408, 1.406, 1.406, 1.406, 1.404, 1.404, 1.402, 1.402, 1.402, 1.4, 1.4, 1.399, 1.399, 1.399, 1.397, 1.397, 1.397, 1.397, 1.397, 1.399, 1.399, 1.399, 1.4, 1.4, 1.4, 1.399, 1.399, 1.399, 1.399, 1.399, 1.399, 1.399, 1.399, 1.397, 1.397, 1.397, 1.397, 1.397, 1.397, 1.399, 1.399, 1.399, 1.399, 1.399, 1.397, 1.397, 1.397, 1.399, 1.399, 1.399, 1.399, 1.399, 1.399, 1.399, 1.399, 1.399, 1.399, 1.399, 1.399, 1.399, 1.399, 1.399, 1.4, 1.4, 1.4, 1.399, 1.399, 1.397, 1.397, 1.393, 1.393, 1.391, 1.391, 1.39, 1.39, 1.39, 1.39, 1.39, 1.391, 1.391, 1.393, 1.393, 1.395, 1.395, 1.395, 1.395, 1.395, 1.397, 1.397, 1.397, 1.399, 1.399, 1.399, 1.399, 1.399, 1.399, 1.399, 1.399, 1.397, 1.397, 1.397, 1.395, 1.395, 1.395, 1.393, 1.393, 1.393, 1.393, 1.395, 1.395, 1.397, 1.397, 1.397, 1.397, 1.397, 1.397, 1.397, 1.397, 1.397, 1.397, 1.397, 1.397, 1.397, 1.397, 1.397, 1.395, 1.395, 1.393, 1.393, 1.393, 1.391, 1.39, 1.39, 1.388, 1.388, 1.388, 1.386, 1.386, 1.386, 1.386, 1.386, 1.386, 1.386, 1.388, 1.388, 1.388, 1.388, 1.388, 1.388, 1.388, 1.388, 1.388, 1.386, 1.386, 1.386, 1.386, 1.384, 1.384, 1.384, 1.384, 1.384, 1.384, 1.384, 1.386, 1.386, 1.386, 1.388, 1.388, 1.388, 1.388, 1.388, 1.386, 1.386, 1.384, 1.384, 1.384, 1.382, 1.382, 1.382, 1.382, 1.382, 1.382, 1.384, 1.384, 1.384, 1.386, 1.388, 1.391, 1.397, 1.404, 1.412, 1.421, 1.43, 1.44, 1.45, 1.46, 1.47, 1.475, 1.48, 1.484, 1.486, 1.486, 1.486, 1.486, 1.487, 1.487, 1.486, 1.486, 1.485, 1.485, 1.484, 1.484, 1.484, 1.483, 1.483, 1.484, 1.484, 1.484, 1.485, 1.485, 1.485, 1.486, 1.486, 1.486, 1.486, 1.486, 1.486, 1.486, 1.486, 1.486, 1.486, 1.485, 1.485, 1.484, 1.483, 1.483, 1.482, 1.481, 1.48, 1.479, 1.479, 1.478, 1.478, 1.477, 1.476, 1.476, 1.474, 1.474, 1.473, 1.472, 1.472, 1.472, 1.472, 1.473, 1.474, 1.475, 1.476, 1.478, 1.48, 1.481, 1.482, 1.483, 1.484, 1.484, 1.484, 1.484, 1.483, 1.482, 1.48, 1.48, 1.478, 1.478, 1.476, 1.476, 1.476, 1.475, 1.474, 1.474, 1.473, 1.472, 1.472, 1.472, 1.471, 1.471, 1.471, 1.471, 1.47, 1.47, 1.47, 1.47, 1.47, 1.471, 1.471, 1.471, 1.472, 1.472, 1.473, 1.474, 1.474, 1.475, 1.476, 1.476, 1.476, 1.476, 1.476, 1.476, 1.475, 1.474, 1.474, 1.472, 1.472, 1.471, 1.471, 1.47, 1.47, 1.47, 1.47, 1.47, 1.47, 1.47, 1.47, 1.47, 1.47, 1.471, 1.471, 1.47, 1.47, 1.471, 0, 
1.536, 1.535, 1.534, 1.533, 1.533, 1.532, 1.532, 1.532, 1.532, 1.532, 1.532, 1.532, 1.532, 1.532, 1.531, 1.531, 1.531, 1.531, 1.531, 1.528, 1.528, 1.528, 1.528, 1.527, 1.526, 1.526, 1.527, 1.528, 1.528, 1.528, 1.532, 1.532, 1.533, 1.535, 1.535, 1.536, 1.536, 1.536, 1.535, 1.535, 1.534, 1.533, 1.532, 1.532, 1.532, 1.531, 1.531, 1.531, 1.531, 1.532, 1.532, 1.532, 1.532, 1.532, 1.532, 1.532, 1.532, 1.531, 1.531, 1.532, 1.531, 1.531, 1.531, 1.531, 1.528, 1.527, 1.526, 1.524, 1.523, 1.522, 1.522, 1.521, 1.52, 1.52, 1.52, 1.52, 1.521, 1.522, 1.523, 1.524, 1.525, 1.526, 1.525, 1.524, 1.523, 1.522, 1.52, 1.519, 1.518, 1.517, 1.516, 1.516, 1.516, 1.516, 1.516, 1.516, 1.516, 1.517, 1.518, 1.518, 1.519, 1.52, 1.52, 1.52, 1.52, 1.52, 1.52, 1.519, 1.518, 1.517, 1.517, 1.517, 1.517, 1.516, 1.516, 1.516, 1.516, 1.516, 1.516, 1.516, 1.513, 1.513, 1.513, 1.513, 1.513, 1.513, 1.513, 1.516, 1.516, 1.516, 1.516, 1.516, 1.517, 1.517, 1.513, 1.51, 1.505, 1.496, 1.487, 1.478, 1.466, 1.456, 1.446, 1.436, 1.429, 1.421, 1.415, 1.412, 1.41, 1.41, 1.408, 1.408, 1.406, 1.406, 1.404, 1.404, 1.402, 1.402, 1.402, 1.4, 1.4, 1.4, 1.399, 1.399, 1.399, 1.399, 1.399, 1.399, 1.399, 1.399, 1.399, 1.399, 1.399, 1.399, 1.399, 1.399, 1.399, 1.397, 1.397, 1.397, 1.397, 1.397, 1.397, 1.397, 1.397, 1.397, 1.397, 1.397, 1.397, 1.397, 1.397, 1.397, 1.397, 1.397, 1.397, 1.397, 1.397, 1.397, 1.397, 1.399, 1.399, 1.399, 1.399, 1.399, 1.4, 1.4, 1.4, 1.399, 1.399, 1.399, 1.399, 1.399, 1.399, 1.399, 1.4, 1.4, 1.4, 1.399, 1.397, 1.397, 1.395, 1.393, 1.391, 1.391, 1.391, 1.39, 1.39, 1.39, 1.391, 1.391, 1.393, 1.393, 1.395, 1.395, 1.397, 1.397, 1.397, 1.397, 1.397, 1.397, 1.399, 1.399, 1.399, 1.399, 1.399, 1.399, 1.399, 1.399, 1.399, 1.397, 1.397, 1.397, 1.395, 1.395, 1.395, 1.393, 1.393, 1.393, 1.395, 1.395, 1.395, 1.397, 1.397, 1.397, 1.397, 1.397, 1.397, 1.397, 1.397, 1.397, 1.397, 1.397, 1.397, 1.397, 1.397, 1.397, 1.395, 1.395, 1.393, 1.393, 1.393, 1.391, 1.39, 1.39, 1.388, 1.388, 1.388, 1.386, 1.386, 1.386, 1.386, 1.386, 1.386, 1.386, 1.388, 1.388, 1.388, 1.388, 1.388, 1.388, 1.388, 1.388, 1.388, 1.388, 1.386, 1.386, 1.386, 1.384, 1.384, 1.384, 1.384, 1.384, 1.384, 1.386, 1.386, 1.386, 1.386, 1.388, 1.388, 1.388, 1.388, 1.386, 1.386, 1.386, 1.384, 1.384, 1.382, 1.382, 1.382, 1.382, 1.382, 1.382, 1.382, 1.384, 1.384, 1.384, 1.386, 1.388, 1.391, 1.397, 1.402, 1.412, 1.421, 1.43, 1.44, 1.45, 1.46, 1.468, 1.474, 1.48, 1.484, 1.486, 1.486, 1.486, 1.487, 1.487, 1.487, 1.486, 1.486, 1.486, 1.485, 1.485, 1.484, 1.484, 1.484, 1.484, 1.484, 1.485, 1.485, 1.486, 1.486, 1.486, 1.486, 1.486, 1.486, 1.486, 1.486, 1.486, 1.486, 1.486, 1.486, 1.486, 1.485, 1.484, 1.483, 1.483, 1.482, 1.481, 1.48, 1.479, 1.479, 1.478, 1.478, 1.478, 1.477, 1.476, 1.475, 1.474, 1.473, 1.473, 1.472, 1.472, 1.472, 1.472, 1.473, 1.474, 1.475, 1.476, 1.478, 1.48, 1.481, 1.482, 1.483, 1.484, 1.484, 1.485, 1.485, 1.484, 1.483, 1.482, 1.48, 1.479, 1.478, 1.477, 1.476, 1.476, 1.475, 1.474, 1.474, 1.473, 1.472, 1.472, 1.471, 1.471, 1.47, 1.47, 1.47, 1.47, 1.47, 1.47, 1.47, 1.47, 1.47, 1.47, 1.471, 1.472, 1.472, 1.472, 1.473, 1.474, 1.475, 1.475, 1.476, 1.476, 1.476, 1.476, 1.476, 1.475, 1.474, 1.474, 1.473, 1.472, 1.472, 1.471, 1.471, 1.471, 1.47, 1.47, 1.47, 1.47, 1.47, 1.47, 1.47, 1.47, 1.471, 1.471, 1.47, 1.47, 1.471, 0, 
1.536, 1.535, 1.533, 1.532, 1.532, 1.531, 1.531, 1.531, 1.531, 1.531, 1.531, 1.531, 1.531, 1.531, 1.528, 1.528, 1.531, 1.531, 1.531, 1.528, 1.528, 1.528, 1.528, 1.527, 1.527, 1.527, 1.527, 1.528, 1.528, 1.528, 1.531, 1.532, 1.533, 1.534, 1.535, 1.535, 1.535, 1.535, 1.535, 1.534, 1.533, 1.533, 1.532, 1.531, 1.531, 1.531, 1.531, 1.531, 1.531, 1.531, 1.531, 1.531, 1.531, 1.532, 1.532, 1.532, 1.531, 1.531, 1.531, 1.532, 1.531, 1.531, 1.531, 1.531, 1.528, 1.527, 1.526, 1.524, 1.523, 1.522, 1.522, 1.521, 1.52, 1.52, 1.52, 1.52, 1.521, 1.522, 1.523, 1.524, 1.525, 1.525, 1.525, 1.524, 1.524, 1.522, 1.521, 1.52, 1.519, 1.518, 1.517, 1.517, 1.516, 1.516, 1.516, 1.516, 1.517, 1.517, 1.518, 1.518, 1.518, 1.519, 1.52, 1.52, 1.52, 1.519, 1.519, 1.518, 1.518, 1.517, 1.516, 1.516, 1.516, 1.516, 1.516, 1.516, 1.516, 1.516, 1.516, 1.516, 1.513, 1.513, 1.513, 1.513, 1.513, 1.513, 1.513, 1.516, 1.516, 1.516, 1.517, 1.517, 1.518, 1.518, 1.517, 1.511, 1.507, 1.502, 1.493, 1.479, 1.471, 1.458, 1.448, 1.438, 1.429, 1.421, 1.415, 1.412, 1.41, 1.408, 1.406, 1.406, 1.406, 1.404, 1.404, 1.402, 1.402, 1.402, 1.4, 1.4, 1.4, 1.399, 1.399, 1.399, 1.399, 1.399, 1.399, 1.399, 1.399, 1.399, 1.399, 1.399, 1.399, 1.399, 1.399, 1.399, 1.397, 1.397, 1.397, 1.397, 1.397, 1.397, 1.397, 1.397, 1.397, 1.397, 1.397, 1.397, 1.397, 1.397, 1.397, 1.397, 1.397, 1.397, 1.397, 1.397, 1.397, 1.397, 1.397, 1.399, 1.399, 1.399, 1.399, 1.399, 1.4, 1.4, 1.4, 1.399, 1.399, 1.399, 1.399, 1.399, 1.399, 1.399, 1.4, 1.4, 1.4, 1.399, 1.399, 1.397, 1.395, 1.393, 1.393, 1.391, 1.391, 1.391, 1.391, 1.391, 1.391, 1.393, 1.393, 1.393, 1.395, 1.395, 1.397, 1.397, 1.397, 1.397, 1.397, 1.397, 1.399, 1.399, 1.399, 1.399, 1.399, 1.399, 1.399, 1.399, 1.399, 1.397, 1.397, 1.397, 1.395, 1.395, 1.393, 1.393, 1.393, 1.393, 1.395, 1.395, 1.395, 1.397, 1.397, 1.397, 1.397, 1.397, 1.397, 1.397, 1.397, 1.397, 1.397, 1.397, 1.397, 1.397, 1.397, 1.397, 1.397, 1.395, 1.395, 1.393, 1.393, 1.391, 1.39, 1.39, 1.388, 1.388, 1.388, 1.386, 1.386, 1.386, 1.386, 1.386, 1.386, 1.386, 1.388, 1.388, 1.388, 1.388, 1.388, 1.388, 1.388, 1.388, 1.388, 1.388, 1.386, 1.386, 1.386, 1.384, 1.384, 1.384, 1.384, 1.384, 1.384, 1.386, 1.386, 1.386, 1.388, 1.388, 1.388, 1.388, 1.388, 1.386, 1.386, 1.384, 1.384, 1.382, 1.382, 1.382, 1.382, 1.382, 1.382, 1.382, 1.382, 1.384, 1.384, 1.386, 1.386, 1.388, 1.391, 1.397, 1.402, 1.412, 1.419, 1.429, 1.438, 1.45, 1.46, 1.468, 1.474, 1.479, 1.483, 1.486, 1.486, 1.487, 1.487, 1.488, 1.487, 1.486, 1.486, 1.486, 1.486, 1.485, 1.485, 1.484, 1.484, 1.484, 1.485, 1.485, 1.486, 1.486, 1.487, 1.487, 1.487, 1.487, 1.487, 1.487, 1.487, 1.486, 1.486, 1.486, 1.486, 1.485, 1.484, 1.484, 1.483, 1.482, 1.481, 1.48, 1.479, 1.479, 1.478, 1.478, 1.477, 1.477, 1.476, 1.476, 1.475, 1.474, 1.473, 1.472, 1.472, 1.472, 1.472, 1.472, 1.473, 1.474, 1.475, 1.476, 1.478, 1.479, 1.481, 1.482, 1.484, 1.485, 1.485, 1.485, 1.485, 1.484, 1.483, 1.482, 1.481, 1.48, 1.479, 1.478, 1.477, 1.476, 1.475, 1.474, 1.474, 1.473, 1.472, 1.472, 1.471, 1.47, 1.47, 1.47, 1.47, 1.47, 1.47, 1.47, 1.47, 1.47, 1.47, 1.47, 1.471, 1.471, 1.472, 1.472, 1.473, 1.474, 1.474, 1.475, 1.476, 1.476, 1.476, 1.476, 1.476, 1.475, 1.474, 1.474, 1.473, 1.472, 1.472, 1.472, 1.472, 1.471, 1.471, 1.471, 1.471, 1.471, 1.471, 1.471, 1.47, 1.47, 1.471, 1.471, 1.47, 1.471, 1.471, 0, 
1.536, 1.535, 1.533, 1.532, 1.531, 1.531, 1.531, 1.531, 1.531, 1.531, 1.531, 1.531, 1.531, 1.528, 1.528, 1.528, 1.528, 1.528, 1.528, 1.528, 1.528, 1.528, 1.528, 1.528, 1.528, 1.528, 1.528, 1.528, 1.528, 1.528, 1.531, 1.531, 1.532, 1.533, 1.534, 1.535, 1.535, 1.535, 1.534, 1.534, 1.533, 1.532, 1.532, 1.528, 1.528, 1.528, 1.528, 1.528, 1.528, 1.531, 1.531, 1.531, 1.531, 1.531, 1.532, 1.532, 1.531, 1.531, 1.531, 1.531, 1.531, 1.531, 1.531, 1.531, 1.528, 1.527, 1.526, 1.524, 1.524, 1.522, 1.522, 1.521, 1.52, 1.52, 1.52, 1.52, 1.521, 1.521, 1.523, 1.524, 1.524, 1.525, 1.525, 1.524, 1.524, 1.522, 1.521, 1.52, 1.519, 1.519, 1.518, 1.518, 1.517, 1.517, 1.517, 1.517, 1.517, 1.518, 1.518, 1.518, 1.518, 1.519, 1.519, 1.519, 1.519, 1.518, 1.518, 1.517, 1.517, 1.516, 1.516, 1.516, 1.516, 1.516, 1.516, 1.516, 1.516, 1.516, 1.516, 1.516, 1.516, 1.513, 1.513, 1.513, 1.513, 1.513, 1.516, 1.516, 1.517, 1.517, 1.518, 1.518, 1.519, 1.519, 1.518, 1.512, 1.509, 1.503, 1.494, 1.485, 1.472, 1.46, 1.448, 1.438, 1.429, 1.421, 1.413, 1.41, 1.41, 1.406, 1.406, 1.406, 1.404, 1.404, 1.402, 1.402, 1.402, 1.4, 1.4, 1.4, 1.399, 1.399, 1.399, 1.399, 1.399, 1.399, 1.399, 1.399, 1.4, 1.4, 1.4, 1.399, 1.399, 1.399, 1.399, 1.397, 1.397, 1.397, 1.397, 1.397, 1.397, 1.397, 1.397, 1.397, 1.397, 1.397, 1.397, 1.397, 1.397, 1.397, 1.397, 1.397, 1.397, 1.397, 1.397, 1.397, 1.397, 1.397, 1.397, 1.399, 1.399, 1.399, 1.399, 1.4, 1.4, 1.4, 1.4, 1.4, 1.399, 1.399, 1.399, 1.399, 1.399, 1.399, 1.4, 1.4, 1.4, 1.4, 1.399, 1.397, 1.397, 1.395, 1.393, 1.393, 1.391, 1.391, 1.391, 1.391, 1.391, 1.393, 1.393, 1.393, 1.395, 1.395, 1.397, 1.397, 1.397, 1.397, 1.397, 1.397, 1.399, 1.399, 1.399, 1.399, 1.399, 1.399, 1.399, 1.399, 1.399, 1.397, 1.397, 1.395, 1.395, 1.393, 1.393, 1.393, 1.393, 1.393, 1.395, 1.395, 1.395, 1.395, 1.397, 1.395, 1.395, 1.395, 1.395, 1.395, 1.395, 1.395, 1.395, 1.397, 1.397, 1.397, 1.397, 1.397, 1.397, 1.397, 1.395, 1.393, 1.393, 1.391, 1.391, 1.39, 1.388, 1.388, 1.386, 1.386, 1.384, 1.384, 1.384, 1.384, 1.386, 1.386, 1.386, 1.388, 1.388, 1.388, 1.388, 1.388, 1.388, 1.388, 1.388, 1.388, 1.386, 1.386, 1.386, 1.384, 1.384, 1.384, 1.384, 1.384, 1.384, 1.386, 1.386, 1.386, 1.388, 1.388, 1.388, 1.388, 1.386, 1.386, 1.384, 1.384, 1.384, 1.382, 1.382, 1.382, 1.382, 1.382, 1.382, 1.382, 1.382, 1.382, 1.384, 1.386, 1.386, 1.388, 1.391, 1.397, 1.402, 1.41, 1.419, 1.427, 1.438, 1.448, 1.458, 1.468, 1.473, 1.478, 1.483, 1.486, 1.486, 1.487, 1.488, 1.488, 1.487, 1.487, 1.486, 1.486, 1.486, 1.486, 1.486, 1.485, 1.485, 1.485, 1.485, 1.486, 1.486, 1.487, 1.487, 1.488, 1.488, 1.488, 1.488, 1.488, 1.487, 1.487, 1.486, 1.486, 1.485, 1.485, 1.484, 1.483, 1.482, 1.481, 1.48, 1.479, 1.478, 1.478, 1.477, 1.477, 1.476, 1.476, 1.476, 1.475, 1.474, 1.473, 1.472, 1.472, 1.472, 1.472, 1.472, 1.472, 1.473, 1.474, 1.475, 1.476, 1.478, 1.479, 1.48, 1.482, 1.484, 1.485, 1.486, 1.486, 1.486, 1.485, 1.484, 1.483, 1.482, 1.481, 1.48, 1.478, 1.477, 1.476, 1.476, 1.474, 1.474, 1.473, 1.472, 1.472, 1.471, 1.47, 1.47, 1.47, 1.47, 1.47, 1.47, 1.47, 1.47, 1.47, 1.47, 1.47, 1.47, 1.471, 1.472, 1.472, 1.472, 1.473, 1.474, 1.475, 1.475, 1.476, 1.476, 1.476, 1.476, 1.476, 1.475, 1.474, 1.473, 1.473, 1.472, 1.472, 1.472, 1.472, 1.472, 1.472, 1.472, 1.471, 1.471, 1.471, 1.47, 1.47, 1.471, 1.471, 1.47, 1.471, 1.471, 0, 
1.536, 1.535, 1.533, 1.532, 1.531, 1.531, 1.531, 1.531, 1.528, 1.528, 1.528, 1.528, 1.528, 1.528, 1.528, 1.528, 1.528, 1.528, 1.528, 1.528, 1.528, 1.528, 1.528, 1.528, 1.528, 1.528, 1.528, 1.528, 1.528, 1.528, 1.531, 1.531, 1.532, 1.533, 1.533, 1.534, 1.535, 1.534, 1.534, 1.533, 1.532, 1.532, 1.528, 1.528, 1.528, 1.528, 1.528, 1.528, 1.528, 1.528, 1.528, 1.531, 1.531, 1.531, 1.531, 1.531, 1.531, 1.531, 1.531, 1.531, 1.531, 1.531, 1.531, 1.531, 1.528, 1.527, 1.526, 1.524, 1.524, 1.522, 1.521, 1.52, 1.52, 1.52, 1.52, 1.52, 1.52, 1.521, 1.522, 1.523, 1.524, 1.525, 1.525, 1.524, 1.524, 1.523, 1.522, 1.521, 1.52, 1.52, 1.519, 1.519, 1.518, 1.518, 1.518, 1.518, 1.518, 1.518, 1.518, 1.518, 1.518, 1.518, 1.519, 1.518, 1.518, 1.518, 1.517, 1.517, 1.516, 1.516, 1.516, 1.516, 1.516, 1.516, 1.516, 1.516, 1.516, 1.516, 1.516, 1.516, 1.516, 1.516, 1.516, 1.516, 1.516, 1.516, 1.516, 1.517, 1.518, 1.518, 1.519, 1.519, 1.52, 1.519, 1.518, 1.517, 1.51, 1.505, 1.495, 1.486, 1.474, 1.462, 1.45, 1.438, 1.429, 1.419, 1.413, 1.41, 1.408, 1.406, 1.406, 1.404, 1.404, 1.404, 1.402, 1.402, 1.4, 1.4, 1.4, 1.399, 1.399, 1.399, 1.399, 1.399, 1.399, 1.399, 1.4, 1.4, 1.4, 1.4, 1.4, 1.399, 1.399, 1.399, 1.397, 1.397, 1.395, 1.395, 1.395, 1.395, 1.395, 1.397, 1.397, 1.397, 1.397, 1.397, 1.397, 1.397, 1.397, 1.397, 1.397, 1.397, 1.397, 1.397, 1.397, 1.397, 1.397, 1.397, 1.397, 1.399, 1.399, 1.4, 1.4, 1.4, 1.402, 1.4, 1.4, 1.4, 1.399, 1.399, 1.399, 1.399, 1.399, 1.399, 1.4, 1.4, 1.4, 1.4, 1.399, 1.399, 1.397, 1.395, 1.393, 1.391, 1.391, 1.391, 1.391, 1.391, 1.391, 1.393, 1.393, 1.393, 1.395, 1.395, 1.397, 1.397, 1.397, 1.397, 1.397, 1.397, 1.399, 1.399, 1.399, 1.399, 1.4, 1.4, 1.4, 1.399, 1.399, 1.397, 1.397, 1.395, 1.393, 1.393, 1.393, 1.393, 1.393, 1.393, 1.395, 1.395, 1.395, 1.395, 1.395, 1.395, 1.395, 1.395, 1.395, 1.395, 1.395, 1.395, 1.395, 1.397, 1.397, 1.397, 1.397, 1.397, 1.397, 1.397, 1.395, 1.393, 1.393, 1.391, 1.391, 1.39, 1.388, 1.386, 1.386, 1.386, 1.384, 1.384, 1.384, 1.384, 1.384, 1.386, 1.386, 1.388, 1.388, 1.388, 1.388, 1.388, 1.388, 1.388, 1.388, 1.388, 1.386, 1.386, 1.386, 1.384, 1.384, 1.384, 1.384, 1.384, 1.384, 1.386, 1.386, 1.388, 1.388, 1.388, 1.388, 1.388, 1.386, 1.386, 1.384, 1.384, 1.382, 1.382, 1.382, 1.381, 1.381, 1.381, 1.381, 1.382, 1.382, 1.382, 1.384, 1.384, 1.386, 1.388, 1.391, 1.397, 1.402, 1.41, 1.417, 1.427, 1.434, 1.446, 1.458, 1.466, 1.472, 1.478, 1.482, 1.486, 1.486, 1.487, 1.488, 1.488, 1.488, 1.487, 1.486, 1.486, 1.486, 1.486, 1.486, 1.486, 1.486, 1.486, 1.486, 1.486, 1.487, 1.487, 1.488, 1.488, 1.488, 1.488, 1.488, 1.488, 1.488, 1.487, 1.486, 1.486, 1.485, 1.484, 1.483, 1.482, 1.481, 1.48, 1.479, 1.478, 1.477, 1.477, 1.476, 1.476, 1.476, 1.476, 1.475, 1.474, 1.474, 1.473, 1.472, 1.472, 1.472, 1.472, 1.472, 1.472, 1.473, 1.474, 1.475, 1.476, 1.478, 1.479, 1.48, 1.482, 1.483, 1.484, 1.485, 1.486, 1.486, 1.486, 1.485, 1.484, 1.483, 1.482, 1.481, 1.479, 1.478, 1.477, 1.476, 1.475, 1.474, 1.473, 1.472, 1.472, 1.471, 1.47, 1.47, 1.47, 1.47, 1.47, 1.47, 1.47, 1.47, 1.47, 1.47, 1.47, 1.47, 1.47, 1.471, 1.472, 1.472, 1.473, 1.473, 1.474, 1.475, 1.475, 1.476, 1.476, 1.476, 1.476, 1.475, 1.474, 1.474, 1.473, 1.473, 1.472, 1.472, 1.472, 1.472, 1.472, 1.472, 1.472, 1.471, 1.471, 1.47, 1.47, 1.471, 1.471, 1.471, 1.471, 1.471, 0, 
1.535, 1.534, 1.533, 1.532, 1.531, 1.531, 1.528, 1.528, 1.528, 1.527, 1.527, 1.527, 1.527, 1.527, 1.527, 1.528, 1.528, 1.528, 1.528, 1.528, 1.528, 1.528, 1.528, 1.528, 1.528, 1.528, 1.528, 1.528, 1.528, 1.531, 1.531, 1.531, 1.531, 1.532, 1.533, 1.534, 1.534, 1.534, 1.533, 1.533, 1.532, 1.531, 1.528, 1.528, 1.527, 1.527, 1.527, 1.527, 1.527, 1.528, 1.528, 1.528, 1.531, 1.531, 1.531, 1.531, 1.531, 1.531, 1.531, 1.531, 1.531, 1.531, 1.531, 1.531, 1.528, 1.528, 1.527, 1.524, 1.523, 1.522, 1.521, 1.52, 1.52, 1.52, 1.52, 1.52, 1.52, 1.521, 1.522, 1.523, 1.524, 1.524, 1.525, 1.525, 1.524, 1.524, 1.523, 1.522, 1.521, 1.521, 1.52, 1.52, 1.52, 1.52, 1.519, 1.519, 1.519, 1.519, 1.518, 1.518, 1.518, 1.518, 1.518, 1.518, 1.517, 1.517, 1.516, 1.516, 1.516, 1.512, 1.513, 1.513, 1.513, 1.516, 1.516, 1.516, 1.516, 1.516, 1.516, 1.516, 1.516, 1.516, 1.516, 1.516, 1.516, 1.516, 1.517, 1.518, 1.518, 1.519, 1.52, 1.52, 1.52, 1.52, 1.519, 1.518, 1.511, 1.506, 1.5, 1.488, 1.476, 1.462, 1.45, 1.438, 1.429, 1.419, 1.413, 1.408, 1.406, 1.406, 1.404, 1.404, 1.404, 1.402, 1.402, 1.402, 1.4, 1.4, 1.399, 1.399, 1.399, 1.399, 1.399, 1.399, 1.399, 1.399, 1.4, 1.4, 1.4, 1.4, 1.4, 1.4, 1.399, 1.399, 1.397, 1.397, 1.395, 1.395, 1.395, 1.395, 1.395, 1.397, 1.397, 1.397, 1.397, 1.397, 1.397, 1.397, 1.397, 1.397, 1.397, 1.397, 1.397, 1.397, 1.395, 1.395, 1.395, 1.397, 1.397, 1.399, 1.399, 1.4, 1.4, 1.402, 1.402, 1.4, 1.4, 1.4, 1.399, 1.399, 1.399, 1.399, 1.399, 1.399, 1.4, 1.4, 1.4, 1.4, 1.399, 1.399, 1.397, 1.395, 1.393, 1.391, 1.391, 1.391, 1.391, 1.391, 1.391, 1.393, 1.393, 1.393, 1.395, 1.397, 1.397, 1.397, 1.397, 1.397, 1.397, 1.399, 1.399, 1.399, 1.399, 1.399, 1.4, 1.4, 1.4, 1.399, 1.397, 1.397, 1.395, 1.395, 1.393, 1.393, 1.393, 1.393, 1.393, 1.393, 1.395, 1.395, 1.395, 1.395, 1.395, 1.395, 1.395, 1.393, 1.393, 1.393, 1.393, 1.393, 1.395, 1.395, 1.397, 1.397, 1.397, 1.397, 1.397, 1.397, 1.395, 1.395, 1.393, 1.391, 1.391, 1.39, 1.388, 1.386, 1.386, 1.386, 1.384, 1.384, 1.384, 1.384, 1.384, 1.386, 1.386, 1.388, 1.388, 1.388, 1.388, 1.388, 1.388, 1.388, 1.388, 1.388, 1.386, 1.386, 1.386, 1.384, 1.384, 1.384, 1.384, 1.384, 1.384, 1.386, 1.386, 1.388, 1.388, 1.388, 1.388, 1.388, 1.386, 1.386, 1.384, 1.384, 1.382, 1.382, 1.381, 1.381, 1.381, 1.381, 1.381, 1.382, 1.382, 1.382, 1.384, 1.384, 1.386, 1.388, 1.391, 1.395, 1.4, 1.408, 1.415, 1.425, 1.434, 1.444, 1.456, 1.464, 1.472, 1.478, 1.482, 1.486, 1.486, 1.487, 1.488, 1.488, 1.488, 1.487, 1.487, 1.486, 1.486, 1.486, 1.486, 1.486, 1.486, 1.486, 1.486, 1.487, 1.487, 1.488, 1.489, 1.489, 1.489, 1.489, 1.489, 1.488, 1.488, 1.487, 1.486, 1.485, 1.484, 1.483, 1.482, 1.481, 1.48, 1.479, 1.478, 1.477, 1.477, 1.476, 1.476, 1.476, 1.476, 1.475, 1.475, 1.474, 1.473, 1.472, 1.472, 1.471, 1.471, 1.471, 1.472, 1.472, 1.473, 1.474, 1.474, 1.476, 1.477, 1.479, 1.48, 1.481, 1.483, 1.484, 1.485, 1.485, 1.486, 1.486, 1.485, 1.484, 1.483, 1.482, 1.481, 1.48, 1.478, 1.477, 1.476, 1.475, 1.474, 1.473, 1.472, 1.472, 1.471, 1.471, 1.47, 1.47, 1.47, 1.47, 1.47, 1.47, 1.47, 1.47, 1.47, 1.47, 1.47, 1.47, 1.471, 1.471, 1.472, 1.472, 1.473, 1.473, 1.474, 1.475, 1.475, 1.475, 1.476, 1.476, 1.475, 1.475, 1.474, 1.474, 1.473, 1.473, 1.473, 1.472, 1.472, 1.472, 1.472, 1.472, 1.471, 1.471, 1.47, 1.471, 1.471, 1.471, 1.471, 1.471, 1.471, 0, 
1.535, 1.534, 1.533, 1.532, 1.531, 1.528, 1.528, 1.528, 1.527, 1.526, 1.526, 1.526, 1.526, 1.526, 1.526, 1.527, 1.527, 1.528, 1.528, 1.528, 1.528, 1.531, 1.531, 1.531, 1.531, 1.531, 1.531, 1.531, 1.531, 1.531, 1.531, 1.531, 1.531, 1.531, 1.532, 1.533, 1.533, 1.533, 1.533, 1.533, 1.532, 1.531, 1.528, 1.527, 1.526, 1.526, 1.526, 1.526, 1.526, 1.527, 1.527, 1.528, 1.528, 1.528, 1.531, 1.531, 1.531, 1.531, 1.531, 1.531, 1.531, 1.531, 1.531, 1.531, 1.528, 1.528, 1.528, 1.524, 1.524, 1.522, 1.521, 1.52, 1.52, 1.52, 1.52, 1.52, 1.52, 1.521, 1.522, 1.523, 1.524, 1.525, 1.525, 1.525, 1.525, 1.524, 1.524, 1.523, 1.522, 1.522, 1.522, 1.522, 1.521, 1.521, 1.52, 1.52, 1.52, 1.519, 1.519, 1.518, 1.518, 1.518, 1.518, 1.517, 1.516, 1.516, 1.516, 1.513, 1.512, 1.512, 1.512, 1.512, 1.513, 1.513, 1.516, 1.516, 1.516, 1.516, 1.517, 1.517, 1.517, 1.517, 1.517, 1.517, 1.517, 1.517, 1.518, 1.518, 1.519, 1.52, 1.521, 1.521, 1.522, 1.522, 1.521, 1.518, 1.512, 1.507, 1.5, 1.49, 1.478, 1.464, 1.452, 1.44, 1.43, 1.421, 1.413, 1.408, 1.406, 1.404, 1.402, 1.402, 1.402, 1.402, 1.402, 1.402, 1.4, 1.399, 1.399, 1.399, 1.399, 1.399, 1.399, 1.399, 1.399, 1.399, 1.4, 1.4, 1.4, 1.4, 1.4, 1.4, 1.4, 1.399, 1.397, 1.397, 1.395, 1.395, 1.395, 1.395, 1.395, 1.395, 1.397, 1.397, 1.397, 1.397, 1.397, 1.397, 1.397, 1.397, 1.397, 1.397, 1.397, 1.397, 1.395, 1.395, 1.395, 1.395, 1.397, 1.399, 1.399, 1.4, 1.4, 1.402, 1.402, 1.402, 1.4, 1.4, 1.399, 1.399, 1.399, 1.399, 1.399, 1.399, 1.399, 1.4, 1.4, 1.4, 1.399, 1.397, 1.397, 1.395, 1.393, 1.393, 1.391, 1.391, 1.391, 1.391, 1.391, 1.393, 1.393, 1.393, 1.395, 1.397, 1.397, 1.397, 1.397, 1.397, 1.397, 1.399, 1.399, 1.399, 1.399, 1.399, 1.4, 1.4, 1.4, 1.399, 1.397, 1.397, 1.395, 1.395, 1.393, 1.393, 1.393, 1.393, 1.393, 1.393, 1.395, 1.395, 1.395, 1.395, 1.395, 1.393, 1.393, 1.393, 1.393, 1.393, 1.393, 1.393, 1.393, 1.395, 1.397, 1.397, 1.397, 1.397, 1.397, 1.397, 1.397, 1.395, 1.393, 1.391, 1.391, 1.39, 1.388, 1.386, 1.386, 1.386, 1.384, 1.384, 1.384, 1.384, 1.386, 1.386, 1.386, 1.388, 1.388, 1.388, 1.388, 1.388, 1.388, 1.388, 1.388, 1.388, 1.388, 1.386, 1.386, 1.384, 1.384, 1.384, 1.384, 1.384, 1.384, 1.386, 1.386, 1.388, 1.388, 1.388, 1.388, 1.388, 1.386, 1.386, 1.384, 1.384, 1.382, 1.382, 1.381, 1.381, 1.381, 1.381, 1.381, 1.382, 1.382, 1.382, 1.384, 1.386, 1.386, 1.388, 1.39, 1.395, 1.399, 1.406, 1.413, 1.423, 1.432, 1.442, 1.454, 1.462, 1.471, 1.477, 1.482, 1.485, 1.486, 1.487, 1.488, 1.488, 1.488, 1.488, 1.487, 1.487, 1.487, 1.487, 1.487, 1.487, 1.487, 1.487, 1.487, 1.488, 1.488, 1.489, 1.489, 1.49, 1.49, 1.49, 1.489, 1.488, 1.488, 1.487, 1.486, 1.485, 1.483, 1.482, 1.481, 1.48, 1.479, 1.478, 1.477, 1.476, 1.476, 1.476, 1.476, 1.475, 1.475, 1.474, 1.474, 1.473, 1.472, 1.472, 1.471, 1.471, 1.47, 1.471, 1.471, 1.472, 1.472, 1.474, 1.474, 1.476, 1.477, 1.478, 1.479, 1.481, 1.482, 1.483, 1.484, 1.485, 1.485, 1.486, 1.486, 1.485, 1.484, 1.483, 1.482, 1.481, 1.479, 1.478, 1.476, 1.475, 1.474, 1.474, 1.473, 1.472, 1.472, 1.471, 1.471, 1.47, 1.47, 1.47, 1.47, 1.47, 1.47, 1.47, 1.47, 1.47, 1.47, 1.47, 1.47, 1.471, 1.472, 1.472, 1.472, 1.473, 1.473, 1.474, 1.474, 1.475, 1.475, 1.475, 1.475, 1.475, 1.474, 1.474, 1.474, 1.474, 1.473, 1.473, 1.473, 1.472, 1.472, 1.472, 1.471, 1.471, 1.47, 1.471, 1.471, 1.471, 1.471, 1.471, 1.472, 0, 
1.535, 1.534, 1.533, 1.532, 1.531, 1.528, 1.528, 1.527, 1.526, 1.525, 1.525, 1.525, 1.525, 1.525, 1.525, 1.526, 1.527, 1.528, 1.528, 1.528, 1.531, 1.531, 1.532, 1.532, 1.532, 1.532, 1.531, 1.531, 1.531, 1.531, 1.531, 1.531, 1.531, 1.531, 1.532, 1.533, 1.533, 1.533, 1.533, 1.533, 1.532, 1.528, 1.527, 1.526, 1.525, 1.525, 1.525, 1.525, 1.525, 1.526, 1.526, 1.527, 1.528, 1.528, 1.528, 1.528, 1.528, 1.528, 1.531, 1.531, 1.531, 1.531, 1.531, 1.531, 1.528, 1.528, 1.528, 1.525, 1.524, 1.522, 1.521, 1.52, 1.52, 1.52, 1.52, 1.52, 1.52, 1.521, 1.522, 1.523, 1.524, 1.525, 1.526, 1.526, 1.525, 1.525, 1.524, 1.524, 1.524, 1.524, 1.523, 1.523, 1.522, 1.522, 1.522, 1.521, 1.521, 1.52, 1.52, 1.519, 1.518, 1.518, 1.518, 1.517, 1.516, 1.516, 1.513, 1.512, 1.512, 1.511, 1.511, 1.512, 1.513, 1.513, 1.516, 1.516, 1.516, 1.517, 1.517, 1.518, 1.517, 1.517, 1.518, 1.518, 1.518, 1.518, 1.519, 1.519, 1.52, 1.521, 1.522, 1.522, 1.523, 1.523, 1.522, 1.519, 1.516, 1.509, 1.506, 1.492, 1.48, 1.466, 1.454, 1.44, 1.43, 1.421, 1.413, 1.408, 1.406, 1.404, 1.402, 1.402, 1.402, 1.402, 1.402, 1.4, 1.4, 1.399, 1.399, 1.399, 1.399, 1.399, 1.399, 1.399, 1.399, 1.4, 1.4, 1.4, 1.4, 1.4, 1.4, 1.4, 1.4, 1.399, 1.397, 1.397, 1.395, 1.395, 1.395, 1.395, 1.395, 1.395, 1.397, 1.397, 1.397, 1.397, 1.397, 1.397, 1.397, 1.397, 1.397, 1.397, 1.397, 1.397, 1.395, 1.395, 1.395, 1.395, 1.397, 1.399, 1.399, 1.4, 1.402, 1.402, 1.402, 1.402, 1.4, 1.4, 1.399, 1.399, 1.399, 1.399, 1.399, 1.399, 1.399, 1.4, 1.4, 1.399, 1.399, 1.397, 1.397, 1.395, 1.393, 1.393, 1.391, 1.391, 1.391, 1.391, 1.391, 1.393, 1.393, 1.395, 1.395, 1.397, 1.397, 1.397, 1.397, 1.397, 1.397, 1.397, 1.397, 1.399, 1.399, 1.399, 1.399, 1.399, 1.399, 1.399, 1.397, 1.397, 1.395, 1.393, 1.393, 1.393, 1.393, 1.393, 1.393, 1.393, 1.395, 1.395, 1.395, 1.395, 1.395, 1.393, 1.393, 1.393, 1.393, 1.393, 1.393, 1.393, 1.393, 1.395, 1.395, 1.397, 1.397, 1.397, 1.397, 1.397, 1.397, 1.395, 1.393, 1.393, 1.391, 1.39, 1.388, 1.388, 1.386, 1.386, 1.386, 1.384, 1.384, 1.384, 1.386, 1.386, 1.386, 1.388, 1.388, 1.388, 1.388, 1.388, 1.388, 1.388, 1.388, 1.388, 1.388, 1.386, 1.386, 1.386, 1.384, 1.384, 1.384, 1.384, 1.386, 1.386, 1.386, 1.388, 1.388, 1.39, 1.388, 1.388, 1.386, 1.386, 1.384, 1.384, 1.382, 1.382, 1.381, 1.381, 1.381, 1.381, 1.381, 1.382, 1.382, 1.382, 1.384, 1.386, 1.386, 1.388, 1.39, 1.393, 1.399, 1.404, 1.412, 1.421, 1.432, 1.44, 1.452, 1.462, 1.47, 1.476, 1.482, 1.484, 1.487, 1.488, 1.488, 1.488, 1.488, 1.488, 1.488, 1.488, 1.488, 1.488, 1.488, 1.488, 1.488, 1.488, 1.488, 1.488, 1.488, 1.489, 1.49, 1.49, 1.49, 1.49, 1.489, 1.488, 1.487, 1.486, 1.485, 1.484, 1.483, 1.481, 1.48, 1.479, 1.478, 1.477, 1.476, 1.476, 1.475, 1.475, 1.475, 1.475, 1.474, 1.474, 1.474, 1.473, 1.472, 1.472, 1.471, 1.47, 1.47, 1.47, 1.471, 1.472, 1.472, 1.473, 1.474, 1.476, 1.477, 1.478, 1.479, 1.48, 1.482, 1.483, 1.484, 1.484, 1.485, 1.486, 1.486, 1.485, 1.485, 1.484, 1.482, 1.481, 1.48, 1.478, 1.477, 1.476, 1.475, 1.474, 1.473, 1.472, 1.472, 1.472, 1.471, 1.471, 1.47, 1.47, 1.47, 1.47, 1.47, 1.47, 1.469, 1.47, 1.47, 1.47, 1.47, 1.47, 1.471, 1.472, 1.472, 1.472, 1.473, 1.473, 1.474, 1.474, 1.474, 1.475, 1.475, 1.475, 1.474, 1.474, 1.474, 1.474, 1.474, 1.474, 1.473, 1.472, 1.472, 1.472, 1.471, 1.471, 1.47, 1.47, 1.471, 1.471, 1.471, 1.471, 1.471, 0, 
1.535, 1.535, 1.533, 1.532, 1.531, 1.528, 1.527, 1.526, 1.525, 1.524, 1.524, 1.524, 1.524, 1.524, 1.524, 1.525, 1.526, 1.527, 1.528, 1.531, 1.531, 1.532, 1.532, 1.533, 1.533, 1.532, 1.532, 1.531, 1.531, 1.531, 1.528, 1.528, 1.528, 1.531, 1.531, 1.532, 1.533, 1.533, 1.533, 1.532, 1.532, 1.527, 1.526, 1.525, 1.524, 1.524, 1.524, 1.524, 1.524, 1.525, 1.526, 1.526, 1.527, 1.528, 1.528, 1.528, 1.528, 1.528, 1.528, 1.531, 1.531, 1.531, 1.531, 1.531, 1.528, 1.528, 1.527, 1.526, 1.524, 1.523, 1.522, 1.521, 1.52, 1.52, 1.52, 1.52, 1.52, 1.521, 1.522, 1.523, 1.524, 1.525, 1.526, 1.526, 1.526, 1.526, 1.525, 1.525, 1.525, 1.524, 1.524, 1.524, 1.524, 1.524, 1.523, 1.522, 1.522, 1.521, 1.52, 1.52, 1.519, 1.518, 1.518, 1.517, 1.516, 1.513, 1.513, 1.512, 1.511, 1.511, 1.511, 1.512, 1.513, 1.513, 1.516, 1.516, 1.517, 1.518, 1.518, 1.518, 1.518, 1.518, 1.518, 1.518, 1.518, 1.519, 1.519, 1.52, 1.521, 1.522, 1.522, 1.523, 1.524, 1.523, 1.523, 1.52, 1.517, 1.51, 1.507, 1.494, 1.482, 1.468, 1.454, 1.442, 1.43, 1.421, 1.413, 1.408, 1.404, 1.404, 1.402, 1.402, 1.402, 1.402, 1.402, 1.4, 1.4, 1.399, 1.399, 1.399, 1.399, 1.399, 1.399, 1.399, 1.399, 1.4, 1.4, 1.4, 1.4, 1.4, 1.4, 1.4, 1.4, 1.399, 1.397, 1.397, 1.397, 1.397, 1.397, 1.395, 1.395, 1.397, 1.397, 1.397, 1.397, 1.399, 1.399, 1.399, 1.397, 1.397, 1.397, 1.397, 1.397, 1.397, 1.395, 1.395, 1.395, 1.395, 1.397, 1.399, 1.399, 1.4, 1.402, 1.402, 1.402, 1.402, 1.4, 1.4, 1.399, 1.399, 1.399, 1.399, 1.399, 1.399, 1.399, 1.399, 1.399, 1.399, 1.399, 1.397, 1.397, 1.395, 1.393, 1.393, 1.391, 1.391, 1.391, 1.391, 1.393, 1.393, 1.393, 1.395, 1.397, 1.397, 1.397, 1.397, 1.397, 1.397, 1.397, 1.397, 1.397, 1.397, 1.397, 1.399, 1.399, 1.399, 1.399, 1.397, 1.397, 1.397, 1.395, 1.393, 1.393, 1.393, 1.393, 1.393, 1.393, 1.395, 1.395, 1.395, 1.395, 1.395, 1.393, 1.393, 1.393, 1.393, 1.393, 1.393, 1.393, 1.393, 1.393, 1.393, 1.395, 1.397, 1.397, 1.397, 1.397, 1.397, 1.397, 1.395, 1.395, 1.393, 1.391, 1.39, 1.388, 1.388, 1.388, 1.386, 1.386, 1.386, 1.386, 1.386, 1.386, 1.386, 1.386, 1.388, 1.388, 1.388, 1.388, 1.388, 1.388, 1.388, 1.388, 1.388, 1.388, 1.388, 1.386, 1.386, 1.386, 1.386, 1.386, 1.386, 1.386, 1.386, 1.388, 1.388, 1.388, 1.39, 1.39, 1.388, 1.388, 1.386, 1.384, 1.384, 1.382, 1.382, 1.381, 1.381, 1.381, 1.381, 1.381, 1.382, 1.382, 1.382, 1.384, 1.386, 1.386, 1.388, 1.388, 1.393, 1.397, 1.402, 1.41, 1.419, 1.429, 1.438, 1.45, 1.46, 1.468, 1.476, 1.482, 1.485, 1.488, 1.488, 1.488, 1.488, 1.488, 1.488, 1.488, 1.488, 1.488, 1.488, 1.488, 1.488, 1.488, 1.488, 1.488, 1.488, 1.489, 1.489, 1.49, 1.49, 1.49, 1.49, 1.489, 1.488, 1.487, 1.486, 1.485, 1.484, 1.482, 1.481, 1.479, 1.478, 1.477, 1.476, 1.476, 1.475, 1.474, 1.474, 1.474, 1.474, 1.474, 1.474, 1.474, 1.473, 1.472, 1.472, 1.471, 1.47, 1.47, 1.47, 1.471, 1.472, 1.472, 1.473, 1.474, 1.476, 1.476, 1.478, 1.479, 1.48, 1.481, 1.482, 1.483, 1.484, 1.485, 1.485, 1.486, 1.486, 1.485, 1.484, 1.483, 1.482, 1.48, 1.478, 1.477, 1.476, 1.475, 1.475, 1.474, 1.473, 1.472, 1.472, 1.472, 1.471, 1.471, 1.47, 1.47, 1.47, 1.469, 1.469, 1.468, 1.468, 1.469, 1.47, 1.47, 1.47, 1.471, 1.471, 1.472, 1.472, 1.472, 1.472, 1.472, 1.473, 1.473, 1.474, 1.475, 1.475, 1.475, 1.475, 1.474, 1.474, 1.474, 1.474, 1.474, 1.473, 1.472, 1.472, 1.471, 1.471, 1.47, 1.47, 1.47, 1.47, 1.47, 1.471, 1.471, 0, 
1.536, 1.535, 1.534, 1.533, 1.532, 1.527, 1.526, 1.525, 1.524, 1.523, 1.522, 1.522, 1.522, 1.523, 1.524, 1.524, 1.525, 1.528, 1.528, 1.531, 1.532, 1.532, 1.533, 1.533, 1.533, 1.533, 1.532, 1.532, 1.531, 1.528, 1.528, 1.528, 1.528, 1.528, 1.531, 1.532, 1.533, 1.533, 1.533, 1.532, 1.532, 1.528, 1.525, 1.524, 1.524, 1.523, 1.523, 1.523, 1.524, 1.524, 1.525, 1.526, 1.526, 1.527, 1.528, 1.528, 1.528, 1.528, 1.528, 1.531, 1.531, 1.531, 1.531, 1.531, 1.531, 1.528, 1.527, 1.526, 1.525, 1.524, 1.522, 1.521, 1.52, 1.52, 1.52, 1.52, 1.52, 1.521, 1.522, 1.523, 1.524, 1.526, 1.526, 1.527, 1.527, 1.527, 1.526, 1.526, 1.526, 1.526, 1.526, 1.526, 1.525, 1.525, 1.524, 1.524, 1.523, 1.522, 1.521, 1.52, 1.519, 1.519, 1.518, 1.517, 1.516, 1.513, 1.513, 1.512, 1.511, 1.511, 1.511, 1.512, 1.512, 1.513, 1.516, 1.517, 1.517, 1.518, 1.519, 1.519, 1.518, 1.518, 1.518, 1.518, 1.519, 1.519, 1.52, 1.52, 1.521, 1.522, 1.523, 1.524, 1.524, 1.524, 1.524, 1.52, 1.517, 1.511, 1.508, 1.495, 1.483, 1.471, 1.456, 1.444, 1.432, 1.421, 1.413, 1.408, 1.404, 1.404, 1.402, 1.402, 1.402, 1.402, 1.402, 1.4, 1.4, 1.4, 1.4, 1.399, 1.399, 1.399, 1.399, 1.4, 1.4, 1.4, 1.4, 1.4, 1.4, 1.4, 1.4, 1.4, 1.4, 1.399, 1.399, 1.397, 1.397, 1.397, 1.397, 1.397, 1.397, 1.397, 1.397, 1.397, 1.399, 1.399, 1.399, 1.399, 1.399, 1.397, 1.397, 1.397, 1.397, 1.397, 1.395, 1.395, 1.395, 1.395, 1.397, 1.399, 1.399, 1.4, 1.402, 1.402, 1.402, 1.402, 1.4, 1.4, 1.399, 1.399, 1.399, 1.399, 1.399, 1.399, 1.399, 1.399, 1.399, 1.399, 1.399, 1.397, 1.397, 1.395, 1.393, 1.393, 1.391, 1.391, 1.391, 1.391, 1.393, 1.393, 1.393, 1.395, 1.397, 1.397, 1.397, 1.397, 1.397, 1.397, 1.397, 1.397, 1.397, 1.397, 1.397, 1.397, 1.399, 1.399, 1.397, 1.397, 1.397, 1.395, 1.395, 1.393, 1.393, 1.393, 1.393, 1.393, 1.393, 1.395, 1.395, 1.395, 1.395, 1.393, 1.393, 1.393, 1.391, 1.391, 1.391, 1.391, 1.391, 1.391, 1.393, 1.393, 1.395, 1.397, 1.397, 1.397, 1.397, 1.397, 1.397, 1.397, 1.395, 1.393, 1.391, 1.391, 1.39, 1.388, 1.388, 1.388, 1.386, 1.386, 1.386, 1.386, 1.386, 1.386, 1.386, 1.388, 1.388, 1.388, 1.388, 1.388, 1.388, 1.388, 1.388, 1.388, 1.388, 1.388, 1.386, 1.386, 1.386, 1.386, 1.386, 1.386, 1.386, 1.388, 1.388, 1.388, 1.388, 1.39, 1.39, 1.388, 1.388, 1.386, 1.384, 1.384, 1.382, 1.382, 1.381, 1.381, 1.381, 1.381, 1.381, 1.382, 1.382, 1.382, 1.384, 1.384, 1.386, 1.388, 1.388, 1.391, 1.395, 1.4, 1.408, 1.417, 1.429, 1.436, 1.448, 1.46, 1.468, 1.476, 1.482, 1.486, 1.488, 1.488, 1.488, 1.488, 1.488, 1.488, 1.488, 1.488, 1.488, 1.488, 1.488, 1.488, 1.488, 1.488, 1.488, 1.489, 1.489, 1.49, 1.49, 1.49, 1.49, 1.489, 1.489, 1.488, 1.486, 1.486, 1.484, 1.483, 1.482, 1.48, 1.479, 1.478, 1.477, 1.476, 1.475, 1.475, 1.474, 1.474, 1.474, 1.474, 1.474, 1.474, 1.473, 1.473, 1.472, 1.472, 1.471, 1.47, 1.47, 1.47, 1.471, 1.472, 1.472, 1.473, 1.474, 1.475, 1.476, 1.478, 1.478, 1.48, 1.481, 1.482, 1.483, 1.484, 1.484, 1.485, 1.486, 1.486, 1.485, 1.484, 1.483, 1.482, 1.481, 1.479, 1.478, 1.477, 1.476, 1.475, 1.474, 1.474, 1.473, 1.473, 1.472, 1.472, 1.471, 1.471, 1.47, 1.47, 1.469, 1.468, 1.468, 1.468, 1.468, 1.468, 1.468, 1.47, 1.47, 1.47, 1.471, 1.471, 1.471, 1.472, 1.472, 1.472, 1.473, 1.474, 1.474, 1.475, 1.475, 1.475, 1.475, 1.475, 1.475, 1.474, 1.474, 1.473, 1.472, 1.472, 1.471, 1.47, 1.47, 1.47, 1.47, 1.47, 1.47, 1.47, 1.471, 0, 
1.536, 1.535, 1.534, 1.533, 1.532, 1.527, 1.526, 1.524, 1.523, 1.522, 1.521, 1.521, 1.522, 1.522, 1.523, 1.524, 1.524, 1.528, 1.528, 1.532, 1.532, 1.533, 1.534, 1.534, 1.534, 1.533, 1.533, 1.532, 1.531, 1.528, 1.528, 1.528, 1.528, 1.528, 1.531, 1.532, 1.532, 1.533, 1.533, 1.532, 1.528, 1.528, 1.524, 1.524, 1.523, 1.522, 1.522, 1.522, 1.522, 1.523, 1.524, 1.525, 1.526, 1.526, 1.527, 1.528, 1.528, 1.528, 1.528, 1.531, 1.531, 1.531, 1.531, 1.531, 1.531, 1.531, 1.528, 1.527, 1.526, 1.524, 1.523, 1.52, 1.52, 1.52, 1.52, 1.52, 1.52, 1.521, 1.522, 1.523, 1.524, 1.526, 1.527, 1.528, 1.528, 1.528, 1.527, 1.527, 1.527, 1.527, 1.527, 1.527, 1.527, 1.526, 1.526, 1.525, 1.524, 1.523, 1.522, 1.521, 1.52, 1.519, 1.518, 1.517, 1.516, 1.513, 1.513, 1.512, 1.511, 1.511, 1.511, 1.512, 1.512, 1.513, 1.516, 1.517, 1.518, 1.519, 1.519, 1.519, 1.519, 1.519, 1.519, 1.519, 1.52, 1.52, 1.52, 1.521, 1.522, 1.523, 1.524, 1.524, 1.524, 1.524, 1.524, 1.522, 1.518, 1.512, 1.509, 1.5, 1.485, 1.472, 1.458, 1.446, 1.434, 1.421, 1.413, 1.408, 1.404, 1.404, 1.402, 1.402, 1.402, 1.402, 1.402, 1.402, 1.4, 1.4, 1.4, 1.4, 1.4, 1.4, 1.4, 1.4, 1.4, 1.4, 1.4, 1.4, 1.4, 1.4, 1.4, 1.4, 1.4, 1.399, 1.399, 1.399, 1.397, 1.397, 1.397, 1.397, 1.397, 1.397, 1.397, 1.399, 1.399, 1.399, 1.399, 1.399, 1.399, 1.399, 1.397, 1.397, 1.397, 1.397, 1.397, 1.397, 1.397, 1.397, 1.397, 1.399, 1.399, 1.4, 1.402, 1.402, 1.402, 1.402, 1.4, 1.4, 1.399, 1.399, 1.399, 1.399, 1.399, 1.399, 1.399, 1.399, 1.399, 1.399, 1.397, 1.397, 1.397, 1.395, 1.393, 1.393, 1.393, 1.391, 1.391, 1.391, 1.393, 1.393, 1.393, 1.395, 1.397, 1.397, 1.397, 1.397, 1.397, 1.397, 1.397, 1.397, 1.397, 1.397, 1.397, 1.397, 1.397, 1.397, 1.397, 1.397, 1.397, 1.395, 1.393, 1.393, 1.393, 1.393, 1.393, 1.393, 1.393, 1.395, 1.395, 1.395, 1.395, 1.393, 1.393, 1.393, 1.391, 1.391, 1.391, 1.391, 1.391, 1.391, 1.391, 1.393, 1.393, 1.395, 1.397, 1.397, 1.397, 1.397, 1.397, 1.397, 1.395, 1.393, 1.393, 1.391, 1.39, 1.388, 1.388, 1.388, 1.388, 1.386, 1.386, 1.386, 1.386, 1.388, 1.388, 1.388, 1.388, 1.388, 1.388, 1.388, 1.388, 1.388, 1.388, 1.388, 1.388, 1.388, 1.388, 1.386, 1.386, 1.386, 1.386, 1.386, 1.386, 1.388, 1.388, 1.388, 1.39, 1.39, 1.39, 1.388, 1.388, 1.386, 1.384, 1.384, 1.382, 1.382, 1.381, 1.381, 1.381, 1.381, 1.381, 1.382, 1.382, 1.384, 1.384, 1.384, 1.386, 1.386, 1.388, 1.39, 1.395, 1.4, 1.406, 1.415, 1.427, 1.436, 1.448, 1.458, 1.468, 1.476, 1.482, 1.486, 1.488, 1.488, 1.488, 1.488, 1.488, 1.488, 1.488, 1.488, 1.489, 1.489, 1.489, 1.489, 1.489, 1.489, 1.489, 1.489, 1.49, 1.49, 1.49, 1.49, 1.49, 1.49, 1.489, 1.488, 1.486, 1.485, 1.484, 1.483, 1.481, 1.48, 1.478, 1.478, 1.476, 1.476, 1.475, 1.474, 1.474, 1.474, 1.474, 1.474, 1.474, 1.474, 1.473, 1.473, 1.472, 1.472, 1.471, 1.47, 1.47, 1.47, 1.471, 1.472, 1.472, 1.473, 1.474, 1.475, 1.476, 1.477, 1.478, 1.479, 1.48, 1.481, 1.482, 1.483, 1.484, 1.485, 1.485, 1.486, 1.486, 1.485, 1.484, 1.482, 1.481, 1.48, 1.478, 1.477, 1.476, 1.476, 1.475, 1.474, 1.474, 1.474, 1.473, 1.473, 1.472, 1.471, 1.47, 1.47, 1.469, 1.468, 1.468, 1.468, 1.468, 1.468, 1.468, 1.468, 1.468, 1.47, 1.47, 1.47, 1.471, 1.471, 1.471, 1.472, 1.472, 1.473, 1.474, 1.474, 1.475, 1.475, 1.476, 1.476, 1.475, 1.475, 1.474, 1.473, 1.472, 1.472, 1.471, 1.47, 1.47, 1.47, 1.47, 1.47, 1.47, 1.47, 1.47, 0, 
1.536, 1.535, 1.535, 1.533, 1.532, 1.527, 1.526, 1.524, 1.522, 1.521, 1.52, 1.52, 1.521, 1.522, 1.522, 1.524, 1.524, 1.528, 1.528, 1.532, 1.533, 1.534, 1.534, 1.535, 1.535, 1.534, 1.533, 1.532, 1.532, 1.528, 1.528, 1.528, 1.528, 1.528, 1.531, 1.532, 1.532, 1.533, 1.533, 1.532, 1.528, 1.528, 1.524, 1.523, 1.522, 1.521, 1.521, 1.521, 1.521, 1.522, 1.523, 1.524, 1.525, 1.526, 1.527, 1.527, 1.528, 1.528, 1.528, 1.531, 1.531, 1.531, 1.532, 1.532, 1.532, 1.532, 1.528, 1.528, 1.527, 1.524, 1.524, 1.52, 1.52, 1.52, 1.52, 1.52, 1.52, 1.521, 1.522, 1.523, 1.524, 1.526, 1.527, 1.528, 1.528, 1.528, 1.528, 1.528, 1.528, 1.528, 1.528, 1.528, 1.528, 1.527, 1.527, 1.526, 1.525, 1.524, 1.523, 1.522, 1.521, 1.52, 1.519, 1.518, 1.517, 1.513, 1.513, 1.512, 1.511, 1.511, 1.511, 1.512, 1.512, 1.516, 1.517, 1.518, 1.518, 1.519, 1.52, 1.52, 1.52, 1.52, 1.52, 1.52, 1.52, 1.52, 1.521, 1.522, 1.523, 1.524, 1.524, 1.524, 1.525, 1.524, 1.524, 1.523, 1.518, 1.513, 1.51, 1.501, 1.486, 1.473, 1.46, 1.448, 1.436, 1.423, 1.413, 1.41, 1.406, 1.404, 1.402, 1.402, 1.402, 1.402, 1.402, 1.402, 1.4, 1.4, 1.4, 1.4, 1.4, 1.4, 1.4, 1.4, 1.4, 1.4, 1.4, 1.4, 1.4, 1.4, 1.4, 1.4, 1.4, 1.4, 1.399, 1.399, 1.399, 1.399, 1.397, 1.397, 1.397, 1.397, 1.399, 1.399, 1.399, 1.399, 1.4, 1.4, 1.4, 1.399, 1.399, 1.397, 1.397, 1.397, 1.397, 1.397, 1.397, 1.397, 1.397, 1.399, 1.399, 1.4, 1.402, 1.402, 1.402, 1.402, 1.402, 1.4, 1.399, 1.399, 1.399, 1.399, 1.399, 1.399, 1.399, 1.399, 1.399, 1.399, 1.397, 1.397, 1.395, 1.395, 1.393, 1.393, 1.393, 1.393, 1.393, 1.393, 1.393, 1.393, 1.393, 1.395, 1.397, 1.397, 1.397, 1.397, 1.397, 1.397, 1.397, 1.397, 1.397, 1.397, 1.397, 1.397, 1.397, 1.397, 1.397, 1.397, 1.397, 1.395, 1.393, 1.393, 1.393, 1.393, 1.393, 1.393, 1.393, 1.395, 1.395, 1.395, 1.395, 1.393, 1.393, 1.391, 1.391, 1.391, 1.391, 1.391, 1.391, 1.391, 1.391, 1.391, 1.393, 1.395, 1.395, 1.397, 1.397, 1.397, 1.397, 1.397, 1.395, 1.393, 1.393, 1.391, 1.39, 1.39, 1.388, 1.388, 1.388, 1.388, 1.388, 1.388, 1.388, 1.388, 1.388, 1.388, 1.388, 1.388, 1.388, 1.388, 1.388, 1.388, 1.388, 1.388, 1.388, 1.388, 1.388, 1.388, 1.386, 1.386, 1.386, 1.386, 1.388, 1.388, 1.388, 1.388, 1.39, 1.39, 1.39, 1.39, 1.388, 1.386, 1.384, 1.384, 1.384, 1.382, 1.381, 1.381, 1.381, 1.381, 1.381, 1.382, 1.382, 1.384, 1.384, 1.384, 1.384, 1.386, 1.386, 1.39, 1.393, 1.397, 1.406, 1.415, 1.425, 1.436, 1.446, 1.458, 1.468, 1.475, 1.482, 1.486, 1.488, 1.488, 1.488, 1.488, 1.488, 1.488, 1.489, 1.489, 1.489, 1.49, 1.49, 1.49, 1.49, 1.49, 1.49, 1.49, 1.49, 1.49, 1.49, 1.49, 1.49, 1.49, 1.489, 1.488, 1.486, 1.485, 1.484, 1.482, 1.481, 1.479, 1.478, 1.477, 1.476, 1.476, 1.475, 1.474, 1.474, 1.474, 1.474, 1.474, 1.474, 1.474, 1.474, 1.473, 1.472, 1.472, 1.471, 1.47, 1.47, 1.47, 1.471, 1.472, 1.472, 1.473, 1.474, 1.475, 1.476, 1.477, 1.478, 1.479, 1.48, 1.481, 1.482, 1.482, 1.483, 1.484, 1.485, 1.486, 1.486, 1.485, 1.484, 1.483, 1.482, 1.48, 1.479, 1.478, 1.477, 1.477, 1.476, 1.475, 1.475, 1.474, 1.474, 1.473, 1.473, 1.472, 1.471, 1.47, 1.468, 1.468, 1.468, 1.468, 1.468, 1.468, 1.468, 1.468, 1.468, 1.468, 1.47, 1.47, 1.47, 1.47, 1.47, 1.471, 1.472, 1.472, 1.473, 1.474, 1.474, 1.475, 1.476, 1.476, 1.476, 1.475, 1.474, 1.473, 1.472, 1.471, 1.471, 1.47, 1.47, 1.47, 1.47, 1.47, 1.47, 1.47, 1.47, 0, 
1.536, 1.536, 1.536, 1.533, 1.532, 1.527, 1.526, 1.524, 1.522, 1.521, 1.52, 1.52, 1.52, 1.521, 1.522, 1.524, 1.524, 1.528, 1.532, 1.532, 1.533, 1.534, 1.535, 1.536, 1.535, 1.534, 1.533, 1.533, 1.532, 1.528, 1.528, 1.528, 1.528, 1.528, 1.531, 1.532, 1.533, 1.533, 1.533, 1.533, 1.528, 1.528, 1.524, 1.523, 1.522, 1.521, 1.52, 1.52, 1.52, 1.521, 1.522, 1.523, 1.524, 1.525, 1.526, 1.527, 1.528, 1.528, 1.528, 1.531, 1.531, 1.532, 1.532, 1.533, 1.533, 1.532, 1.532, 1.528, 1.528, 1.524, 1.524, 1.521, 1.52, 1.52, 1.52, 1.52, 1.52, 1.521, 1.522, 1.523, 1.524, 1.526, 1.527, 1.528, 1.528, 1.528, 1.528, 1.528, 1.528, 1.528, 1.531, 1.531, 1.531, 1.528, 1.528, 1.527, 1.526, 1.526, 1.525, 1.523, 1.522, 1.521, 1.52, 1.518, 1.517, 1.517, 1.513, 1.512, 1.512, 1.512, 1.512, 1.512, 1.516, 1.516, 1.517, 1.518, 1.519, 1.52, 1.52, 1.52, 1.52, 1.52, 1.52, 1.52, 1.52, 1.52, 1.521, 1.522, 1.523, 1.524, 1.524, 1.525, 1.525, 1.524, 1.524, 1.523, 1.519, 1.512, 1.512, 1.501, 1.488, 1.474, 1.46, 1.448, 1.436, 1.425, 1.415, 1.41, 1.406, 1.404, 1.404, 1.402, 1.402, 1.402, 1.402, 1.402, 1.402, 1.402, 1.402, 1.402, 1.402, 1.4, 1.4, 1.4, 1.4, 1.4, 1.4, 1.4, 1.4, 1.399, 1.399, 1.399, 1.399, 1.4, 1.399, 1.399, 1.399, 1.399, 1.399, 1.399, 1.399, 1.399, 1.399, 1.399, 1.399, 1.399, 1.4, 1.4, 1.4, 1.4, 1.399, 1.399, 1.397, 1.397, 1.397, 1.397, 1.397, 1.397, 1.399, 1.399, 1.399, 1.4, 1.402, 1.402, 1.402, 1.402, 1.402, 1.4, 1.4, 1.399, 1.399, 1.399, 1.399, 1.399, 1.399, 1.399, 1.399, 1.399, 1.397, 1.397, 1.395, 1.395, 1.393, 1.393, 1.393, 1.393, 1.393, 1.393, 1.393, 1.393, 1.393, 1.395, 1.397, 1.397, 1.397, 1.397, 1.397, 1.397, 1.397, 1.395, 1.395, 1.395, 1.397, 1.397, 1.397, 1.397, 1.397, 1.397, 1.397, 1.395, 1.393, 1.393, 1.393, 1.393, 1.393, 1.393, 1.393, 1.395, 1.395, 1.395, 1.393, 1.393, 1.393, 1.391, 1.391, 1.39, 1.39, 1.39, 1.39, 1.391, 1.391, 1.391, 1.393, 1.393, 1.395, 1.395, 1.397, 1.397, 1.397, 1.397, 1.395, 1.393, 1.393, 1.391, 1.39, 1.39, 1.39, 1.39, 1.388, 1.388, 1.388, 1.388, 1.388, 1.388, 1.388, 1.388, 1.388, 1.388, 1.388, 1.388, 1.388, 1.388, 1.388, 1.388, 1.388, 1.388, 1.388, 1.388, 1.388, 1.388, 1.388, 1.388, 1.388, 1.388, 1.388, 1.39, 1.39, 1.39, 1.39, 1.39, 1.388, 1.386, 1.384, 1.384, 1.384, 1.382, 1.382, 1.382, 1.382, 1.382, 1.382, 1.382, 1.384, 1.384, 1.384, 1.384, 1.384, 1.386, 1.386, 1.39, 1.391, 1.397, 1.404, 1.413, 1.425, 1.436, 1.446, 1.458, 1.468, 1.475, 1.482, 1.487, 1.488, 1.488, 1.488, 1.488, 1.489, 1.489, 1.49, 1.49, 1.49, 1.49, 1.49, 1.49, 1.49, 1.49, 1.49, 1.49, 1.49, 1.49, 1.49, 1.49, 1.49, 1.49, 1.489, 1.488, 1.486, 1.485, 1.484, 1.482, 1.48, 1.479, 1.478, 1.477, 1.476, 1.476, 1.475, 1.474, 1.474, 1.474, 1.474, 1.474, 1.474, 1.474, 1.474, 1.473, 1.472, 1.472, 1.471, 1.47, 1.47, 1.47, 1.471, 1.472, 1.472, 1.473, 1.474, 1.475, 1.476, 1.476, 1.478, 1.478, 1.479, 1.48, 1.481, 1.482, 1.483, 1.484, 1.484, 1.485, 1.485, 1.485, 1.484, 1.483, 1.482, 1.481, 1.48, 1.479, 1.478, 1.477, 1.477, 1.476, 1.476, 1.475, 1.475, 1.474, 1.473, 1.472, 1.471, 1.47, 1.468, 1.468, 1.468, 1.468, 1.468, 1.468, 1.468, 1.468, 1.468, 1.468, 1.468, 1.468, 1.47, 1.47, 1.47, 1.47, 1.471, 1.472, 1.473, 1.474, 1.474, 1.475, 1.476, 1.476, 1.475, 1.474, 1.473, 1.472, 1.472, 1.471, 1.47, 1.47, 1.47, 1.47, 1.47, 1.47, 1.47, 1.47, 1.47, 0, 
1.536, 1.536, 1.536, 1.533, 1.533, 1.528, 1.527, 1.523, 1.522, 1.52, 1.519, 1.519, 1.519, 1.521, 1.522, 1.524, 1.525, 1.528, 1.532, 1.533, 1.534, 1.535, 1.536, 1.536, 1.536, 1.535, 1.534, 1.533, 1.532, 1.528, 1.528, 1.528, 1.528, 1.528, 1.531, 1.532, 1.533, 1.533, 1.533, 1.533, 1.532, 1.528, 1.524, 1.523, 1.522, 1.521, 1.52, 1.52, 1.52, 1.52, 1.521, 1.522, 1.524, 1.525, 1.526, 1.527, 1.528, 1.528, 1.531, 1.531, 1.531, 1.532, 1.533, 1.533, 1.533, 1.533, 1.532, 1.532, 1.528, 1.525, 1.524, 1.522, 1.521, 1.52, 1.52, 1.52, 1.52, 1.52, 1.521, 1.522, 1.524, 1.525, 1.527, 1.528, 1.528, 1.528, 1.528, 1.531, 1.531, 1.531, 1.531, 1.531, 1.531, 1.531, 1.528, 1.528, 1.527, 1.527, 1.526, 1.525, 1.523, 1.522, 1.521, 1.519, 1.518, 1.517, 1.517, 1.513, 1.512, 1.512, 1.512, 1.513, 1.516, 1.517, 1.518, 1.519, 1.52, 1.52, 1.52, 1.52, 1.52, 1.52, 1.52, 1.52, 1.52, 1.521, 1.522, 1.523, 1.524, 1.524, 1.525, 1.525, 1.525, 1.525, 1.524, 1.523, 1.52, 1.516, 1.512, 1.502, 1.49, 1.476, 1.464, 1.45, 1.438, 1.427, 1.417, 1.412, 1.406, 1.406, 1.404, 1.402, 1.402, 1.402, 1.402, 1.402, 1.402, 1.402, 1.402, 1.402, 1.402, 1.402, 1.402, 1.402, 1.4, 1.4, 1.4, 1.4, 1.399, 1.399, 1.399, 1.399, 1.399, 1.4, 1.399, 1.399, 1.399, 1.399, 1.399, 1.399, 1.399, 1.399, 1.399, 1.399, 1.399, 1.399, 1.4, 1.4, 1.4, 1.4, 1.399, 1.399, 1.399, 1.397, 1.397, 1.397, 1.397, 1.397, 1.399, 1.399, 1.399, 1.4, 1.402, 1.402, 1.402, 1.402, 1.402, 1.4, 1.4, 1.399, 1.399, 1.399, 1.399, 1.399, 1.399, 1.399, 1.399, 1.397, 1.397, 1.397, 1.397, 1.395, 1.393, 1.393, 1.393, 1.393, 1.393, 1.393, 1.393, 1.393, 1.395, 1.395, 1.397, 1.397, 1.397, 1.397, 1.397, 1.397, 1.395, 1.395, 1.395, 1.395, 1.395, 1.397, 1.397, 1.397, 1.397, 1.397, 1.397, 1.395, 1.395, 1.393, 1.393, 1.393, 1.393, 1.393, 1.395, 1.395, 1.395, 1.393, 1.393, 1.393, 1.391, 1.391, 1.39, 1.39, 1.39, 1.39, 1.39, 1.39, 1.391, 1.391, 1.391, 1.393, 1.393, 1.395, 1.395, 1.397, 1.397, 1.395, 1.395, 1.393, 1.393, 1.391, 1.391, 1.39, 1.39, 1.39, 1.39, 1.388, 1.388, 1.388, 1.388, 1.388, 1.388, 1.388, 1.388, 1.388, 1.388, 1.388, 1.388, 1.388, 1.388, 1.388, 1.388, 1.388, 1.388, 1.388, 1.388, 1.388, 1.388, 1.388, 1.388, 1.39, 1.39, 1.39, 1.39, 1.39, 1.39, 1.39, 1.388, 1.386, 1.386, 1.384, 1.384, 1.384, 1.384, 1.384, 1.384, 1.384, 1.384, 1.384, 1.384, 1.384, 1.384, 1.384, 1.384, 1.384, 1.386, 1.388, 1.391, 1.397, 1.402, 1.413, 1.423, 1.434, 1.446, 1.456, 1.466, 1.474, 1.482, 1.487, 1.488, 1.488, 1.488, 1.489, 1.489, 1.49, 1.49, 1.49, 1.49, 1.49, 1.49, 1.49, 1.49, 1.49, 1.49, 1.491, 1.491, 1.491, 1.49, 1.49, 1.49, 1.49, 1.489, 1.488, 1.486, 1.485, 1.484, 1.482, 1.48, 1.479, 1.478, 1.477, 1.476, 1.476, 1.475, 1.474, 1.474, 1.474, 1.474, 1.474, 1.474, 1.474, 1.474, 1.473, 1.472, 1.472, 1.471, 1.47, 1.47, 1.47, 1.471, 1.472, 1.472, 1.473, 1.474, 1.474, 1.476, 1.476, 1.477, 1.478, 1.479, 1.479, 1.48, 1.481, 1.482, 1.483, 1.484, 1.484, 1.485, 1.485, 1.484, 1.483, 1.482, 1.481, 1.48, 1.48, 1.479, 1.478, 1.478, 1.477, 1.477, 1.476, 1.475, 1.475, 1.474, 1.472, 1.471, 1.47, 1.468, 1.468, 1.468, 1.468, 1.468, 1.468, 1.468, 1.468, 1.468, 1.468, 1.468, 1.468, 1.47, 1.47, 1.47, 1.47, 1.47, 1.471, 1.472, 1.473, 1.474, 1.474, 1.475, 1.475, 1.474, 1.474, 1.473, 1.472, 1.471, 1.47, 1.47, 1.47, 1.47, 1.47, 1.47, 1.47, 1.47, 1.47, 1.47, 0, 
1.536, 1.536, 1.537, 1.534, 1.533, 1.532, 1.528, 1.523, 1.522, 1.52, 1.519, 1.519, 1.519, 1.52, 1.522, 1.524, 1.526, 1.527, 1.532, 1.533, 1.534, 1.535, 1.536, 1.537, 1.536, 1.535, 1.534, 1.533, 1.532, 1.531, 1.528, 1.528, 1.528, 1.528, 1.531, 1.532, 1.533, 1.533, 1.533, 1.533, 1.532, 1.528, 1.524, 1.524, 1.522, 1.521, 1.52, 1.52, 1.52, 1.52, 1.521, 1.522, 1.524, 1.524, 1.526, 1.526, 1.527, 1.528, 1.531, 1.531, 1.532, 1.533, 1.533, 1.533, 1.533, 1.533, 1.533, 1.532, 1.527, 1.526, 1.524, 1.522, 1.521, 1.52, 1.52, 1.52, 1.52, 1.52, 1.521, 1.522, 1.523, 1.525, 1.526, 1.527, 1.528, 1.528, 1.531, 1.531, 1.531, 1.531, 1.531, 1.531, 1.531, 1.531, 1.531, 1.531, 1.528, 1.528, 1.527, 1.526, 1.524, 1.523, 1.522, 1.521, 1.519, 1.518, 1.517, 1.516, 1.516, 1.516, 1.516, 1.517, 1.517, 1.518, 1.519, 1.52, 1.52, 1.52, 1.52, 1.52, 1.52, 1.52, 1.52, 1.52, 1.52, 1.521, 1.522, 1.523, 1.524, 1.525, 1.525, 1.526, 1.526, 1.525, 1.524, 1.524, 1.52, 1.516, 1.513, 1.503, 1.492, 1.478, 1.466, 1.454, 1.44, 1.427, 1.419, 1.412, 1.408, 1.406, 1.404, 1.404, 1.404, 1.404, 1.402, 1.402, 1.402, 1.402, 1.402, 1.402, 1.402, 1.402, 1.402, 1.402, 1.402, 1.4, 1.4, 1.399, 1.399, 1.399, 1.399, 1.399, 1.399, 1.4, 1.4, 1.4, 1.4, 1.4, 1.4, 1.4, 1.399, 1.399, 1.399, 1.399, 1.399, 1.4, 1.4, 1.4, 1.4, 1.4, 1.4, 1.399, 1.399, 1.399, 1.397, 1.397, 1.399, 1.399, 1.399, 1.399, 1.4, 1.4, 1.402, 1.402, 1.402, 1.402, 1.402, 1.4, 1.4, 1.4, 1.399, 1.399, 1.399, 1.399, 1.399, 1.399, 1.397, 1.397, 1.397, 1.397, 1.397, 1.395, 1.395, 1.393, 1.393, 1.393, 1.393, 1.393, 1.393, 1.393, 1.395, 1.395, 1.395, 1.397, 1.395, 1.395, 1.395, 1.395, 1.395, 1.395, 1.395, 1.395, 1.395, 1.397, 1.397, 1.397, 1.397, 1.397, 1.395, 1.395, 1.395, 1.393, 1.393, 1.393, 1.393, 1.395, 1.395, 1.395, 1.395, 1.393, 1.393, 1.393, 1.391, 1.391, 1.39, 1.39, 1.39, 1.39, 1.39, 1.39, 1.391, 1.391, 1.391, 1.393, 1.393, 1.393, 1.395, 1.395, 1.395, 1.395, 1.395, 1.393, 1.393, 1.391, 1.391, 1.39, 1.39, 1.39, 1.39, 1.39, 1.388, 1.388, 1.388, 1.388, 1.388, 1.388, 1.388, 1.388, 1.388, 1.388, 1.388, 1.388, 1.388, 1.388, 1.388, 1.388, 1.388, 1.388, 1.388, 1.388, 1.388, 1.388, 1.39, 1.39, 1.39, 1.39, 1.39, 1.39, 1.39, 1.39, 1.388, 1.388, 1.386, 1.386, 1.386, 1.384, 1.384, 1.384, 1.384, 1.384, 1.384, 1.384, 1.384, 1.384, 1.384, 1.384, 1.384, 1.384, 1.384, 1.388, 1.39, 1.395, 1.402, 1.412, 1.421, 1.434, 1.444, 1.456, 1.466, 1.474, 1.482, 1.487, 1.488, 1.488, 1.489, 1.489, 1.49, 1.49, 1.49, 1.491, 1.491, 1.491, 1.491, 1.491, 1.491, 1.491, 1.491, 1.491, 1.492, 1.491, 1.491, 1.491, 1.49, 1.49, 1.489, 1.488, 1.486, 1.485, 1.484, 1.482, 1.48, 1.479, 1.478, 1.477, 1.476, 1.476, 1.475, 1.474, 1.474, 1.475, 1.475, 1.475, 1.475, 1.474, 1.474, 1.473, 1.472, 1.472, 1.471, 1.47, 1.47, 1.47, 1.471, 1.472, 1.472, 1.473, 1.474, 1.474, 1.475, 1.476, 1.477, 1.478, 1.478, 1.479, 1.48, 1.481, 1.482, 1.482, 1.483, 1.484, 1.484, 1.484, 1.484, 1.483, 1.482, 1.481, 1.48, 1.48, 1.48, 1.479, 1.479, 1.478, 1.478, 1.477, 1.476, 1.476, 1.474, 1.473, 1.472, 1.471, 1.47, 1.468, 1.468, 1.468, 1.468, 1.468, 1.468, 1.468, 1.468, 1.468, 1.468, 1.468, 1.468, 1.47, 1.47, 1.47, 1.47, 1.47, 1.471, 1.472, 1.473, 1.474, 1.474, 1.474, 1.474, 1.473, 1.472, 1.472, 1.471, 1.47, 1.47, 1.469, 1.469, 1.469, 1.469, 1.469, 1.469, 1.469, 1.47, 0, 
1.536, 1.536, 1.536, 1.535, 1.533, 1.532, 1.528, 1.523, 1.522, 1.52, 1.519, 1.518, 1.519, 1.52, 1.522, 1.524, 1.526, 1.527, 1.533, 1.534, 1.535, 1.536, 1.537, 1.537, 1.537, 1.536, 1.535, 1.533, 1.532, 1.532, 1.528, 1.528, 1.528, 1.528, 1.532, 1.533, 1.533, 1.533, 1.533, 1.533, 1.532, 1.527, 1.526, 1.524, 1.523, 1.521, 1.52, 1.52, 1.52, 1.52, 1.521, 1.522, 1.524, 1.524, 1.526, 1.526, 1.527, 1.528, 1.531, 1.531, 1.532, 1.533, 1.533, 1.533, 1.533, 1.533, 1.533, 1.533, 1.528, 1.527, 1.524, 1.523, 1.52, 1.52, 1.52, 1.52, 1.52, 1.52, 1.52, 1.521, 1.522, 1.524, 1.525, 1.528, 1.528, 1.528, 1.531, 1.531, 1.531, 1.531, 1.531, 1.531, 1.531, 1.531, 1.531, 1.531, 1.531, 1.528, 1.527, 1.526, 1.525, 1.524, 1.523, 1.522, 1.521, 1.519, 1.518, 1.517, 1.517, 1.517, 1.517, 1.518, 1.518, 1.519, 1.52, 1.521, 1.521, 1.521, 1.521, 1.52, 1.52, 1.52, 1.52, 1.52, 1.521, 1.522, 1.523, 1.524, 1.525, 1.525, 1.526, 1.526, 1.526, 1.526, 1.525, 1.524, 1.522, 1.517, 1.517, 1.508, 1.493, 1.48, 1.468, 1.454, 1.442, 1.43, 1.419, 1.413, 1.408, 1.406, 1.406, 1.404, 1.404, 1.404, 1.402, 1.402, 1.402, 1.402, 1.402, 1.402, 1.402, 1.402, 1.402, 1.402, 1.402, 1.4, 1.4, 1.399, 1.399, 1.399, 1.399, 1.399, 1.399, 1.399, 1.4, 1.4, 1.4, 1.4, 1.4, 1.4, 1.4, 1.4, 1.4, 1.4, 1.4, 1.4, 1.4, 1.4, 1.4, 1.4, 1.4, 1.4, 1.399, 1.399, 1.399, 1.399, 1.399, 1.399, 1.399, 1.399, 1.4, 1.402, 1.402, 1.402, 1.402, 1.402, 1.402, 1.402, 1.4, 1.4, 1.399, 1.399, 1.399, 1.399, 1.399, 1.397, 1.397, 1.397, 1.397, 1.397, 1.397, 1.395, 1.395, 1.393, 1.393, 1.393, 1.393, 1.393, 1.393, 1.393, 1.395, 1.395, 1.395, 1.397, 1.395, 1.395, 1.395, 1.395, 1.395, 1.395, 1.395, 1.395, 1.395, 1.397, 1.397, 1.397, 1.397, 1.397, 1.395, 1.395, 1.395, 1.393, 1.393, 1.393, 1.395, 1.395, 1.395, 1.393, 1.393, 1.393, 1.393, 1.393, 1.391, 1.39, 1.39, 1.39, 1.39, 1.39, 1.39, 1.39, 1.391, 1.391, 1.391, 1.391, 1.393, 1.393, 1.393, 1.395, 1.395, 1.393, 1.393, 1.393, 1.393, 1.391, 1.39, 1.39, 1.39, 1.39, 1.39, 1.39, 1.388, 1.388, 1.388, 1.388, 1.388, 1.388, 1.388, 1.388, 1.388, 1.388, 1.388, 1.388, 1.388, 1.388, 1.388, 1.388, 1.388, 1.388, 1.388, 1.388, 1.39, 1.39, 1.39, 1.39, 1.39, 1.39, 1.39, 1.39, 1.39, 1.39, 1.39, 1.388, 1.388, 1.386, 1.386, 1.386, 1.386, 1.384, 1.384, 1.384, 1.384, 1.384, 1.384, 1.384, 1.384, 1.384, 1.384, 1.384, 1.384, 1.386, 1.39, 1.393, 1.4, 1.41, 1.421, 1.432, 1.444, 1.454, 1.466, 1.474, 1.482, 1.487, 1.488, 1.489, 1.489, 1.49, 1.49, 1.491, 1.491, 1.491, 1.492, 1.492, 1.492, 1.492, 1.492, 1.492, 1.492, 1.492, 1.492, 1.492, 1.492, 1.491, 1.491, 1.49, 1.489, 1.488, 1.486, 1.485, 1.484, 1.482, 1.48, 1.479, 1.478, 1.477, 1.476, 1.476, 1.475, 1.475, 1.475, 1.475, 1.476, 1.476, 1.475, 1.474, 1.474, 1.473, 1.472, 1.472, 1.471, 1.47, 1.47, 1.47, 1.471, 1.472, 1.472, 1.473, 1.474, 1.474, 1.475, 1.476, 1.476, 1.477, 1.478, 1.478, 1.479, 1.48, 1.481, 1.482, 1.482, 1.483, 1.483, 1.483, 1.483, 1.482, 1.482, 1.481, 1.48, 1.48, 1.48, 1.48, 1.48, 1.479, 1.479, 1.478, 1.477, 1.476, 1.475, 1.474, 1.472, 1.471, 1.47, 1.47, 1.468, 1.468, 1.468, 1.468, 1.468, 1.468, 1.468, 1.468, 1.468, 1.468, 1.468, 1.468, 1.468, 1.468, 1.47, 1.47, 1.471, 1.472, 1.472, 1.473, 1.474, 1.474, 1.473, 1.473, 1.472, 1.471, 1.47, 1.47, 1.47, 1.469, 1.468, 1.469, 1.469, 1.469, 1.469, 1.469, 1.47, 0, 
1.536, 1.536, 1.536, 1.535, 1.534, 1.531, 1.528, 1.523, 1.522, 1.52, 1.519, 1.518, 1.519, 1.52, 1.522, 1.524, 1.526, 1.527, 1.533, 1.535, 1.536, 1.537, 1.537, 1.538, 1.537, 1.537, 1.536, 1.533, 1.533, 1.532, 1.531, 1.528, 1.528, 1.531, 1.532, 1.533, 1.534, 1.534, 1.534, 1.534, 1.533, 1.532, 1.527, 1.524, 1.523, 1.522, 1.521, 1.52, 1.52, 1.52, 1.521, 1.522, 1.524, 1.524, 1.526, 1.526, 1.527, 1.528, 1.531, 1.532, 1.532, 1.533, 1.534, 1.534, 1.534, 1.534, 1.533, 1.533, 1.528, 1.528, 1.524, 1.524, 1.52, 1.52, 1.52, 1.519, 1.519, 1.519, 1.519, 1.52, 1.522, 1.523, 1.524, 1.527, 1.528, 1.528, 1.531, 1.531, 1.531, 1.531, 1.531, 1.531, 1.531, 1.531, 1.531, 1.531, 1.531, 1.531, 1.531, 1.527, 1.526, 1.525, 1.524, 1.523, 1.522, 1.521, 1.52, 1.519, 1.518, 1.518, 1.519, 1.519, 1.52, 1.52, 1.521, 1.522, 1.522, 1.522, 1.521, 1.521, 1.521, 1.521, 1.521, 1.521, 1.522, 1.523, 1.524, 1.524, 1.525, 1.526, 1.526, 1.527, 1.527, 1.526, 1.525, 1.524, 1.523, 1.518, 1.517, 1.509, 1.494, 1.482, 1.471, 1.456, 1.444, 1.43, 1.423, 1.413, 1.408, 1.406, 1.406, 1.404, 1.404, 1.404, 1.402, 1.402, 1.402, 1.402, 1.402, 1.402, 1.402, 1.402, 1.402, 1.402, 1.402, 1.4, 1.4, 1.399, 1.399, 1.399, 1.399, 1.399, 1.399, 1.399, 1.4, 1.4, 1.4, 1.402, 1.402, 1.402, 1.4, 1.4, 1.4, 1.4, 1.4, 1.4, 1.4, 1.4, 1.4, 1.4, 1.4, 1.4, 1.4, 1.399, 1.399, 1.399, 1.399, 1.399, 1.399, 1.4, 1.4, 1.402, 1.402, 1.402, 1.402, 1.402, 1.402, 1.402, 1.4, 1.4, 1.399, 1.399, 1.399, 1.399, 1.399, 1.397, 1.397, 1.397, 1.397, 1.397, 1.397, 1.395, 1.395, 1.395, 1.393, 1.393, 1.393, 1.393, 1.393, 1.395, 1.395, 1.395, 1.395, 1.397, 1.395, 1.395, 1.395, 1.395, 1.395, 1.395, 1.395, 1.395, 1.395, 1.397, 1.397, 1.397, 1.397, 1.397, 1.395, 1.395, 1.395, 1.395, 1.395, 1.395, 1.395, 1.395, 1.395, 1.393, 1.393, 1.393, 1.393, 1.391, 1.39, 1.39, 1.39, 1.39, 1.39, 1.39, 1.39, 1.39, 1.39, 1.391, 1.391, 1.391, 1.393, 1.393, 1.393, 1.393, 1.393, 1.393, 1.393, 1.393, 1.391, 1.391, 1.39, 1.39, 1.39, 1.39, 1.39, 1.39, 1.388, 1.388, 1.388, 1.388, 1.388, 1.388, 1.388, 1.388, 1.388, 1.388, 1.388, 1.388, 1.388, 1.388, 1.388, 1.388, 1.388, 1.39, 1.39, 1.39, 1.39, 1.39, 1.39, 1.39, 1.39, 1.39, 1.39, 1.39, 1.39, 1.39, 1.39, 1.388, 1.388, 1.388, 1.388, 1.386, 1.386, 1.386, 1.386, 1.386, 1.386, 1.386, 1.384, 1.384, 1.384, 1.384, 1.384, 1.384, 1.384, 1.386, 1.388, 1.393, 1.399, 1.41, 1.419, 1.43, 1.442, 1.454, 1.464, 1.474, 1.482, 1.487, 1.488, 1.489, 1.49, 1.49, 1.491, 1.491, 1.492, 1.492, 1.492, 1.492, 1.492, 1.492, 1.492, 1.492, 1.492, 1.492, 1.492, 1.492, 1.492, 1.492, 1.491, 1.49, 1.489, 1.488, 1.486, 1.485, 1.484, 1.482, 1.48, 1.479, 1.478, 1.477, 1.476, 1.476, 1.476, 1.476, 1.476, 1.476, 1.476, 1.476, 1.475, 1.475, 1.474, 1.474, 1.472, 1.472, 1.471, 1.47, 1.47, 1.47, 1.471, 1.472, 1.472, 1.472, 1.474, 1.474, 1.475, 1.475, 1.476, 1.477, 1.477, 1.478, 1.479, 1.479, 1.48, 1.481, 1.482, 1.482, 1.482, 1.482, 1.482, 1.482, 1.481, 1.481, 1.48, 1.48, 1.481, 1.481, 1.48, 1.48, 1.48, 1.479, 1.478, 1.477, 1.476, 1.474, 1.473, 1.471, 1.47, 1.47, 1.47, 1.468, 1.468, 1.468, 1.468, 1.468, 1.468, 1.468, 1.468, 1.468, 1.468, 1.468, 1.468, 1.468, 1.47, 1.47, 1.47, 1.471, 1.472, 1.473, 1.473, 1.473, 1.473, 1.472, 1.471, 1.471, 1.47, 1.47, 1.47, 1.468, 1.468, 1.468, 1.47, 1.47, 1.47, 1.47, 1.47, 0, 
1.536, 1.537, 1.537, 1.536, 1.535, 1.532, 1.528, 1.524, 1.522, 1.52, 1.519, 1.519, 1.519, 1.52, 1.522, 1.524, 1.525, 1.532, 1.533, 1.535, 1.536, 1.537, 1.537, 1.538, 1.537, 1.537, 1.537, 1.533, 1.533, 1.532, 1.532, 1.532, 1.532, 1.532, 1.533, 1.533, 1.534, 1.535, 1.536, 1.535, 1.534, 1.532, 1.527, 1.526, 1.524, 1.523, 1.522, 1.521, 1.521, 1.521, 1.522, 1.523, 1.524, 1.524, 1.526, 1.526, 1.527, 1.528, 1.531, 1.532, 1.533, 1.533, 1.534, 1.534, 1.535, 1.534, 1.533, 1.533, 1.532, 1.528, 1.524, 1.524, 1.52, 1.52, 1.519, 1.519, 1.518, 1.518, 1.518, 1.519, 1.521, 1.522, 1.524, 1.526, 1.527, 1.528, 1.528, 1.528, 1.531, 1.531, 1.531, 1.531, 1.531, 1.531, 1.531, 1.531, 1.531, 1.531, 1.531, 1.528, 1.527, 1.526, 1.525, 1.524, 1.523, 1.522, 1.521, 1.52, 1.52, 1.52, 1.52, 1.521, 1.522, 1.522, 1.522, 1.523, 1.523, 1.523, 1.522, 1.522, 1.522, 1.522, 1.522, 1.522, 1.523, 1.523, 1.524, 1.525, 1.526, 1.526, 1.527, 1.527, 1.527, 1.526, 1.526, 1.524, 1.524, 1.518, 1.517, 1.509, 1.495, 1.483, 1.472, 1.46, 1.446, 1.432, 1.423, 1.415, 1.41, 1.406, 1.406, 1.404, 1.404, 1.404, 1.404, 1.404, 1.402, 1.402, 1.402, 1.404, 1.404, 1.404, 1.404, 1.402, 1.402, 1.402, 1.4, 1.399, 1.399, 1.399, 1.399, 1.399, 1.399, 1.4, 1.4, 1.402, 1.402, 1.402, 1.402, 1.402, 1.4, 1.4, 1.4, 1.4, 1.4, 1.4, 1.4, 1.4, 1.4, 1.4, 1.4, 1.4, 1.4, 1.399, 1.399, 1.399, 1.399, 1.399, 1.4, 1.4, 1.4, 1.402, 1.402, 1.402, 1.402, 1.402, 1.402, 1.402, 1.4, 1.4, 1.399, 1.399, 1.399, 1.399, 1.399, 1.399, 1.399, 1.397, 1.397, 1.397, 1.397, 1.397, 1.395, 1.395, 1.395, 1.395, 1.395, 1.395, 1.395, 1.395, 1.395, 1.395, 1.395, 1.395, 1.395, 1.395, 1.397, 1.397, 1.397, 1.397, 1.397, 1.397, 1.397, 1.397, 1.397, 1.397, 1.397, 1.397, 1.397, 1.395, 1.395, 1.395, 1.395, 1.395, 1.395, 1.395, 1.395, 1.393, 1.393, 1.393, 1.391, 1.391, 1.39, 1.39, 1.39, 1.388, 1.388, 1.388, 1.388, 1.39, 1.39, 1.39, 1.391, 1.391, 1.391, 1.391, 1.393, 1.393, 1.393, 1.393, 1.393, 1.391, 1.391, 1.39, 1.39, 1.39, 1.39, 1.39, 1.39, 1.39, 1.39, 1.388, 1.388, 1.388, 1.388, 1.388, 1.388, 1.388, 1.388, 1.388, 1.388, 1.388, 1.388, 1.388, 1.388, 1.388, 1.39, 1.39, 1.39, 1.39, 1.39, 1.39, 1.39, 1.39, 1.39, 1.39, 1.39, 1.39, 1.39, 1.39, 1.39, 1.388, 1.388, 1.388, 1.388, 1.388, 1.388, 1.386, 1.386, 1.386, 1.386, 1.386, 1.384, 1.384, 1.384, 1.384, 1.384, 1.384, 1.384, 1.384, 1.388, 1.391, 1.399, 1.408, 1.419, 1.43, 1.442, 1.454, 1.464, 1.474, 1.482, 1.487, 1.488, 1.489, 1.49, 1.491, 1.491, 1.492, 1.492, 1.492, 1.492, 1.493, 1.493, 1.493, 1.492, 1.492, 1.492, 1.493, 1.493, 1.493, 1.493, 1.492, 1.491, 1.491, 1.49, 1.488, 1.486, 1.485, 1.484, 1.482, 1.481, 1.48, 1.478, 1.478, 1.477, 1.476, 1.476, 1.476, 1.476, 1.476, 1.476, 1.476, 1.476, 1.475, 1.474, 1.474, 1.472, 1.472, 1.471, 1.47, 1.47, 1.47, 1.471, 1.471, 1.472, 1.472, 1.474, 1.474, 1.474, 1.475, 1.476, 1.476, 1.477, 1.477, 1.478, 1.479, 1.479, 1.48, 1.481, 1.481, 1.482, 1.482, 1.482, 1.481, 1.481, 1.48, 1.48, 1.481, 1.481, 1.482, 1.481, 1.481, 1.48, 1.48, 1.479, 1.478, 1.477, 1.475, 1.474, 1.472, 1.471, 1.47, 1.47, 1.47, 1.47, 1.468, 1.468, 1.468, 1.47, 1.468, 1.468, 1.468, 1.468, 1.468, 1.468, 1.468, 1.468, 1.47, 1.47, 1.471, 1.472, 1.472, 1.472, 1.472, 1.472, 1.472, 1.471, 1.47, 1.47, 1.47, 1.468, 1.468, 1.468, 1.468, 1.47, 1.47, 1.47, 1.47, 1.471, 0, 
1.535, 1.537, 1.538, 1.537, 1.536, 1.532, 1.528, 1.526, 1.522, 1.52, 1.519, 1.519, 1.519, 1.52, 1.522, 1.524, 1.525, 1.532, 1.533, 1.535, 1.536, 1.537, 1.537, 1.537, 1.537, 1.537, 1.537, 1.534, 1.533, 1.533, 1.533, 1.533, 1.533, 1.533, 1.533, 1.534, 1.535, 1.536, 1.536, 1.536, 1.535, 1.533, 1.532, 1.527, 1.525, 1.524, 1.523, 1.522, 1.522, 1.522, 1.523, 1.523, 1.524, 1.525, 1.526, 1.526, 1.527, 1.528, 1.531, 1.532, 1.533, 1.533, 1.534, 1.534, 1.535, 1.534, 1.533, 1.533, 1.532, 1.528, 1.524, 1.524, 1.52, 1.52, 1.519, 1.518, 1.517, 1.517, 1.517, 1.518, 1.519, 1.52, 1.524, 1.525, 1.526, 1.527, 1.528, 1.528, 1.528, 1.528, 1.531, 1.531, 1.531, 1.531, 1.531, 1.531, 1.531, 1.531, 1.531, 1.531, 1.531, 1.527, 1.526, 1.525, 1.524, 1.523, 1.522, 1.522, 1.522, 1.522, 1.522, 1.522, 1.523, 1.523, 1.524, 1.524, 1.524, 1.524, 1.524, 1.523, 1.523, 1.523, 1.523, 1.524, 1.524, 1.524, 1.525, 1.526, 1.527, 1.527, 1.528, 1.528, 1.527, 1.526, 1.526, 1.525, 1.524, 1.519, 1.518, 1.509, 1.496, 1.484, 1.473, 1.46, 1.446, 1.434, 1.425, 1.415, 1.41, 1.406, 1.406, 1.404, 1.404, 1.404, 1.404, 1.404, 1.404, 1.404, 1.404, 1.404, 1.404, 1.404, 1.404, 1.402, 1.402, 1.402, 1.4, 1.399, 1.399, 1.399, 1.399, 1.399, 1.399, 1.4, 1.4, 1.402, 1.402, 1.402, 1.402, 1.402, 1.402, 1.402, 1.4, 1.4, 1.4, 1.4, 1.4, 1.4, 1.4, 1.4, 1.4, 1.4, 1.4, 1.4, 1.4, 1.4, 1.4, 1.4, 1.4, 1.4, 1.402, 1.402, 1.402, 1.402, 1.402, 1.402, 1.402, 1.402, 1.4, 1.4, 1.4, 1.399, 1.399, 1.399, 1.399, 1.399, 1.399, 1.399, 1.397, 1.397, 1.397, 1.397, 1.395, 1.395, 1.395, 1.395, 1.395, 1.395, 1.395, 1.395, 1.395, 1.395, 1.395, 1.395, 1.395, 1.395, 1.397, 1.397, 1.397, 1.397, 1.397, 1.397, 1.397, 1.397, 1.397, 1.397, 1.397, 1.397, 1.397, 1.397, 1.397, 1.395, 1.395, 1.397, 1.395, 1.395, 1.395, 1.393, 1.393, 1.393, 1.391, 1.39, 1.39, 1.39, 1.388, 1.388, 1.388, 1.388, 1.388, 1.39, 1.39, 1.39, 1.391, 1.391, 1.391, 1.391, 1.391, 1.393, 1.393, 1.391, 1.391, 1.391, 1.391, 1.39, 1.39, 1.39, 1.39, 1.39, 1.39, 1.39, 1.39, 1.39, 1.388, 1.388, 1.388, 1.388, 1.388, 1.388, 1.388, 1.388, 1.388, 1.388, 1.388, 1.388, 1.388, 1.388, 1.39, 1.39, 1.39, 1.39, 1.39, 1.39, 1.39, 1.39, 1.39, 1.39, 1.39, 1.39, 1.39, 1.39, 1.39, 1.39, 1.39, 1.39, 1.39, 1.388, 1.388, 1.388, 1.388, 1.386, 1.386, 1.386, 1.384, 1.384, 1.384, 1.382, 1.382, 1.382, 1.382, 1.384, 1.386, 1.391, 1.399, 1.408, 1.417, 1.43, 1.442, 1.454, 1.464, 1.474, 1.482, 1.487, 1.488, 1.489, 1.49, 1.491, 1.492, 1.492, 1.492, 1.492, 1.493, 1.493, 1.494, 1.493, 1.493, 1.493, 1.493, 1.493, 1.494, 1.494, 1.493, 1.493, 1.492, 1.491, 1.49, 1.488, 1.486, 1.485, 1.484, 1.482, 1.481, 1.48, 1.479, 1.478, 1.477, 1.477, 1.476, 1.476, 1.476, 1.476, 1.476, 1.476, 1.476, 1.475, 1.475, 1.474, 1.473, 1.472, 1.471, 1.47, 1.47, 1.47, 1.47, 1.471, 1.472, 1.472, 1.473, 1.474, 1.474, 1.475, 1.476, 1.476, 1.476, 1.477, 1.477, 1.478, 1.479, 1.48, 1.48, 1.481, 1.481, 1.481, 1.481, 1.48, 1.48, 1.48, 1.48, 1.481, 1.482, 1.482, 1.482, 1.481, 1.481, 1.48, 1.479, 1.478, 1.477, 1.476, 1.474, 1.472, 1.472, 1.471, 1.471, 1.47, 1.47, 1.47, 1.47, 1.47, 1.47, 1.47, 1.468, 1.468, 1.468, 1.468, 1.468, 1.468, 1.468, 1.47, 1.47, 1.47, 1.471, 1.472, 1.472, 1.472, 1.472, 1.471, 1.471, 1.47, 1.47, 1.468, 1.468, 1.468, 1.468, 1.468, 1.47, 1.47, 1.471, 1.471, 1.472, 0, 
1.535, 1.538, 1.538, 1.537, 1.537, 1.533, 1.527, 1.526, 1.524, 1.52, 1.52, 1.52, 1.52, 1.521, 1.522, 1.524, 1.525, 1.532, 1.533, 1.535, 1.536, 1.537, 1.537, 1.537, 1.537, 1.537, 1.536, 1.535, 1.534, 1.533, 1.533, 1.533, 1.533, 1.533, 1.534, 1.535, 1.536, 1.536, 1.537, 1.537, 1.536, 1.534, 1.533, 1.532, 1.526, 1.525, 1.524, 1.524, 1.524, 1.524, 1.524, 1.524, 1.525, 1.525, 1.526, 1.527, 1.528, 1.528, 1.531, 1.532, 1.532, 1.533, 1.533, 1.534, 1.535, 1.534, 1.533, 1.533, 1.532, 1.528, 1.524, 1.524, 1.52, 1.52, 1.519, 1.518, 1.517, 1.516, 1.517, 1.518, 1.519, 1.52, 1.522, 1.523, 1.525, 1.526, 1.527, 1.528, 1.528, 1.528, 1.528, 1.528, 1.531, 1.531, 1.531, 1.531, 1.531, 1.531, 1.531, 1.531, 1.531, 1.528, 1.527, 1.526, 1.525, 1.525, 1.524, 1.524, 1.524, 1.524, 1.524, 1.524, 1.524, 1.524, 1.524, 1.525, 1.524, 1.524, 1.524, 1.524, 1.524, 1.524, 1.524, 1.524, 1.525, 1.526, 1.526, 1.527, 1.528, 1.528, 1.528, 1.528, 1.528, 1.527, 1.526, 1.525, 1.525, 1.52, 1.518, 1.511, 1.5, 1.486, 1.474, 1.46, 1.448, 1.436, 1.425, 1.415, 1.41, 1.408, 1.406, 1.404, 1.404, 1.404, 1.404, 1.404, 1.404, 1.404, 1.404, 1.404, 1.404, 1.404, 1.404, 1.402, 1.402, 1.402, 1.4, 1.399, 1.399, 1.399, 1.399, 1.399, 1.399, 1.4, 1.402, 1.402, 1.402, 1.404, 1.404, 1.402, 1.402, 1.402, 1.402, 1.402, 1.4, 1.4, 1.4, 1.4, 1.4, 1.4, 1.4, 1.4, 1.4, 1.4, 1.4, 1.4, 1.4, 1.4, 1.402, 1.402, 1.402, 1.402, 1.402, 1.402, 1.402, 1.402, 1.402, 1.402, 1.4, 1.4, 1.4, 1.399, 1.399, 1.399, 1.399, 1.399, 1.399, 1.399, 1.397, 1.397, 1.397, 1.397, 1.397, 1.395, 1.395, 1.395, 1.395, 1.395, 1.395, 1.395, 1.395, 1.395, 1.395, 1.397, 1.397, 1.397, 1.397, 1.397, 1.397, 1.397, 1.397, 1.397, 1.397, 1.397, 1.397, 1.397, 1.397, 1.397, 1.397, 1.397, 1.397, 1.397, 1.397, 1.397, 1.397, 1.395, 1.393, 1.393, 1.393, 1.391, 1.391, 1.39, 1.39, 1.388, 1.388, 1.388, 1.388, 1.388, 1.388, 1.39, 1.39, 1.39, 1.39, 1.391, 1.391, 1.391, 1.391, 1.391, 1.391, 1.391, 1.391, 1.39, 1.39, 1.39, 1.39, 1.39, 1.39, 1.39, 1.39, 1.39, 1.39, 1.39, 1.39, 1.388, 1.388, 1.388, 1.386, 1.386, 1.386, 1.386, 1.388, 1.388, 1.388, 1.388, 1.388, 1.388, 1.39, 1.39, 1.39, 1.39, 1.39, 1.39, 1.39, 1.39, 1.39, 1.39, 1.39, 1.39, 1.39, 1.39, 1.39, 1.39, 1.39, 1.39, 1.39, 1.39, 1.39, 1.388, 1.388, 1.388, 1.386, 1.386, 1.384, 1.384, 1.384, 1.382, 1.382, 1.382, 1.382, 1.384, 1.386, 1.391, 1.397, 1.408, 1.417, 1.429, 1.44, 1.452, 1.464, 1.473, 1.482, 1.487, 1.488, 1.489, 1.49, 1.491, 1.492, 1.492, 1.492, 1.493, 1.493, 1.494, 1.494, 1.494, 1.494, 1.494, 1.494, 1.494, 1.494, 1.494, 1.494, 1.493, 1.492, 1.491, 1.49, 1.488, 1.486, 1.485, 1.484, 1.482, 1.481, 1.48, 1.479, 1.478, 1.478, 1.477, 1.476, 1.476, 1.476, 1.477, 1.477, 1.477, 1.477, 1.476, 1.475, 1.474, 1.473, 1.472, 1.471, 1.471, 1.47, 1.47, 1.47, 1.471, 1.472, 1.472, 1.473, 1.474, 1.474, 1.474, 1.475, 1.476, 1.476, 1.476, 1.477, 1.477, 1.478, 1.479, 1.48, 1.48, 1.48, 1.48, 1.48, 1.48, 1.48, 1.48, 1.48, 1.481, 1.481, 1.482, 1.482, 1.482, 1.481, 1.481, 1.48, 1.479, 1.477, 1.476, 1.474, 1.473, 1.472, 1.472, 1.472, 1.471, 1.471, 1.471, 1.471, 1.471, 1.47, 1.47, 1.468, 1.468, 1.468, 1.468, 1.468, 1.468, 1.469, 1.47, 1.47, 1.47, 1.471, 1.471, 1.472, 1.472, 1.471, 1.471, 1.47, 1.47, 1.468, 1.468, 1.468, 1.468, 1.468, 1.468, 1.47, 1.471, 1.471, 1.472, 1.473, 0, 
1.535, 1.537, 1.538, 1.537, 1.537, 1.533, 1.532, 1.526, 1.524, 1.521, 1.52, 1.52, 1.52, 1.521, 1.522, 1.523, 1.526, 1.532, 1.533, 1.535, 1.536, 1.536, 1.537, 1.537, 1.536, 1.536, 1.535, 1.535, 1.534, 1.533, 1.533, 1.533, 1.533, 1.534, 1.534, 1.535, 1.536, 1.537, 1.537, 1.537, 1.536, 1.535, 1.534, 1.532, 1.531, 1.527, 1.526, 1.526, 1.525, 1.525, 1.524, 1.524, 1.526, 1.526, 1.527, 1.527, 1.528, 1.528, 1.531, 1.531, 1.532, 1.533, 1.533, 1.534, 1.535, 1.534, 1.533, 1.533, 1.532, 1.528, 1.525, 1.525, 1.52, 1.52, 1.52, 1.517, 1.516, 1.516, 1.516, 1.517, 1.518, 1.519, 1.521, 1.522, 1.523, 1.525, 1.526, 1.527, 1.527, 1.528, 1.528, 1.528, 1.528, 1.531, 1.531, 1.531, 1.532, 1.532, 1.532, 1.531, 1.531, 1.531, 1.528, 1.527, 1.526, 1.526, 1.525, 1.525, 1.525, 1.525, 1.525, 1.525, 1.526, 1.526, 1.526, 1.526, 1.526, 1.525, 1.525, 1.525, 1.525, 1.525, 1.525, 1.525, 1.526, 1.526, 1.527, 1.528, 1.528, 1.528, 1.528, 1.528, 1.528, 1.527, 1.526, 1.526, 1.525, 1.522, 1.518, 1.511, 1.501, 1.487, 1.475, 1.462, 1.45, 1.436, 1.427, 1.417, 1.41, 1.408, 1.406, 1.406, 1.406, 1.404, 1.404, 1.404, 1.404, 1.404, 1.404, 1.404, 1.404, 1.404, 1.404, 1.402, 1.402, 1.402, 1.4, 1.399, 1.399, 1.399, 1.399, 1.399, 1.399, 1.4, 1.402, 1.402, 1.404, 1.404, 1.404, 1.404, 1.402, 1.402, 1.402, 1.402, 1.4, 1.4, 1.4, 1.4, 1.4, 1.4, 1.4, 1.4, 1.4, 1.4, 1.4, 1.4, 1.402, 1.402, 1.402, 1.402, 1.402, 1.402, 1.402, 1.402, 1.402, 1.402, 1.402, 1.402, 1.4, 1.4, 1.4, 1.399, 1.399, 1.399, 1.399, 1.399, 1.399, 1.399, 1.399, 1.397, 1.397, 1.397, 1.397, 1.397, 1.397, 1.397, 1.397, 1.397, 1.397, 1.397, 1.397, 1.397, 1.397, 1.397, 1.397, 1.397, 1.397, 1.397, 1.397, 1.397, 1.397, 1.397, 1.397, 1.399, 1.399, 1.399, 1.397, 1.397, 1.397, 1.397, 1.397, 1.397, 1.397, 1.397, 1.397, 1.395, 1.393, 1.393, 1.393, 1.391, 1.39, 1.39, 1.39, 1.388, 1.388, 1.388, 1.388, 1.388, 1.388, 1.39, 1.39, 1.39, 1.39, 1.39, 1.391, 1.391, 1.391, 1.391, 1.391, 1.39, 1.39, 1.39, 1.39, 1.39, 1.39, 1.39, 1.39, 1.39, 1.39, 1.39, 1.39, 1.39, 1.39, 1.388, 1.388, 1.388, 1.386, 1.386, 1.386, 1.386, 1.386, 1.386, 1.388, 1.388, 1.388, 1.388, 1.388, 1.39, 1.39, 1.39, 1.39, 1.39, 1.39, 1.39, 1.39, 1.39, 1.39, 1.39, 1.39, 1.39, 1.39, 1.39, 1.39, 1.39, 1.39, 1.39, 1.39, 1.39, 1.39, 1.388, 1.386, 1.386, 1.384, 1.384, 1.384, 1.382, 1.382, 1.382, 1.382, 1.384, 1.386, 1.391, 1.397, 1.408, 1.417, 1.429, 1.44, 1.452, 1.462, 1.473, 1.481, 1.487, 1.488, 1.49, 1.49, 1.491, 1.492, 1.492, 1.493, 1.493, 1.494, 1.494, 1.494, 1.494, 1.494, 1.494, 1.494, 1.494, 1.494, 1.494, 1.494, 1.493, 1.492, 1.491, 1.49, 1.488, 1.486, 1.485, 1.484, 1.482, 1.481, 1.48, 1.479, 1.478, 1.478, 1.477, 1.477, 1.476, 1.477, 1.477, 1.478, 1.478, 1.477, 1.477, 1.476, 1.475, 1.474, 1.473, 1.472, 1.471, 1.47, 1.47, 1.47, 1.471, 1.472, 1.472, 1.473, 1.474, 1.474, 1.474, 1.475, 1.475, 1.476, 1.476, 1.476, 1.477, 1.478, 1.478, 1.479, 1.479, 1.48, 1.48, 1.48, 1.48, 1.48, 1.48, 1.48, 1.48, 1.481, 1.481, 1.482, 1.482, 1.482, 1.481, 1.48, 1.479, 1.478, 1.476, 1.475, 1.474, 1.473, 1.473, 1.472, 1.472, 1.472, 1.472, 1.472, 1.472, 1.471, 1.471, 1.47, 1.47, 1.47, 1.468, 1.468, 1.468, 1.469, 1.47, 1.47, 1.47, 1.47, 1.471, 1.471, 1.471, 1.471, 1.47, 1.47, 1.468, 1.468, 1.468, 1.468, 1.468, 1.469, 1.47, 1.47, 1.471, 1.472, 1.472, 1.473, 0, 
1.535, 1.537, 1.537, 1.537, 1.537, 1.533, 1.532, 1.526, 1.523, 1.522, 1.521, 1.52, 1.521, 1.521, 1.522, 1.523, 1.527, 1.532, 1.533, 1.534, 1.535, 1.535, 1.536, 1.536, 1.536, 1.535, 1.535, 1.534, 1.534, 1.533, 1.533, 1.533, 1.534, 1.534, 1.535, 1.536, 1.537, 1.537, 1.537, 1.538, 1.537, 1.536, 1.535, 1.533, 1.532, 1.532, 1.532, 1.527, 1.526, 1.526, 1.527, 1.528, 1.527, 1.527, 1.527, 1.528, 1.528, 1.528, 1.528, 1.531, 1.532, 1.532, 1.533, 1.534, 1.534, 1.534, 1.533, 1.533, 1.532, 1.527, 1.526, 1.525, 1.52, 1.52, 1.52, 1.516, 1.516, 1.516, 1.516, 1.516, 1.517, 1.518, 1.519, 1.521, 1.522, 1.523, 1.524, 1.526, 1.526, 1.527, 1.527, 1.528, 1.528, 1.531, 1.531, 1.531, 1.532, 1.532, 1.532, 1.532, 1.531, 1.531, 1.528, 1.528, 1.527, 1.527, 1.526, 1.526, 1.526, 1.526, 1.526, 1.526, 1.527, 1.527, 1.527, 1.527, 1.527, 1.526, 1.526, 1.526, 1.526, 1.526, 1.526, 1.527, 1.527, 1.527, 1.528, 1.528, 1.528, 1.528, 1.528, 1.528, 1.528, 1.528, 1.527, 1.526, 1.524, 1.523, 1.519, 1.511, 1.501, 1.488, 1.476, 1.462, 1.45, 1.438, 1.429, 1.417, 1.412, 1.408, 1.408, 1.406, 1.406, 1.404, 1.404, 1.404, 1.404, 1.404, 1.404, 1.404, 1.404, 1.404, 1.404, 1.402, 1.402, 1.4, 1.4, 1.399, 1.399, 1.399, 1.399, 1.399, 1.4, 1.4, 1.402, 1.402, 1.404, 1.404, 1.404, 1.404, 1.404, 1.402, 1.402, 1.402, 1.402, 1.402, 1.4, 1.4, 1.402, 1.402, 1.402, 1.402, 1.402, 1.402, 1.402, 1.402, 1.402, 1.402, 1.402, 1.402, 1.402, 1.402, 1.402, 1.402, 1.402, 1.402, 1.402, 1.4, 1.4, 1.4, 1.4, 1.4, 1.4, 1.4, 1.399, 1.399, 1.399, 1.399, 1.399, 1.399, 1.399, 1.397, 1.397, 1.397, 1.397, 1.397, 1.397, 1.397, 1.397, 1.397, 1.397, 1.397, 1.397, 1.397, 1.397, 1.397, 1.397, 1.397, 1.397, 1.397, 1.397, 1.399, 1.399, 1.399, 1.399, 1.399, 1.399, 1.399, 1.399, 1.397, 1.397, 1.397, 1.397, 1.397, 1.397, 1.395, 1.393, 1.393, 1.393, 1.391, 1.39, 1.39, 1.39, 1.388, 1.388, 1.388, 1.388, 1.388, 1.388, 1.39, 1.39, 1.39, 1.39, 1.39, 1.39, 1.39, 1.39, 1.39, 1.39, 1.39, 1.39, 1.388, 1.388, 1.388, 1.388, 1.388, 1.388, 1.39, 1.39, 1.39, 1.39, 1.39, 1.388, 1.388, 1.388, 1.386, 1.386, 1.386, 1.386, 1.386, 1.386, 1.386, 1.386, 1.388, 1.388, 1.388, 1.388, 1.388, 1.39, 1.39, 1.39, 1.39, 1.39, 1.39, 1.39, 1.39, 1.39, 1.39, 1.39, 1.39, 1.39, 1.39, 1.39, 1.39, 1.39, 1.39, 1.39, 1.388, 1.388, 1.388, 1.386, 1.386, 1.384, 1.384, 1.384, 1.382, 1.382, 1.382, 1.382, 1.384, 1.386, 1.391, 1.397, 1.408, 1.417, 1.429, 1.44, 1.452, 1.462, 1.472, 1.481, 1.487, 1.488, 1.49, 1.491, 1.492, 1.492, 1.493, 1.493, 1.494, 1.494, 1.494, 1.494, 1.494, 1.494, 1.494, 1.494, 1.494, 1.494, 1.494, 1.494, 1.493, 1.492, 1.491, 1.49, 1.488, 1.486, 1.485, 1.484, 1.482, 1.481, 1.48, 1.479, 1.478, 1.478, 1.478, 1.477, 1.477, 1.477, 1.478, 1.478, 1.478, 1.478, 1.478, 1.477, 1.476, 1.475, 1.473, 1.472, 1.472, 1.471, 1.47, 1.471, 1.471, 1.472, 1.472, 1.473, 1.474, 1.474, 1.474, 1.474, 1.475, 1.475, 1.476, 1.476, 1.476, 1.477, 1.478, 1.478, 1.479, 1.479, 1.48, 1.479, 1.479, 1.479, 1.479, 1.479, 1.479, 1.48, 1.48, 1.481, 1.481, 1.481, 1.481, 1.48, 1.479, 1.478, 1.476, 1.475, 1.475, 1.474, 1.474, 1.474, 1.473, 1.473, 1.472, 1.472, 1.472, 1.472, 1.471, 1.471, 1.47, 1.47, 1.47, 1.47, 1.47, 1.47, 1.47, 1.47, 1.47, 1.47, 1.47, 1.47, 1.47, 1.47, 1.47, 1.47, 1.468, 1.468, 1.468, 1.468, 1.469, 1.469, 1.47, 1.471, 1.471, 1.472, 1.472, 1.473, 0, 
1.535, 1.536, 1.537, 1.537, 1.537, 1.533, 1.531, 1.527, 1.524, 1.523, 1.521, 1.521, 1.521, 1.522, 1.522, 1.523, 1.526, 1.532, 1.533, 1.533, 1.534, 1.535, 1.535, 1.535, 1.535, 1.535, 1.534, 1.534, 1.533, 1.533, 1.533, 1.534, 1.534, 1.535, 1.535, 1.536, 1.537, 1.537, 1.538, 1.538, 1.538, 1.537, 1.537, 1.535, 1.535, 1.534, 1.533, 1.532, 1.532, 1.527, 1.528, 1.528, 1.528, 1.528, 1.528, 1.528, 1.528, 1.528, 1.528, 1.528, 1.531, 1.532, 1.533, 1.533, 1.534, 1.534, 1.533, 1.533, 1.532, 1.527, 1.526, 1.525, 1.52, 1.52, 1.52, 1.516, 1.516, 1.516, 1.516, 1.516, 1.516, 1.517, 1.518, 1.519, 1.521, 1.522, 1.523, 1.524, 1.525, 1.526, 1.526, 1.527, 1.528, 1.528, 1.531, 1.531, 1.532, 1.532, 1.532, 1.532, 1.531, 1.531, 1.531, 1.528, 1.528, 1.528, 1.527, 1.527, 1.527, 1.527, 1.527, 1.527, 1.528, 1.528, 1.528, 1.528, 1.527, 1.527, 1.527, 1.527, 1.527, 1.527, 1.527, 1.527, 1.528, 1.528, 1.528, 1.528, 1.528, 1.528, 1.528, 1.528, 1.527, 1.527, 1.527, 1.526, 1.525, 1.524, 1.52, 1.512, 1.501, 1.489, 1.476, 1.464, 1.45, 1.438, 1.429, 1.417, 1.412, 1.408, 1.408, 1.406, 1.406, 1.404, 1.404, 1.404, 1.404, 1.404, 1.404, 1.404, 1.404, 1.404, 1.404, 1.402, 1.402, 1.4, 1.4, 1.399, 1.399, 1.399, 1.399, 1.4, 1.4, 1.402, 1.402, 1.404, 1.404, 1.404, 1.404, 1.404, 1.404, 1.404, 1.402, 1.402, 1.402, 1.402, 1.402, 1.402, 1.402, 1.402, 1.402, 1.402, 1.402, 1.402, 1.402, 1.402, 1.402, 1.402, 1.402, 1.402, 1.402, 1.402, 1.402, 1.402, 1.4, 1.4, 1.4, 1.4, 1.4, 1.4, 1.4, 1.4, 1.4, 1.4, 1.4, 1.399, 1.399, 1.399, 1.399, 1.399, 1.399, 1.399, 1.399, 1.399, 1.399, 1.399, 1.397, 1.397, 1.397, 1.397, 1.397, 1.397, 1.397, 1.397, 1.397, 1.397, 1.397, 1.397, 1.397, 1.397, 1.397, 1.399, 1.399, 1.399, 1.399, 1.399, 1.399, 1.399, 1.399, 1.399, 1.397, 1.397, 1.397, 1.397, 1.397, 1.395, 1.393, 1.393, 1.393, 1.391, 1.39, 1.39, 1.388, 1.388, 1.388, 1.388, 1.388, 1.388, 1.388, 1.388, 1.388, 1.39, 1.39, 1.39, 1.39, 1.39, 1.39, 1.39, 1.388, 1.388, 1.388, 1.388, 1.388, 1.388, 1.388, 1.388, 1.388, 1.388, 1.388, 1.388, 1.388, 1.388, 1.388, 1.388, 1.386, 1.386, 1.386, 1.386, 1.386, 1.386, 1.386, 1.386, 1.386, 1.386, 1.388, 1.388, 1.388, 1.388, 1.39, 1.39, 1.39, 1.39, 1.39, 1.39, 1.39, 1.39, 1.39, 1.39, 1.39, 1.39, 1.39, 1.39, 1.39, 1.39, 1.39, 1.39, 1.388, 1.388, 1.388, 1.386, 1.386, 1.386, 1.384, 1.384, 1.384, 1.382, 1.382, 1.382, 1.384, 1.386, 1.388, 1.391, 1.399, 1.408, 1.417, 1.429, 1.44, 1.452, 1.462, 1.472, 1.48, 1.486, 1.489, 1.49, 1.491, 1.492, 1.492, 1.493, 1.494, 1.494, 1.494, 1.494, 1.494, 1.494, 1.494, 1.494, 1.494, 1.494, 1.494, 1.494, 1.494, 1.493, 1.492, 1.491, 1.49, 1.488, 1.486, 1.485, 1.484, 1.482, 1.481, 1.48, 1.479, 1.479, 1.478, 1.478, 1.478, 1.478, 1.478, 1.478, 1.478, 1.478, 1.478, 1.478, 1.478, 1.477, 1.475, 1.474, 1.473, 1.472, 1.471, 1.471, 1.471, 1.472, 1.472, 1.473, 1.473, 1.474, 1.474, 1.474, 1.474, 1.474, 1.475, 1.475, 1.475, 1.476, 1.477, 1.477, 1.478, 1.478, 1.479, 1.479, 1.479, 1.478, 1.478, 1.478, 1.478, 1.478, 1.479, 1.479, 1.48, 1.48, 1.48, 1.48, 1.479, 1.479, 1.478, 1.477, 1.476, 1.476, 1.475, 1.475, 1.474, 1.474, 1.474, 1.474, 1.473, 1.473, 1.472, 1.472, 1.471, 1.471, 1.47, 1.47, 1.47, 1.47, 1.47, 1.47, 1.47, 1.47, 1.47, 1.47, 1.47, 1.47, 1.47, 1.47, 1.468, 1.468, 1.468, 1.468, 1.469, 1.47, 1.47, 1.47, 1.471, 1.472, 1.472, 1.473, 1.474, 0, 
1.534, 1.535, 1.536, 1.537, 1.537, 1.535, 1.532, 1.528, 1.525, 1.524, 1.522, 1.521, 1.521, 1.522, 1.523, 1.524, 1.525, 1.532, 1.532, 1.533, 1.533, 1.533, 1.534, 1.533, 1.533, 1.533, 1.533, 1.533, 1.533, 1.533, 1.533, 1.534, 1.535, 1.535, 1.535, 1.536, 1.537, 1.537, 1.538, 1.539, 1.539, 1.538, 1.538, 1.537, 1.535, 1.535, 1.535, 1.534, 1.533, 1.532, 1.531, 1.531, 1.528, 1.528, 1.527, 1.527, 1.527, 1.527, 1.527, 1.528, 1.528, 1.532, 1.532, 1.533, 1.533, 1.534, 1.533, 1.532, 1.532, 1.527, 1.526, 1.525, 1.52, 1.52, 1.519, 1.516, 1.516, 1.513, 1.513, 1.513, 1.513, 1.517, 1.517, 1.518, 1.519, 1.521, 1.522, 1.523, 1.524, 1.525, 1.526, 1.526, 1.527, 1.528, 1.531, 1.531, 1.532, 1.532, 1.532, 1.532, 1.531, 1.531, 1.531, 1.531, 1.528, 1.528, 1.528, 1.528, 1.528, 1.528, 1.528, 1.528, 1.528, 1.528, 1.528, 1.528, 1.528, 1.528, 1.528, 1.528, 1.528, 1.528, 1.528, 1.528, 1.528, 1.531, 1.531, 1.531, 1.528, 1.528, 1.528, 1.527, 1.527, 1.526, 1.526, 1.526, 1.525, 1.524, 1.52, 1.513, 1.502, 1.49, 1.477, 1.464, 1.452, 1.438, 1.429, 1.417, 1.412, 1.408, 1.408, 1.406, 1.406, 1.404, 1.404, 1.404, 1.404, 1.404, 1.404, 1.404, 1.404, 1.404, 1.404, 1.402, 1.402, 1.4, 1.4, 1.4, 1.4, 1.4, 1.4, 1.4, 1.4, 1.402, 1.404, 1.404, 1.404, 1.404, 1.404, 1.404, 1.404, 1.404, 1.402, 1.402, 1.402, 1.402, 1.402, 1.402, 1.4, 1.4, 1.4, 1.4, 1.402, 1.402, 1.402, 1.402, 1.402, 1.402, 1.4, 1.4, 1.4, 1.4, 1.4, 1.4, 1.4, 1.4, 1.4, 1.4, 1.4, 1.4, 1.4, 1.4, 1.4, 1.4, 1.4, 1.4, 1.399, 1.399, 1.399, 1.399, 1.399, 1.399, 1.399, 1.399, 1.399, 1.399, 1.399, 1.399, 1.399, 1.397, 1.397, 1.397, 1.397, 1.397, 1.397, 1.397, 1.397, 1.397, 1.397, 1.397, 1.397, 1.399, 1.399, 1.399, 1.399, 1.399, 1.399, 1.399, 1.399, 1.399, 1.397, 1.397, 1.397, 1.397, 1.397, 1.395, 1.393, 1.393, 1.391, 1.391, 1.39, 1.39, 1.388, 1.388, 1.388, 1.388, 1.388, 1.388, 1.388, 1.388, 1.388, 1.388, 1.388, 1.388, 1.388, 1.388, 1.388, 1.388, 1.388, 1.388, 1.388, 1.388, 1.388, 1.388, 1.388, 1.388, 1.388, 1.388, 1.388, 1.388, 1.388, 1.388, 1.388, 1.388, 1.386, 1.386, 1.386, 1.386, 1.386, 1.386, 1.386, 1.386, 1.386, 1.386, 1.388, 1.388, 1.388, 1.388, 1.388, 1.388, 1.388, 1.388, 1.388, 1.388, 1.388, 1.39, 1.39, 1.39, 1.39, 1.39, 1.39, 1.388, 1.388, 1.388, 1.388, 1.388, 1.388, 1.388, 1.386, 1.386, 1.386, 1.386, 1.384, 1.384, 1.384, 1.384, 1.384, 1.384, 1.384, 1.386, 1.388, 1.391, 1.399, 1.408, 1.417, 1.429, 1.44, 1.452, 1.462, 1.472, 1.48, 1.486, 1.489, 1.49, 1.491, 1.492, 1.493, 1.493, 1.494, 1.494, 1.494, 1.494, 1.494, 1.494, 1.494, 1.494, 1.494, 1.494, 1.494, 1.494, 1.494, 1.493, 1.492, 1.491, 1.49, 1.488, 1.486, 1.485, 1.484, 1.482, 1.481, 1.48, 1.48, 1.479, 1.479, 1.478, 1.478, 1.478, 1.478, 1.479, 1.479, 1.479, 1.479, 1.479, 1.478, 1.477, 1.476, 1.475, 1.474, 1.473, 1.472, 1.471, 1.471, 1.472, 1.472, 1.473, 1.474, 1.474, 1.474, 1.474, 1.474, 1.474, 1.474, 1.474, 1.475, 1.475, 1.476, 1.476, 1.477, 1.478, 1.478, 1.478, 1.478, 1.478, 1.478, 1.478, 1.478, 1.478, 1.478, 1.479, 1.479, 1.479, 1.479, 1.479, 1.479, 1.478, 1.478, 1.477, 1.477, 1.476, 1.476, 1.476, 1.476, 1.475, 1.475, 1.474, 1.474, 1.474, 1.473, 1.472, 1.472, 1.471, 1.471, 1.47, 1.47, 1.47, 1.47, 1.47, 1.47, 1.47, 1.47, 1.47, 1.47, 1.47, 1.47, 1.468, 1.468, 1.468, 1.468, 1.468, 1.469, 1.47, 1.47, 1.471, 1.472, 1.473, 1.473, 1.474, 1.474, 0, 
1.533, 1.535, 1.536, 1.536, 1.536, 1.535, 1.533, 1.527, 1.526, 1.525, 1.524, 1.523, 1.522, 1.523, 1.523, 1.524, 1.527, 1.528, 1.532, 1.533, 1.533, 1.533, 1.533, 1.533, 1.533, 1.533, 1.533, 1.533, 1.533, 1.533, 1.533, 1.534, 1.534, 1.535, 1.535, 1.536, 1.537, 1.537, 1.538, 1.538, 1.539, 1.539, 1.539, 1.538, 1.538, 1.537, 1.536, 1.535, 1.534, 1.533, 1.532, 1.531, 1.528, 1.527, 1.526, 1.526, 1.526, 1.526, 1.526, 1.527, 1.527, 1.528, 1.532, 1.532, 1.532, 1.533, 1.532, 1.532, 1.531, 1.528, 1.525, 1.525, 1.52, 1.519, 1.518, 1.517, 1.516, 1.513, 1.513, 1.513, 1.513, 1.513, 1.516, 1.517, 1.518, 1.519, 1.521, 1.522, 1.523, 1.524, 1.525, 1.526, 1.527, 1.527, 1.528, 1.531, 1.531, 1.532, 1.532, 1.532, 1.531, 1.531, 1.531, 1.531, 1.528, 1.528, 1.528, 1.528, 1.528, 1.528, 1.528, 1.528, 1.528, 1.528, 1.528, 1.528, 1.528, 1.528, 1.528, 1.528, 1.528, 1.528, 1.528, 1.531, 1.531, 1.531, 1.531, 1.531, 1.528, 1.528, 1.528, 1.527, 1.526, 1.526, 1.526, 1.526, 1.525, 1.524, 1.52, 1.513, 1.503, 1.49, 1.477, 1.464, 1.452, 1.438, 1.429, 1.419, 1.412, 1.41, 1.408, 1.406, 1.406, 1.404, 1.404, 1.404, 1.404, 1.404, 1.404, 1.404, 1.404, 1.404, 1.404, 1.404, 1.402, 1.402, 1.402, 1.4, 1.4, 1.4, 1.402, 1.402, 1.402, 1.402, 1.404, 1.404, 1.404, 1.404, 1.404, 1.404, 1.404, 1.404, 1.404, 1.402, 1.402, 1.402, 1.402, 1.402, 1.4, 1.4, 1.4, 1.4, 1.4, 1.4, 1.4, 1.4, 1.4, 1.4, 1.4, 1.4, 1.4, 1.4, 1.4, 1.4, 1.4, 1.4, 1.4, 1.4, 1.4, 1.4, 1.4, 1.4, 1.4, 1.4, 1.4, 1.4, 1.399, 1.399, 1.399, 1.399, 1.399, 1.399, 1.399, 1.399, 1.399, 1.399, 1.399, 1.399, 1.399, 1.399, 1.399, 1.399, 1.399, 1.399, 1.397, 1.397, 1.397, 1.397, 1.397, 1.397, 1.399, 1.399, 1.399, 1.399, 1.399, 1.399, 1.399, 1.399, 1.399, 1.399, 1.397, 1.397, 1.397, 1.397, 1.397, 1.395, 1.393, 1.393, 1.391, 1.391, 1.39, 1.39, 1.388, 1.388, 1.388, 1.388, 1.388, 1.388, 1.388, 1.388, 1.388, 1.388, 1.388, 1.388, 1.388, 1.388, 1.388, 1.388, 1.388, 1.388, 1.388, 1.388, 1.388, 1.388, 1.388, 1.388, 1.388, 1.388, 1.388, 1.388, 1.388, 1.388, 1.388, 1.386, 1.386, 1.386, 1.386, 1.386, 1.386, 1.386, 1.386, 1.386, 1.386, 1.386, 1.388, 1.388, 1.388, 1.388, 1.388, 1.388, 1.388, 1.388, 1.388, 1.388, 1.388, 1.388, 1.388, 1.388, 1.39, 1.388, 1.388, 1.388, 1.388, 1.388, 1.388, 1.388, 1.386, 1.386, 1.386, 1.386, 1.386, 1.384, 1.384, 1.384, 1.384, 1.384, 1.384, 1.384, 1.386, 1.386, 1.39, 1.393, 1.4, 1.408, 1.417, 1.429, 1.44, 1.452, 1.462, 1.472, 1.479, 1.485, 1.489, 1.49, 1.492, 1.492, 1.493, 1.494, 1.494, 1.494, 1.494, 1.494, 1.494, 1.494, 1.494, 1.494, 1.494, 1.494, 1.494, 1.494, 1.494, 1.493, 1.492, 1.491, 1.489, 1.488, 1.486, 1.484, 1.483, 1.482, 1.481, 1.48, 1.48, 1.48, 1.479, 1.479, 1.478, 1.478, 1.479, 1.479, 1.48, 1.48, 1.48, 1.48, 1.479, 1.478, 1.477, 1.476, 1.474, 1.473, 1.472, 1.472, 1.472, 1.472, 1.472, 1.473, 1.474, 1.474, 1.474, 1.474, 1.474, 1.474, 1.474, 1.474, 1.474, 1.475, 1.476, 1.476, 1.476, 1.477, 1.478, 1.478, 1.478, 1.477, 1.477, 1.477, 1.477, 1.477, 1.477, 1.478, 1.478, 1.478, 1.478, 1.478, 1.478, 1.478, 1.478, 1.478, 1.477, 1.477, 1.477, 1.477, 1.476, 1.476, 1.476, 1.476, 1.475, 1.474, 1.473, 1.473, 1.472, 1.472, 1.471, 1.471, 1.47, 1.47, 1.47, 1.47, 1.47, 1.47, 1.47, 1.47, 1.469, 1.468, 1.468, 1.468, 1.468, 1.468, 1.468, 1.468, 1.469, 1.47, 1.47, 1.471, 1.472, 1.473, 1.474, 1.474, 1.474, 0, 
1.532, 1.534, 1.535, 1.536, 1.536, 1.535, 1.534, 1.531, 1.526, 1.525, 1.525, 1.524, 1.524, 1.524, 1.524, 1.524, 1.528, 1.528, 1.532, 1.532, 1.532, 1.532, 1.532, 1.532, 1.532, 1.532, 1.532, 1.533, 1.533, 1.533, 1.533, 1.533, 1.533, 1.534, 1.535, 1.535, 1.536, 1.537, 1.537, 1.538, 1.539, 1.539, 1.539, 1.539, 1.539, 1.538, 1.538, 1.537, 1.535, 1.534, 1.533, 1.532, 1.527, 1.527, 1.526, 1.525, 1.525, 1.525, 1.525, 1.526, 1.526, 1.527, 1.528, 1.531, 1.531, 1.532, 1.531, 1.531, 1.528, 1.528, 1.524, 1.524, 1.52, 1.519, 1.518, 1.517, 1.516, 1.512, 1.512, 1.512, 1.512, 1.512, 1.516, 1.516, 1.517, 1.518, 1.52, 1.521, 1.522, 1.523, 1.524, 1.525, 1.526, 1.527, 1.528, 1.531, 1.531, 1.531, 1.531, 1.531, 1.531, 1.531, 1.531, 1.528, 1.528, 1.528, 1.528, 1.528, 1.528, 1.528, 1.528, 1.528, 1.528, 1.528, 1.528, 1.528, 1.528, 1.528, 1.528, 1.528, 1.528, 1.528, 1.531, 1.531, 1.531, 1.531, 1.531, 1.531, 1.528, 1.528, 1.527, 1.527, 1.526, 1.526, 1.526, 1.525, 1.525, 1.524, 1.52, 1.513, 1.503, 1.49, 1.478, 1.464, 1.452, 1.44, 1.429, 1.419, 1.413, 1.41, 1.408, 1.406, 1.406, 1.404, 1.404, 1.404, 1.404, 1.404, 1.404, 1.404, 1.404, 1.404, 1.404, 1.404, 1.404, 1.402, 1.402, 1.402, 1.402, 1.402, 1.402, 1.402, 1.402, 1.404, 1.404, 1.404, 1.404, 1.404, 1.404, 1.404, 1.404, 1.404, 1.404, 1.402, 1.402, 1.402, 1.402, 1.402, 1.4, 1.4, 1.4, 1.4, 1.4, 1.4, 1.4, 1.4, 1.4, 1.4, 1.4, 1.4, 1.4, 1.4, 1.4, 1.4, 1.4, 1.4, 1.4, 1.4, 1.4, 1.4, 1.4, 1.4, 1.4, 1.4, 1.4, 1.4, 1.4, 1.399, 1.399, 1.399, 1.397, 1.397, 1.397, 1.397, 1.397, 1.397, 1.397, 1.399, 1.399, 1.399, 1.399, 1.399, 1.399, 1.399, 1.397, 1.397, 1.397, 1.397, 1.397, 1.397, 1.399, 1.399, 1.399, 1.4, 1.4, 1.4, 1.4, 1.4, 1.399, 1.399, 1.399, 1.397, 1.397, 1.397, 1.397, 1.395, 1.395, 1.393, 1.393, 1.391, 1.39, 1.39, 1.388, 1.388, 1.388, 1.388, 1.388, 1.388, 1.388, 1.388, 1.388, 1.388, 1.388, 1.388, 1.388, 1.388, 1.388, 1.388, 1.388, 1.388, 1.388, 1.388, 1.388, 1.388, 1.388, 1.388, 1.388, 1.388, 1.388, 1.388, 1.388, 1.388, 1.386, 1.386, 1.386, 1.386, 1.386, 1.386, 1.386, 1.386, 1.386, 1.386, 1.386, 1.386, 1.386, 1.388, 1.388, 1.388, 1.388, 1.388, 1.386, 1.386, 1.386, 1.386, 1.386, 1.386, 1.388, 1.388, 1.388, 1.388, 1.388, 1.388, 1.388, 1.388, 1.386, 1.386, 1.386, 1.386, 1.386, 1.386, 1.384, 1.384, 1.384, 1.384, 1.384, 1.384, 1.384, 1.386, 1.386, 1.388, 1.39, 1.395, 1.402, 1.41, 1.419, 1.43, 1.442, 1.452, 1.462, 1.471, 1.479, 1.484, 1.49, 1.491, 1.492, 1.493, 1.493, 1.494, 1.494, 1.494, 1.494, 1.494, 1.493, 1.493, 1.493, 1.493, 1.494, 1.494, 1.494, 1.494, 1.494, 1.493, 1.492, 1.49, 1.489, 1.487, 1.486, 1.484, 1.483, 1.482, 1.481, 1.48, 1.48, 1.48, 1.48, 1.479, 1.479, 1.479, 1.479, 1.48, 1.48, 1.481, 1.481, 1.481, 1.48, 1.479, 1.478, 1.476, 1.475, 1.474, 1.473, 1.472, 1.472, 1.473, 1.473, 1.474, 1.474, 1.474, 1.474, 1.474, 1.474, 1.474, 1.474, 1.474, 1.474, 1.475, 1.475, 1.476, 1.476, 1.477, 1.477, 1.478, 1.478, 1.477, 1.476, 1.476, 1.476, 1.476, 1.476, 1.476, 1.476, 1.476, 1.476, 1.476, 1.477, 1.477, 1.477, 1.478, 1.478, 1.478, 1.478, 1.478, 1.478, 1.477, 1.477, 1.476, 1.476, 1.475, 1.474, 1.473, 1.472, 1.472, 1.472, 1.471, 1.471, 1.47, 1.47, 1.47, 1.47, 1.47, 1.469, 1.469, 1.468, 1.468, 1.468, 1.468, 1.466, 1.466, 1.466, 1.468, 1.469, 1.47, 1.47, 1.471, 1.472, 1.473, 1.474, 1.474, 1.475, 0, 
1.532, 1.533, 1.534, 1.535, 1.535, 1.535, 1.535, 1.531, 1.527, 1.526, 1.525, 1.525, 1.524, 1.524, 1.524, 1.525, 1.528, 1.528, 1.531, 1.532, 1.532, 1.532, 1.528, 1.528, 1.528, 1.528, 1.528, 1.528, 1.532, 1.532, 1.532, 1.532, 1.533, 1.533, 1.534, 1.534, 1.535, 1.536, 1.537, 1.537, 1.538, 1.539, 1.542, 1.542, 1.539, 1.539, 1.538, 1.538, 1.537, 1.535, 1.534, 1.531, 1.527, 1.526, 1.525, 1.524, 1.524, 1.524, 1.524, 1.525, 1.526, 1.526, 1.527, 1.528, 1.531, 1.531, 1.531, 1.531, 1.528, 1.527, 1.524, 1.524, 1.52, 1.519, 1.518, 1.517, 1.513, 1.512, 1.511, 1.511, 1.511, 1.512, 1.512, 1.516, 1.517, 1.518, 1.519, 1.52, 1.521, 1.522, 1.523, 1.524, 1.525, 1.526, 1.527, 1.528, 1.531, 1.531, 1.531, 1.531, 1.531, 1.531, 1.528, 1.528, 1.527, 1.527, 1.527, 1.527, 1.527, 1.528, 1.528, 1.528, 1.528, 1.528, 1.528, 1.528, 1.528, 1.528, 1.528, 1.528, 1.528, 1.528, 1.528, 1.531, 1.531, 1.531, 1.531, 1.531, 1.528, 1.528, 1.527, 1.527, 1.526, 1.526, 1.526, 1.525, 1.524, 1.524, 1.52, 1.516, 1.504, 1.491, 1.478, 1.466, 1.452, 1.44, 1.429, 1.419, 1.413, 1.41, 1.408, 1.406, 1.406, 1.404, 1.404, 1.404, 1.404, 1.404, 1.404, 1.404, 1.404, 1.404, 1.404, 1.404, 1.404, 1.404, 1.404, 1.402, 1.402, 1.402, 1.404, 1.404, 1.404, 1.404, 1.404, 1.404, 1.404, 1.404, 1.404, 1.404, 1.404, 1.404, 1.404, 1.402, 1.402, 1.402, 1.402, 1.402, 1.402, 1.4, 1.4, 1.4, 1.4, 1.4, 1.4, 1.4, 1.4, 1.4, 1.4, 1.399, 1.399, 1.399, 1.399, 1.399, 1.399, 1.399, 1.399, 1.399, 1.4, 1.4, 1.4, 1.4, 1.4, 1.4, 1.4, 1.4, 1.4, 1.399, 1.399, 1.399, 1.397, 1.397, 1.397, 1.397, 1.397, 1.397, 1.397, 1.399, 1.399, 1.399, 1.399, 1.399, 1.399, 1.399, 1.397, 1.397, 1.397, 1.397, 1.397, 1.397, 1.399, 1.399, 1.399, 1.4, 1.4, 1.4, 1.4, 1.4, 1.4, 1.4, 1.399, 1.399, 1.397, 1.397, 1.397, 1.397, 1.395, 1.393, 1.393, 1.391, 1.39, 1.39, 1.388, 1.388, 1.388, 1.388, 1.386, 1.386, 1.386, 1.386, 1.386, 1.388, 1.388, 1.386, 1.386, 1.386, 1.386, 1.386, 1.388, 1.388, 1.388, 1.388, 1.388, 1.388, 1.388, 1.388, 1.388, 1.388, 1.388, 1.386, 1.386, 1.386, 1.386, 1.386, 1.386, 1.386, 1.384, 1.384, 1.384, 1.384, 1.384, 1.386, 1.386, 1.386, 1.386, 1.388, 1.388, 1.388, 1.388, 1.386, 1.386, 1.386, 1.386, 1.386, 1.386, 1.386, 1.386, 1.386, 1.388, 1.388, 1.388, 1.388, 1.388, 1.386, 1.386, 1.384, 1.384, 1.384, 1.384, 1.384, 1.384, 1.384, 1.384, 1.384, 1.384, 1.384, 1.386, 1.386, 1.386, 1.39, 1.39, 1.395, 1.402, 1.41, 1.419, 1.43, 1.44, 1.452, 1.462, 1.471, 1.478, 1.485, 1.49, 1.491, 1.492, 1.493, 1.494, 1.494, 1.494, 1.494, 1.494, 1.494, 1.493, 1.492, 1.492, 1.493, 1.494, 1.494, 1.494, 1.494, 1.494, 1.493, 1.492, 1.49, 1.488, 1.487, 1.485, 1.484, 1.483, 1.482, 1.481, 1.48, 1.48, 1.48, 1.48, 1.48, 1.48, 1.48, 1.48, 1.48, 1.481, 1.481, 1.482, 1.482, 1.481, 1.48, 1.478, 1.477, 1.476, 1.474, 1.473, 1.473, 1.473, 1.473, 1.474, 1.474, 1.474, 1.474, 1.474, 1.474, 1.474, 1.474, 1.474, 1.474, 1.474, 1.474, 1.475, 1.476, 1.476, 1.476, 1.477, 1.478, 1.477, 1.477, 1.476, 1.476, 1.476, 1.476, 1.475, 1.475, 1.474, 1.474, 1.474, 1.475, 1.475, 1.476, 1.477, 1.478, 1.478, 1.479, 1.479, 1.479, 1.479, 1.478, 1.478, 1.477, 1.477, 1.476, 1.475, 1.474, 1.473, 1.472, 1.472, 1.472, 1.471, 1.47, 1.47, 1.47, 1.469, 1.469, 1.469, 1.468, 1.468, 1.468, 1.466, 1.466, 1.466, 1.466, 1.466, 1.468, 1.469, 1.47, 1.47, 1.472, 1.473, 1.474, 1.474, 1.474, 1.475, 0, 
1.532, 1.533, 1.534, 1.535, 1.535, 1.535, 1.535, 1.532, 1.532, 1.527, 1.526, 1.526, 1.525, 1.525, 1.525, 1.526, 1.527, 1.528, 1.528, 1.528, 1.528, 1.528, 1.528, 1.528, 1.528, 1.528, 1.528, 1.528, 1.528, 1.528, 1.528, 1.532, 1.532, 1.533, 1.533, 1.533, 1.534, 1.535, 1.536, 1.537, 1.538, 1.539, 1.539, 1.542, 1.542, 1.542, 1.542, 1.538, 1.537, 1.536, 1.535, 1.531, 1.528, 1.525, 1.524, 1.523, 1.522, 1.522, 1.523, 1.524, 1.524, 1.526, 1.526, 1.527, 1.528, 1.531, 1.531, 1.531, 1.527, 1.526, 1.525, 1.524, 1.52, 1.519, 1.518, 1.517, 1.512, 1.512, 1.511, 1.511, 1.511, 1.511, 1.512, 1.512, 1.516, 1.517, 1.518, 1.519, 1.52, 1.521, 1.522, 1.523, 1.525, 1.526, 1.527, 1.527, 1.528, 1.531, 1.531, 1.531, 1.531, 1.528, 1.527, 1.527, 1.526, 1.526, 1.526, 1.526, 1.526, 1.527, 1.527, 1.527, 1.528, 1.528, 1.528, 1.528, 1.528, 1.528, 1.528, 1.528, 1.528, 1.528, 1.528, 1.531, 1.531, 1.531, 1.531, 1.531, 1.528, 1.528, 1.527, 1.527, 1.526, 1.526, 1.526, 1.525, 1.524, 1.524, 1.52, 1.516, 1.504, 1.491, 1.478, 1.466, 1.454, 1.442, 1.43, 1.419, 1.413, 1.41, 1.408, 1.408, 1.406, 1.404, 1.404, 1.404, 1.404, 1.404, 1.404, 1.404, 1.404, 1.404, 1.404, 1.404, 1.404, 1.404, 1.404, 1.404, 1.404, 1.404, 1.404, 1.404, 1.404, 1.404, 1.404, 1.404, 1.404, 1.404, 1.404, 1.404, 1.404, 1.404, 1.404, 1.402, 1.402, 1.402, 1.402, 1.402, 1.4, 1.4, 1.4, 1.4, 1.4, 1.4, 1.4, 1.4, 1.399, 1.399, 1.399, 1.397, 1.397, 1.397, 1.397, 1.397, 1.397, 1.397, 1.397, 1.399, 1.399, 1.399, 1.4, 1.4, 1.4, 1.4, 1.4, 1.4, 1.4, 1.399, 1.399, 1.399, 1.399, 1.399, 1.397, 1.397, 1.397, 1.397, 1.399, 1.399, 1.399, 1.399, 1.399, 1.399, 1.399, 1.399, 1.399, 1.397, 1.397, 1.397, 1.397, 1.397, 1.399, 1.399, 1.399, 1.4, 1.4, 1.4, 1.4, 1.4, 1.4, 1.4, 1.399, 1.399, 1.397, 1.397, 1.397, 1.397, 1.395, 1.393, 1.393, 1.391, 1.39, 1.39, 1.388, 1.388, 1.386, 1.386, 1.386, 1.386, 1.386, 1.386, 1.386, 1.386, 1.386, 1.386, 1.386, 1.386, 1.386, 1.386, 1.386, 1.388, 1.388, 1.388, 1.388, 1.388, 1.388, 1.388, 1.388, 1.386, 1.386, 1.386, 1.386, 1.386, 1.386, 1.386, 1.386, 1.384, 1.384, 1.384, 1.384, 1.384, 1.384, 1.384, 1.386, 1.386, 1.386, 1.388, 1.388, 1.388, 1.386, 1.386, 1.386, 1.386, 1.386, 1.386, 1.386, 1.386, 1.386, 1.386, 1.386, 1.388, 1.388, 1.388, 1.386, 1.386, 1.384, 1.384, 1.384, 1.384, 1.382, 1.382, 1.382, 1.382, 1.382, 1.384, 1.384, 1.386, 1.386, 1.386, 1.388, 1.39, 1.393, 1.397, 1.404, 1.41, 1.419, 1.429, 1.44, 1.45, 1.462, 1.47, 1.478, 1.485, 1.491, 1.492, 1.493, 1.494, 1.494, 1.494, 1.494, 1.494, 1.494, 1.493, 1.492, 1.492, 1.492, 1.493, 1.493, 1.494, 1.494, 1.494, 1.494, 1.493, 1.492, 1.49, 1.488, 1.486, 1.485, 1.484, 1.482, 1.482, 1.481, 1.48, 1.48, 1.479, 1.479, 1.48, 1.48, 1.48, 1.48, 1.48, 1.481, 1.482, 1.482, 1.482, 1.481, 1.48, 1.479, 1.478, 1.476, 1.475, 1.474, 1.474, 1.474, 1.474, 1.474, 1.474, 1.474, 1.474, 1.474, 1.474, 1.474, 1.474, 1.474, 1.474, 1.474, 1.474, 1.475, 1.476, 1.476, 1.476, 1.477, 1.477, 1.477, 1.476, 1.476, 1.476, 1.475, 1.475, 1.474, 1.474, 1.473, 1.473, 1.473, 1.474, 1.474, 1.475, 1.476, 1.477, 1.478, 1.479, 1.48, 1.48, 1.48, 1.48, 1.479, 1.478, 1.477, 1.476, 1.475, 1.474, 1.473, 1.473, 1.472, 1.472, 1.471, 1.47, 1.47, 1.469, 1.469, 1.468, 1.468, 1.468, 1.466, 1.466, 1.466, 1.466, 1.466, 1.466, 1.466, 1.468, 1.469, 1.47, 1.47, 1.472, 1.473, 1.474, 1.474, 1.474, 1.475, 0, 
1.531, 1.532, 1.533, 1.534, 1.535, 1.535, 1.534, 1.533, 1.532, 1.527, 1.527, 1.526, 1.526, 1.526, 1.526, 1.527, 1.528, 1.528, 1.528, 1.528, 1.528, 1.528, 1.528, 1.528, 1.527, 1.527, 1.527, 1.527, 1.527, 1.527, 1.527, 1.527, 1.528, 1.528, 1.532, 1.533, 1.533, 1.534, 1.535, 1.536, 1.537, 1.538, 1.539, 1.542, 1.542, 1.542, 1.542, 1.542, 1.538, 1.537, 1.534, 1.532, 1.528, 1.524, 1.523, 1.522, 1.521, 1.521, 1.522, 1.522, 1.524, 1.525, 1.526, 1.527, 1.528, 1.531, 1.531, 1.531, 1.527, 1.526, 1.525, 1.524, 1.52, 1.519, 1.518, 1.517, 1.512, 1.512, 1.511, 1.511, 1.511, 1.511, 1.511, 1.512, 1.512, 1.516, 1.517, 1.518, 1.52, 1.521, 1.522, 1.523, 1.524, 1.525, 1.526, 1.527, 1.528, 1.528, 1.528, 1.528, 1.528, 1.527, 1.526, 1.526, 1.525, 1.525, 1.525, 1.525, 1.525, 1.526, 1.526, 1.527, 1.527, 1.528, 1.528, 1.528, 1.528, 1.528, 1.528, 1.528, 1.528, 1.528, 1.528, 1.531, 1.531, 1.531, 1.531, 1.531, 1.528, 1.528, 1.527, 1.526, 1.526, 1.526, 1.526, 1.525, 1.524, 1.523, 1.519, 1.516, 1.503, 1.49, 1.477, 1.464, 1.452, 1.44, 1.43, 1.419, 1.413, 1.412, 1.408, 1.408, 1.406, 1.406, 1.406, 1.406, 1.406, 1.406, 1.406, 1.404, 1.404, 1.404, 1.404, 1.404, 1.404, 1.404, 1.404, 1.404, 1.404, 1.404, 1.404, 1.404, 1.404, 1.404, 1.404, 1.404, 1.404, 1.404, 1.404, 1.404, 1.406, 1.404, 1.404, 1.404, 1.402, 1.402, 1.402, 1.4, 1.4, 1.4, 1.4, 1.4, 1.4, 1.4, 1.4, 1.399, 1.399, 1.397, 1.397, 1.397, 1.397, 1.397, 1.397, 1.397, 1.397, 1.397, 1.397, 1.397, 1.397, 1.399, 1.399, 1.4, 1.4, 1.4, 1.4, 1.4, 1.399, 1.399, 1.397, 1.397, 1.397, 1.397, 1.397, 1.397, 1.397, 1.397, 1.399, 1.399, 1.399, 1.399, 1.399, 1.399, 1.399, 1.399, 1.397, 1.397, 1.397, 1.397, 1.397, 1.399, 1.399, 1.399, 1.399, 1.4, 1.4, 1.4, 1.4, 1.4, 1.4, 1.4, 1.399, 1.399, 1.397, 1.397, 1.397, 1.397, 1.395, 1.393, 1.393, 1.391, 1.39, 1.39, 1.388, 1.388, 1.386, 1.386, 1.386, 1.386, 1.384, 1.384, 1.384, 1.384, 1.384, 1.384, 1.384, 1.384, 1.384, 1.386, 1.386, 1.386, 1.386, 1.388, 1.388, 1.388, 1.388, 1.388, 1.386, 1.386, 1.386, 1.386, 1.386, 1.386, 1.386, 1.386, 1.384, 1.384, 1.384, 1.384, 1.384, 1.384, 1.384, 1.384, 1.386, 1.386, 1.386, 1.388, 1.388, 1.388, 1.386, 1.386, 1.386, 1.384, 1.384, 1.384, 1.384, 1.384, 1.384, 1.386, 1.386, 1.386, 1.386, 1.386, 1.386, 1.384, 1.384, 1.384, 1.382, 1.382, 1.382, 1.382, 1.382, 1.382, 1.382, 1.384, 1.384, 1.386, 1.386, 1.388, 1.39, 1.39, 1.393, 1.399, 1.404, 1.41, 1.419, 1.429, 1.438, 1.45, 1.46, 1.47, 1.478, 1.485, 1.491, 1.492, 1.493, 1.494, 1.494, 1.495, 1.495, 1.494, 1.494, 1.493, 1.492, 1.492, 1.492, 1.492, 1.493, 1.493, 1.494, 1.494, 1.494, 1.493, 1.491, 1.49, 1.488, 1.486, 1.485, 1.484, 1.482, 1.481, 1.48, 1.48, 1.48, 1.479, 1.479, 1.48, 1.48, 1.48, 1.48, 1.481, 1.482, 1.482, 1.482, 1.482, 1.481, 1.48, 1.479, 1.478, 1.477, 1.476, 1.475, 1.474, 1.474, 1.474, 1.474, 1.474, 1.474, 1.474, 1.474, 1.474, 1.474, 1.474, 1.474, 1.474, 1.474, 1.474, 1.475, 1.476, 1.476, 1.476, 1.476, 1.477, 1.477, 1.476, 1.476, 1.475, 1.474, 1.474, 1.474, 1.473, 1.472, 1.472, 1.472, 1.473, 1.473, 1.474, 1.475, 1.477, 1.478, 1.479, 1.48, 1.481, 1.481, 1.481, 1.48, 1.479, 1.478, 1.477, 1.476, 1.474, 1.474, 1.473, 1.472, 1.472, 1.471, 1.47, 1.469, 1.468, 1.468, 1.468, 1.466, 1.466, 1.466, 1.466, 1.466, 1.466, 1.466, 1.466, 1.466, 1.468, 1.469, 1.47, 1.47, 1.472, 1.473, 1.474, 1.474, 1.474, 1.474, 0, 
1.528, 1.532, 1.533, 1.534, 1.535, 1.535, 1.534, 1.533, 1.532, 1.531, 1.527, 1.527, 1.527, 1.527, 1.527, 1.527, 1.528, 1.528, 1.528, 1.528, 1.528, 1.528, 1.527, 1.527, 1.527, 1.526, 1.526, 1.526, 1.526, 1.526, 1.526, 1.526, 1.527, 1.527, 1.527, 1.528, 1.532, 1.533, 1.534, 1.536, 1.537, 1.538, 1.539, 1.542, 1.542, 1.542, 1.542, 1.542, 1.538, 1.538, 1.533, 1.532, 1.527, 1.524, 1.522, 1.521, 1.52, 1.52, 1.521, 1.521, 1.522, 1.524, 1.525, 1.526, 1.527, 1.528, 1.531, 1.528, 1.527, 1.526, 1.525, 1.524, 1.52, 1.519, 1.518, 1.517, 1.512, 1.512, 1.511, 1.511, 1.511, 1.511, 1.511, 1.512, 1.512, 1.516, 1.517, 1.518, 1.52, 1.52, 1.522, 1.523, 1.524, 1.525, 1.526, 1.527, 1.528, 1.528, 1.528, 1.528, 1.527, 1.526, 1.526, 1.525, 1.524, 1.524, 1.524, 1.524, 1.524, 1.525, 1.525, 1.526, 1.527, 1.527, 1.528, 1.528, 1.528, 1.528, 1.528, 1.528, 1.528, 1.528, 1.528, 1.528, 1.531, 1.531, 1.531, 1.528, 1.528, 1.528, 1.527, 1.526, 1.526, 1.526, 1.525, 1.525, 1.524, 1.522, 1.519, 1.516, 1.503, 1.49, 1.476, 1.464, 1.452, 1.44, 1.429, 1.421, 1.413, 1.412, 1.408, 1.408, 1.406, 1.406, 1.406, 1.406, 1.406, 1.406, 1.406, 1.406, 1.406, 1.406, 1.404, 1.404, 1.404, 1.404, 1.404, 1.404, 1.404, 1.404, 1.404, 1.404, 1.404, 1.404, 1.404, 1.404, 1.404, 1.406, 1.406, 1.406, 1.406, 1.406, 1.404, 1.404, 1.402, 1.402, 1.402, 1.4, 1.4, 1.4, 1.4, 1.4, 1.4, 1.4, 1.399, 1.399, 1.397, 1.397, 1.397, 1.397, 1.397, 1.397, 1.397, 1.397, 1.397, 1.397, 1.397, 1.397, 1.397, 1.397, 1.399, 1.399, 1.399, 1.4, 1.4, 1.399, 1.399, 1.399, 1.397, 1.397, 1.397, 1.397, 1.397, 1.397, 1.397, 1.397, 1.397, 1.397, 1.399, 1.399, 1.399, 1.399, 1.399, 1.399, 1.397, 1.397, 1.397, 1.397, 1.397, 1.399, 1.399, 1.399, 1.399, 1.4, 1.4, 1.402, 1.402, 1.4, 1.4, 1.4, 1.399, 1.399, 1.397, 1.397, 1.397, 1.397, 1.395, 1.393, 1.393, 1.393, 1.391, 1.39, 1.388, 1.388, 1.386, 1.386, 1.386, 1.386, 1.384, 1.384, 1.384, 1.384, 1.384, 1.384, 1.384, 1.384, 1.384, 1.386, 1.386, 1.386, 1.386, 1.388, 1.388, 1.388, 1.388, 1.388, 1.386, 1.386, 1.386, 1.386, 1.386, 1.386, 1.384, 1.384, 1.384, 1.384, 1.384, 1.384, 1.384, 1.384, 1.384, 1.384, 1.386, 1.386, 1.386, 1.388, 1.388, 1.386, 1.386, 1.386, 1.384, 1.384, 1.382, 1.382, 1.382, 1.384, 1.384, 1.384, 1.386, 1.386, 1.386, 1.386, 1.384, 1.384, 1.384, 1.382, 1.382, 1.381, 1.381, 1.381, 1.381, 1.382, 1.382, 1.384, 1.386, 1.386, 1.388, 1.39, 1.39, 1.393, 1.395, 1.399, 1.404, 1.41, 1.417, 1.427, 1.438, 1.448, 1.46, 1.47, 1.477, 1.484, 1.491, 1.492, 1.494, 1.495, 1.495, 1.495, 1.495, 1.494, 1.493, 1.492, 1.492, 1.492, 1.492, 1.492, 1.492, 1.493, 1.493, 1.493, 1.493, 1.492, 1.491, 1.489, 1.488, 1.486, 1.484, 1.483, 1.482, 1.481, 1.48, 1.48, 1.479, 1.479, 1.479, 1.48, 1.48, 1.48, 1.48, 1.481, 1.482, 1.482, 1.482, 1.482, 1.482, 1.481, 1.48, 1.479, 1.477, 1.476, 1.475, 1.475, 1.474, 1.474, 1.474, 1.474, 1.474, 1.474, 1.474, 1.474, 1.474, 1.474, 1.474, 1.474, 1.474, 1.474, 1.475, 1.476, 1.476, 1.476, 1.476, 1.477, 1.477, 1.476, 1.476, 1.475, 1.474, 1.474, 1.473, 1.472, 1.472, 1.472, 1.472, 1.472, 1.472, 1.474, 1.475, 1.476, 1.478, 1.48, 1.481, 1.482, 1.482, 1.482, 1.481, 1.48, 1.479, 1.477, 1.476, 1.474, 1.473, 1.472, 1.472, 1.471, 1.47, 1.469, 1.468, 1.468, 1.466, 1.466, 1.466, 1.466, 1.466, 1.466, 1.466, 1.466, 1.466, 1.466, 1.466, 1.466, 1.468, 1.469, 1.47, 1.472, 1.473, 1.474, 1.474, 1.474, 1.474, 0, 
1.528, 1.532, 1.532, 1.533, 1.534, 1.534, 1.534, 1.533, 1.532, 1.531, 1.531, 1.527, 1.527, 1.527, 1.528, 1.528, 1.528, 1.528, 1.528, 1.528, 1.528, 1.528, 1.527, 1.526, 1.526, 1.525, 1.525, 1.525, 1.525, 1.525, 1.525, 1.525, 1.525, 1.526, 1.526, 1.527, 1.527, 1.532, 1.533, 1.535, 1.536, 1.538, 1.539, 1.542, 1.542, 1.542, 1.542, 1.542, 1.538, 1.537, 1.533, 1.532, 1.527, 1.524, 1.521, 1.521, 1.52, 1.52, 1.52, 1.521, 1.522, 1.523, 1.524, 1.526, 1.527, 1.528, 1.528, 1.528, 1.528, 1.527, 1.524, 1.524, 1.52, 1.519, 1.518, 1.517, 1.512, 1.511, 1.511, 1.511, 1.511, 1.511, 1.511, 1.511, 1.512, 1.516, 1.517, 1.518, 1.52, 1.52, 1.522, 1.523, 1.524, 1.525, 1.526, 1.526, 1.527, 1.528, 1.528, 1.527, 1.526, 1.526, 1.525, 1.524, 1.524, 1.524, 1.524, 1.524, 1.524, 1.524, 1.525, 1.525, 1.526, 1.527, 1.528, 1.528, 1.528, 1.528, 1.528, 1.528, 1.528, 1.528, 1.528, 1.528, 1.528, 1.531, 1.531, 1.528, 1.528, 1.528, 1.527, 1.526, 1.526, 1.525, 1.524, 1.524, 1.524, 1.521, 1.518, 1.513, 1.503, 1.489, 1.476, 1.462, 1.452, 1.44, 1.429, 1.419, 1.413, 1.412, 1.408, 1.408, 1.406, 1.406, 1.406, 1.406, 1.406, 1.406, 1.406, 1.406, 1.406, 1.406, 1.406, 1.406, 1.406, 1.406, 1.406, 1.404, 1.404, 1.404, 1.404, 1.404, 1.404, 1.404, 1.404, 1.404, 1.406, 1.406, 1.406, 1.406, 1.406, 1.406, 1.406, 1.404, 1.402, 1.402, 1.402, 1.4, 1.4, 1.4, 1.4, 1.4, 1.4, 1.399, 1.399, 1.399, 1.397, 1.397, 1.397, 1.397, 1.397, 1.395, 1.395, 1.395, 1.395, 1.395, 1.395, 1.397, 1.397, 1.397, 1.397, 1.399, 1.399, 1.399, 1.399, 1.399, 1.399, 1.397, 1.397, 1.397, 1.397, 1.397, 1.397, 1.397, 1.397, 1.397, 1.397, 1.397, 1.397, 1.399, 1.399, 1.399, 1.399, 1.399, 1.399, 1.397, 1.397, 1.397, 1.397, 1.399, 1.399, 1.399, 1.399, 1.4, 1.4, 1.402, 1.402, 1.4, 1.4, 1.4, 1.399, 1.397, 1.397, 1.397, 1.397, 1.397, 1.395, 1.395, 1.393, 1.393, 1.391, 1.39, 1.39, 1.388, 1.388, 1.386, 1.386, 1.386, 1.384, 1.384, 1.384, 1.384, 1.384, 1.384, 1.384, 1.384, 1.384, 1.384, 1.386, 1.386, 1.386, 1.388, 1.388, 1.388, 1.388, 1.388, 1.386, 1.386, 1.386, 1.386, 1.386, 1.384, 1.384, 1.384, 1.384, 1.384, 1.382, 1.382, 1.384, 1.384, 1.384, 1.384, 1.386, 1.386, 1.386, 1.388, 1.388, 1.386, 1.386, 1.386, 1.384, 1.382, 1.382, 1.382, 1.382, 1.382, 1.384, 1.384, 1.384, 1.386, 1.386, 1.384, 1.384, 1.384, 1.382, 1.382, 1.381, 1.381, 1.381, 1.381, 1.381, 1.382, 1.382, 1.384, 1.386, 1.386, 1.39, 1.39, 1.39, 1.393, 1.395, 1.399, 1.402, 1.41, 1.417, 1.427, 1.436, 1.448, 1.458, 1.468, 1.476, 1.484, 1.49, 1.492, 1.495, 1.495, 1.495, 1.495, 1.494, 1.494, 1.493, 1.492, 1.491, 1.491, 1.492, 1.492, 1.492, 1.492, 1.492, 1.492, 1.492, 1.491, 1.49, 1.488, 1.487, 1.486, 1.484, 1.483, 1.482, 1.481, 1.48, 1.48, 1.479, 1.479, 1.479, 1.48, 1.48, 1.48, 1.48, 1.481, 1.482, 1.482, 1.482, 1.482, 1.482, 1.481, 1.48, 1.479, 1.478, 1.477, 1.476, 1.475, 1.475, 1.475, 1.475, 1.475, 1.475, 1.474, 1.474, 1.474, 1.474, 1.474, 1.474, 1.474, 1.474, 1.474, 1.475, 1.476, 1.476, 1.476, 1.477, 1.477, 1.477, 1.476, 1.476, 1.475, 1.474, 1.473, 1.472, 1.472, 1.471, 1.471, 1.471, 1.471, 1.472, 1.473, 1.474, 1.476, 1.477, 1.481, 1.482, 1.482, 1.482, 1.482, 1.482, 1.481, 1.479, 1.478, 1.476, 1.474, 1.473, 1.472, 1.471, 1.471, 1.47, 1.469, 1.468, 1.466, 1.466, 1.466, 1.466, 1.466, 1.464, 1.464, 1.464, 1.464, 1.464, 1.464, 1.466, 1.466, 1.468, 1.469, 1.47, 1.471, 1.472, 1.473, 1.473, 1.474, 1.474, 0, 
1.528, 1.531, 1.532, 1.532, 1.533, 1.534, 1.534, 1.533, 1.532, 1.531, 1.531, 1.528, 1.528, 1.528, 1.528, 1.528, 1.528, 1.528, 1.528, 1.528, 1.528, 1.527, 1.526, 1.526, 1.525, 1.525, 1.524, 1.524, 1.524, 1.524, 1.524, 1.524, 1.524, 1.525, 1.525, 1.526, 1.527, 1.532, 1.533, 1.534, 1.536, 1.537, 1.538, 1.542, 1.542, 1.542, 1.542, 1.542, 1.538, 1.537, 1.533, 1.527, 1.526, 1.525, 1.52, 1.52, 1.52, 1.52, 1.52, 1.52, 1.521, 1.523, 1.524, 1.525, 1.526, 1.528, 1.528, 1.528, 1.528, 1.528, 1.524, 1.524, 1.52, 1.52, 1.519, 1.516, 1.512, 1.511, 1.511, 1.511, 1.51, 1.51, 1.511, 1.511, 1.512, 1.516, 1.517, 1.518, 1.52, 1.521, 1.522, 1.523, 1.524, 1.525, 1.526, 1.526, 1.527, 1.527, 1.527, 1.526, 1.526, 1.525, 1.524, 1.524, 1.523, 1.523, 1.523, 1.523, 1.523, 1.524, 1.524, 1.525, 1.526, 1.526, 1.527, 1.528, 1.528, 1.528, 1.528, 1.528, 1.528, 1.528, 1.528, 1.528, 1.528, 1.528, 1.528, 1.528, 1.528, 1.528, 1.527, 1.526, 1.525, 1.524, 1.524, 1.523, 1.522, 1.52, 1.519, 1.513, 1.502, 1.488, 1.476, 1.462, 1.45, 1.438, 1.427, 1.419, 1.413, 1.412, 1.41, 1.408, 1.408, 1.408, 1.406, 1.406, 1.406, 1.406, 1.406, 1.406, 1.408, 1.408, 1.408, 1.406, 1.406, 1.406, 1.406, 1.406, 1.406, 1.406, 1.404, 1.404, 1.404, 1.404, 1.404, 1.404, 1.406, 1.406, 1.406, 1.406, 1.406, 1.406, 1.406, 1.404, 1.402, 1.402, 1.402, 1.402, 1.4, 1.4, 1.4, 1.4, 1.4, 1.399, 1.399, 1.399, 1.397, 1.397, 1.397, 1.397, 1.397, 1.395, 1.395, 1.395, 1.395, 1.395, 1.395, 1.395, 1.397, 1.397, 1.397, 1.397, 1.399, 1.399, 1.399, 1.399, 1.397, 1.397, 1.397, 1.397, 1.397, 1.397, 1.397, 1.397, 1.397, 1.397, 1.397, 1.397, 1.397, 1.397, 1.399, 1.399, 1.399, 1.399, 1.399, 1.399, 1.399, 1.399, 1.399, 1.399, 1.399, 1.399, 1.4, 1.4, 1.4, 1.402, 1.402, 1.4, 1.4, 1.4, 1.399, 1.397, 1.397, 1.397, 1.397, 1.397, 1.395, 1.395, 1.393, 1.393, 1.393, 1.391, 1.39, 1.39, 1.388, 1.386, 1.386, 1.386, 1.384, 1.384, 1.384, 1.384, 1.384, 1.384, 1.384, 1.384, 1.384, 1.384, 1.386, 1.386, 1.386, 1.388, 1.388, 1.388, 1.388, 1.388, 1.386, 1.386, 1.386, 1.386, 1.384, 1.384, 1.384, 1.384, 1.384, 1.382, 1.382, 1.382, 1.382, 1.382, 1.384, 1.384, 1.386, 1.386, 1.386, 1.388, 1.386, 1.386, 1.386, 1.384, 1.382, 1.382, 1.382, 1.382, 1.382, 1.382, 1.382, 1.384, 1.384, 1.386, 1.384, 1.384, 1.384, 1.384, 1.382, 1.381, 1.381, 1.381, 1.381, 1.381, 1.381, 1.382, 1.382, 1.384, 1.386, 1.388, 1.39, 1.391, 1.393, 1.393, 1.397, 1.399, 1.402, 1.41, 1.415, 1.425, 1.436, 1.446, 1.458, 1.466, 1.476, 1.484, 1.49, 1.493, 1.495, 1.495, 1.495, 1.494, 1.494, 1.493, 1.492, 1.491, 1.49, 1.491, 1.491, 1.491, 1.492, 1.492, 1.492, 1.492, 1.492, 1.491, 1.49, 1.488, 1.487, 1.485, 1.484, 1.483, 1.482, 1.48, 1.48, 1.479, 1.479, 1.478, 1.479, 1.48, 1.48, 1.48, 1.48, 1.481, 1.482, 1.482, 1.482, 1.482, 1.482, 1.481, 1.48, 1.479, 1.478, 1.477, 1.476, 1.476, 1.476, 1.476, 1.475, 1.475, 1.475, 1.474, 1.474, 1.474, 1.474, 1.474, 1.474, 1.474, 1.474, 1.474, 1.475, 1.476, 1.476, 1.477, 1.477, 1.478, 1.477, 1.476, 1.476, 1.474, 1.474, 1.473, 1.472, 1.471, 1.47, 1.47, 1.47, 1.47, 1.471, 1.472, 1.474, 1.475, 1.477, 1.481, 1.482, 1.483, 1.483, 1.483, 1.482, 1.482, 1.48, 1.477, 1.476, 1.474, 1.472, 1.471, 1.471, 1.47, 1.468, 1.468, 1.466, 1.466, 1.466, 1.466, 1.466, 1.464, 1.464, 1.464, 1.462, 1.462, 1.464, 1.464, 1.466, 1.466, 1.468, 1.469, 1.47, 1.471, 1.472, 1.472, 1.473, 1.473, 1.473, 0, 
1.528, 1.528, 1.531, 1.532, 1.532, 1.533, 1.533, 1.532, 1.531, 1.531, 1.531, 1.531, 1.528, 1.528, 1.528, 1.528, 1.528, 1.528, 1.528, 1.528, 1.528, 1.527, 1.526, 1.525, 1.524, 1.524, 1.523, 1.522, 1.521, 1.52, 1.52, 1.52, 1.52, 1.521, 1.522, 1.525, 1.526, 1.527, 1.532, 1.534, 1.535, 1.537, 1.538, 1.539, 1.542, 1.542, 1.542, 1.542, 1.537, 1.536, 1.533, 1.527, 1.526, 1.525, 1.52, 1.52, 1.52, 1.52, 1.52, 1.52, 1.521, 1.522, 1.524, 1.525, 1.526, 1.527, 1.528, 1.528, 1.528, 1.528, 1.525, 1.524, 1.521, 1.521, 1.52, 1.516, 1.516, 1.511, 1.511, 1.511, 1.51, 1.51, 1.511, 1.511, 1.512, 1.516, 1.516, 1.519, 1.52, 1.521, 1.522, 1.524, 1.524, 1.525, 1.526, 1.526, 1.527, 1.527, 1.526, 1.525, 1.525, 1.524, 1.523, 1.522, 1.522, 1.522, 1.522, 1.522, 1.523, 1.523, 1.524, 1.525, 1.526, 1.526, 1.527, 1.528, 1.528, 1.528, 1.528, 1.528, 1.528, 1.528, 1.528, 1.528, 1.528, 1.528, 1.528, 1.528, 1.528, 1.527, 1.526, 1.526, 1.525, 1.524, 1.524, 1.523, 1.52, 1.519, 1.518, 1.513, 1.501, 1.487, 1.475, 1.462, 1.45, 1.438, 1.427, 1.417, 1.413, 1.41, 1.41, 1.408, 1.408, 1.408, 1.408, 1.406, 1.406, 1.406, 1.406, 1.408, 1.408, 1.408, 1.408, 1.408, 1.408, 1.406, 1.406, 1.406, 1.406, 1.406, 1.404, 1.404, 1.404, 1.404, 1.404, 1.404, 1.404, 1.406, 1.406, 1.406, 1.406, 1.406, 1.406, 1.404, 1.404, 1.402, 1.402, 1.402, 1.4, 1.4, 1.4, 1.4, 1.4, 1.399, 1.399, 1.397, 1.397, 1.397, 1.397, 1.397, 1.395, 1.395, 1.395, 1.395, 1.395, 1.395, 1.395, 1.395, 1.395, 1.397, 1.397, 1.397, 1.399, 1.399, 1.399, 1.397, 1.397, 1.397, 1.397, 1.397, 1.395, 1.395, 1.395, 1.395, 1.397, 1.397, 1.397, 1.397, 1.397, 1.397, 1.397, 1.399, 1.399, 1.399, 1.399, 1.399, 1.399, 1.399, 1.399, 1.399, 1.399, 1.399, 1.4, 1.4, 1.4, 1.402, 1.402, 1.4, 1.4, 1.4, 1.399, 1.397, 1.397, 1.397, 1.397, 1.397, 1.397, 1.395, 1.395, 1.393, 1.393, 1.391, 1.39, 1.39, 1.388, 1.388, 1.386, 1.386, 1.384, 1.384, 1.384, 1.384, 1.384, 1.384, 1.384, 1.384, 1.384, 1.384, 1.386, 1.386, 1.386, 1.388, 1.388, 1.388, 1.388, 1.388, 1.388, 1.386, 1.386, 1.384, 1.384, 1.384, 1.384, 1.382, 1.382, 1.382, 1.382, 1.382, 1.382, 1.382, 1.384, 1.384, 1.386, 1.386, 1.386, 1.388, 1.386, 1.386, 1.386, 1.384, 1.382, 1.382, 1.382, 1.382, 1.382, 1.382, 1.382, 1.384, 1.384, 1.386, 1.384, 1.384, 1.384, 1.384, 1.382, 1.381, 1.381, 1.381, 1.381, 1.381, 1.381, 1.381, 1.382, 1.386, 1.386, 1.39, 1.391, 1.393, 1.393, 1.395, 1.397, 1.399, 1.402, 1.408, 1.415, 1.425, 1.434, 1.446, 1.456, 1.466, 1.475, 1.482, 1.489, 1.493, 1.494, 1.494, 1.494, 1.494, 1.493, 1.492, 1.491, 1.49, 1.49, 1.49, 1.49, 1.491, 1.491, 1.492, 1.492, 1.492, 1.491, 1.49, 1.489, 1.488, 1.486, 1.485, 1.484, 1.482, 1.482, 1.48, 1.48, 1.479, 1.478, 1.478, 1.479, 1.479, 1.48, 1.48, 1.48, 1.481, 1.482, 1.482, 1.482, 1.482, 1.482, 1.481, 1.48, 1.48, 1.478, 1.477, 1.477, 1.476, 1.476, 1.476, 1.476, 1.476, 1.475, 1.475, 1.474, 1.474, 1.474, 1.474, 1.474, 1.474, 1.474, 1.474, 1.475, 1.476, 1.476, 1.477, 1.478, 1.478, 1.477, 1.476, 1.476, 1.474, 1.474, 1.473, 1.472, 1.471, 1.468, 1.468, 1.468, 1.47, 1.471, 1.472, 1.473, 1.474, 1.476, 1.481, 1.482, 1.483, 1.484, 1.484, 1.483, 1.482, 1.481, 1.477, 1.476, 1.475, 1.472, 1.471, 1.47, 1.47, 1.468, 1.468, 1.466, 1.466, 1.466, 1.464, 1.464, 1.464, 1.462, 1.462, 1.462, 1.462, 1.462, 1.464, 1.464, 1.466, 1.468, 1.469, 1.47, 1.47, 1.472, 1.472, 1.472, 1.472, 1.472, 0, 
1.527, 1.527, 1.528, 1.531, 1.531, 1.532, 1.532, 1.532, 1.531, 1.531, 1.531, 1.531, 1.531, 1.531, 1.531, 1.528, 1.528, 1.528, 1.528, 1.528, 1.528, 1.527, 1.526, 1.525, 1.524, 1.524, 1.522, 1.521, 1.52, 1.52, 1.52, 1.519, 1.52, 1.52, 1.52, 1.524, 1.524, 1.527, 1.532, 1.533, 1.535, 1.537, 1.538, 1.539, 1.542, 1.542, 1.542, 1.538, 1.537, 1.534, 1.533, 1.528, 1.525, 1.525, 1.52, 1.52, 1.52, 1.52, 1.52, 1.52, 1.521, 1.522, 1.524, 1.525, 1.526, 1.527, 1.528, 1.528, 1.528, 1.527, 1.526, 1.524, 1.522, 1.521, 1.52, 1.516, 1.516, 1.511, 1.511, 1.511, 1.51, 1.51, 1.511, 1.511, 1.512, 1.516, 1.517, 1.52, 1.521, 1.522, 1.523, 1.524, 1.525, 1.526, 1.526, 1.526, 1.526, 1.526, 1.525, 1.525, 1.524, 1.523, 1.522, 1.521, 1.521, 1.521, 1.521, 1.521, 1.522, 1.523, 1.524, 1.524, 1.526, 1.526, 1.527, 1.528, 1.528, 1.528, 1.528, 1.528, 1.528, 1.527, 1.527, 1.527, 1.528, 1.528, 1.527, 1.527, 1.527, 1.526, 1.526, 1.525, 1.524, 1.524, 1.523, 1.522, 1.52, 1.518, 1.517, 1.512, 1.501, 1.486, 1.474, 1.462, 1.448, 1.436, 1.425, 1.417, 1.412, 1.41, 1.408, 1.408, 1.408, 1.406, 1.406, 1.406, 1.406, 1.406, 1.406, 1.406, 1.408, 1.408, 1.408, 1.408, 1.406, 1.406, 1.406, 1.406, 1.406, 1.404, 1.404, 1.404, 1.404, 1.404, 1.404, 1.404, 1.404, 1.406, 1.406, 1.406, 1.406, 1.406, 1.406, 1.406, 1.404, 1.402, 1.402, 1.402, 1.402, 1.4, 1.4, 1.4, 1.399, 1.399, 1.399, 1.397, 1.397, 1.397, 1.397, 1.397, 1.395, 1.395, 1.395, 1.393, 1.393, 1.393, 1.393, 1.393, 1.395, 1.395, 1.397, 1.397, 1.399, 1.399, 1.399, 1.397, 1.397, 1.397, 1.397, 1.397, 1.395, 1.395, 1.395, 1.395, 1.395, 1.395, 1.397, 1.397, 1.397, 1.397, 1.397, 1.397, 1.399, 1.399, 1.399, 1.399, 1.399, 1.399, 1.399, 1.399, 1.399, 1.399, 1.4, 1.4, 1.4, 1.4, 1.4, 1.4, 1.4, 1.399, 1.397, 1.397, 1.397, 1.397, 1.397, 1.397, 1.397, 1.397, 1.395, 1.395, 1.393, 1.393, 1.391, 1.39, 1.39, 1.388, 1.388, 1.386, 1.384, 1.384, 1.384, 1.384, 1.384, 1.384, 1.384, 1.384, 1.384, 1.384, 1.386, 1.386, 1.388, 1.388, 1.388, 1.39, 1.388, 1.388, 1.388, 1.386, 1.386, 1.384, 1.384, 1.384, 1.382, 1.382, 1.382, 1.382, 1.382, 1.382, 1.382, 1.382, 1.384, 1.384, 1.386, 1.386, 1.386, 1.388, 1.386, 1.386, 1.386, 1.384, 1.382, 1.382, 1.382, 1.382, 1.382, 1.382, 1.382, 1.384, 1.384, 1.386, 1.386, 1.384, 1.384, 1.384, 1.382, 1.381, 1.379, 1.379, 1.379, 1.381, 1.381, 1.381, 1.384, 1.386, 1.388, 1.39, 1.391, 1.393, 1.395, 1.397, 1.397, 1.399, 1.402, 1.408, 1.415, 1.423, 1.434, 1.444, 1.456, 1.466, 1.474, 1.482, 1.488, 1.492, 1.493, 1.494, 1.493, 1.493, 1.492, 1.491, 1.491, 1.49, 1.49, 1.49, 1.49, 1.49, 1.491, 1.491, 1.491, 1.491, 1.491, 1.49, 1.489, 1.488, 1.486, 1.485, 1.484, 1.482, 1.482, 1.481, 1.48, 1.479, 1.479, 1.478, 1.479, 1.479, 1.48, 1.48, 1.48, 1.481, 1.482, 1.482, 1.482, 1.482, 1.482, 1.481, 1.48, 1.48, 1.478, 1.478, 1.477, 1.476, 1.476, 1.476, 1.476, 1.476, 1.476, 1.475, 1.474, 1.474, 1.474, 1.474, 1.474, 1.474, 1.474, 1.475, 1.475, 1.476, 1.476, 1.477, 1.478, 1.478, 1.478, 1.477, 1.476, 1.475, 1.474, 1.473, 1.472, 1.471, 1.468, 1.468, 1.468, 1.47, 1.471, 1.472, 1.472, 1.475, 1.476, 1.481, 1.482, 1.483, 1.484, 1.485, 1.484, 1.483, 1.481, 1.477, 1.476, 1.475, 1.471, 1.471, 1.468, 1.468, 1.468, 1.466, 1.466, 1.466, 1.464, 1.464, 1.462, 1.462, 1.462, 1.462, 1.462, 1.462, 1.462, 1.464, 1.464, 1.466, 1.468, 1.469, 1.47, 1.47, 1.471, 1.472, 1.472, 1.472, 1.472, 0, 
1.526, 1.527, 1.527, 1.528, 1.528, 1.531, 1.531, 1.531, 1.531, 1.531, 1.531, 1.531, 1.531, 1.531, 1.531, 1.532, 1.531, 1.531, 1.531, 1.528, 1.528, 1.527, 1.526, 1.525, 1.524, 1.523, 1.522, 1.521, 1.52, 1.519, 1.518, 1.518, 1.519, 1.519, 1.52, 1.522, 1.523, 1.527, 1.527, 1.533, 1.536, 1.537, 1.538, 1.539, 1.542, 1.542, 1.538, 1.538, 1.537, 1.533, 1.532, 1.528, 1.524, 1.524, 1.52, 1.52, 1.52, 1.52, 1.52, 1.52, 1.521, 1.522, 1.524, 1.525, 1.526, 1.527, 1.528, 1.528, 1.528, 1.527, 1.526, 1.525, 1.523, 1.52, 1.52, 1.517, 1.516, 1.512, 1.511, 1.511, 1.511, 1.511, 1.511, 1.512, 1.512, 1.517, 1.518, 1.52, 1.522, 1.523, 1.524, 1.525, 1.525, 1.526, 1.526, 1.526, 1.526, 1.525, 1.525, 1.524, 1.523, 1.522, 1.521, 1.52, 1.52, 1.52, 1.52, 1.52, 1.521, 1.522, 1.524, 1.524, 1.526, 1.526, 1.527, 1.528, 1.528, 1.528, 1.528, 1.527, 1.527, 1.527, 1.526, 1.526, 1.527, 1.527, 1.527, 1.526, 1.526, 1.525, 1.525, 1.524, 1.524, 1.523, 1.522, 1.521, 1.52, 1.517, 1.512, 1.512, 1.5, 1.486, 1.474, 1.462, 1.448, 1.436, 1.425, 1.417, 1.412, 1.41, 1.408, 1.408, 1.408, 1.406, 1.406, 1.406, 1.406, 1.406, 1.406, 1.406, 1.406, 1.406, 1.408, 1.408, 1.406, 1.406, 1.406, 1.406, 1.406, 1.404, 1.404, 1.404, 1.404, 1.404, 1.404, 1.404, 1.404, 1.404, 1.406, 1.406, 1.406, 1.406, 1.406, 1.406, 1.404, 1.404, 1.402, 1.402, 1.402, 1.4, 1.4, 1.4, 1.399, 1.399, 1.399, 1.397, 1.397, 1.397, 1.397, 1.397, 1.395, 1.395, 1.393, 1.393, 1.393, 1.393, 1.393, 1.393, 1.393, 1.395, 1.395, 1.397, 1.399, 1.399, 1.399, 1.397, 1.397, 1.397, 1.397, 1.395, 1.395, 1.395, 1.395, 1.395, 1.395, 1.395, 1.397, 1.397, 1.397, 1.397, 1.397, 1.397, 1.399, 1.399, 1.399, 1.399, 1.399, 1.399, 1.399, 1.399, 1.399, 1.399, 1.4, 1.4, 1.4, 1.4, 1.4, 1.4, 1.4, 1.399, 1.397, 1.397, 1.397, 1.395, 1.395, 1.397, 1.397, 1.397, 1.397, 1.397, 1.395, 1.393, 1.393, 1.391, 1.39, 1.39, 1.388, 1.386, 1.386, 1.384, 1.384, 1.384, 1.384, 1.384, 1.384, 1.384, 1.384, 1.384, 1.386, 1.388, 1.388, 1.388, 1.39, 1.39, 1.39, 1.388, 1.388, 1.386, 1.384, 1.384, 1.384, 1.382, 1.382, 1.382, 1.382, 1.382, 1.382, 1.382, 1.382, 1.382, 1.384, 1.384, 1.386, 1.386, 1.386, 1.388, 1.386, 1.386, 1.386, 1.384, 1.382, 1.382, 1.382, 1.381, 1.381, 1.382, 1.382, 1.384, 1.384, 1.384, 1.384, 1.384, 1.384, 1.382, 1.381, 1.381, 1.379, 1.379, 1.379, 1.381, 1.381, 1.382, 1.384, 1.386, 1.39, 1.391, 1.393, 1.395, 1.397, 1.397, 1.399, 1.4, 1.404, 1.408, 1.415, 1.423, 1.432, 1.444, 1.454, 1.464, 1.474, 1.482, 1.487, 1.492, 1.492, 1.493, 1.493, 1.492, 1.491, 1.491, 1.49, 1.49, 1.49, 1.49, 1.49, 1.49, 1.49, 1.49, 1.49, 1.49, 1.49, 1.49, 1.489, 1.488, 1.486, 1.485, 1.484, 1.483, 1.482, 1.481, 1.48, 1.48, 1.479, 1.479, 1.479, 1.479, 1.48, 1.48, 1.48, 1.481, 1.481, 1.482, 1.482, 1.482, 1.482, 1.481, 1.48, 1.48, 1.478, 1.478, 1.477, 1.477, 1.476, 1.476, 1.476, 1.476, 1.476, 1.475, 1.474, 1.474, 1.474, 1.474, 1.474, 1.474, 1.474, 1.474, 1.475, 1.476, 1.476, 1.477, 1.478, 1.478, 1.478, 1.477, 1.476, 1.475, 1.474, 1.473, 1.472, 1.471, 1.468, 1.468, 1.468, 1.47, 1.471, 1.471, 1.472, 1.475, 1.476, 1.481, 1.482, 1.484, 1.485, 1.485, 1.485, 1.484, 1.482, 1.477, 1.476, 1.475, 1.471, 1.471, 1.468, 1.468, 1.468, 1.466, 1.464, 1.464, 1.462, 1.462, 1.462, 1.462, 1.462, 1.462, 1.462, 1.462, 1.462, 1.464, 1.464, 1.466, 1.468, 1.469, 1.47, 1.47, 1.471, 1.472, 1.472, 1.472, 1.472, 0, 
1.526, 1.526, 1.527, 1.528, 1.528, 1.528, 1.531, 1.531, 1.531, 1.531, 1.531, 1.531, 1.532, 1.532, 1.532, 1.532, 1.532, 1.532, 1.532, 1.528, 1.528, 1.527, 1.526, 1.525, 1.524, 1.524, 1.521, 1.52, 1.519, 1.518, 1.518, 1.517, 1.517, 1.518, 1.519, 1.52, 1.523, 1.526, 1.527, 1.532, 1.536, 1.537, 1.538, 1.539, 1.539, 1.539, 1.538, 1.537, 1.536, 1.533, 1.528, 1.528, 1.524, 1.524, 1.52, 1.52, 1.52, 1.52, 1.52, 1.521, 1.522, 1.523, 1.524, 1.525, 1.526, 1.527, 1.528, 1.528, 1.528, 1.528, 1.527, 1.526, 1.524, 1.52, 1.52, 1.519, 1.516, 1.512, 1.512, 1.511, 1.511, 1.511, 1.511, 1.512, 1.516, 1.516, 1.52, 1.521, 1.522, 1.524, 1.525, 1.525, 1.526, 1.526, 1.526, 1.526, 1.526, 1.525, 1.524, 1.524, 1.522, 1.521, 1.52, 1.52, 1.52, 1.52, 1.52, 1.52, 1.521, 1.522, 1.524, 1.524, 1.526, 1.527, 1.528, 1.528, 1.528, 1.528, 1.527, 1.527, 1.526, 1.526, 1.526, 1.526, 1.526, 1.526, 1.526, 1.525, 1.525, 1.525, 1.524, 1.524, 1.523, 1.522, 1.521, 1.52, 1.519, 1.516, 1.513, 1.51, 1.499, 1.486, 1.474, 1.46, 1.448, 1.436, 1.425, 1.417, 1.412, 1.41, 1.408, 1.408, 1.408, 1.408, 1.406, 1.406, 1.406, 1.406, 1.406, 1.406, 1.406, 1.406, 1.408, 1.408, 1.406, 1.406, 1.406, 1.406, 1.406, 1.404, 1.404, 1.404, 1.402, 1.402, 1.402, 1.404, 1.404, 1.404, 1.406, 1.406, 1.406, 1.406, 1.406, 1.406, 1.406, 1.404, 1.402, 1.402, 1.402, 1.4, 1.4, 1.4, 1.399, 1.399, 1.399, 1.399, 1.397, 1.397, 1.397, 1.397, 1.395, 1.395, 1.393, 1.393, 1.393, 1.393, 1.393, 1.393, 1.393, 1.395, 1.395, 1.397, 1.399, 1.399, 1.399, 1.397, 1.397, 1.397, 1.397, 1.395, 1.395, 1.395, 1.395, 1.395, 1.395, 1.395, 1.395, 1.397, 1.397, 1.397, 1.397, 1.397, 1.399, 1.399, 1.4, 1.4, 1.4, 1.399, 1.399, 1.399, 1.399, 1.399, 1.4, 1.4, 1.4, 1.4, 1.4, 1.4, 1.4, 1.399, 1.397, 1.397, 1.397, 1.395, 1.395, 1.395, 1.397, 1.397, 1.397, 1.397, 1.397, 1.395, 1.393, 1.393, 1.391, 1.39, 1.388, 1.386, 1.386, 1.384, 1.384, 1.384, 1.384, 1.384, 1.384, 1.384, 1.384, 1.384, 1.386, 1.388, 1.388, 1.39, 1.39, 1.39, 1.39, 1.388, 1.388, 1.386, 1.384, 1.384, 1.384, 1.382, 1.382, 1.382, 1.382, 1.381, 1.382, 1.382, 1.382, 1.382, 1.384, 1.384, 1.386, 1.386, 1.388, 1.388, 1.388, 1.388, 1.386, 1.386, 1.384, 1.382, 1.382, 1.381, 1.381, 1.381, 1.382, 1.384, 1.384, 1.384, 1.384, 1.384, 1.384, 1.382, 1.381, 1.379, 1.379, 1.379, 1.379, 1.381, 1.381, 1.382, 1.384, 1.386, 1.39, 1.391, 1.393, 1.395, 1.397, 1.397, 1.399, 1.4, 1.404, 1.41, 1.415, 1.423, 1.432, 1.444, 1.454, 1.464, 1.473, 1.48, 1.486, 1.49, 1.491, 1.492, 1.492, 1.491, 1.491, 1.49, 1.49, 1.489, 1.489, 1.489, 1.489, 1.489, 1.49, 1.49, 1.49, 1.49, 1.49, 1.489, 1.488, 1.488, 1.486, 1.485, 1.484, 1.483, 1.482, 1.481, 1.48, 1.48, 1.479, 1.479, 1.479, 1.479, 1.48, 1.48, 1.48, 1.48, 1.481, 1.481, 1.482, 1.482, 1.481, 1.481, 1.48, 1.479, 1.478, 1.478, 1.478, 1.477, 1.477, 1.476, 1.476, 1.476, 1.476, 1.475, 1.474, 1.474, 1.474, 1.474, 1.474, 1.474, 1.474, 1.474, 1.475, 1.476, 1.476, 1.477, 1.478, 1.478, 1.478, 1.478, 1.477, 1.476, 1.475, 1.473, 1.472, 1.471, 1.468, 1.468, 1.468, 1.47, 1.471, 1.471, 1.472, 1.476, 1.477, 1.481, 1.482, 1.484, 1.485, 1.486, 1.485, 1.484, 1.483, 1.477, 1.477, 1.474, 1.47, 1.468, 1.466, 1.466, 1.466, 1.464, 1.462, 1.462, 1.462, 1.462, 1.462, 1.462, 1.462, 1.462, 1.462, 1.462, 1.462, 1.464, 1.464, 1.466, 1.468, 1.469, 1.47, 1.47, 1.471, 1.472, 1.472, 1.472, 1.472, 0, 
1.526, 1.526, 1.527, 1.527, 1.528, 1.528, 1.531, 1.531, 1.531, 1.531, 1.532, 1.532, 1.533, 1.533, 1.533, 1.533, 1.533, 1.533, 1.532, 1.532, 1.528, 1.527, 1.526, 1.525, 1.524, 1.524, 1.52, 1.52, 1.519, 1.518, 1.517, 1.516, 1.517, 1.517, 1.518, 1.52, 1.522, 1.526, 1.528, 1.531, 1.536, 1.537, 1.538, 1.539, 1.539, 1.538, 1.537, 1.537, 1.533, 1.532, 1.528, 1.527, 1.524, 1.524, 1.521, 1.521, 1.521, 1.521, 1.521, 1.522, 1.522, 1.523, 1.524, 1.525, 1.526, 1.527, 1.528, 1.528, 1.528, 1.528, 1.527, 1.526, 1.525, 1.52, 1.52, 1.52, 1.516, 1.512, 1.512, 1.511, 1.511, 1.511, 1.511, 1.512, 1.517, 1.517, 1.521, 1.522, 1.523, 1.524, 1.525, 1.526, 1.527, 1.527, 1.527, 1.526, 1.526, 1.525, 1.524, 1.523, 1.522, 1.521, 1.52, 1.52, 1.52, 1.52, 1.52, 1.52, 1.521, 1.522, 1.524, 1.524, 1.526, 1.527, 1.528, 1.528, 1.528, 1.527, 1.527, 1.526, 1.526, 1.525, 1.525, 1.525, 1.525, 1.525, 1.525, 1.524, 1.524, 1.524, 1.524, 1.523, 1.522, 1.522, 1.52, 1.52, 1.518, 1.517, 1.513, 1.509, 1.499, 1.486, 1.474, 1.46, 1.448, 1.436, 1.425, 1.417, 1.412, 1.41, 1.408, 1.406, 1.406, 1.406, 1.406, 1.406, 1.406, 1.406, 1.406, 1.406, 1.406, 1.406, 1.408, 1.408, 1.406, 1.406, 1.406, 1.406, 1.404, 1.404, 1.402, 1.402, 1.402, 1.402, 1.402, 1.402, 1.404, 1.404, 1.406, 1.406, 1.406, 1.406, 1.406, 1.406, 1.406, 1.406, 1.404, 1.402, 1.402, 1.402, 1.4, 1.399, 1.399, 1.399, 1.399, 1.399, 1.397, 1.397, 1.397, 1.397, 1.395, 1.395, 1.395, 1.393, 1.393, 1.393, 1.393, 1.393, 1.395, 1.395, 1.395, 1.397, 1.399, 1.399, 1.399, 1.399, 1.397, 1.397, 1.397, 1.395, 1.395, 1.395, 1.395, 1.395, 1.395, 1.395, 1.395, 1.395, 1.395, 1.397, 1.397, 1.397, 1.399, 1.4, 1.4, 1.4, 1.4, 1.4, 1.4, 1.4, 1.4, 1.4, 1.4, 1.4, 1.4, 1.4, 1.4, 1.4, 1.399, 1.397, 1.397, 1.397, 1.395, 1.395, 1.395, 1.395, 1.397, 1.397, 1.397, 1.397, 1.397, 1.395, 1.395, 1.393, 1.391, 1.39, 1.39, 1.388, 1.386, 1.384, 1.384, 1.384, 1.384, 1.384, 1.384, 1.384, 1.384, 1.384, 1.386, 1.388, 1.388, 1.39, 1.39, 1.39, 1.39, 1.39, 1.388, 1.386, 1.384, 1.384, 1.384, 1.382, 1.382, 1.382, 1.381, 1.381, 1.381, 1.382, 1.382, 1.382, 1.384, 1.384, 1.386, 1.386, 1.388, 1.388, 1.388, 1.388, 1.386, 1.386, 1.384, 1.382, 1.382, 1.381, 1.381, 1.381, 1.382, 1.382, 1.384, 1.384, 1.384, 1.384, 1.382, 1.382, 1.381, 1.379, 1.379, 1.379, 1.379, 1.379, 1.381, 1.382, 1.384, 1.386, 1.39, 1.391, 1.393, 1.395, 1.397, 1.397, 1.399, 1.4, 1.404, 1.408, 1.415, 1.423, 1.432, 1.444, 1.454, 1.464, 1.473, 1.48, 1.485, 1.489, 1.49, 1.49, 1.49, 1.49, 1.49, 1.49, 1.489, 1.489, 1.488, 1.488, 1.488, 1.489, 1.49, 1.49, 1.49, 1.49, 1.49, 1.489, 1.488, 1.488, 1.487, 1.486, 1.484, 1.483, 1.482, 1.482, 1.48, 1.48, 1.48, 1.479, 1.478, 1.479, 1.479, 1.48, 1.48, 1.48, 1.48, 1.481, 1.481, 1.481, 1.481, 1.48, 1.48, 1.479, 1.478, 1.478, 1.478, 1.477, 1.477, 1.476, 1.476, 1.476, 1.476, 1.475, 1.474, 1.474, 1.474, 1.474, 1.474, 1.474, 1.474, 1.474, 1.475, 1.476, 1.476, 1.477, 1.478, 1.478, 1.479, 1.478, 1.477, 1.476, 1.475, 1.474, 1.473, 1.471, 1.47, 1.47, 1.47, 1.47, 1.471, 1.471, 1.472, 1.476, 1.477, 1.481, 1.483, 1.484, 1.485, 1.486, 1.485, 1.484, 1.483, 1.477, 1.477, 1.473, 1.47, 1.468, 1.466, 1.464, 1.464, 1.464, 1.462, 1.462, 1.462, 1.462, 1.462, 1.462, 1.462, 1.462, 1.462, 1.462, 1.462, 1.464, 1.464, 1.466, 1.468, 1.469, 1.47, 1.47, 1.471, 1.472, 1.472, 1.472, 1.472, 0, 
1.526, 1.526, 1.527, 1.527, 1.528, 1.528, 1.531, 1.531, 1.531, 1.532, 1.532, 1.533, 1.534, 1.534, 1.534, 1.534, 1.533, 1.533, 1.533, 1.532, 1.528, 1.527, 1.527, 1.525, 1.524, 1.524, 1.52, 1.52, 1.518, 1.518, 1.517, 1.516, 1.516, 1.517, 1.518, 1.52, 1.521, 1.524, 1.528, 1.531, 1.536, 1.537, 1.538, 1.539, 1.538, 1.538, 1.537, 1.535, 1.533, 1.532, 1.527, 1.526, 1.525, 1.524, 1.523, 1.522, 1.522, 1.522, 1.522, 1.523, 1.523, 1.524, 1.524, 1.526, 1.526, 1.527, 1.528, 1.528, 1.528, 1.528, 1.528, 1.527, 1.524, 1.522, 1.521, 1.52, 1.516, 1.516, 1.512, 1.512, 1.511, 1.511, 1.511, 1.516, 1.517, 1.519, 1.521, 1.522, 1.524, 1.525, 1.526, 1.527, 1.527, 1.528, 1.527, 1.526, 1.526, 1.524, 1.524, 1.523, 1.522, 1.52, 1.52, 1.519, 1.519, 1.519, 1.519, 1.519, 1.52, 1.521, 1.524, 1.525, 1.526, 1.527, 1.528, 1.528, 1.528, 1.527, 1.526, 1.526, 1.525, 1.525, 1.524, 1.524, 1.524, 1.524, 1.524, 1.524, 1.524, 1.524, 1.523, 1.523, 1.522, 1.521, 1.52, 1.519, 1.518, 1.517, 1.513, 1.509, 1.5, 1.487, 1.474, 1.46, 1.448, 1.436, 1.425, 1.417, 1.412, 1.408, 1.408, 1.406, 1.406, 1.406, 1.406, 1.406, 1.406, 1.406, 1.406, 1.406, 1.406, 1.406, 1.408, 1.408, 1.406, 1.406, 1.406, 1.406, 1.404, 1.404, 1.402, 1.402, 1.402, 1.402, 1.402, 1.402, 1.402, 1.404, 1.406, 1.406, 1.406, 1.408, 1.408, 1.406, 1.406, 1.406, 1.404, 1.402, 1.402, 1.402, 1.4, 1.399, 1.399, 1.399, 1.399, 1.399, 1.399, 1.399, 1.397, 1.397, 1.397, 1.397, 1.395, 1.395, 1.395, 1.393, 1.393, 1.393, 1.395, 1.395, 1.397, 1.397, 1.399, 1.399, 1.399, 1.399, 1.397, 1.397, 1.397, 1.397, 1.395, 1.395, 1.395, 1.395, 1.395, 1.395, 1.395, 1.395, 1.395, 1.397, 1.397, 1.397, 1.399, 1.4, 1.4, 1.4, 1.4, 1.4, 1.4, 1.4, 1.4, 1.4, 1.4, 1.4, 1.4, 1.4, 1.4, 1.4, 1.399, 1.397, 1.397, 1.397, 1.395, 1.395, 1.395, 1.395, 1.397, 1.397, 1.397, 1.397, 1.397, 1.397, 1.397, 1.395, 1.393, 1.391, 1.39, 1.388, 1.386, 1.386, 1.384, 1.384, 1.384, 1.384, 1.384, 1.384, 1.384, 1.386, 1.388, 1.388, 1.39, 1.39, 1.391, 1.391, 1.39, 1.39, 1.388, 1.386, 1.386, 1.384, 1.384, 1.382, 1.382, 1.382, 1.381, 1.381, 1.382, 1.382, 1.382, 1.382, 1.384, 1.384, 1.386, 1.386, 1.388, 1.388, 1.388, 1.388, 1.386, 1.386, 1.384, 1.382, 1.382, 1.381, 1.381, 1.381, 1.382, 1.382, 1.384, 1.384, 1.384, 1.382, 1.382, 1.382, 1.381, 1.379, 1.379, 1.379, 1.379, 1.379, 1.381, 1.382, 1.384, 1.388, 1.39, 1.391, 1.395, 1.395, 1.395, 1.397, 1.399, 1.4, 1.404, 1.408, 1.415, 1.423, 1.434, 1.444, 1.454, 1.464, 1.472, 1.48, 1.484, 1.488, 1.489, 1.489, 1.49, 1.49, 1.49, 1.489, 1.489, 1.488, 1.488, 1.488, 1.488, 1.489, 1.49, 1.49, 1.49, 1.49, 1.49, 1.49, 1.489, 1.488, 1.487, 1.486, 1.485, 1.484, 1.482, 1.482, 1.481, 1.48, 1.48, 1.479, 1.478, 1.478, 1.479, 1.48, 1.48, 1.48, 1.48, 1.48, 1.48, 1.48, 1.48, 1.48, 1.479, 1.478, 1.478, 1.478, 1.477, 1.477, 1.477, 1.476, 1.476, 1.476, 1.476, 1.475, 1.474, 1.474, 1.474, 1.474, 1.474, 1.474, 1.474, 1.474, 1.475, 1.475, 1.476, 1.477, 1.478, 1.478, 1.479, 1.479, 1.478, 1.477, 1.476, 1.475, 1.473, 1.472, 1.471, 1.47, 1.47, 1.47, 1.471, 1.472, 1.472, 1.476, 1.477, 1.482, 1.483, 1.484, 1.485, 1.486, 1.485, 1.484, 1.483, 1.477, 1.477, 1.473, 1.47, 1.468, 1.466, 1.464, 1.464, 1.462, 1.462, 1.462, 1.462, 1.462, 1.462, 1.462, 1.462, 1.462, 1.462, 1.462, 1.462, 1.464, 1.464, 1.466, 1.468, 1.468, 1.47, 1.47, 1.471, 1.472, 1.472, 1.472, 1.472, 0, 
1.527, 1.527, 1.527, 1.528, 1.528, 1.528, 1.531, 1.531, 1.532, 1.533, 1.533, 1.534, 1.534, 1.535, 1.535, 1.535, 1.534, 1.534, 1.533, 1.532, 1.532, 1.528, 1.527, 1.526, 1.525, 1.524, 1.52, 1.52, 1.518, 1.518, 1.517, 1.516, 1.516, 1.517, 1.518, 1.52, 1.522, 1.523, 1.528, 1.531, 1.536, 1.537, 1.538, 1.539, 1.538, 1.537, 1.537, 1.533, 1.533, 1.528, 1.527, 1.526, 1.525, 1.524, 1.523, 1.523, 1.523, 1.523, 1.523, 1.524, 1.524, 1.524, 1.525, 1.526, 1.526, 1.527, 1.528, 1.528, 1.528, 1.528, 1.528, 1.528, 1.524, 1.523, 1.522, 1.52, 1.516, 1.516, 1.512, 1.512, 1.512, 1.512, 1.512, 1.517, 1.518, 1.52, 1.522, 1.523, 1.525, 1.526, 1.527, 1.528, 1.528, 1.528, 1.527, 1.526, 1.525, 1.524, 1.523, 1.522, 1.521, 1.52, 1.519, 1.518, 1.518, 1.518, 1.518, 1.519, 1.52, 1.52, 1.524, 1.525, 1.526, 1.527, 1.528, 1.528, 1.527, 1.527, 1.526, 1.526, 1.525, 1.524, 1.524, 1.524, 1.524, 1.524, 1.524, 1.524, 1.523, 1.523, 1.523, 1.522, 1.521, 1.52, 1.52, 1.519, 1.518, 1.517, 1.513, 1.51, 1.501, 1.488, 1.475, 1.462, 1.45, 1.436, 1.425, 1.417, 1.412, 1.408, 1.408, 1.406, 1.406, 1.406, 1.406, 1.406, 1.406, 1.406, 1.406, 1.406, 1.406, 1.406, 1.406, 1.408, 1.406, 1.406, 1.406, 1.406, 1.404, 1.402, 1.402, 1.402, 1.4, 1.4, 1.402, 1.402, 1.402, 1.404, 1.406, 1.406, 1.406, 1.408, 1.408, 1.408, 1.406, 1.406, 1.404, 1.404, 1.402, 1.402, 1.4, 1.399, 1.399, 1.399, 1.399, 1.399, 1.399, 1.399, 1.399, 1.397, 1.397, 1.397, 1.395, 1.395, 1.395, 1.395, 1.395, 1.395, 1.395, 1.397, 1.397, 1.399, 1.399, 1.399, 1.399, 1.399, 1.397, 1.397, 1.397, 1.397, 1.395, 1.395, 1.395, 1.395, 1.395, 1.395, 1.395, 1.395, 1.395, 1.397, 1.397, 1.397, 1.399, 1.4, 1.4, 1.4, 1.402, 1.4, 1.4, 1.4, 1.4, 1.4, 1.4, 1.4, 1.4, 1.4, 1.4, 1.4, 1.399, 1.397, 1.397, 1.397, 1.397, 1.395, 1.395, 1.397, 1.397, 1.397, 1.397, 1.399, 1.399, 1.397, 1.397, 1.395, 1.393, 1.393, 1.39, 1.39, 1.388, 1.386, 1.384, 1.384, 1.384, 1.384, 1.384, 1.384, 1.384, 1.386, 1.388, 1.388, 1.39, 1.391, 1.391, 1.391, 1.391, 1.39, 1.388, 1.386, 1.386, 1.384, 1.384, 1.382, 1.382, 1.382, 1.382, 1.382, 1.382, 1.382, 1.384, 1.384, 1.384, 1.384, 1.386, 1.386, 1.388, 1.388, 1.388, 1.388, 1.388, 1.386, 1.386, 1.384, 1.384, 1.384, 1.384, 1.382, 1.382, 1.384, 1.384, 1.384, 1.384, 1.382, 1.382, 1.382, 1.381, 1.381, 1.379, 1.379, 1.381, 1.381, 1.382, 1.384, 1.386, 1.388, 1.391, 1.391, 1.393, 1.395, 1.395, 1.395, 1.399, 1.4, 1.404, 1.408, 1.415, 1.425, 1.434, 1.444, 1.456, 1.464, 1.472, 1.479, 1.484, 1.487, 1.488, 1.488, 1.489, 1.489, 1.489, 1.489, 1.488, 1.488, 1.488, 1.488, 1.489, 1.489, 1.49, 1.49, 1.49, 1.49, 1.49, 1.49, 1.489, 1.488, 1.488, 1.486, 1.485, 1.484, 1.483, 1.482, 1.481, 1.48, 1.48, 1.479, 1.478, 1.478, 1.479, 1.479, 1.48, 1.48, 1.48, 1.48, 1.48, 1.48, 1.479, 1.479, 1.478, 1.478, 1.477, 1.476, 1.476, 1.476, 1.476, 1.476, 1.476, 1.476, 1.475, 1.475, 1.474, 1.474, 1.474, 1.474, 1.474, 1.474, 1.474, 1.474, 1.474, 1.475, 1.476, 1.476, 1.478, 1.478, 1.479, 1.479, 1.479, 1.478, 1.477, 1.475, 1.474, 1.472, 1.471, 1.471, 1.47, 1.47, 1.471, 1.472, 1.472, 1.477, 1.477, 1.483, 1.484, 1.485, 1.486, 1.486, 1.486, 1.484, 1.483, 1.477, 1.477, 1.472, 1.47, 1.468, 1.466, 1.464, 1.464, 1.462, 1.462, 1.462, 1.462, 1.462, 1.462, 1.462, 1.462, 1.462, 1.462, 1.462, 1.464, 1.464, 1.466, 1.466, 1.468, 1.469, 1.47, 1.47, 1.471, 1.472, 1.472, 1.472, 1.472, 0, 
1.527, 1.527, 1.528, 1.528, 1.528, 1.528, 1.531, 1.531, 1.532, 1.533, 1.533, 1.534, 1.535, 1.535, 1.536, 1.536, 1.535, 1.535, 1.534, 1.533, 1.532, 1.528, 1.527, 1.526, 1.525, 1.524, 1.52, 1.52, 1.519, 1.518, 1.517, 1.516, 1.516, 1.517, 1.518, 1.52, 1.522, 1.523, 1.528, 1.531, 1.536, 1.537, 1.538, 1.538, 1.538, 1.537, 1.536, 1.533, 1.532, 1.528, 1.527, 1.526, 1.525, 1.524, 1.524, 1.524, 1.524, 1.524, 1.524, 1.524, 1.524, 1.525, 1.525, 1.526, 1.526, 1.527, 1.528, 1.528, 1.528, 1.528, 1.528, 1.528, 1.524, 1.524, 1.523, 1.52, 1.517, 1.516, 1.513, 1.513, 1.513, 1.513, 1.516, 1.517, 1.519, 1.52, 1.522, 1.524, 1.526, 1.527, 1.528, 1.528, 1.528, 1.528, 1.527, 1.526, 1.525, 1.524, 1.523, 1.522, 1.52, 1.519, 1.518, 1.518, 1.517, 1.517, 1.518, 1.519, 1.52, 1.52, 1.524, 1.524, 1.526, 1.527, 1.528, 1.528, 1.527, 1.527, 1.526, 1.526, 1.525, 1.524, 1.524, 1.524, 1.524, 1.524, 1.524, 1.523, 1.523, 1.522, 1.522, 1.521, 1.521, 1.52, 1.52, 1.519, 1.518, 1.517, 1.513, 1.511, 1.503, 1.49, 1.476, 1.462, 1.45, 1.438, 1.427, 1.419, 1.412, 1.408, 1.406, 1.406, 1.406, 1.406, 1.406, 1.406, 1.406, 1.406, 1.406, 1.406, 1.406, 1.406, 1.406, 1.408, 1.406, 1.406, 1.406, 1.404, 1.404, 1.402, 1.402, 1.402, 1.4, 1.4, 1.4, 1.402, 1.402, 1.404, 1.406, 1.406, 1.408, 1.408, 1.408, 1.408, 1.408, 1.406, 1.406, 1.404, 1.402, 1.402, 1.4, 1.4, 1.4, 1.399, 1.399, 1.399, 1.399, 1.399, 1.399, 1.399, 1.397, 1.397, 1.397, 1.397, 1.395, 1.395, 1.395, 1.395, 1.397, 1.397, 1.397, 1.399, 1.399, 1.399, 1.399, 1.399, 1.399, 1.397, 1.397, 1.397, 1.395, 1.395, 1.395, 1.395, 1.395, 1.395, 1.395, 1.395, 1.395, 1.397, 1.397, 1.399, 1.399, 1.4, 1.4, 1.402, 1.402, 1.4, 1.4, 1.4, 1.4, 1.4, 1.4, 1.4, 1.4, 1.399, 1.399, 1.399, 1.399, 1.397, 1.397, 1.395, 1.395, 1.395, 1.395, 1.395, 1.397, 1.397, 1.397, 1.399, 1.399, 1.399, 1.397, 1.395, 1.395, 1.393, 1.391, 1.39, 1.388, 1.386, 1.384, 1.384, 1.384, 1.384, 1.384, 1.384, 1.384, 1.386, 1.388, 1.388, 1.39, 1.391, 1.391, 1.391, 1.391, 1.391, 1.388, 1.388, 1.386, 1.384, 1.384, 1.384, 1.382, 1.382, 1.382, 1.382, 1.382, 1.384, 1.384, 1.384, 1.384, 1.386, 1.386, 1.386, 1.388, 1.388, 1.388, 1.388, 1.388, 1.388, 1.388, 1.386, 1.386, 1.384, 1.384, 1.384, 1.384, 1.384, 1.384, 1.384, 1.384, 1.382, 1.382, 1.382, 1.381, 1.381, 1.381, 1.381, 1.381, 1.382, 1.382, 1.384, 1.386, 1.388, 1.39, 1.391, 1.391, 1.393, 1.393, 1.395, 1.397, 1.4, 1.404, 1.41, 1.417, 1.427, 1.436, 1.446, 1.456, 1.464, 1.472, 1.478, 1.483, 1.486, 1.487, 1.488, 1.488, 1.488, 1.488, 1.488, 1.488, 1.488, 1.488, 1.488, 1.489, 1.49, 1.49, 1.49, 1.49, 1.49, 1.49, 1.49, 1.49, 1.489, 1.488, 1.487, 1.486, 1.484, 1.483, 1.482, 1.481, 1.48, 1.48, 1.479, 1.478, 1.478, 1.479, 1.479, 1.48, 1.48, 1.48, 1.48, 1.479, 1.479, 1.478, 1.478, 1.478, 1.477, 1.476, 1.476, 1.476, 1.476, 1.476, 1.475, 1.475, 1.475, 1.475, 1.474, 1.474, 1.474, 1.474, 1.474, 1.473, 1.474, 1.474, 1.474, 1.474, 1.475, 1.476, 1.476, 1.478, 1.478, 1.479, 1.48, 1.48, 1.479, 1.478, 1.476, 1.475, 1.473, 1.472, 1.471, 1.471, 1.471, 1.471, 1.472, 1.473, 1.477, 1.477, 1.483, 1.484, 1.485, 1.487, 1.487, 1.487, 1.483, 1.483, 1.477, 1.477, 1.472, 1.47, 1.468, 1.466, 1.464, 1.464, 1.464, 1.462, 1.462, 1.462, 1.462, 1.462, 1.462, 1.462, 1.462, 1.462, 1.462, 1.464, 1.464, 1.466, 1.466, 1.468, 1.469, 1.47, 1.471, 1.471, 1.472, 1.472, 1.472, 1.472, 0, 
1.531, 1.531, 1.528, 1.528, 1.528, 1.528, 1.531, 1.531, 1.532, 1.533, 1.533, 1.534, 1.535, 1.535, 1.536, 1.536, 1.536, 1.535, 1.534, 1.533, 1.532, 1.528, 1.527, 1.526, 1.525, 1.524, 1.521, 1.52, 1.519, 1.518, 1.517, 1.517, 1.517, 1.517, 1.518, 1.519, 1.523, 1.524, 1.528, 1.531, 1.536, 1.537, 1.538, 1.538, 1.537, 1.537, 1.535, 1.533, 1.532, 1.528, 1.527, 1.526, 1.525, 1.524, 1.524, 1.524, 1.524, 1.525, 1.525, 1.525, 1.526, 1.526, 1.526, 1.526, 1.526, 1.527, 1.527, 1.528, 1.528, 1.528, 1.528, 1.528, 1.524, 1.524, 1.524, 1.519, 1.518, 1.517, 1.516, 1.513, 1.513, 1.513, 1.517, 1.518, 1.52, 1.522, 1.523, 1.525, 1.526, 1.527, 1.528, 1.528, 1.528, 1.528, 1.527, 1.526, 1.525, 1.524, 1.522, 1.521, 1.52, 1.519, 1.518, 1.517, 1.517, 1.517, 1.518, 1.518, 1.52, 1.52, 1.523, 1.524, 1.526, 1.526, 1.527, 1.528, 1.527, 1.526, 1.526, 1.526, 1.525, 1.525, 1.524, 1.524, 1.524, 1.524, 1.523, 1.522, 1.522, 1.522, 1.521, 1.521, 1.52, 1.52, 1.52, 1.519, 1.518, 1.517, 1.513, 1.512, 1.505, 1.491, 1.478, 1.464, 1.452, 1.44, 1.427, 1.419, 1.412, 1.408, 1.406, 1.406, 1.406, 1.406, 1.406, 1.406, 1.406, 1.406, 1.406, 1.406, 1.406, 1.406, 1.406, 1.406, 1.406, 1.406, 1.406, 1.404, 1.404, 1.402, 1.402, 1.4, 1.4, 1.4, 1.4, 1.402, 1.402, 1.404, 1.406, 1.406, 1.408, 1.408, 1.41, 1.408, 1.408, 1.406, 1.406, 1.404, 1.402, 1.402, 1.402, 1.4, 1.4, 1.4, 1.399, 1.399, 1.399, 1.399, 1.399, 1.399, 1.397, 1.397, 1.397, 1.397, 1.397, 1.395, 1.395, 1.397, 1.397, 1.397, 1.399, 1.399, 1.399, 1.399, 1.399, 1.399, 1.399, 1.397, 1.397, 1.397, 1.397, 1.397, 1.395, 1.395, 1.395, 1.395, 1.395, 1.395, 1.395, 1.397, 1.397, 1.397, 1.399, 1.4, 1.4, 1.402, 1.402, 1.4, 1.4, 1.4, 1.4, 1.4, 1.4, 1.4, 1.4, 1.399, 1.399, 1.399, 1.399, 1.397, 1.395, 1.395, 1.395, 1.395, 1.395, 1.395, 1.395, 1.395, 1.397, 1.399, 1.399, 1.399, 1.397, 1.395, 1.395, 1.393, 1.391, 1.39, 1.388, 1.388, 1.386, 1.386, 1.384, 1.384, 1.384, 1.384, 1.384, 1.386, 1.388, 1.388, 1.39, 1.391, 1.391, 1.393, 1.391, 1.391, 1.39, 1.388, 1.388, 1.386, 1.384, 1.384, 1.384, 1.384, 1.384, 1.384, 1.384, 1.384, 1.384, 1.384, 1.386, 1.386, 1.386, 1.388, 1.388, 1.388, 1.388, 1.388, 1.388, 1.388, 1.388, 1.388, 1.388, 1.386, 1.386, 1.386, 1.384, 1.384, 1.384, 1.384, 1.384, 1.382, 1.382, 1.381, 1.381, 1.381, 1.381, 1.381, 1.382, 1.382, 1.384, 1.384, 1.388, 1.388, 1.39, 1.391, 1.391, 1.391, 1.391, 1.393, 1.395, 1.4, 1.404, 1.412, 1.417, 1.427, 1.436, 1.446, 1.456, 1.466, 1.472, 1.478, 1.482, 1.486, 1.486, 1.487, 1.488, 1.488, 1.488, 1.488, 1.488, 1.488, 1.488, 1.489, 1.489, 1.49, 1.49, 1.49, 1.49, 1.491, 1.491, 1.491, 1.491, 1.49, 1.488, 1.487, 1.486, 1.485, 1.484, 1.482, 1.481, 1.48, 1.48, 1.479, 1.479, 1.478, 1.478, 1.479, 1.48, 1.48, 1.48, 1.479, 1.479, 1.478, 1.478, 1.478, 1.477, 1.476, 1.476, 1.475, 1.475, 1.475, 1.475, 1.475, 1.475, 1.474, 1.474, 1.474, 1.474, 1.473, 1.473, 1.473, 1.473, 1.473, 1.473, 1.473, 1.474, 1.474, 1.475, 1.476, 1.477, 1.478, 1.479, 1.48, 1.48, 1.479, 1.478, 1.477, 1.476, 1.474, 1.473, 1.472, 1.472, 1.472, 1.472, 1.472, 1.473, 1.476, 1.477, 1.483, 1.484, 1.486, 1.487, 1.487, 1.487, 1.483, 1.483, 1.477, 1.477, 1.472, 1.471, 1.468, 1.466, 1.464, 1.464, 1.464, 1.464, 1.464, 1.464, 1.464, 1.462, 1.462, 1.462, 1.462, 1.464, 1.464, 1.464, 1.464, 1.466, 1.468, 1.469, 1.47, 1.47, 1.471, 1.472, 1.472, 1.472, 1.472, 1.472, 0, 
1.532, 1.532, 1.531, 1.531, 1.528, 1.528, 1.531, 1.531, 1.532, 1.533, 1.534, 1.535, 1.535, 1.536, 1.536, 1.537, 1.536, 1.535, 1.534, 1.533, 1.532, 1.528, 1.527, 1.526, 1.524, 1.524, 1.522, 1.52, 1.52, 1.519, 1.518, 1.518, 1.518, 1.518, 1.519, 1.52, 1.524, 1.525, 1.528, 1.531, 1.536, 1.537, 1.538, 1.538, 1.537, 1.536, 1.535, 1.533, 1.532, 1.527, 1.527, 1.526, 1.525, 1.524, 1.524, 1.525, 1.525, 1.526, 1.526, 1.526, 1.526, 1.526, 1.526, 1.526, 1.526, 1.527, 1.527, 1.528, 1.528, 1.528, 1.528, 1.528, 1.524, 1.524, 1.524, 1.519, 1.518, 1.517, 1.516, 1.516, 1.516, 1.516, 1.517, 1.519, 1.52, 1.522, 1.524, 1.526, 1.527, 1.528, 1.528, 1.528, 1.528, 1.528, 1.527, 1.526, 1.524, 1.524, 1.522, 1.521, 1.52, 1.519, 1.518, 1.517, 1.517, 1.517, 1.518, 1.519, 1.52, 1.521, 1.522, 1.524, 1.525, 1.526, 1.527, 1.527, 1.527, 1.526, 1.526, 1.526, 1.526, 1.525, 1.524, 1.524, 1.524, 1.524, 1.523, 1.522, 1.521, 1.521, 1.521, 1.52, 1.52, 1.52, 1.52, 1.519, 1.518, 1.517, 1.516, 1.512, 1.506, 1.492, 1.478, 1.466, 1.454, 1.44, 1.429, 1.421, 1.412, 1.408, 1.406, 1.406, 1.406, 1.406, 1.406, 1.406, 1.406, 1.406, 1.406, 1.406, 1.406, 1.406, 1.406, 1.406, 1.406, 1.406, 1.406, 1.404, 1.404, 1.402, 1.402, 1.4, 1.4, 1.4, 1.4, 1.402, 1.402, 1.404, 1.406, 1.406, 1.408, 1.41, 1.41, 1.41, 1.408, 1.408, 1.406, 1.406, 1.404, 1.402, 1.402, 1.4, 1.4, 1.4, 1.4, 1.399, 1.399, 1.399, 1.399, 1.399, 1.399, 1.397, 1.397, 1.397, 1.397, 1.397, 1.397, 1.397, 1.397, 1.397, 1.399, 1.399, 1.4, 1.4, 1.4, 1.4, 1.399, 1.399, 1.397, 1.397, 1.397, 1.397, 1.397, 1.397, 1.395, 1.395, 1.395, 1.395, 1.395, 1.397, 1.397, 1.397, 1.399, 1.4, 1.4, 1.402, 1.402, 1.402, 1.402, 1.4, 1.4, 1.4, 1.4, 1.4, 1.4, 1.4, 1.399, 1.399, 1.399, 1.397, 1.395, 1.395, 1.395, 1.395, 1.395, 1.395, 1.395, 1.395, 1.395, 1.397, 1.397, 1.397, 1.395, 1.395, 1.393, 1.391, 1.391, 1.39, 1.388, 1.388, 1.386, 1.386, 1.386, 1.384, 1.384, 1.384, 1.386, 1.386, 1.388, 1.39, 1.391, 1.391, 1.393, 1.393, 1.393, 1.391, 1.391, 1.39, 1.388, 1.388, 1.388, 1.386, 1.386, 1.386, 1.386, 1.386, 1.386, 1.386, 1.386, 1.386, 1.386, 1.388, 1.388, 1.388, 1.388, 1.388, 1.388, 1.388, 1.388, 1.388, 1.388, 1.388, 1.388, 1.388, 1.388, 1.386, 1.384, 1.384, 1.384, 1.382, 1.382, 1.381, 1.381, 1.381, 1.381, 1.381, 1.381, 1.381, 1.382, 1.384, 1.384, 1.386, 1.388, 1.388, 1.388, 1.39, 1.39, 1.391, 1.391, 1.391, 1.395, 1.399, 1.406, 1.412, 1.419, 1.427, 1.438, 1.448, 1.458, 1.466, 1.472, 1.478, 1.482, 1.485, 1.486, 1.486, 1.487, 1.488, 1.488, 1.488, 1.488, 1.488, 1.488, 1.489, 1.49, 1.49, 1.49, 1.491, 1.491, 1.491, 1.492, 1.492, 1.491, 1.49, 1.489, 1.488, 1.487, 1.486, 1.485, 1.483, 1.482, 1.481, 1.48, 1.48, 1.479, 1.479, 1.478, 1.479, 1.479, 1.48, 1.48, 1.479, 1.478, 1.478, 1.478, 1.477, 1.476, 1.476, 1.475, 1.474, 1.474, 1.474, 1.474, 1.474, 1.474, 1.474, 1.474, 1.474, 1.474, 1.473, 1.472, 1.472, 1.472, 1.472, 1.472, 1.473, 1.474, 1.474, 1.475, 1.476, 1.477, 1.478, 1.479, 1.48, 1.48, 1.48, 1.479, 1.478, 1.476, 1.475, 1.473, 1.472, 1.472, 1.472, 1.472, 1.473, 1.474, 1.476, 1.477, 1.482, 1.485, 1.486, 1.487, 1.487, 1.487, 1.483, 1.483, 1.477, 1.477, 1.472, 1.471, 1.468, 1.466, 1.464, 1.464, 1.464, 1.464, 1.464, 1.464, 1.464, 1.464, 1.464, 1.464, 1.464, 1.464, 1.464, 1.464, 1.466, 1.466, 1.468, 1.469, 1.47, 1.47, 1.471, 1.472, 1.472, 1.472, 1.472, 1.472, 0, 
1.533, 1.533, 1.532, 1.532, 1.532, 1.532, 1.532, 1.532, 1.533, 1.533, 1.534, 1.535, 1.535, 1.536, 1.537, 1.537, 1.536, 1.536, 1.535, 1.533, 1.532, 1.528, 1.527, 1.526, 1.524, 1.524, 1.522, 1.521, 1.52, 1.52, 1.519, 1.519, 1.519, 1.519, 1.52, 1.52, 1.525, 1.526, 1.527, 1.532, 1.536, 1.537, 1.538, 1.538, 1.537, 1.536, 1.535, 1.533, 1.532, 1.528, 1.527, 1.526, 1.525, 1.525, 1.525, 1.526, 1.526, 1.527, 1.527, 1.527, 1.527, 1.526, 1.526, 1.526, 1.526, 1.527, 1.527, 1.528, 1.528, 1.528, 1.528, 1.528, 1.524, 1.524, 1.524, 1.519, 1.518, 1.517, 1.516, 1.516, 1.516, 1.517, 1.518, 1.519, 1.522, 1.524, 1.525, 1.526, 1.527, 1.528, 1.528, 1.528, 1.528, 1.527, 1.526, 1.526, 1.524, 1.524, 1.522, 1.521, 1.52, 1.519, 1.518, 1.518, 1.518, 1.518, 1.518, 1.519, 1.52, 1.521, 1.522, 1.524, 1.525, 1.525, 1.526, 1.527, 1.527, 1.526, 1.526, 1.526, 1.526, 1.525, 1.524, 1.524, 1.524, 1.524, 1.523, 1.522, 1.521, 1.52, 1.52, 1.52, 1.52, 1.52, 1.52, 1.52, 1.519, 1.518, 1.517, 1.512, 1.507, 1.493, 1.48, 1.468, 1.456, 1.442, 1.43, 1.421, 1.413, 1.408, 1.408, 1.406, 1.406, 1.406, 1.406, 1.406, 1.406, 1.406, 1.406, 1.406, 1.406, 1.406, 1.406, 1.406, 1.406, 1.406, 1.406, 1.404, 1.404, 1.402, 1.402, 1.4, 1.4, 1.4, 1.402, 1.402, 1.404, 1.404, 1.406, 1.408, 1.41, 1.41, 1.41, 1.408, 1.408, 1.408, 1.406, 1.404, 1.404, 1.402, 1.402, 1.402, 1.4, 1.4, 1.4, 1.4, 1.4, 1.4, 1.4, 1.4, 1.399, 1.399, 1.397, 1.397, 1.397, 1.397, 1.397, 1.397, 1.397, 1.399, 1.399, 1.4, 1.4, 1.402, 1.402, 1.402, 1.4, 1.4, 1.4, 1.399, 1.399, 1.397, 1.397, 1.397, 1.397, 1.395, 1.395, 1.395, 1.395, 1.397, 1.397, 1.399, 1.399, 1.4, 1.402, 1.402, 1.402, 1.402, 1.402, 1.402, 1.402, 1.402, 1.4, 1.4, 1.4, 1.4, 1.399, 1.399, 1.397, 1.397, 1.395, 1.395, 1.395, 1.395, 1.395, 1.395, 1.395, 1.395, 1.395, 1.395, 1.397, 1.397, 1.395, 1.395, 1.393, 1.391, 1.391, 1.39, 1.388, 1.388, 1.388, 1.386, 1.386, 1.386, 1.386, 1.386, 1.386, 1.388, 1.388, 1.39, 1.391, 1.391, 1.393, 1.393, 1.393, 1.393, 1.393, 1.391, 1.39, 1.39, 1.39, 1.388, 1.388, 1.388, 1.388, 1.388, 1.388, 1.388, 1.388, 1.388, 1.388, 1.388, 1.388, 1.388, 1.388, 1.388, 1.388, 1.388, 1.388, 1.388, 1.388, 1.388, 1.388, 1.388, 1.388, 1.386, 1.384, 1.384, 1.384, 1.382, 1.381, 1.381, 1.381, 1.381, 1.381, 1.381, 1.381, 1.382, 1.382, 1.384, 1.384, 1.386, 1.388, 1.388, 1.388, 1.388, 1.388, 1.388, 1.39, 1.391, 1.393, 1.399, 1.406, 1.412, 1.419, 1.429, 1.44, 1.45, 1.46, 1.466, 1.472, 1.477, 1.481, 1.484, 1.485, 1.486, 1.487, 1.488, 1.488, 1.488, 1.488, 1.489, 1.489, 1.49, 1.49, 1.491, 1.491, 1.491, 1.492, 1.492, 1.492, 1.492, 1.492, 1.49, 1.49, 1.489, 1.488, 1.487, 1.485, 1.484, 1.483, 1.482, 1.481, 1.48, 1.48, 1.479, 1.479, 1.479, 1.479, 1.48, 1.479, 1.479, 1.478, 1.478, 1.477, 1.477, 1.476, 1.475, 1.474, 1.474, 1.474, 1.474, 1.474, 1.474, 1.474, 1.474, 1.474, 1.474, 1.473, 1.473, 1.472, 1.472, 1.472, 1.472, 1.472, 1.473, 1.473, 1.474, 1.475, 1.476, 1.477, 1.478, 1.479, 1.48, 1.48, 1.48, 1.48, 1.478, 1.477, 1.475, 1.474, 1.473, 1.472, 1.472, 1.472, 1.473, 1.474, 1.476, 1.477, 1.481, 1.485, 1.486, 1.486, 1.487, 1.487, 1.483, 1.483, 1.477, 1.477, 1.472, 1.471, 1.468, 1.468, 1.466, 1.464, 1.464, 1.464, 1.464, 1.464, 1.464, 1.464, 1.464, 1.464, 1.464, 1.464, 1.464, 1.464, 1.466, 1.466, 1.468, 1.469, 1.47, 1.471, 1.472, 1.472, 1.472, 1.472, 1.472, 1.472, 0, 
1.535, 1.534, 1.534, 1.533, 1.533, 1.533, 1.533, 1.533, 1.533, 1.534, 1.535, 1.535, 1.535, 1.536, 1.537, 1.537, 1.537, 1.536, 1.535, 1.533, 1.532, 1.528, 1.527, 1.526, 1.524, 1.524, 1.522, 1.521, 1.52, 1.52, 1.52, 1.52, 1.52, 1.52, 1.521, 1.522, 1.523, 1.527, 1.527, 1.532, 1.536, 1.537, 1.538, 1.538, 1.537, 1.536, 1.535, 1.533, 1.532, 1.528, 1.527, 1.527, 1.526, 1.526, 1.526, 1.527, 1.527, 1.527, 1.528, 1.528, 1.527, 1.526, 1.526, 1.526, 1.526, 1.527, 1.527, 1.528, 1.528, 1.528, 1.528, 1.528, 1.524, 1.524, 1.524, 1.519, 1.518, 1.517, 1.516, 1.516, 1.516, 1.517, 1.518, 1.519, 1.523, 1.524, 1.526, 1.527, 1.528, 1.528, 1.528, 1.528, 1.528, 1.527, 1.526, 1.526, 1.524, 1.524, 1.522, 1.521, 1.52, 1.52, 1.519, 1.518, 1.518, 1.518, 1.519, 1.519, 1.52, 1.521, 1.522, 1.523, 1.524, 1.525, 1.525, 1.526, 1.526, 1.526, 1.526, 1.526, 1.526, 1.525, 1.525, 1.524, 1.524, 1.524, 1.523, 1.522, 1.521, 1.52, 1.52, 1.52, 1.52, 1.52, 1.52, 1.52, 1.52, 1.519, 1.516, 1.513, 1.508, 1.494, 1.481, 1.47, 1.456, 1.444, 1.432, 1.423, 1.413, 1.408, 1.406, 1.406, 1.406, 1.406, 1.406, 1.406, 1.406, 1.406, 1.406, 1.406, 1.406, 1.406, 1.406, 1.406, 1.406, 1.406, 1.404, 1.404, 1.402, 1.402, 1.402, 1.402, 1.402, 1.402, 1.402, 1.402, 1.404, 1.406, 1.406, 1.408, 1.41, 1.41, 1.41, 1.408, 1.408, 1.408, 1.406, 1.404, 1.404, 1.402, 1.402, 1.402, 1.402, 1.402, 1.4, 1.4, 1.4, 1.4, 1.4, 1.4, 1.399, 1.399, 1.399, 1.399, 1.397, 1.397, 1.399, 1.399, 1.399, 1.399, 1.4, 1.402, 1.402, 1.402, 1.402, 1.402, 1.402, 1.402, 1.402, 1.4, 1.4, 1.4, 1.399, 1.399, 1.399, 1.399, 1.399, 1.397, 1.397, 1.399, 1.399, 1.399, 1.4, 1.4, 1.402, 1.402, 1.402, 1.404, 1.404, 1.402, 1.402, 1.402, 1.402, 1.4, 1.4, 1.4, 1.4, 1.399, 1.397, 1.397, 1.395, 1.395, 1.395, 1.393, 1.393, 1.393, 1.395, 1.395, 1.395, 1.395, 1.395, 1.395, 1.395, 1.395, 1.393, 1.391, 1.391, 1.39, 1.39, 1.388, 1.388, 1.388, 1.386, 1.386, 1.386, 1.386, 1.388, 1.388, 1.388, 1.39, 1.391, 1.391, 1.393, 1.395, 1.395, 1.393, 1.393, 1.393, 1.391, 1.39, 1.39, 1.39, 1.39, 1.39, 1.39, 1.388, 1.388, 1.388, 1.388, 1.388, 1.388, 1.388, 1.388, 1.388, 1.388, 1.388, 1.388, 1.388, 1.388, 1.388, 1.388, 1.388, 1.388, 1.388, 1.388, 1.386, 1.386, 1.384, 1.384, 1.382, 1.381, 1.381, 1.381, 1.381, 1.381, 1.381, 1.381, 1.382, 1.382, 1.384, 1.384, 1.386, 1.386, 1.388, 1.388, 1.388, 1.388, 1.388, 1.388, 1.39, 1.391, 1.397, 1.406, 1.412, 1.421, 1.43, 1.44, 1.45, 1.46, 1.468, 1.473, 1.476, 1.48, 1.483, 1.484, 1.485, 1.486, 1.487, 1.488, 1.488, 1.489, 1.489, 1.49, 1.49, 1.491, 1.491, 1.492, 1.492, 1.492, 1.492, 1.493, 1.493, 1.494, 1.494, 1.491, 1.49, 1.489, 1.488, 1.486, 1.485, 1.484, 1.482, 1.481, 1.48, 1.48, 1.479, 1.479, 1.478, 1.479, 1.479, 1.479, 1.478, 1.478, 1.478, 1.477, 1.476, 1.475, 1.474, 1.474, 1.473, 1.473, 1.473, 1.473, 1.474, 1.474, 1.474, 1.474, 1.474, 1.473, 1.472, 1.472, 1.472, 1.472, 1.472, 1.472, 1.472, 1.473, 1.474, 1.474, 1.476, 1.477, 1.478, 1.479, 1.48, 1.481, 1.481, 1.48, 1.479, 1.477, 1.476, 1.474, 1.473, 1.472, 1.472, 1.472, 1.473, 1.474, 1.475, 1.478, 1.481, 1.485, 1.486, 1.486, 1.487, 1.486, 1.483, 1.483, 1.477, 1.477, 1.473, 1.472, 1.471, 1.468, 1.466, 1.466, 1.466, 1.466, 1.466, 1.466, 1.464, 1.464, 1.464, 1.464, 1.464, 1.464, 1.464, 1.464, 1.466, 1.466, 1.469, 1.47, 1.47, 1.471, 1.472, 1.472, 1.472, 1.472, 1.472, 1.472, 0, 
1.537, 1.536, 1.535, 1.534, 1.534, 1.534, 1.533, 1.533, 1.534, 1.534, 1.535, 1.535, 1.535, 1.536, 1.537, 1.537, 1.537, 1.536, 1.535, 1.533, 1.532, 1.527, 1.526, 1.525, 1.524, 1.524, 1.522, 1.522, 1.521, 1.521, 1.521, 1.521, 1.521, 1.521, 1.522, 1.523, 1.524, 1.527, 1.532, 1.532, 1.536, 1.537, 1.538, 1.538, 1.538, 1.537, 1.535, 1.533, 1.532, 1.528, 1.528, 1.527, 1.527, 1.527, 1.527, 1.527, 1.528, 1.528, 1.528, 1.528, 1.527, 1.527, 1.526, 1.526, 1.526, 1.527, 1.527, 1.528, 1.528, 1.528, 1.528, 1.528, 1.525, 1.524, 1.524, 1.52, 1.519, 1.518, 1.517, 1.517, 1.517, 1.518, 1.519, 1.52, 1.524, 1.525, 1.526, 1.527, 1.528, 1.528, 1.528, 1.528, 1.528, 1.527, 1.526, 1.525, 1.524, 1.524, 1.522, 1.522, 1.52, 1.52, 1.519, 1.519, 1.519, 1.519, 1.519, 1.52, 1.52, 1.522, 1.522, 1.523, 1.524, 1.524, 1.524, 1.525, 1.525, 1.525, 1.525, 1.525, 1.526, 1.526, 1.525, 1.524, 1.524, 1.524, 1.523, 1.522, 1.521, 1.52, 1.52, 1.52, 1.52, 1.52, 1.52, 1.52, 1.52, 1.52, 1.517, 1.513, 1.509, 1.499, 1.482, 1.471, 1.458, 1.444, 1.434, 1.423, 1.413, 1.408, 1.406, 1.406, 1.406, 1.406, 1.406, 1.406, 1.406, 1.406, 1.406, 1.406, 1.406, 1.406, 1.406, 1.406, 1.406, 1.406, 1.404, 1.404, 1.402, 1.402, 1.402, 1.402, 1.402, 1.402, 1.402, 1.402, 1.404, 1.406, 1.408, 1.408, 1.41, 1.41, 1.41, 1.41, 1.408, 1.408, 1.406, 1.406, 1.404, 1.404, 1.402, 1.402, 1.402, 1.402, 1.402, 1.402, 1.402, 1.402, 1.402, 1.402, 1.4, 1.399, 1.399, 1.399, 1.399, 1.399, 1.399, 1.399, 1.4, 1.4, 1.402, 1.402, 1.402, 1.404, 1.404, 1.404, 1.404, 1.402, 1.402, 1.402, 1.402, 1.402, 1.4, 1.4, 1.4, 1.4, 1.399, 1.399, 1.399, 1.399, 1.399, 1.4, 1.4, 1.402, 1.402, 1.402, 1.402, 1.402, 1.402, 1.402, 1.402, 1.402, 1.402, 1.4, 1.4, 1.4, 1.4, 1.399, 1.397, 1.397, 1.395, 1.395, 1.395, 1.393, 1.393, 1.393, 1.393, 1.393, 1.395, 1.395, 1.395, 1.395, 1.395, 1.393, 1.393, 1.391, 1.391, 1.39, 1.388, 1.388, 1.388, 1.388, 1.386, 1.386, 1.386, 1.386, 1.388, 1.388, 1.388, 1.39, 1.391, 1.391, 1.393, 1.395, 1.395, 1.395, 1.393, 1.393, 1.393, 1.391, 1.391, 1.391, 1.39, 1.39, 1.39, 1.39, 1.39, 1.39, 1.39, 1.39, 1.388, 1.388, 1.388, 1.388, 1.388, 1.386, 1.386, 1.388, 1.388, 1.388, 1.388, 1.388, 1.39, 1.388, 1.388, 1.388, 1.386, 1.384, 1.384, 1.382, 1.381, 1.381, 1.381, 1.381, 1.381, 1.381, 1.381, 1.382, 1.384, 1.384, 1.386, 1.386, 1.386, 1.386, 1.386, 1.386, 1.386, 1.386, 1.388, 1.388, 1.391, 1.397, 1.406, 1.413, 1.421, 1.43, 1.442, 1.452, 1.462, 1.468, 1.474, 1.477, 1.48, 1.483, 1.484, 1.485, 1.486, 1.487, 1.488, 1.489, 1.489, 1.49, 1.49, 1.491, 1.491, 1.492, 1.492, 1.492, 1.492, 1.493, 1.493, 1.494, 1.494, 1.494, 1.493, 1.492, 1.49, 1.489, 1.487, 1.486, 1.484, 1.482, 1.482, 1.481, 1.48, 1.48, 1.479, 1.478, 1.478, 1.478, 1.478, 1.478, 1.478, 1.477, 1.476, 1.476, 1.475, 1.474, 1.473, 1.473, 1.472, 1.472, 1.473, 1.473, 1.474, 1.474, 1.474, 1.474, 1.473, 1.472, 1.472, 1.472, 1.472, 1.472, 1.472, 1.472, 1.473, 1.473, 1.474, 1.475, 1.476, 1.478, 1.479, 1.48, 1.481, 1.481, 1.481, 1.48, 1.478, 1.476, 1.474, 1.473, 1.472, 1.472, 1.472, 1.473, 1.474, 1.475, 1.478, 1.48, 1.484, 1.485, 1.486, 1.486, 1.486, 1.483, 1.483, 1.477, 1.477, 1.473, 1.472, 1.471, 1.468, 1.466, 1.466, 1.466, 1.466, 1.466, 1.466, 1.466, 1.466, 1.466, 1.464, 1.464, 1.464, 1.464, 1.466, 1.466, 1.468, 1.468, 1.47, 1.47, 1.471, 1.472, 1.472, 1.472, 1.472, 1.472, 1.472, 0, 
1.538, 1.537, 1.536, 1.536, 1.535, 1.535, 1.535, 1.535, 1.535, 1.535, 1.535, 1.535, 1.535, 1.536, 1.537, 1.537, 1.537, 1.536, 1.535, 1.533, 1.532, 1.527, 1.526, 1.525, 1.524, 1.524, 1.523, 1.522, 1.522, 1.522, 1.522, 1.522, 1.522, 1.523, 1.524, 1.525, 1.526, 1.527, 1.532, 1.533, 1.537, 1.537, 1.538, 1.539, 1.538, 1.537, 1.536, 1.533, 1.532, 1.531, 1.528, 1.528, 1.528, 1.528, 1.528, 1.528, 1.528, 1.528, 1.528, 1.528, 1.528, 1.527, 1.526, 1.526, 1.526, 1.527, 1.528, 1.528, 1.528, 1.528, 1.528, 1.528, 1.524, 1.524, 1.524, 1.52, 1.519, 1.518, 1.518, 1.518, 1.518, 1.519, 1.52, 1.521, 1.524, 1.526, 1.527, 1.528, 1.528, 1.528, 1.528, 1.527, 1.527, 1.526, 1.525, 1.525, 1.524, 1.523, 1.522, 1.522, 1.521, 1.52, 1.52, 1.52, 1.52, 1.52, 1.52, 1.52, 1.521, 1.522, 1.522, 1.523, 1.523, 1.524, 1.524, 1.524, 1.524, 1.524, 1.524, 1.525, 1.525, 1.526, 1.525, 1.525, 1.524, 1.524, 1.523, 1.522, 1.521, 1.52, 1.52, 1.52, 1.52, 1.52, 1.52, 1.52, 1.52, 1.52, 1.518, 1.513, 1.509, 1.496, 1.483, 1.471, 1.46, 1.448, 1.434, 1.425, 1.415, 1.41, 1.408, 1.406, 1.406, 1.406, 1.404, 1.404, 1.404, 1.404, 1.404, 1.404, 1.404, 1.406, 1.406, 1.406, 1.406, 1.406, 1.404, 1.404, 1.404, 1.402, 1.402, 1.402, 1.402, 1.402, 1.404, 1.404, 1.404, 1.406, 1.408, 1.408, 1.41, 1.412, 1.41, 1.41, 1.408, 1.408, 1.408, 1.406, 1.404, 1.404, 1.402, 1.402, 1.402, 1.402, 1.402, 1.402, 1.402, 1.402, 1.402, 1.402, 1.4, 1.399, 1.399, 1.399, 1.399, 1.399, 1.399, 1.399, 1.4, 1.4, 1.402, 1.404, 1.404, 1.406, 1.406, 1.406, 1.406, 1.404, 1.404, 1.404, 1.404, 1.402, 1.402, 1.402, 1.402, 1.402, 1.402, 1.4, 1.4, 1.4, 1.4, 1.4, 1.4, 1.402, 1.402, 1.402, 1.402, 1.402, 1.402, 1.402, 1.402, 1.402, 1.402, 1.402, 1.4, 1.4, 1.4, 1.399, 1.397, 1.397, 1.395, 1.395, 1.393, 1.393, 1.393, 1.393, 1.393, 1.393, 1.393, 1.395, 1.395, 1.395, 1.393, 1.393, 1.391, 1.391, 1.39, 1.39, 1.388, 1.388, 1.388, 1.388, 1.386, 1.386, 1.386, 1.386, 1.388, 1.388, 1.388, 1.39, 1.391, 1.391, 1.393, 1.393, 1.395, 1.395, 1.393, 1.393, 1.393, 1.393, 1.393, 1.391, 1.391, 1.391, 1.391, 1.39, 1.39, 1.39, 1.39, 1.39, 1.39, 1.39, 1.388, 1.388, 1.388, 1.386, 1.386, 1.388, 1.388, 1.388, 1.388, 1.388, 1.39, 1.388, 1.388, 1.388, 1.386, 1.384, 1.384, 1.382, 1.381, 1.381, 1.381, 1.381, 1.381, 1.381, 1.382, 1.384, 1.384, 1.386, 1.386, 1.386, 1.386, 1.386, 1.386, 1.386, 1.386, 1.386, 1.386, 1.388, 1.391, 1.397, 1.406, 1.413, 1.423, 1.432, 1.444, 1.452, 1.462, 1.471, 1.474, 1.478, 1.481, 1.482, 1.484, 1.485, 1.486, 1.487, 1.488, 1.489, 1.49, 1.49, 1.49, 1.491, 1.492, 1.492, 1.492, 1.492, 1.492, 1.493, 1.494, 1.494, 1.494, 1.494, 1.494, 1.493, 1.491, 1.49, 1.488, 1.486, 1.485, 1.482, 1.482, 1.481, 1.48, 1.48, 1.479, 1.479, 1.478, 1.478, 1.478, 1.478, 1.477, 1.477, 1.476, 1.475, 1.474, 1.473, 1.473, 1.472, 1.472, 1.472, 1.472, 1.473, 1.474, 1.474, 1.474, 1.473, 1.473, 1.472, 1.472, 1.472, 1.472, 1.472, 1.472, 1.472, 1.472, 1.473, 1.474, 1.475, 1.476, 1.478, 1.479, 1.48, 1.481, 1.482, 1.481, 1.48, 1.478, 1.476, 1.474, 1.473, 1.472, 1.472, 1.472, 1.472, 1.473, 1.474, 1.478, 1.48, 1.484, 1.485, 1.486, 1.486, 1.486, 1.483, 1.482, 1.477, 1.476, 1.474, 1.472, 1.471, 1.468, 1.468, 1.468, 1.468, 1.468, 1.468, 1.468, 1.468, 1.468, 1.468, 1.466, 1.466, 1.466, 1.466, 1.466, 1.468, 1.468, 1.469, 1.47, 1.471, 1.472, 1.472, 1.473, 1.473, 1.472, 1.472, 1.472, 0, 
1.538, 1.537, 1.537, 1.537, 1.536, 1.536, 1.535, 1.535, 1.535, 1.535, 1.535, 1.535, 1.535, 1.536, 1.536, 1.537, 1.536, 1.536, 1.535, 1.533, 1.532, 1.527, 1.526, 1.525, 1.524, 1.524, 1.523, 1.523, 1.523, 1.523, 1.523, 1.523, 1.524, 1.524, 1.525, 1.526, 1.527, 1.528, 1.533, 1.533, 1.537, 1.538, 1.539, 1.539, 1.538, 1.537, 1.537, 1.533, 1.533, 1.532, 1.528, 1.528, 1.528, 1.528, 1.528, 1.528, 1.531, 1.531, 1.528, 1.528, 1.528, 1.527, 1.527, 1.526, 1.526, 1.527, 1.528, 1.528, 1.528, 1.528, 1.528, 1.528, 1.524, 1.524, 1.524, 1.52, 1.52, 1.519, 1.518, 1.518, 1.519, 1.52, 1.521, 1.522, 1.524, 1.526, 1.527, 1.528, 1.528, 1.528, 1.527, 1.527, 1.526, 1.525, 1.525, 1.524, 1.524, 1.523, 1.522, 1.522, 1.521, 1.52, 1.52, 1.52, 1.52, 1.52, 1.52, 1.52, 1.521, 1.522, 1.522, 1.522, 1.522, 1.523, 1.523, 1.523, 1.523, 1.524, 1.524, 1.524, 1.525, 1.526, 1.526, 1.525, 1.525, 1.524, 1.524, 1.523, 1.521, 1.521, 1.52, 1.52, 1.52, 1.52, 1.52, 1.521, 1.52, 1.52, 1.519, 1.513, 1.509, 1.496, 1.484, 1.472, 1.46, 1.448, 1.436, 1.427, 1.415, 1.41, 1.408, 1.406, 1.406, 1.406, 1.404, 1.404, 1.404, 1.404, 1.404, 1.404, 1.404, 1.404, 1.406, 1.406, 1.406, 1.406, 1.406, 1.404, 1.404, 1.404, 1.402, 1.402, 1.402, 1.402, 1.404, 1.404, 1.406, 1.408, 1.408, 1.41, 1.41, 1.412, 1.41, 1.41, 1.408, 1.408, 1.408, 1.406, 1.404, 1.404, 1.402, 1.402, 1.402, 1.402, 1.402, 1.402, 1.402, 1.402, 1.402, 1.402, 1.4, 1.399, 1.399, 1.399, 1.399, 1.399, 1.399, 1.399, 1.4, 1.402, 1.402, 1.404, 1.406, 1.406, 1.406, 1.406, 1.406, 1.406, 1.406, 1.406, 1.406, 1.404, 1.404, 1.404, 1.404, 1.404, 1.402, 1.402, 1.402, 1.402, 1.402, 1.402, 1.4, 1.4, 1.4, 1.402, 1.402, 1.402, 1.402, 1.402, 1.402, 1.402, 1.402, 1.402, 1.4, 1.4, 1.4, 1.397, 1.397, 1.395, 1.395, 1.393, 1.393, 1.393, 1.393, 1.393, 1.393, 1.393, 1.393, 1.393, 1.393, 1.393, 1.393, 1.393, 1.391, 1.391, 1.39, 1.39, 1.388, 1.388, 1.388, 1.388, 1.388, 1.388, 1.388, 1.388, 1.388, 1.388, 1.388, 1.39, 1.391, 1.391, 1.393, 1.393, 1.395, 1.395, 1.395, 1.393, 1.393, 1.393, 1.393, 1.393, 1.393, 1.393, 1.391, 1.391, 1.391, 1.391, 1.391, 1.39, 1.39, 1.39, 1.39, 1.388, 1.388, 1.388, 1.386, 1.386, 1.386, 1.386, 1.386, 1.388, 1.388, 1.388, 1.388, 1.386, 1.386, 1.386, 1.384, 1.382, 1.382, 1.382, 1.382, 1.382, 1.382, 1.382, 1.382, 1.384, 1.384, 1.386, 1.386, 1.386, 1.386, 1.384, 1.384, 1.384, 1.384, 1.386, 1.386, 1.386, 1.391, 1.397, 1.406, 1.415, 1.423, 1.434, 1.444, 1.454, 1.464, 1.472, 1.475, 1.478, 1.481, 1.482, 1.484, 1.485, 1.486, 1.488, 1.489, 1.49, 1.49, 1.49, 1.491, 1.492, 1.492, 1.492, 1.492, 1.492, 1.493, 1.494, 1.494, 1.495, 1.495, 1.495, 1.495, 1.494, 1.492, 1.49, 1.489, 1.487, 1.486, 1.482, 1.482, 1.481, 1.481, 1.48, 1.48, 1.479, 1.478, 1.478, 1.478, 1.478, 1.477, 1.476, 1.476, 1.475, 1.474, 1.473, 1.472, 1.472, 1.472, 1.472, 1.472, 1.473, 1.473, 1.474, 1.474, 1.473, 1.473, 1.472, 1.472, 1.472, 1.472, 1.472, 1.472, 1.472, 1.472, 1.473, 1.474, 1.475, 1.476, 1.478, 1.479, 1.48, 1.481, 1.482, 1.481, 1.48, 1.478, 1.476, 1.474, 1.473, 1.472, 1.472, 1.472, 1.472, 1.473, 1.473, 1.477, 1.48, 1.483, 1.484, 1.485, 1.486, 1.486, 1.482, 1.481, 1.477, 1.476, 1.474, 1.472, 1.471, 1.47, 1.47, 1.468, 1.468, 1.468, 1.47, 1.47, 1.469, 1.468, 1.468, 1.466, 1.466, 1.466, 1.466, 1.466, 1.468, 1.468, 1.469, 1.47, 1.471, 1.472, 1.473, 1.473, 1.473, 1.472, 1.472, 1.472, 0, 
1.539, 1.538, 1.537, 1.537, 1.537, 1.536, 1.536, 1.535, 1.535, 1.535, 1.535, 1.535, 1.535, 1.535, 1.536, 1.536, 1.536, 1.535, 1.534, 1.533, 1.532, 1.527, 1.526, 1.525, 1.524, 1.524, 1.524, 1.524, 1.524, 1.524, 1.524, 1.524, 1.525, 1.525, 1.526, 1.527, 1.527, 1.532, 1.533, 1.534, 1.537, 1.538, 1.539, 1.542, 1.538, 1.538, 1.537, 1.534, 1.533, 1.532, 1.532, 1.528, 1.528, 1.528, 1.528, 1.531, 1.531, 1.531, 1.531, 1.528, 1.528, 1.528, 1.527, 1.527, 1.527, 1.527, 1.528, 1.528, 1.528, 1.528, 1.528, 1.528, 1.524, 1.524, 1.524, 1.52, 1.52, 1.519, 1.519, 1.519, 1.519, 1.52, 1.522, 1.523, 1.524, 1.526, 1.527, 1.527, 1.527, 1.527, 1.526, 1.526, 1.525, 1.525, 1.524, 1.524, 1.524, 1.523, 1.522, 1.522, 1.521, 1.521, 1.521, 1.52, 1.52, 1.52, 1.52, 1.521, 1.521, 1.522, 1.522, 1.522, 1.522, 1.522, 1.522, 1.522, 1.522, 1.523, 1.523, 1.524, 1.525, 1.525, 1.526, 1.526, 1.525, 1.525, 1.524, 1.523, 1.522, 1.521, 1.52, 1.52, 1.52, 1.52, 1.521, 1.521, 1.521, 1.521, 1.52, 1.516, 1.508, 1.496, 1.484, 1.472, 1.46, 1.448, 1.436, 1.427, 1.415, 1.41, 1.408, 1.406, 1.406, 1.406, 1.404, 1.404, 1.404, 1.404, 1.404, 1.404, 1.404, 1.404, 1.406, 1.406, 1.406, 1.406, 1.406, 1.404, 1.404, 1.404, 1.404, 1.402, 1.402, 1.404, 1.404, 1.404, 1.406, 1.408, 1.408, 1.41, 1.41, 1.412, 1.41, 1.41, 1.408, 1.408, 1.406, 1.406, 1.404, 1.404, 1.402, 1.402, 1.402, 1.404, 1.404, 1.404, 1.404, 1.404, 1.402, 1.402, 1.4, 1.399, 1.399, 1.399, 1.397, 1.397, 1.399, 1.399, 1.4, 1.402, 1.402, 1.404, 1.406, 1.406, 1.408, 1.408, 1.408, 1.408, 1.408, 1.406, 1.406, 1.408, 1.406, 1.406, 1.406, 1.406, 1.404, 1.404, 1.402, 1.402, 1.402, 1.4, 1.4, 1.4, 1.4, 1.4, 1.4, 1.402, 1.402, 1.402, 1.402, 1.402, 1.402, 1.402, 1.4, 1.4, 1.4, 1.397, 1.397, 1.395, 1.395, 1.393, 1.393, 1.393, 1.393, 1.393, 1.393, 1.393, 1.393, 1.393, 1.393, 1.393, 1.393, 1.393, 1.391, 1.391, 1.39, 1.39, 1.388, 1.388, 1.388, 1.388, 1.388, 1.388, 1.388, 1.388, 1.388, 1.388, 1.39, 1.39, 1.391, 1.393, 1.393, 1.393, 1.395, 1.395, 1.395, 1.395, 1.393, 1.393, 1.393, 1.393, 1.393, 1.393, 1.393, 1.393, 1.391, 1.391, 1.391, 1.391, 1.39, 1.39, 1.39, 1.388, 1.388, 1.388, 1.386, 1.386, 1.386, 1.386, 1.386, 1.386, 1.386, 1.386, 1.386, 1.386, 1.386, 1.384, 1.384, 1.382, 1.382, 1.382, 1.382, 1.382, 1.382, 1.382, 1.382, 1.384, 1.384, 1.384, 1.384, 1.384, 1.384, 1.384, 1.384, 1.384, 1.384, 1.384, 1.386, 1.386, 1.39, 1.395, 1.404, 1.413, 1.425, 1.434, 1.446, 1.456, 1.464, 1.472, 1.476, 1.48, 1.481, 1.483, 1.484, 1.485, 1.486, 1.488, 1.489, 1.49, 1.49, 1.491, 1.491, 1.492, 1.492, 1.492, 1.492, 1.492, 1.493, 1.494, 1.494, 1.495, 1.496, 1.496, 1.496, 1.495, 1.493, 1.492, 1.49, 1.487, 1.486, 1.483, 1.482, 1.482, 1.481, 1.48, 1.48, 1.479, 1.478, 1.478, 1.478, 1.477, 1.476, 1.476, 1.475, 1.474, 1.474, 1.473, 1.472, 1.472, 1.472, 1.472, 1.472, 1.473, 1.473, 1.474, 1.474, 1.473, 1.473, 1.472, 1.472, 1.472, 1.472, 1.472, 1.472, 1.472, 1.472, 1.472, 1.473, 1.474, 1.476, 1.478, 1.479, 1.48, 1.481, 1.482, 1.481, 1.48, 1.479, 1.475, 1.474, 1.473, 1.472, 1.472, 1.472, 1.472, 1.472, 1.473, 1.477, 1.48, 1.483, 1.484, 1.484, 1.485, 1.485, 1.482, 1.481, 1.477, 1.476, 1.474, 1.473, 1.472, 1.471, 1.47, 1.47, 1.47, 1.47, 1.47, 1.47, 1.469, 1.469, 1.468, 1.468, 1.466, 1.466, 1.466, 1.466, 1.468, 1.469, 1.47, 1.47, 1.471, 1.472, 1.473, 1.474, 1.473, 1.473, 1.472, 1.472, 0, 
1.539, 1.538, 1.538, 1.537, 1.537, 1.537, 1.537, 1.536, 1.535, 1.535, 1.535, 1.535, 1.535, 1.535, 1.535, 1.536, 1.536, 1.535, 1.534, 1.533, 1.532, 1.527, 1.526, 1.525, 1.524, 1.524, 1.524, 1.524, 1.524, 1.524, 1.524, 1.525, 1.526, 1.526, 1.527, 1.528, 1.532, 1.533, 1.534, 1.535, 1.537, 1.538, 1.539, 1.542, 1.538, 1.538, 1.537, 1.535, 1.534, 1.533, 1.532, 1.531, 1.528, 1.528, 1.531, 1.532, 1.532, 1.532, 1.531, 1.531, 1.528, 1.528, 1.528, 1.528, 1.528, 1.528, 1.528, 1.528, 1.528, 1.531, 1.528, 1.528, 1.524, 1.524, 1.524, 1.52, 1.52, 1.52, 1.52, 1.52, 1.52, 1.521, 1.522, 1.523, 1.524, 1.526, 1.527, 1.526, 1.526, 1.526, 1.525, 1.525, 1.524, 1.524, 1.524, 1.524, 1.524, 1.523, 1.522, 1.522, 1.522, 1.522, 1.521, 1.521, 1.521, 1.521, 1.521, 1.521, 1.521, 1.521, 1.521, 1.521, 1.521, 1.521, 1.521, 1.521, 1.521, 1.522, 1.522, 1.523, 1.524, 1.525, 1.526, 1.526, 1.526, 1.525, 1.524, 1.523, 1.522, 1.521, 1.521, 1.521, 1.521, 1.521, 1.522, 1.522, 1.522, 1.522, 1.521, 1.517, 1.508, 1.496, 1.484, 1.472, 1.46, 1.448, 1.436, 1.427, 1.417, 1.41, 1.408, 1.406, 1.406, 1.406, 1.404, 1.404, 1.404, 1.404, 1.404, 1.404, 1.404, 1.404, 1.406, 1.406, 1.406, 1.406, 1.406, 1.406, 1.404, 1.404, 1.404, 1.404, 1.404, 1.404, 1.404, 1.406, 1.408, 1.408, 1.408, 1.41, 1.41, 1.412, 1.41, 1.41, 1.408, 1.408, 1.406, 1.406, 1.404, 1.404, 1.402, 1.402, 1.402, 1.404, 1.404, 1.404, 1.404, 1.404, 1.402, 1.402, 1.4, 1.399, 1.399, 1.399, 1.397, 1.397, 1.399, 1.399, 1.4, 1.402, 1.404, 1.406, 1.406, 1.408, 1.408, 1.408, 1.408, 1.408, 1.408, 1.408, 1.408, 1.408, 1.408, 1.408, 1.408, 1.408, 1.406, 1.404, 1.404, 1.402, 1.402, 1.4, 1.4, 1.399, 1.399, 1.4, 1.4, 1.402, 1.402, 1.402, 1.402, 1.402, 1.402, 1.402, 1.4, 1.4, 1.4, 1.397, 1.397, 1.395, 1.395, 1.393, 1.393, 1.393, 1.393, 1.393, 1.393, 1.393, 1.393, 1.393, 1.393, 1.393, 1.393, 1.391, 1.391, 1.39, 1.39, 1.388, 1.388, 1.386, 1.386, 1.386, 1.386, 1.386, 1.386, 1.386, 1.388, 1.39, 1.39, 1.39, 1.391, 1.393, 1.393, 1.393, 1.395, 1.395, 1.395, 1.395, 1.395, 1.393, 1.393, 1.393, 1.393, 1.391, 1.391, 1.391, 1.391, 1.391, 1.391, 1.391, 1.391, 1.39, 1.39, 1.39, 1.388, 1.388, 1.386, 1.386, 1.386, 1.384, 1.384, 1.386, 1.386, 1.386, 1.386, 1.386, 1.384, 1.384, 1.384, 1.382, 1.382, 1.382, 1.382, 1.382, 1.382, 1.382, 1.382, 1.382, 1.384, 1.384, 1.384, 1.384, 1.384, 1.384, 1.384, 1.384, 1.384, 1.384, 1.384, 1.386, 1.39, 1.395, 1.404, 1.412, 1.423, 1.432, 1.446, 1.456, 1.466, 1.472, 1.476, 1.481, 1.482, 1.483, 1.484, 1.486, 1.487, 1.488, 1.49, 1.49, 1.491, 1.492, 1.492, 1.492, 1.492, 1.492, 1.492, 1.492, 1.492, 1.494, 1.494, 1.495, 1.496, 1.499, 1.496, 1.495, 1.494, 1.492, 1.491, 1.487, 1.486, 1.484, 1.482, 1.482, 1.481, 1.48, 1.479, 1.479, 1.478, 1.478, 1.477, 1.477, 1.476, 1.476, 1.475, 1.474, 1.474, 1.473, 1.472, 1.472, 1.472, 1.472, 1.472, 1.473, 1.473, 1.474, 1.474, 1.473, 1.472, 1.472, 1.472, 1.471, 1.471, 1.471, 1.471, 1.471, 1.471, 1.472, 1.473, 1.474, 1.476, 1.478, 1.479, 1.48, 1.481, 1.482, 1.481, 1.481, 1.478, 1.475, 1.474, 1.472, 1.472, 1.472, 1.472, 1.472, 1.472, 1.473, 1.476, 1.479, 1.482, 1.483, 1.484, 1.484, 1.483, 1.482, 1.481, 1.478, 1.476, 1.474, 1.473, 1.472, 1.471, 1.471, 1.471, 1.47, 1.47, 1.47, 1.47, 1.47, 1.469, 1.469, 1.468, 1.466, 1.466, 1.466, 1.468, 1.468, 1.469, 1.47, 1.471, 1.472, 1.473, 1.474, 1.474, 1.473, 1.473, 1.472, 1.473, 0, 
1.539, 1.539, 1.539, 1.538, 1.538, 1.537, 1.537, 1.536, 1.535, 1.535, 1.535, 1.535, 1.534, 1.535, 1.535, 1.535, 1.535, 1.534, 1.533, 1.533, 1.532, 1.528, 1.527, 1.526, 1.525, 1.524, 1.524, 1.524, 1.524, 1.524, 1.525, 1.525, 1.526, 1.527, 1.528, 1.528, 1.532, 1.533, 1.534, 1.535, 1.537, 1.538, 1.539, 1.542, 1.542, 1.538, 1.537, 1.535, 1.534, 1.533, 1.532, 1.531, 1.531, 1.531, 1.531, 1.532, 1.533, 1.532, 1.532, 1.531, 1.528, 1.528, 1.528, 1.528, 1.528, 1.528, 1.528, 1.528, 1.531, 1.531, 1.528, 1.528, 1.524, 1.524, 1.524, 1.521, 1.52, 1.52, 1.52, 1.52, 1.52, 1.521, 1.522, 1.524, 1.525, 1.526, 1.526, 1.526, 1.525, 1.525, 1.524, 1.524, 1.524, 1.523, 1.523, 1.523, 1.523, 1.522, 1.522, 1.522, 1.522, 1.522, 1.522, 1.522, 1.522, 1.522, 1.522, 1.522, 1.521, 1.521, 1.52, 1.52, 1.52, 1.52, 1.52, 1.52, 1.52, 1.521, 1.521, 1.522, 1.524, 1.525, 1.525, 1.526, 1.526, 1.525, 1.524, 1.524, 1.523, 1.522, 1.522, 1.522, 1.522, 1.522, 1.522, 1.523, 1.523, 1.523, 1.521, 1.517, 1.509, 1.499, 1.484, 1.472, 1.46, 1.448, 1.436, 1.427, 1.417, 1.412, 1.408, 1.406, 1.406, 1.404, 1.404, 1.404, 1.404, 1.404, 1.404, 1.404, 1.404, 1.406, 1.406, 1.406, 1.408, 1.408, 1.406, 1.406, 1.406, 1.404, 1.404, 1.404, 1.404, 1.404, 1.406, 1.406, 1.408, 1.408, 1.41, 1.41, 1.412, 1.412, 1.41, 1.408, 1.408, 1.408, 1.406, 1.404, 1.404, 1.404, 1.402, 1.402, 1.404, 1.404, 1.404, 1.404, 1.406, 1.404, 1.404, 1.402, 1.4, 1.399, 1.399, 1.399, 1.397, 1.397, 1.399, 1.399, 1.4, 1.402, 1.404, 1.406, 1.406, 1.408, 1.408, 1.408, 1.408, 1.408, 1.408, 1.408, 1.408, 1.408, 1.408, 1.408, 1.408, 1.408, 1.408, 1.406, 1.404, 1.404, 1.402, 1.4, 1.4, 1.399, 1.399, 1.399, 1.4, 1.4, 1.402, 1.402, 1.404, 1.404, 1.404, 1.404, 1.402, 1.4, 1.4, 1.397, 1.397, 1.397, 1.395, 1.393, 1.393, 1.393, 1.393, 1.393, 1.393, 1.393, 1.393, 1.393, 1.393, 1.393, 1.393, 1.391, 1.391, 1.39, 1.39, 1.388, 1.388, 1.386, 1.386, 1.386, 1.386, 1.386, 1.386, 1.386, 1.388, 1.39, 1.39, 1.39, 1.391, 1.393, 1.393, 1.395, 1.395, 1.395, 1.395, 1.393, 1.393, 1.393, 1.393, 1.393, 1.391, 1.391, 1.391, 1.391, 1.391, 1.391, 1.391, 1.391, 1.391, 1.39, 1.39, 1.39, 1.388, 1.388, 1.386, 1.386, 1.384, 1.384, 1.384, 1.384, 1.384, 1.384, 1.386, 1.384, 1.384, 1.384, 1.384, 1.382, 1.382, 1.382, 1.382, 1.382, 1.382, 1.382, 1.382, 1.382, 1.384, 1.384, 1.384, 1.384, 1.384, 1.384, 1.384, 1.384, 1.384, 1.384, 1.384, 1.386, 1.388, 1.395, 1.402, 1.412, 1.421, 1.432, 1.444, 1.454, 1.466, 1.473, 1.477, 1.481, 1.482, 1.484, 1.485, 1.486, 1.488, 1.489, 1.49, 1.491, 1.492, 1.492, 1.492, 1.492, 1.492, 1.492, 1.492, 1.492, 1.492, 1.493, 1.494, 1.495, 1.496, 1.499, 1.499, 1.495, 1.494, 1.492, 1.491, 1.486, 1.485, 1.484, 1.482, 1.481, 1.481, 1.48, 1.479, 1.478, 1.478, 1.478, 1.477, 1.476, 1.476, 1.476, 1.475, 1.474, 1.474, 1.473, 1.472, 1.472, 1.472, 1.472, 1.472, 1.473, 1.473, 1.474, 1.474, 1.473, 1.472, 1.472, 1.472, 1.471, 1.47, 1.47, 1.47, 1.47, 1.471, 1.472, 1.473, 1.474, 1.476, 1.477, 1.479, 1.48, 1.481, 1.481, 1.481, 1.48, 1.477, 1.474, 1.473, 1.472, 1.471, 1.471, 1.471, 1.472, 1.472, 1.474, 1.475, 1.479, 1.482, 1.482, 1.483, 1.483, 1.483, 1.482, 1.48, 1.478, 1.476, 1.474, 1.473, 1.472, 1.472, 1.472, 1.471, 1.471, 1.47, 1.47, 1.47, 1.47, 1.47, 1.469, 1.469, 1.466, 1.466, 1.466, 1.468, 1.468, 1.469, 1.47, 1.471, 1.472, 1.473, 1.474, 1.474, 1.473, 1.473, 1.472, 1.472, 0, 
1.539, 1.539, 1.539, 1.539, 1.538, 1.538, 1.537, 1.536, 1.535, 1.534, 1.534, 1.534, 1.533, 1.533, 1.534, 1.534, 1.534, 1.534, 1.533, 1.533, 1.532, 1.528, 1.527, 1.526, 1.525, 1.524, 1.524, 1.524, 1.524, 1.524, 1.525, 1.526, 1.527, 1.528, 1.528, 1.532, 1.532, 1.533, 1.535, 1.536, 1.537, 1.538, 1.539, 1.542, 1.542, 1.538, 1.537, 1.536, 1.535, 1.533, 1.532, 1.532, 1.531, 1.531, 1.532, 1.532, 1.533, 1.533, 1.532, 1.532, 1.528, 1.528, 1.528, 1.528, 1.528, 1.528, 1.528, 1.528, 1.531, 1.531, 1.528, 1.528, 1.524, 1.524, 1.523, 1.522, 1.521, 1.52, 1.52, 1.52, 1.521, 1.522, 1.523, 1.524, 1.525, 1.526, 1.526, 1.525, 1.525, 1.524, 1.524, 1.523, 1.523, 1.522, 1.522, 1.522, 1.522, 1.522, 1.522, 1.522, 1.522, 1.522, 1.522, 1.522, 1.522, 1.522, 1.522, 1.522, 1.522, 1.521, 1.52, 1.52, 1.52, 1.52, 1.52, 1.52, 1.52, 1.52, 1.521, 1.522, 1.523, 1.524, 1.525, 1.526, 1.526, 1.525, 1.524, 1.524, 1.523, 1.522, 1.522, 1.522, 1.522, 1.523, 1.523, 1.524, 1.524, 1.524, 1.522, 1.518, 1.509, 1.499, 1.485, 1.473, 1.46, 1.448, 1.438, 1.427, 1.417, 1.412, 1.408, 1.406, 1.406, 1.404, 1.404, 1.404, 1.402, 1.402, 1.404, 1.404, 1.404, 1.406, 1.406, 1.408, 1.408, 1.408, 1.408, 1.406, 1.406, 1.404, 1.404, 1.404, 1.404, 1.406, 1.406, 1.406, 1.408, 1.408, 1.41, 1.41, 1.412, 1.41, 1.41, 1.408, 1.408, 1.408, 1.406, 1.404, 1.404, 1.404, 1.404, 1.404, 1.404, 1.404, 1.406, 1.406, 1.406, 1.406, 1.404, 1.402, 1.4, 1.399, 1.399, 1.397, 1.397, 1.397, 1.399, 1.399, 1.4, 1.402, 1.404, 1.406, 1.406, 1.408, 1.408, 1.408, 1.408, 1.408, 1.408, 1.408, 1.408, 1.408, 1.41, 1.41, 1.41, 1.41, 1.408, 1.408, 1.406, 1.404, 1.402, 1.4, 1.399, 1.399, 1.399, 1.399, 1.399, 1.4, 1.4, 1.402, 1.404, 1.404, 1.404, 1.404, 1.402, 1.4, 1.4, 1.397, 1.397, 1.397, 1.395, 1.393, 1.393, 1.393, 1.393, 1.393, 1.393, 1.393, 1.393, 1.393, 1.393, 1.393, 1.393, 1.393, 1.391, 1.39, 1.388, 1.388, 1.386, 1.386, 1.386, 1.384, 1.384, 1.386, 1.386, 1.386, 1.388, 1.39, 1.39, 1.39, 1.391, 1.393, 1.393, 1.395, 1.395, 1.395, 1.393, 1.393, 1.393, 1.393, 1.393, 1.391, 1.391, 1.39, 1.39, 1.39, 1.39, 1.39, 1.39, 1.39, 1.391, 1.39, 1.39, 1.39, 1.388, 1.388, 1.386, 1.386, 1.384, 1.384, 1.384, 1.384, 1.384, 1.384, 1.386, 1.384, 1.384, 1.384, 1.384, 1.382, 1.382, 1.382, 1.382, 1.382, 1.382, 1.382, 1.382, 1.384, 1.384, 1.384, 1.384, 1.382, 1.382, 1.382, 1.382, 1.382, 1.382, 1.384, 1.384, 1.384, 1.388, 1.393, 1.4, 1.41, 1.421, 1.43, 1.442, 1.454, 1.466, 1.474, 1.478, 1.481, 1.482, 1.485, 1.486, 1.487, 1.488, 1.49, 1.491, 1.492, 1.492, 1.492, 1.492, 1.492, 1.492, 1.492, 1.492, 1.492, 1.492, 1.493, 1.494, 1.495, 1.496, 1.499, 1.496, 1.495, 1.494, 1.492, 1.491, 1.486, 1.485, 1.483, 1.482, 1.481, 1.48, 1.48, 1.479, 1.478, 1.478, 1.478, 1.477, 1.476, 1.476, 1.476, 1.475, 1.474, 1.474, 1.473, 1.472, 1.472, 1.472, 1.472, 1.472, 1.473, 1.473, 1.474, 1.474, 1.473, 1.472, 1.472, 1.472, 1.471, 1.47, 1.47, 1.47, 1.47, 1.471, 1.472, 1.473, 1.474, 1.476, 1.477, 1.478, 1.48, 1.48, 1.481, 1.48, 1.48, 1.476, 1.473, 1.472, 1.471, 1.471, 1.47, 1.47, 1.471, 1.472, 1.474, 1.475, 1.478, 1.481, 1.482, 1.482, 1.482, 1.482, 1.481, 1.48, 1.478, 1.476, 1.474, 1.473, 1.472, 1.472, 1.472, 1.472, 1.471, 1.471, 1.471, 1.47, 1.47, 1.47, 1.469, 1.469, 1.468, 1.468, 1.468, 1.468, 1.468, 1.469, 1.47, 1.471, 1.472, 1.473, 1.474, 1.474, 1.473, 1.473, 1.472, 1.472, 0, 
1.539, 1.539, 1.539, 1.539, 1.539, 1.538, 1.537, 1.536, 1.535, 1.534, 1.533, 1.533, 1.533, 1.533, 1.533, 1.533, 1.533, 1.533, 1.533, 1.532, 1.532, 1.528, 1.527, 1.526, 1.525, 1.524, 1.524, 1.524, 1.524, 1.525, 1.526, 1.526, 1.527, 1.528, 1.528, 1.532, 1.533, 1.533, 1.535, 1.536, 1.537, 1.538, 1.538, 1.542, 1.542, 1.538, 1.537, 1.536, 1.535, 1.534, 1.533, 1.532, 1.532, 1.532, 1.532, 1.533, 1.533, 1.533, 1.533, 1.532, 1.531, 1.528, 1.528, 1.528, 1.528, 1.528, 1.528, 1.531, 1.531, 1.531, 1.528, 1.528, 1.525, 1.524, 1.524, 1.523, 1.522, 1.521, 1.521, 1.521, 1.521, 1.522, 1.523, 1.524, 1.525, 1.525, 1.525, 1.524, 1.524, 1.524, 1.523, 1.522, 1.522, 1.521, 1.521, 1.521, 1.521, 1.521, 1.521, 1.521, 1.521, 1.522, 1.522, 1.522, 1.522, 1.522, 1.522, 1.522, 1.522, 1.521, 1.52, 1.52, 1.52, 1.52, 1.519, 1.519, 1.519, 1.52, 1.52, 1.521, 1.522, 1.524, 1.525, 1.525, 1.526, 1.526, 1.525, 1.524, 1.524, 1.523, 1.523, 1.523, 1.523, 1.524, 1.524, 1.525, 1.525, 1.524, 1.523, 1.518, 1.51, 1.499, 1.485, 1.473, 1.46, 1.448, 1.436, 1.427, 1.417, 1.412, 1.408, 1.408, 1.404, 1.404, 1.404, 1.402, 1.402, 1.402, 1.404, 1.404, 1.404, 1.406, 1.406, 1.408, 1.408, 1.408, 1.408, 1.408, 1.406, 1.406, 1.406, 1.404, 1.404, 1.406, 1.406, 1.406, 1.406, 1.408, 1.41, 1.41, 1.412, 1.41, 1.41, 1.408, 1.408, 1.406, 1.406, 1.404, 1.404, 1.404, 1.404, 1.404, 1.404, 1.404, 1.406, 1.406, 1.406, 1.406, 1.404, 1.402, 1.4, 1.4, 1.399, 1.397, 1.397, 1.397, 1.399, 1.4, 1.4, 1.402, 1.404, 1.406, 1.408, 1.408, 1.408, 1.408, 1.408, 1.406, 1.406, 1.406, 1.408, 1.408, 1.408, 1.408, 1.41, 1.41, 1.408, 1.406, 1.406, 1.402, 1.4, 1.4, 1.399, 1.397, 1.397, 1.397, 1.399, 1.4, 1.4, 1.402, 1.404, 1.404, 1.404, 1.404, 1.402, 1.4, 1.4, 1.399, 1.397, 1.397, 1.395, 1.395, 1.395, 1.395, 1.395, 1.393, 1.393, 1.395, 1.395, 1.395, 1.395, 1.395, 1.393, 1.393, 1.391, 1.39, 1.388, 1.388, 1.386, 1.386, 1.386, 1.384, 1.384, 1.386, 1.386, 1.386, 1.388, 1.39, 1.39, 1.391, 1.391, 1.393, 1.393, 1.395, 1.395, 1.395, 1.393, 1.393, 1.393, 1.393, 1.391, 1.391, 1.391, 1.39, 1.39, 1.39, 1.39, 1.39, 1.39, 1.39, 1.391, 1.391, 1.39, 1.39, 1.388, 1.388, 1.386, 1.386, 1.384, 1.384, 1.384, 1.384, 1.384, 1.384, 1.386, 1.386, 1.384, 1.384, 1.384, 1.384, 1.384, 1.382, 1.382, 1.382, 1.382, 1.382, 1.382, 1.384, 1.384, 1.384, 1.384, 1.382, 1.382, 1.382, 1.382, 1.382, 1.382, 1.384, 1.384, 1.384, 1.388, 1.391, 1.399, 1.408, 1.419, 1.429, 1.44, 1.454, 1.466, 1.474, 1.478, 1.482, 1.483, 1.486, 1.487, 1.488, 1.49, 1.491, 1.492, 1.492, 1.492, 1.492, 1.492, 1.492, 1.491, 1.491, 1.491, 1.491, 1.491, 1.492, 1.493, 1.494, 1.495, 1.496, 1.495, 1.494, 1.493, 1.492, 1.49, 1.485, 1.484, 1.483, 1.482, 1.481, 1.48, 1.48, 1.479, 1.478, 1.478, 1.477, 1.477, 1.476, 1.476, 1.476, 1.475, 1.474, 1.474, 1.473, 1.473, 1.472, 1.472, 1.472, 1.473, 1.473, 1.474, 1.474, 1.473, 1.473, 1.472, 1.472, 1.472, 1.471, 1.47, 1.47, 1.47, 1.47, 1.47, 1.471, 1.472, 1.474, 1.475, 1.477, 1.478, 1.479, 1.48, 1.48, 1.479, 1.479, 1.475, 1.473, 1.472, 1.471, 1.47, 1.47, 1.47, 1.471, 1.472, 1.473, 1.476, 1.477, 1.481, 1.481, 1.482, 1.482, 1.482, 1.48, 1.479, 1.478, 1.476, 1.475, 1.474, 1.473, 1.472, 1.472, 1.472, 1.472, 1.472, 1.471, 1.471, 1.47, 1.47, 1.47, 1.469, 1.468, 1.468, 1.468, 1.468, 1.469, 1.469, 1.47, 1.471, 1.472, 1.473, 1.474, 1.474, 1.473, 1.472, 1.472, 1.472, 0, 
1.539, 1.539, 1.539, 1.539, 1.539, 1.538, 1.537, 1.535, 1.534, 1.533, 1.533, 1.532, 1.532, 1.532, 1.532, 1.532, 1.533, 1.533, 1.533, 1.532, 1.531, 1.528, 1.527, 1.526, 1.525, 1.524, 1.524, 1.524, 1.524, 1.525, 1.526, 1.526, 1.527, 1.528, 1.528, 1.531, 1.532, 1.533, 1.534, 1.536, 1.537, 1.537, 1.538, 1.542, 1.542, 1.538, 1.538, 1.537, 1.535, 1.534, 1.533, 1.533, 1.533, 1.533, 1.533, 1.533, 1.533, 1.533, 1.533, 1.532, 1.532, 1.528, 1.528, 1.528, 1.528, 1.531, 1.531, 1.531, 1.531, 1.531, 1.528, 1.527, 1.526, 1.525, 1.524, 1.523, 1.522, 1.522, 1.522, 1.522, 1.522, 1.523, 1.524, 1.524, 1.525, 1.525, 1.524, 1.524, 1.523, 1.523, 1.522, 1.521, 1.521, 1.52, 1.52, 1.52, 1.52, 1.52, 1.52, 1.52, 1.521, 1.522, 1.522, 1.522, 1.522, 1.522, 1.522, 1.522, 1.522, 1.521, 1.52, 1.52, 1.52, 1.52, 1.519, 1.518, 1.519, 1.519, 1.52, 1.521, 1.522, 1.523, 1.524, 1.525, 1.526, 1.526, 1.525, 1.524, 1.524, 1.524, 1.524, 1.524, 1.524, 1.524, 1.525, 1.525, 1.526, 1.525, 1.524, 1.519, 1.511, 1.499, 1.486, 1.473, 1.46, 1.448, 1.436, 1.427, 1.417, 1.412, 1.408, 1.406, 1.404, 1.404, 1.402, 1.402, 1.402, 1.402, 1.402, 1.404, 1.404, 1.406, 1.406, 1.408, 1.408, 1.408, 1.408, 1.408, 1.408, 1.406, 1.406, 1.406, 1.406, 1.406, 1.406, 1.406, 1.406, 1.408, 1.41, 1.41, 1.41, 1.41, 1.41, 1.408, 1.408, 1.406, 1.406, 1.404, 1.404, 1.404, 1.404, 1.404, 1.404, 1.404, 1.406, 1.406, 1.406, 1.406, 1.404, 1.402, 1.4, 1.4, 1.399, 1.397, 1.397, 1.397, 1.399, 1.4, 1.4, 1.402, 1.404, 1.406, 1.408, 1.408, 1.408, 1.408, 1.406, 1.406, 1.406, 1.406, 1.406, 1.406, 1.406, 1.408, 1.408, 1.408, 1.406, 1.406, 1.404, 1.402, 1.4, 1.399, 1.397, 1.397, 1.397, 1.397, 1.397, 1.399, 1.4, 1.402, 1.404, 1.404, 1.404, 1.404, 1.402, 1.4, 1.4, 1.399, 1.397, 1.397, 1.397, 1.395, 1.395, 1.395, 1.395, 1.395, 1.395, 1.395, 1.395, 1.395, 1.397, 1.395, 1.393, 1.393, 1.391, 1.39, 1.388, 1.388, 1.386, 1.386, 1.386, 1.384, 1.384, 1.386, 1.386, 1.386, 1.388, 1.39, 1.39, 1.391, 1.393, 1.393, 1.393, 1.395, 1.395, 1.395, 1.393, 1.393, 1.393, 1.393, 1.391, 1.391, 1.39, 1.39, 1.39, 1.39, 1.39, 1.391, 1.391, 1.391, 1.391, 1.391, 1.39, 1.39, 1.388, 1.388, 1.386, 1.386, 1.384, 1.384, 1.384, 1.384, 1.384, 1.384, 1.386, 1.386, 1.384, 1.384, 1.384, 1.384, 1.384, 1.384, 1.384, 1.384, 1.384, 1.384, 1.384, 1.384, 1.384, 1.384, 1.384, 1.384, 1.382, 1.382, 1.382, 1.382, 1.382, 1.384, 1.384, 1.384, 1.388, 1.391, 1.399, 1.406, 1.415, 1.427, 1.438, 1.452, 1.464, 1.473, 1.478, 1.482, 1.483, 1.488, 1.488, 1.489, 1.49, 1.492, 1.492, 1.493, 1.493, 1.493, 1.492, 1.491, 1.491, 1.49, 1.49, 1.49, 1.49, 1.491, 1.492, 1.494, 1.495, 1.495, 1.495, 1.494, 1.492, 1.491, 1.489, 1.485, 1.484, 1.482, 1.482, 1.481, 1.48, 1.479, 1.478, 1.478, 1.478, 1.477, 1.476, 1.476, 1.476, 1.476, 1.475, 1.475, 1.474, 1.474, 1.473, 1.473, 1.473, 1.473, 1.473, 1.474, 1.474, 1.474, 1.473, 1.473, 1.472, 1.472, 1.471, 1.471, 1.47, 1.47, 1.47, 1.47, 1.47, 1.471, 1.472, 1.473, 1.475, 1.476, 1.478, 1.479, 1.479, 1.479, 1.478, 1.477, 1.473, 1.472, 1.471, 1.471, 1.468, 1.468, 1.468, 1.471, 1.472, 1.473, 1.477, 1.478, 1.48, 1.481, 1.481, 1.482, 1.481, 1.48, 1.479, 1.478, 1.476, 1.475, 1.474, 1.473, 1.472, 1.472, 1.472, 1.472, 1.472, 1.472, 1.471, 1.47, 1.47, 1.47, 1.469, 1.468, 1.468, 1.468, 1.468, 1.468, 1.469, 1.47, 1.471, 1.472, 1.473, 1.473, 1.473, 1.473, 1.472, 1.472, 1.472, 0, 
1.539, 1.539, 1.539, 1.539, 1.539, 1.538, 1.537, 1.535, 1.534, 1.533, 1.532, 1.532, 1.531, 1.531, 1.531, 1.532, 1.532, 1.532, 1.532, 1.532, 1.531, 1.528, 1.528, 1.527, 1.526, 1.525, 1.524, 1.524, 1.524, 1.525, 1.526, 1.526, 1.527, 1.527, 1.531, 1.531, 1.532, 1.533, 1.534, 1.535, 1.536, 1.537, 1.538, 1.539, 1.542, 1.539, 1.538, 1.537, 1.535, 1.534, 1.533, 1.533, 1.533, 1.533, 1.533, 1.533, 1.533, 1.533, 1.533, 1.533, 1.532, 1.531, 1.531, 1.531, 1.532, 1.532, 1.532, 1.532, 1.532, 1.532, 1.528, 1.527, 1.526, 1.525, 1.524, 1.524, 1.523, 1.522, 1.522, 1.522, 1.523, 1.523, 1.524, 1.524, 1.525, 1.524, 1.524, 1.524, 1.523, 1.522, 1.521, 1.52, 1.52, 1.52, 1.52, 1.52, 1.52, 1.52, 1.52, 1.52, 1.521, 1.521, 1.522, 1.522, 1.522, 1.523, 1.523, 1.523, 1.522, 1.522, 1.521, 1.52, 1.52, 1.52, 1.519, 1.518, 1.518, 1.519, 1.519, 1.52, 1.522, 1.523, 1.524, 1.525, 1.525, 1.526, 1.525, 1.524, 1.524, 1.524, 1.524, 1.524, 1.524, 1.525, 1.526, 1.526, 1.527, 1.527, 1.524, 1.52, 1.511, 1.499, 1.486, 1.472, 1.46, 1.448, 1.436, 1.425, 1.417, 1.412, 1.408, 1.406, 1.404, 1.404, 1.402, 1.402, 1.402, 1.402, 1.402, 1.404, 1.404, 1.406, 1.406, 1.408, 1.408, 1.408, 1.408, 1.408, 1.408, 1.406, 1.406, 1.406, 1.406, 1.406, 1.406, 1.406, 1.408, 1.408, 1.408, 1.41, 1.41, 1.41, 1.41, 1.408, 1.406, 1.406, 1.406, 1.404, 1.404, 1.404, 1.404, 1.404, 1.404, 1.404, 1.406, 1.406, 1.406, 1.406, 1.404, 1.402, 1.4, 1.4, 1.399, 1.397, 1.397, 1.397, 1.399, 1.4, 1.4, 1.402, 1.404, 1.406, 1.406, 1.408, 1.408, 1.406, 1.406, 1.406, 1.406, 1.406, 1.406, 1.406, 1.406, 1.406, 1.406, 1.406, 1.406, 1.404, 1.402, 1.4, 1.4, 1.397, 1.397, 1.397, 1.397, 1.397, 1.397, 1.399, 1.4, 1.402, 1.404, 1.404, 1.404, 1.402, 1.402, 1.4, 1.4, 1.399, 1.397, 1.397, 1.397, 1.397, 1.397, 1.397, 1.397, 1.397, 1.397, 1.397, 1.397, 1.397, 1.397, 1.395, 1.395, 1.393, 1.391, 1.39, 1.388, 1.388, 1.386, 1.386, 1.386, 1.384, 1.384, 1.386, 1.386, 1.386, 1.388, 1.39, 1.39, 1.391, 1.393, 1.393, 1.393, 1.393, 1.395, 1.393, 1.393, 1.393, 1.393, 1.391, 1.391, 1.39, 1.39, 1.39, 1.39, 1.39, 1.39, 1.391, 1.391, 1.391, 1.391, 1.391, 1.391, 1.39, 1.388, 1.388, 1.388, 1.386, 1.384, 1.384, 1.384, 1.384, 1.384, 1.384, 1.386, 1.386, 1.386, 1.386, 1.384, 1.384, 1.384, 1.384, 1.384, 1.384, 1.384, 1.384, 1.384, 1.384, 1.384, 1.384, 1.384, 1.384, 1.382, 1.382, 1.382, 1.382, 1.382, 1.384, 1.384, 1.384, 1.388, 1.391, 1.397, 1.404, 1.413, 1.425, 1.436, 1.45, 1.462, 1.472, 1.477, 1.482, 1.484, 1.488, 1.489, 1.49, 1.491, 1.492, 1.493, 1.494, 1.494, 1.493, 1.492, 1.491, 1.49, 1.489, 1.489, 1.489, 1.49, 1.49, 1.492, 1.493, 1.494, 1.495, 1.494, 1.493, 1.492, 1.49, 1.489, 1.486, 1.483, 1.482, 1.481, 1.48, 1.48, 1.479, 1.478, 1.478, 1.478, 1.477, 1.476, 1.476, 1.476, 1.476, 1.476, 1.475, 1.474, 1.474, 1.474, 1.474, 1.474, 1.474, 1.474, 1.474, 1.474, 1.474, 1.474, 1.473, 1.472, 1.472, 1.471, 1.471, 1.47, 1.468, 1.468, 1.468, 1.47, 1.471, 1.472, 1.473, 1.474, 1.476, 1.477, 1.478, 1.479, 1.478, 1.477, 1.474, 1.473, 1.472, 1.471, 1.468, 1.468, 1.468, 1.468, 1.468, 1.471, 1.472, 1.477, 1.478, 1.479, 1.48, 1.481, 1.481, 1.48, 1.48, 1.478, 1.477, 1.476, 1.475, 1.474, 1.473, 1.472, 1.472, 1.472, 1.472, 1.472, 1.472, 1.471, 1.47, 1.47, 1.47, 1.469, 1.469, 1.468, 1.468, 1.468, 1.468, 1.469, 1.47, 1.47, 1.472, 1.472, 1.472, 1.472, 1.472, 1.472, 1.472, 1.472, 0, 
1.539, 1.539, 1.539, 1.539, 1.539, 1.538, 1.537, 1.535, 1.534, 1.533, 1.532, 1.531, 1.528, 1.528, 1.528, 1.531, 1.531, 1.532, 1.532, 1.531, 1.531, 1.528, 1.528, 1.527, 1.526, 1.525, 1.524, 1.524, 1.524, 1.525, 1.526, 1.526, 1.527, 1.527, 1.528, 1.531, 1.532, 1.533, 1.534, 1.535, 1.536, 1.537, 1.538, 1.538, 1.539, 1.539, 1.538, 1.537, 1.535, 1.535, 1.534, 1.533, 1.533, 1.533, 1.533, 1.533, 1.533, 1.533, 1.533, 1.533, 1.532, 1.532, 1.532, 1.532, 1.532, 1.533, 1.533, 1.533, 1.533, 1.532, 1.528, 1.528, 1.527, 1.524, 1.524, 1.524, 1.523, 1.523, 1.523, 1.523, 1.523, 1.524, 1.524, 1.525, 1.525, 1.524, 1.524, 1.523, 1.522, 1.521, 1.52, 1.52, 1.52, 1.52, 1.52, 1.52, 1.52, 1.52, 1.52, 1.52, 1.52, 1.521, 1.521, 1.522, 1.522, 1.522, 1.522, 1.522, 1.522, 1.522, 1.521, 1.52, 1.52, 1.52, 1.519, 1.518, 1.518, 1.518, 1.519, 1.52, 1.521, 1.522, 1.523, 1.524, 1.525, 1.525, 1.525, 1.524, 1.524, 1.524, 1.524, 1.524, 1.525, 1.526, 1.526, 1.527, 1.528, 1.527, 1.524, 1.52, 1.512, 1.5, 1.486, 1.473, 1.46, 1.448, 1.436, 1.425, 1.417, 1.412, 1.408, 1.406, 1.404, 1.404, 1.402, 1.402, 1.402, 1.402, 1.402, 1.404, 1.404, 1.406, 1.406, 1.408, 1.408, 1.408, 1.408, 1.408, 1.408, 1.406, 1.406, 1.406, 1.406, 1.406, 1.406, 1.408, 1.408, 1.408, 1.408, 1.41, 1.41, 1.41, 1.41, 1.408, 1.406, 1.406, 1.404, 1.404, 1.404, 1.404, 1.404, 1.404, 1.404, 1.406, 1.406, 1.408, 1.408, 1.406, 1.404, 1.404, 1.4, 1.4, 1.399, 1.399, 1.397, 1.397, 1.399, 1.4, 1.4, 1.402, 1.404, 1.406, 1.406, 1.408, 1.406, 1.406, 1.406, 1.404, 1.404, 1.404, 1.404, 1.404, 1.404, 1.406, 1.406, 1.406, 1.404, 1.402, 1.402, 1.4, 1.397, 1.397, 1.397, 1.397, 1.397, 1.397, 1.397, 1.399, 1.4, 1.402, 1.404, 1.404, 1.404, 1.402, 1.402, 1.4, 1.4, 1.399, 1.397, 1.397, 1.397, 1.397, 1.397, 1.397, 1.397, 1.397, 1.397, 1.397, 1.397, 1.397, 1.397, 1.397, 1.395, 1.393, 1.391, 1.39, 1.39, 1.388, 1.386, 1.386, 1.386, 1.386, 1.386, 1.386, 1.386, 1.386, 1.388, 1.39, 1.39, 1.391, 1.393, 1.393, 1.393, 1.393, 1.393, 1.393, 1.393, 1.393, 1.393, 1.391, 1.39, 1.39, 1.39, 1.39, 1.39, 1.39, 1.39, 1.39, 1.391, 1.391, 1.391, 1.391, 1.391, 1.39, 1.388, 1.388, 1.388, 1.386, 1.384, 1.384, 1.384, 1.384, 1.384, 1.384, 1.386, 1.386, 1.386, 1.386, 1.386, 1.386, 1.384, 1.384, 1.384, 1.384, 1.384, 1.384, 1.384, 1.384, 1.384, 1.384, 1.384, 1.384, 1.384, 1.384, 1.382, 1.382, 1.384, 1.384, 1.384, 1.384, 1.386, 1.391, 1.397, 1.402, 1.412, 1.421, 1.434, 1.446, 1.46, 1.471, 1.476, 1.481, 1.484, 1.489, 1.49, 1.491, 1.492, 1.493, 1.494, 1.494, 1.494, 1.493, 1.492, 1.49, 1.489, 1.489, 1.488, 1.488, 1.489, 1.49, 1.491, 1.492, 1.493, 1.494, 1.493, 1.492, 1.491, 1.489, 1.488, 1.486, 1.482, 1.481, 1.481, 1.48, 1.48, 1.479, 1.478, 1.478, 1.477, 1.477, 1.476, 1.476, 1.476, 1.476, 1.475, 1.475, 1.474, 1.474, 1.474, 1.474, 1.474, 1.474, 1.474, 1.474, 1.474, 1.474, 1.474, 1.473, 1.472, 1.472, 1.472, 1.471, 1.47, 1.468, 1.468, 1.468, 1.47, 1.47, 1.471, 1.473, 1.474, 1.476, 1.477, 1.478, 1.477, 1.476, 1.475, 1.474, 1.472, 1.471, 1.468, 1.468, 1.468, 1.468, 1.468, 1.468, 1.471, 1.471, 1.476, 1.478, 1.479, 1.48, 1.48, 1.48, 1.48, 1.479, 1.478, 1.477, 1.475, 1.474, 1.473, 1.473, 1.472, 1.472, 1.472, 1.472, 1.472, 1.472, 1.471, 1.47, 1.47, 1.47, 1.469, 1.469, 1.468, 1.468, 1.468, 1.468, 1.469, 1.47, 1.47, 1.471, 1.472, 1.472, 1.472, 1.472, 1.472, 1.472, 1.472, 0, 
1.539, 1.539, 1.539, 1.539, 1.538, 1.537, 1.536, 1.535, 1.534, 1.533, 1.532, 1.531, 1.528, 1.528, 1.528, 1.528, 1.531, 1.531, 1.532, 1.531, 1.531, 1.528, 1.528, 1.527, 1.527, 1.526, 1.525, 1.524, 1.524, 1.525, 1.526, 1.526, 1.526, 1.527, 1.528, 1.531, 1.532, 1.533, 1.533, 1.535, 1.536, 1.536, 1.537, 1.538, 1.538, 1.538, 1.538, 1.537, 1.535, 1.535, 1.534, 1.533, 1.533, 1.533, 1.533, 1.533, 1.533, 1.533, 1.533, 1.533, 1.533, 1.533, 1.533, 1.533, 1.533, 1.533, 1.533, 1.533, 1.533, 1.532, 1.532, 1.528, 1.528, 1.525, 1.524, 1.524, 1.524, 1.524, 1.524, 1.524, 1.524, 1.524, 1.525, 1.525, 1.525, 1.524, 1.524, 1.523, 1.522, 1.521, 1.52, 1.52, 1.52, 1.52, 1.52, 1.52, 1.52, 1.52, 1.52, 1.52, 1.52, 1.52, 1.521, 1.521, 1.521, 1.522, 1.522, 1.522, 1.522, 1.522, 1.521, 1.521, 1.52, 1.52, 1.519, 1.518, 1.518, 1.518, 1.519, 1.519, 1.52, 1.522, 1.523, 1.524, 1.525, 1.525, 1.525, 1.524, 1.524, 1.524, 1.524, 1.525, 1.526, 1.526, 1.527, 1.528, 1.528, 1.528, 1.524, 1.52, 1.513, 1.501, 1.487, 1.474, 1.462, 1.448, 1.436, 1.427, 1.417, 1.412, 1.408, 1.406, 1.404, 1.404, 1.402, 1.402, 1.402, 1.402, 1.402, 1.404, 1.406, 1.406, 1.406, 1.408, 1.408, 1.408, 1.408, 1.408, 1.408, 1.406, 1.406, 1.406, 1.406, 1.406, 1.406, 1.408, 1.408, 1.408, 1.408, 1.41, 1.41, 1.41, 1.41, 1.408, 1.406, 1.406, 1.404, 1.404, 1.404, 1.404, 1.404, 1.404, 1.404, 1.406, 1.406, 1.408, 1.408, 1.408, 1.406, 1.404, 1.402, 1.4, 1.4, 1.399, 1.399, 1.399, 1.4, 1.4, 1.4, 1.404, 1.404, 1.406, 1.408, 1.406, 1.406, 1.406, 1.404, 1.404, 1.402, 1.402, 1.402, 1.402, 1.402, 1.404, 1.404, 1.404, 1.402, 1.402, 1.4, 1.4, 1.397, 1.397, 1.395, 1.395, 1.395, 1.397, 1.397, 1.399, 1.4, 1.402, 1.404, 1.404, 1.404, 1.402, 1.402, 1.4, 1.4, 1.399, 1.397, 1.397, 1.397, 1.397, 1.397, 1.397, 1.397, 1.397, 1.397, 1.397, 1.399, 1.399, 1.397, 1.397, 1.395, 1.393, 1.393, 1.39, 1.39, 1.388, 1.386, 1.386, 1.386, 1.386, 1.386, 1.386, 1.386, 1.388, 1.388, 1.39, 1.39, 1.391, 1.393, 1.393, 1.393, 1.393, 1.393, 1.393, 1.393, 1.393, 1.391, 1.391, 1.39, 1.39, 1.39, 1.39, 1.39, 1.39, 1.39, 1.39, 1.391, 1.391, 1.391, 1.391, 1.391, 1.39, 1.39, 1.388, 1.388, 1.386, 1.384, 1.384, 1.384, 1.384, 1.384, 1.386, 1.386, 1.386, 1.386, 1.386, 1.386, 1.386, 1.386, 1.384, 1.384, 1.384, 1.384, 1.384, 1.384, 1.384, 1.384, 1.384, 1.384, 1.384, 1.384, 1.384, 1.384, 1.384, 1.384, 1.384, 1.384, 1.384, 1.386, 1.39, 1.395, 1.4, 1.41, 1.417, 1.43, 1.442, 1.456, 1.468, 1.475, 1.48, 1.485, 1.488, 1.491, 1.492, 1.493, 1.494, 1.494, 1.494, 1.493, 1.492, 1.491, 1.49, 1.489, 1.488, 1.487, 1.487, 1.487, 1.488, 1.49, 1.491, 1.492, 1.493, 1.492, 1.491, 1.49, 1.488, 1.487, 1.484, 1.482, 1.481, 1.48, 1.479, 1.479, 1.478, 1.478, 1.477, 1.476, 1.476, 1.475, 1.475, 1.475, 1.475, 1.475, 1.475, 1.474, 1.474, 1.474, 1.474, 1.474, 1.474, 1.474, 1.474, 1.474, 1.474, 1.474, 1.473, 1.472, 1.472, 1.472, 1.471, 1.47, 1.468, 1.468, 1.469, 1.47, 1.47, 1.471, 1.472, 1.474, 1.475, 1.476, 1.477, 1.476, 1.475, 1.474, 1.473, 1.471, 1.468, 1.466, 1.466, 1.466, 1.466, 1.466, 1.468, 1.468, 1.471, 1.475, 1.477, 1.478, 1.479, 1.48, 1.48, 1.479, 1.478, 1.477, 1.476, 1.475, 1.474, 1.473, 1.472, 1.472, 1.472, 1.472, 1.472, 1.472, 1.472, 1.471, 1.47, 1.47, 1.47, 1.47, 1.469, 1.468, 1.468, 1.468, 1.468, 1.469, 1.47, 1.47, 1.471, 1.471, 1.471, 1.471, 1.471, 1.471, 1.471, 1.471, 0, 
1.539, 1.539, 1.539, 1.539, 1.538, 1.537, 1.536, 1.535, 1.534, 1.533, 1.532, 1.528, 1.528, 1.528, 1.528, 1.528, 1.531, 1.531, 1.531, 1.531, 1.531, 1.531, 1.528, 1.528, 1.527, 1.526, 1.525, 1.525, 1.524, 1.525, 1.526, 1.526, 1.526, 1.527, 1.527, 1.531, 1.532, 1.533, 1.533, 1.534, 1.535, 1.536, 1.537, 1.537, 1.538, 1.538, 1.537, 1.537, 1.535, 1.535, 1.534, 1.534, 1.533, 1.533, 1.533, 1.533, 1.533, 1.533, 1.533, 1.533, 1.533, 1.533, 1.533, 1.533, 1.533, 1.533, 1.533, 1.533, 1.533, 1.532, 1.532, 1.528, 1.528, 1.526, 1.525, 1.525, 1.524, 1.524, 1.524, 1.524, 1.525, 1.525, 1.525, 1.526, 1.525, 1.524, 1.524, 1.522, 1.521, 1.52, 1.52, 1.519, 1.519, 1.519, 1.519, 1.52, 1.52, 1.52, 1.52, 1.52, 1.52, 1.52, 1.52, 1.52, 1.52, 1.521, 1.521, 1.521, 1.522, 1.522, 1.522, 1.521, 1.52, 1.52, 1.519, 1.519, 1.518, 1.518, 1.518, 1.519, 1.52, 1.521, 1.522, 1.523, 1.524, 1.524, 1.524, 1.524, 1.524, 1.524, 1.524, 1.525, 1.526, 1.527, 1.528, 1.528, 1.528, 1.528, 1.524, 1.521, 1.513, 1.501, 1.488, 1.475, 1.462, 1.45, 1.438, 1.427, 1.417, 1.412, 1.408, 1.406, 1.404, 1.404, 1.402, 1.402, 1.402, 1.402, 1.402, 1.404, 1.406, 1.406, 1.406, 1.408, 1.408, 1.408, 1.408, 1.408, 1.408, 1.408, 1.406, 1.406, 1.406, 1.406, 1.408, 1.408, 1.408, 1.408, 1.408, 1.41, 1.41, 1.41, 1.408, 1.406, 1.406, 1.404, 1.404, 1.404, 1.404, 1.404, 1.404, 1.404, 1.404, 1.406, 1.406, 1.408, 1.408, 1.408, 1.406, 1.404, 1.402, 1.4, 1.4, 1.4, 1.399, 1.399, 1.4, 1.4, 1.402, 1.404, 1.404, 1.406, 1.408, 1.406, 1.406, 1.404, 1.404, 1.402, 1.402, 1.402, 1.402, 1.402, 1.402, 1.402, 1.402, 1.402, 1.402, 1.4, 1.4, 1.397, 1.397, 1.397, 1.395, 1.395, 1.395, 1.397, 1.397, 1.399, 1.4, 1.402, 1.404, 1.404, 1.404, 1.404, 1.404, 1.402, 1.4, 1.4, 1.399, 1.397, 1.397, 1.397, 1.397, 1.397, 1.399, 1.399, 1.399, 1.399, 1.399, 1.399, 1.399, 1.397, 1.395, 1.393, 1.391, 1.39, 1.39, 1.388, 1.386, 1.386, 1.386, 1.386, 1.386, 1.386, 1.386, 1.388, 1.39, 1.39, 1.391, 1.391, 1.393, 1.393, 1.393, 1.393, 1.393, 1.393, 1.393, 1.393, 1.391, 1.39, 1.39, 1.388, 1.388, 1.388, 1.388, 1.39, 1.39, 1.39, 1.391, 1.391, 1.391, 1.391, 1.391, 1.391, 1.39, 1.388, 1.388, 1.386, 1.386, 1.384, 1.384, 1.384, 1.384, 1.386, 1.386, 1.388, 1.388, 1.388, 1.388, 1.386, 1.386, 1.386, 1.384, 1.384, 1.384, 1.384, 1.384, 1.384, 1.384, 1.384, 1.384, 1.384, 1.384, 1.384, 1.384, 1.384, 1.384, 1.384, 1.384, 1.384, 1.386, 1.39, 1.395, 1.399, 1.406, 1.415, 1.427, 1.44, 1.452, 1.466, 1.474, 1.478, 1.484, 1.488, 1.492, 1.493, 1.493, 1.494, 1.494, 1.494, 1.493, 1.492, 1.49, 1.489, 1.487, 1.486, 1.486, 1.486, 1.486, 1.487, 1.488, 1.49, 1.491, 1.492, 1.491, 1.49, 1.489, 1.488, 1.487, 1.484, 1.481, 1.48, 1.479, 1.479, 1.478, 1.478, 1.477, 1.476, 1.476, 1.476, 1.475, 1.474, 1.474, 1.475, 1.475, 1.475, 1.475, 1.475, 1.475, 1.475, 1.475, 1.475, 1.475, 1.475, 1.474, 1.474, 1.474, 1.474, 1.473, 1.472, 1.472, 1.471, 1.47, 1.47, 1.47, 1.47, 1.47, 1.47, 1.471, 1.472, 1.473, 1.475, 1.476, 1.476, 1.475, 1.474, 1.473, 1.472, 1.468, 1.466, 1.464, 1.464, 1.464, 1.464, 1.466, 1.466, 1.468, 1.471, 1.475, 1.476, 1.477, 1.478, 1.479, 1.479, 1.478, 1.478, 1.477, 1.475, 1.474, 1.473, 1.472, 1.472, 1.472, 1.472, 1.472, 1.472, 1.472, 1.472, 1.471, 1.47, 1.47, 1.47, 1.47, 1.469, 1.468, 1.468, 1.468, 1.468, 1.469, 1.47, 1.47, 1.47, 1.47, 1.471, 1.471, 1.471, 1.468, 1.468, 1.468, 0, 
1.539, 1.539, 1.539, 1.539, 1.538, 1.537, 1.536, 1.535, 1.534, 1.533, 1.532, 1.528, 1.528, 1.528, 1.528, 1.528, 1.528, 1.531, 1.531, 1.531, 1.531, 1.531, 1.531, 1.528, 1.527, 1.526, 1.526, 1.525, 1.525, 1.525, 1.526, 1.526, 1.526, 1.527, 1.527, 1.531, 1.531, 1.532, 1.533, 1.534, 1.535, 1.535, 1.536, 1.537, 1.537, 1.537, 1.537, 1.537, 1.536, 1.535, 1.535, 1.534, 1.534, 1.533, 1.533, 1.533, 1.533, 1.533, 1.533, 1.533, 1.533, 1.533, 1.533, 1.533, 1.533, 1.533, 1.533, 1.533, 1.533, 1.532, 1.532, 1.531, 1.528, 1.527, 1.526, 1.526, 1.525, 1.525, 1.525, 1.525, 1.525, 1.526, 1.526, 1.526, 1.526, 1.524, 1.523, 1.522, 1.521, 1.52, 1.519, 1.519, 1.518, 1.518, 1.519, 1.519, 1.52, 1.52, 1.52, 1.52, 1.52, 1.52, 1.52, 1.52, 1.52, 1.52, 1.52, 1.521, 1.522, 1.523, 1.522, 1.522, 1.521, 1.52, 1.52, 1.519, 1.518, 1.518, 1.518, 1.519, 1.519, 1.52, 1.522, 1.523, 1.524, 1.524, 1.524, 1.524, 1.524, 1.524, 1.524, 1.525, 1.526, 1.527, 1.528, 1.528, 1.528, 1.528, 1.524, 1.52, 1.516, 1.503, 1.489, 1.476, 1.462, 1.45, 1.438, 1.427, 1.417, 1.412, 1.408, 1.406, 1.404, 1.402, 1.402, 1.402, 1.402, 1.402, 1.402, 1.404, 1.406, 1.406, 1.406, 1.408, 1.408, 1.408, 1.408, 1.408, 1.408, 1.408, 1.406, 1.406, 1.406, 1.406, 1.408, 1.408, 1.408, 1.408, 1.408, 1.408, 1.408, 1.408, 1.408, 1.406, 1.406, 1.404, 1.404, 1.404, 1.404, 1.404, 1.404, 1.404, 1.406, 1.406, 1.408, 1.408, 1.408, 1.408, 1.408, 1.404, 1.404, 1.402, 1.4, 1.4, 1.4, 1.4, 1.4, 1.4, 1.402, 1.404, 1.406, 1.406, 1.408, 1.406, 1.404, 1.404, 1.402, 1.402, 1.4, 1.4, 1.4, 1.4, 1.4, 1.4, 1.4, 1.4, 1.4, 1.4, 1.4, 1.397, 1.397, 1.395, 1.395, 1.395, 1.395, 1.397, 1.397, 1.399, 1.4, 1.404, 1.404, 1.404, 1.404, 1.404, 1.404, 1.402, 1.4, 1.4, 1.399, 1.399, 1.399, 1.399, 1.399, 1.399, 1.4, 1.4, 1.4, 1.4, 1.4, 1.399, 1.399, 1.397, 1.395, 1.393, 1.391, 1.39, 1.39, 1.388, 1.386, 1.386, 1.386, 1.386, 1.386, 1.386, 1.388, 1.39, 1.39, 1.39, 1.391, 1.391, 1.393, 1.393, 1.393, 1.393, 1.393, 1.393, 1.393, 1.393, 1.391, 1.39, 1.39, 1.388, 1.388, 1.388, 1.388, 1.39, 1.39, 1.391, 1.391, 1.391, 1.393, 1.393, 1.391, 1.391, 1.391, 1.39, 1.388, 1.388, 1.386, 1.386, 1.386, 1.386, 1.386, 1.386, 1.388, 1.388, 1.388, 1.39, 1.39, 1.388, 1.388, 1.386, 1.386, 1.384, 1.384, 1.384, 1.384, 1.384, 1.384, 1.384, 1.384, 1.384, 1.384, 1.384, 1.384, 1.384, 1.384, 1.384, 1.384, 1.386, 1.386, 1.39, 1.393, 1.399, 1.404, 1.412, 1.423, 1.436, 1.45, 1.462, 1.473, 1.478, 1.484, 1.488, 1.492, 1.493, 1.494, 1.494, 1.494, 1.493, 1.492, 1.491, 1.489, 1.488, 1.486, 1.485, 1.484, 1.484, 1.485, 1.485, 1.487, 1.488, 1.49, 1.491, 1.49, 1.49, 1.488, 1.487, 1.486, 1.482, 1.481, 1.48, 1.479, 1.478, 1.478, 1.478, 1.477, 1.476, 1.476, 1.476, 1.475, 1.475, 1.475, 1.475, 1.476, 1.476, 1.476, 1.476, 1.476, 1.476, 1.476, 1.476, 1.476, 1.475, 1.474, 1.474, 1.474, 1.474, 1.473, 1.472, 1.472, 1.471, 1.471, 1.47, 1.47, 1.47, 1.47, 1.47, 1.471, 1.472, 1.473, 1.474, 1.475, 1.475, 1.474, 1.473, 1.472, 1.471, 1.468, 1.466, 1.464, 1.464, 1.464, 1.464, 1.466, 1.466, 1.468, 1.47, 1.474, 1.475, 1.476, 1.477, 1.478, 1.478, 1.478, 1.477, 1.476, 1.475, 1.474, 1.473, 1.472, 1.472, 1.471, 1.471, 1.471, 1.471, 1.471, 1.472, 1.471, 1.47, 1.47, 1.47, 1.47, 1.47, 1.47, 1.47, 1.47, 1.47, 1.47, 1.47, 1.47, 1.47, 1.47, 1.47, 1.47, 1.468, 1.468, 1.468, 1.468, 0, 
1.539, 1.539, 1.539, 1.539, 1.538, 1.537, 1.536, 1.535, 1.534, 1.533, 1.532, 1.528, 1.528, 1.528, 1.528, 1.528, 1.528, 1.528, 1.531, 1.531, 1.531, 1.531, 1.531, 1.531, 1.527, 1.527, 1.526, 1.526, 1.526, 1.526, 1.526, 1.526, 1.526, 1.526, 1.527, 1.528, 1.531, 1.532, 1.533, 1.534, 1.535, 1.535, 1.536, 1.536, 1.537, 1.537, 1.537, 1.537, 1.536, 1.535, 1.535, 1.535, 1.534, 1.534, 1.533, 1.533, 1.533, 1.533, 1.533, 1.533, 1.533, 1.533, 1.533, 1.533, 1.533, 1.533, 1.533, 1.533, 1.533, 1.532, 1.532, 1.531, 1.528, 1.527, 1.527, 1.526, 1.526, 1.526, 1.526, 1.526, 1.526, 1.527, 1.527, 1.527, 1.526, 1.524, 1.523, 1.522, 1.52, 1.519, 1.519, 1.518, 1.518, 1.518, 1.518, 1.519, 1.52, 1.52, 1.52, 1.52, 1.52, 1.52, 1.52, 1.52, 1.52, 1.52, 1.52, 1.521, 1.522, 1.523, 1.523, 1.522, 1.522, 1.521, 1.52, 1.52, 1.519, 1.518, 1.518, 1.518, 1.519, 1.52, 1.521, 1.522, 1.523, 1.524, 1.524, 1.524, 1.524, 1.524, 1.524, 1.525, 1.526, 1.527, 1.528, 1.528, 1.528, 1.528, 1.524, 1.52, 1.516, 1.503, 1.49, 1.477, 1.464, 1.45, 1.438, 1.427, 1.417, 1.412, 1.408, 1.406, 1.404, 1.402, 1.402, 1.402, 1.402, 1.402, 1.402, 1.404, 1.406, 1.406, 1.406, 1.408, 1.408, 1.408, 1.408, 1.408, 1.408, 1.408, 1.406, 1.406, 1.406, 1.406, 1.408, 1.408, 1.408, 1.408, 1.408, 1.408, 1.408, 1.408, 1.408, 1.406, 1.404, 1.404, 1.404, 1.404, 1.404, 1.404, 1.404, 1.404, 1.406, 1.406, 1.408, 1.408, 1.408, 1.408, 1.408, 1.406, 1.404, 1.404, 1.402, 1.4, 1.4, 1.4, 1.402, 1.402, 1.404, 1.404, 1.406, 1.408, 1.406, 1.406, 1.404, 1.404, 1.402, 1.4, 1.4, 1.4, 1.4, 1.4, 1.4, 1.4, 1.4, 1.4, 1.4, 1.399, 1.397, 1.397, 1.395, 1.395, 1.395, 1.395, 1.395, 1.395, 1.397, 1.399, 1.4, 1.404, 1.404, 1.404, 1.404, 1.404, 1.404, 1.402, 1.4, 1.4, 1.399, 1.399, 1.399, 1.399, 1.399, 1.4, 1.4, 1.4, 1.4, 1.4, 1.4, 1.4, 1.399, 1.397, 1.397, 1.393, 1.393, 1.39, 1.39, 1.388, 1.388, 1.388, 1.388, 1.388, 1.388, 1.388, 1.39, 1.39, 1.39, 1.391, 1.391, 1.391, 1.391, 1.393, 1.393, 1.393, 1.393, 1.393, 1.393, 1.391, 1.391, 1.39, 1.39, 1.388, 1.388, 1.388, 1.388, 1.39, 1.39, 1.391, 1.391, 1.393, 1.393, 1.393, 1.393, 1.391, 1.391, 1.39, 1.388, 1.388, 1.386, 1.386, 1.386, 1.386, 1.386, 1.388, 1.388, 1.388, 1.39, 1.39, 1.39, 1.39, 1.388, 1.388, 1.386, 1.384, 1.384, 1.384, 1.384, 1.384, 1.384, 1.384, 1.384, 1.384, 1.384, 1.384, 1.384, 1.384, 1.384, 1.384, 1.384, 1.386, 1.386, 1.39, 1.393, 1.399, 1.402, 1.408, 1.421, 1.432, 1.446, 1.458, 1.468, 1.476, 1.484, 1.488, 1.492, 1.493, 1.494, 1.494, 1.494, 1.493, 1.491, 1.49, 1.488, 1.486, 1.485, 1.484, 1.483, 1.483, 1.484, 1.484, 1.486, 1.487, 1.488, 1.489, 1.49, 1.489, 1.488, 1.486, 1.485, 1.482, 1.48, 1.48, 1.479, 1.478, 1.478, 1.478, 1.477, 1.476, 1.476, 1.476, 1.476, 1.476, 1.476, 1.476, 1.476, 1.476, 1.476, 1.476, 1.476, 1.476, 1.476, 1.476, 1.476, 1.476, 1.475, 1.474, 1.474, 1.474, 1.474, 1.473, 1.472, 1.472, 1.471, 1.47, 1.47, 1.47, 1.47, 1.47, 1.471, 1.472, 1.473, 1.474, 1.475, 1.475, 1.474, 1.472, 1.472, 1.471, 1.466, 1.464, 1.464, 1.462, 1.462, 1.462, 1.464, 1.466, 1.468, 1.47, 1.473, 1.474, 1.475, 1.476, 1.477, 1.478, 1.478, 1.477, 1.476, 1.474, 1.473, 1.472, 1.472, 1.471, 1.471, 1.47, 1.47, 1.47, 1.471, 1.471, 1.471, 1.47, 1.47, 1.47, 1.47, 1.47, 1.47, 1.47, 1.47, 1.47, 1.47, 1.47, 1.47, 1.47, 1.47, 1.468, 1.468, 1.468, 1.466, 1.466, 1.468, 0, 
1.539, 1.539, 1.539, 1.538, 1.538, 1.537, 1.536, 1.535, 1.534, 1.533, 1.532, 1.528, 1.528, 1.528, 1.527, 1.527, 1.527, 1.528, 1.528, 1.531, 1.531, 1.531, 1.531, 1.531, 1.531, 1.527, 1.526, 1.526, 1.526, 1.526, 1.526, 1.526, 1.526, 1.526, 1.527, 1.528, 1.531, 1.532, 1.532, 1.533, 1.534, 1.535, 1.535, 1.536, 1.536, 1.537, 1.537, 1.537, 1.536, 1.535, 1.535, 1.535, 1.535, 1.534, 1.533, 1.533, 1.533, 1.533, 1.533, 1.533, 1.533, 1.533, 1.533, 1.533, 1.533, 1.533, 1.533, 1.533, 1.533, 1.532, 1.532, 1.531, 1.528, 1.528, 1.528, 1.527, 1.526, 1.526, 1.526, 1.527, 1.527, 1.528, 1.528, 1.527, 1.526, 1.524, 1.523, 1.522, 1.52, 1.519, 1.518, 1.517, 1.517, 1.517, 1.518, 1.518, 1.519, 1.52, 1.52, 1.52, 1.52, 1.52, 1.52, 1.52, 1.52, 1.52, 1.52, 1.521, 1.522, 1.523, 1.524, 1.523, 1.523, 1.522, 1.52, 1.52, 1.519, 1.518, 1.518, 1.518, 1.519, 1.52, 1.52, 1.521, 1.522, 1.523, 1.524, 1.524, 1.524, 1.524, 1.524, 1.525, 1.526, 1.526, 1.527, 1.527, 1.527, 1.527, 1.524, 1.52, 1.516, 1.504, 1.491, 1.478, 1.464, 1.45, 1.438, 1.427, 1.417, 1.412, 1.408, 1.404, 1.404, 1.402, 1.402, 1.402, 1.402, 1.402, 1.402, 1.404, 1.406, 1.406, 1.406, 1.408, 1.408, 1.408, 1.408, 1.408, 1.408, 1.408, 1.406, 1.406, 1.406, 1.406, 1.408, 1.408, 1.408, 1.408, 1.408, 1.408, 1.408, 1.408, 1.406, 1.404, 1.404, 1.404, 1.404, 1.402, 1.402, 1.402, 1.404, 1.404, 1.406, 1.406, 1.408, 1.408, 1.41, 1.408, 1.408, 1.406, 1.404, 1.404, 1.404, 1.402, 1.402, 1.402, 1.402, 1.404, 1.404, 1.406, 1.406, 1.408, 1.406, 1.406, 1.404, 1.404, 1.402, 1.4, 1.4, 1.4, 1.4, 1.4, 1.4, 1.4, 1.399, 1.399, 1.399, 1.397, 1.397, 1.397, 1.395, 1.395, 1.395, 1.395, 1.395, 1.395, 1.397, 1.399, 1.4, 1.404, 1.404, 1.404, 1.404, 1.404, 1.404, 1.402, 1.402, 1.4, 1.4, 1.399, 1.399, 1.399, 1.4, 1.4, 1.4, 1.4, 1.4, 1.4, 1.4, 1.4, 1.399, 1.399, 1.397, 1.395, 1.393, 1.391, 1.39, 1.39, 1.39, 1.39, 1.39, 1.39, 1.39, 1.39, 1.39, 1.391, 1.391, 1.391, 1.391, 1.391, 1.391, 1.393, 1.393, 1.393, 1.393, 1.393, 1.393, 1.391, 1.391, 1.39, 1.39, 1.388, 1.388, 1.388, 1.388, 1.388, 1.39, 1.391, 1.391, 1.393, 1.393, 1.393, 1.393, 1.391, 1.391, 1.39, 1.388, 1.388, 1.386, 1.386, 1.386, 1.386, 1.386, 1.388, 1.388, 1.39, 1.39, 1.39, 1.39, 1.39, 1.388, 1.388, 1.388, 1.386, 1.384, 1.384, 1.384, 1.384, 1.384, 1.384, 1.384, 1.384, 1.384, 1.384, 1.384, 1.384, 1.384, 1.384, 1.386, 1.386, 1.386, 1.39, 1.393, 1.397, 1.4, 1.406, 1.415, 1.429, 1.442, 1.454, 1.464, 1.475, 1.483, 1.488, 1.491, 1.494, 1.494, 1.494, 1.493, 1.492, 1.49, 1.489, 1.487, 1.485, 1.484, 1.483, 1.482, 1.482, 1.483, 1.484, 1.485, 1.486, 1.487, 1.488, 1.489, 1.488, 1.487, 1.485, 1.484, 1.482, 1.48, 1.479, 1.478, 1.478, 1.478, 1.478, 1.478, 1.477, 1.476, 1.476, 1.476, 1.476, 1.476, 1.476, 1.476, 1.476, 1.476, 1.477, 1.477, 1.477, 1.477, 1.477, 1.476, 1.476, 1.475, 1.475, 1.474, 1.474, 1.474, 1.473, 1.472, 1.472, 1.471, 1.471, 1.47, 1.47, 1.47, 1.47, 1.471, 1.472, 1.472, 1.474, 1.474, 1.474, 1.473, 1.472, 1.471, 1.468, 1.466, 1.464, 1.462, 1.462, 1.462, 1.462, 1.464, 1.466, 1.466, 1.468, 1.472, 1.473, 1.475, 1.476, 1.476, 1.477, 1.477, 1.476, 1.475, 1.474, 1.473, 1.472, 1.471, 1.471, 1.47, 1.47, 1.47, 1.47, 1.47, 1.471, 1.471, 1.47, 1.47, 1.47, 1.47, 1.47, 1.47, 1.47, 1.47, 1.47, 1.47, 1.47, 1.47, 1.47, 1.47, 1.468, 1.468, 1.468, 1.466, 1.466, 1.466, 0, 
1.539, 1.539, 1.539, 1.538, 1.537, 1.537, 1.536, 1.535, 1.533, 1.533, 1.532, 1.528, 1.527, 1.527, 1.526, 1.526, 1.526, 1.527, 1.527, 1.527, 1.531, 1.531, 1.531, 1.531, 1.531, 1.527, 1.527, 1.526, 1.526, 1.526, 1.525, 1.525, 1.525, 1.526, 1.527, 1.527, 1.528, 1.531, 1.532, 1.533, 1.533, 1.534, 1.535, 1.535, 1.536, 1.536, 1.537, 1.537, 1.536, 1.535, 1.535, 1.535, 1.535, 1.534, 1.534, 1.533, 1.533, 1.533, 1.533, 1.533, 1.533, 1.533, 1.533, 1.533, 1.533, 1.533, 1.533, 1.533, 1.533, 1.532, 1.532, 1.528, 1.528, 1.528, 1.527, 1.527, 1.526, 1.526, 1.526, 1.527, 1.528, 1.528, 1.528, 1.527, 1.526, 1.525, 1.524, 1.522, 1.52, 1.519, 1.518, 1.517, 1.516, 1.517, 1.518, 1.518, 1.519, 1.52, 1.52, 1.52, 1.52, 1.52, 1.519, 1.519, 1.519, 1.519, 1.52, 1.52, 1.521, 1.524, 1.524, 1.524, 1.523, 1.522, 1.521, 1.52, 1.519, 1.518, 1.518, 1.518, 1.519, 1.519, 1.52, 1.521, 1.521, 1.522, 1.523, 1.523, 1.524, 1.524, 1.524, 1.525, 1.525, 1.526, 1.526, 1.527, 1.527, 1.526, 1.525, 1.52, 1.516, 1.505, 1.492, 1.479, 1.466, 1.452, 1.44, 1.427, 1.417, 1.412, 1.408, 1.404, 1.404, 1.402, 1.402, 1.402, 1.402, 1.402, 1.402, 1.404, 1.406, 1.406, 1.406, 1.408, 1.408, 1.408, 1.408, 1.408, 1.408, 1.408, 1.406, 1.406, 1.406, 1.408, 1.408, 1.408, 1.408, 1.408, 1.408, 1.408, 1.408, 1.408, 1.406, 1.404, 1.404, 1.404, 1.402, 1.402, 1.402, 1.402, 1.404, 1.404, 1.406, 1.408, 1.408, 1.408, 1.41, 1.41, 1.408, 1.408, 1.406, 1.404, 1.404, 1.404, 1.404, 1.404, 1.404, 1.404, 1.404, 1.406, 1.406, 1.406, 1.406, 1.404, 1.404, 1.402, 1.4, 1.4, 1.4, 1.4, 1.399, 1.399, 1.399, 1.399, 1.399, 1.399, 1.397, 1.397, 1.397, 1.395, 1.395, 1.395, 1.395, 1.395, 1.395, 1.397, 1.397, 1.399, 1.4, 1.404, 1.404, 1.404, 1.404, 1.404, 1.404, 1.404, 1.402, 1.4, 1.4, 1.399, 1.399, 1.4, 1.4, 1.4, 1.4, 1.4, 1.4, 1.4, 1.4, 1.4, 1.4, 1.399, 1.397, 1.395, 1.393, 1.391, 1.39, 1.39, 1.39, 1.39, 1.39, 1.39, 1.39, 1.391, 1.391, 1.391, 1.391, 1.391, 1.391, 1.391, 1.391, 1.393, 1.393, 1.393, 1.393, 1.393, 1.393, 1.393, 1.391, 1.39, 1.39, 1.388, 1.388, 1.388, 1.388, 1.388, 1.39, 1.391, 1.391, 1.393, 1.395, 1.395, 1.393, 1.393, 1.391, 1.391, 1.39, 1.388, 1.388, 1.386, 1.386, 1.386, 1.388, 1.388, 1.388, 1.39, 1.391, 1.391, 1.391, 1.39, 1.39, 1.39, 1.388, 1.388, 1.386, 1.384, 1.384, 1.384, 1.384, 1.384, 1.384, 1.386, 1.386, 1.386, 1.386, 1.386, 1.386, 1.386, 1.386, 1.386, 1.386, 1.39, 1.393, 1.397, 1.4, 1.404, 1.412, 1.423, 1.436, 1.448, 1.46, 1.47, 1.478, 1.487, 1.49, 1.494, 1.494, 1.494, 1.493, 1.492, 1.49, 1.488, 1.487, 1.484, 1.482, 1.481, 1.481, 1.481, 1.482, 1.483, 1.484, 1.485, 1.486, 1.487, 1.488, 1.487, 1.486, 1.484, 1.483, 1.482, 1.48, 1.479, 1.478, 1.478, 1.478, 1.478, 1.478, 1.477, 1.476, 1.476, 1.476, 1.476, 1.476, 1.476, 1.476, 1.476, 1.477, 1.477, 1.478, 1.478, 1.478, 1.477, 1.476, 1.476, 1.476, 1.475, 1.474, 1.474, 1.474, 1.473, 1.473, 1.472, 1.472, 1.471, 1.47, 1.47, 1.47, 1.47, 1.471, 1.472, 1.472, 1.473, 1.474, 1.474, 1.472, 1.471, 1.47, 1.468, 1.466, 1.464, 1.462, 1.462, 1.462, 1.462, 1.464, 1.466, 1.466, 1.468, 1.471, 1.472, 1.474, 1.475, 1.476, 1.476, 1.476, 1.476, 1.475, 1.474, 1.472, 1.471, 1.471, 1.47, 1.47, 1.47, 1.47, 1.47, 1.47, 1.47, 1.47, 1.47, 1.47, 1.47, 1.47, 1.47, 1.47, 1.47, 1.47, 1.47, 1.47, 1.47, 1.47, 1.47, 1.47, 1.468, 1.468, 1.468, 1.466, 1.466, 1.466, 0, 
1.539, 1.539, 1.538, 1.538, 1.537, 1.537, 1.536, 1.535, 1.533, 1.533, 1.532, 1.528, 1.527, 1.526, 1.525, 1.525, 1.525, 1.526, 1.526, 1.526, 1.527, 1.531, 1.531, 1.531, 1.531, 1.528, 1.527, 1.526, 1.526, 1.526, 1.525, 1.524, 1.525, 1.525, 1.526, 1.527, 1.527, 1.528, 1.531, 1.532, 1.533, 1.533, 1.534, 1.534, 1.535, 1.536, 1.536, 1.536, 1.536, 1.535, 1.535, 1.535, 1.535, 1.535, 1.534, 1.533, 1.533, 1.533, 1.533, 1.533, 1.533, 1.533, 1.533, 1.533, 1.533, 1.533, 1.533, 1.533, 1.533, 1.532, 1.531, 1.528, 1.528, 1.527, 1.527, 1.526, 1.526, 1.526, 1.527, 1.527, 1.528, 1.528, 1.528, 1.527, 1.526, 1.525, 1.524, 1.522, 1.52, 1.519, 1.518, 1.517, 1.516, 1.517, 1.518, 1.518, 1.519, 1.52, 1.52, 1.52, 1.52, 1.519, 1.518, 1.518, 1.518, 1.518, 1.519, 1.52, 1.52, 1.524, 1.524, 1.524, 1.524, 1.523, 1.522, 1.52, 1.52, 1.519, 1.518, 1.518, 1.518, 1.519, 1.52, 1.52, 1.52, 1.521, 1.522, 1.523, 1.524, 1.524, 1.524, 1.524, 1.525, 1.526, 1.526, 1.526, 1.526, 1.525, 1.525, 1.52, 1.516, 1.506, 1.493, 1.48, 1.466, 1.454, 1.44, 1.429, 1.417, 1.412, 1.408, 1.404, 1.404, 1.402, 1.402, 1.402, 1.402, 1.402, 1.404, 1.404, 1.406, 1.406, 1.406, 1.408, 1.408, 1.408, 1.408, 1.408, 1.408, 1.406, 1.406, 1.406, 1.406, 1.406, 1.408, 1.408, 1.408, 1.408, 1.408, 1.408, 1.408, 1.406, 1.404, 1.404, 1.404, 1.402, 1.402, 1.402, 1.402, 1.402, 1.404, 1.404, 1.406, 1.408, 1.408, 1.41, 1.41, 1.41, 1.408, 1.408, 1.408, 1.406, 1.404, 1.404, 1.404, 1.404, 1.404, 1.404, 1.406, 1.406, 1.408, 1.406, 1.406, 1.404, 1.404, 1.402, 1.4, 1.4, 1.4, 1.399, 1.399, 1.399, 1.399, 1.397, 1.397, 1.397, 1.397, 1.397, 1.397, 1.395, 1.395, 1.395, 1.395, 1.395, 1.395, 1.397, 1.397, 1.4, 1.4, 1.404, 1.404, 1.404, 1.404, 1.404, 1.404, 1.404, 1.402, 1.4, 1.4, 1.4, 1.4, 1.4, 1.4, 1.4, 1.4, 1.4, 1.4, 1.4, 1.4, 1.4, 1.4, 1.399, 1.397, 1.395, 1.393, 1.393, 1.39, 1.39, 1.39, 1.39, 1.39, 1.39, 1.391, 1.391, 1.391, 1.391, 1.391, 1.391, 1.391, 1.391, 1.391, 1.393, 1.393, 1.393, 1.393, 1.393, 1.393, 1.393, 1.393, 1.391, 1.39, 1.39, 1.39, 1.39, 1.39, 1.39, 1.39, 1.391, 1.393, 1.393, 1.395, 1.395, 1.395, 1.393, 1.393, 1.391, 1.39, 1.39, 1.388, 1.388, 1.388, 1.388, 1.388, 1.39, 1.39, 1.39, 1.391, 1.391, 1.393, 1.391, 1.391, 1.39, 1.39, 1.39, 1.388, 1.388, 1.386, 1.386, 1.386, 1.386, 1.386, 1.386, 1.386, 1.386, 1.386, 1.386, 1.386, 1.386, 1.386, 1.388, 1.388, 1.39, 1.393, 1.395, 1.397, 1.4, 1.408, 1.417, 1.43, 1.444, 1.454, 1.464, 1.473, 1.481, 1.488, 1.493, 1.493, 1.493, 1.492, 1.491, 1.489, 1.488, 1.486, 1.482, 1.481, 1.48, 1.48, 1.48, 1.481, 1.482, 1.483, 1.484, 1.486, 1.486, 1.486, 1.486, 1.485, 1.484, 1.482, 1.481, 1.48, 1.479, 1.478, 1.478, 1.478, 1.478, 1.478, 1.477, 1.477, 1.476, 1.476, 1.476, 1.476, 1.476, 1.476, 1.477, 1.478, 1.478, 1.478, 1.478, 1.478, 1.478, 1.477, 1.476, 1.476, 1.475, 1.474, 1.474, 1.474, 1.474, 1.473, 1.472, 1.472, 1.471, 1.471, 1.47, 1.47, 1.47, 1.471, 1.472, 1.472, 1.473, 1.474, 1.473, 1.472, 1.471, 1.47, 1.468, 1.466, 1.464, 1.462, 1.462, 1.462, 1.462, 1.464, 1.466, 1.466, 1.468, 1.471, 1.472, 1.473, 1.474, 1.475, 1.476, 1.476, 1.475, 1.474, 1.474, 1.472, 1.471, 1.47, 1.47, 1.47, 1.47, 1.47, 1.47, 1.47, 1.47, 1.47, 1.47, 1.47, 1.47, 1.47, 1.47, 1.47, 1.47, 1.47, 1.47, 1.47, 1.47, 1.47, 1.47, 1.469, 1.468, 1.468, 1.468, 1.466, 1.466, 1.466, 0, 
1.539, 1.538, 1.538, 1.537, 1.537, 1.536, 1.535, 1.535, 1.533, 1.532, 1.532, 1.527, 1.526, 1.525, 1.524, 1.524, 1.524, 1.525, 1.525, 1.526, 1.526, 1.527, 1.531, 1.531, 1.531, 1.531, 1.527, 1.527, 1.526, 1.526, 1.525, 1.524, 1.524, 1.525, 1.526, 1.526, 1.527, 1.528, 1.528, 1.532, 1.532, 1.533, 1.533, 1.534, 1.534, 1.535, 1.535, 1.535, 1.535, 1.535, 1.535, 1.535, 1.535, 1.535, 1.534, 1.533, 1.533, 1.533, 1.533, 1.533, 1.533, 1.533, 1.533, 1.533, 1.533, 1.533, 1.533, 1.533, 1.532, 1.532, 1.528, 1.528, 1.528, 1.527, 1.526, 1.526, 1.526, 1.526, 1.526, 1.527, 1.528, 1.528, 1.528, 1.528, 1.527, 1.525, 1.524, 1.522, 1.52, 1.519, 1.518, 1.517, 1.517, 1.517, 1.518, 1.519, 1.52, 1.52, 1.52, 1.52, 1.519, 1.518, 1.518, 1.517, 1.517, 1.518, 1.518, 1.52, 1.52, 1.524, 1.524, 1.524, 1.524, 1.524, 1.523, 1.52, 1.52, 1.519, 1.518, 1.518, 1.518, 1.519, 1.519, 1.52, 1.52, 1.521, 1.522, 1.522, 1.523, 1.524, 1.524, 1.524, 1.525, 1.525, 1.526, 1.526, 1.526, 1.525, 1.524, 1.52, 1.517, 1.507, 1.494, 1.482, 1.468, 1.454, 1.44, 1.429, 1.419, 1.413, 1.408, 1.404, 1.404, 1.402, 1.402, 1.402, 1.402, 1.402, 1.404, 1.404, 1.406, 1.406, 1.406, 1.406, 1.408, 1.408, 1.408, 1.406, 1.406, 1.406, 1.406, 1.406, 1.406, 1.406, 1.406, 1.408, 1.408, 1.408, 1.408, 1.408, 1.406, 1.406, 1.404, 1.404, 1.402, 1.402, 1.402, 1.402, 1.402, 1.402, 1.404, 1.404, 1.406, 1.408, 1.408, 1.41, 1.41, 1.41, 1.41, 1.408, 1.408, 1.406, 1.406, 1.406, 1.404, 1.404, 1.404, 1.406, 1.406, 1.406, 1.408, 1.406, 1.404, 1.404, 1.404, 1.402, 1.4, 1.4, 1.4, 1.399, 1.399, 1.399, 1.399, 1.397, 1.397, 1.397, 1.397, 1.397, 1.397, 1.395, 1.395, 1.395, 1.395, 1.395, 1.397, 1.397, 1.399, 1.4, 1.4, 1.404, 1.404, 1.404, 1.404, 1.404, 1.404, 1.404, 1.402, 1.4, 1.4, 1.4, 1.4, 1.4, 1.4, 1.4, 1.4, 1.4, 1.4, 1.402, 1.402, 1.4, 1.4, 1.399, 1.397, 1.395, 1.393, 1.393, 1.39, 1.39, 1.39, 1.39, 1.39, 1.39, 1.391, 1.391, 1.391, 1.393, 1.393, 1.393, 1.393, 1.393, 1.393, 1.393, 1.393, 1.393, 1.393, 1.393, 1.393, 1.393, 1.393, 1.393, 1.391, 1.391, 1.39, 1.39, 1.391, 1.391, 1.393, 1.393, 1.395, 1.397, 1.397, 1.397, 1.397, 1.395, 1.393, 1.393, 1.393, 1.391, 1.39, 1.39, 1.39, 1.39, 1.39, 1.39, 1.391, 1.391, 1.393, 1.393, 1.393, 1.393, 1.393, 1.393, 1.391, 1.391, 1.39, 1.39, 1.39, 1.39, 1.39, 1.39, 1.39, 1.39, 1.39, 1.39, 1.39, 1.39, 1.388, 1.388, 1.388, 1.388, 1.388, 1.39, 1.393, 1.395, 1.397, 1.4, 1.406, 1.413, 1.427, 1.44, 1.45, 1.46, 1.472, 1.48, 1.487, 1.492, 1.493, 1.492, 1.492, 1.49, 1.489, 1.487, 1.485, 1.482, 1.481, 1.48, 1.479, 1.479, 1.48, 1.481, 1.482, 1.484, 1.485, 1.486, 1.486, 1.485, 1.484, 1.483, 1.482, 1.481, 1.479, 1.478, 1.478, 1.478, 1.478, 1.478, 1.478, 1.478, 1.477, 1.476, 1.476, 1.476, 1.476, 1.476, 1.477, 1.478, 1.478, 1.478, 1.478, 1.478, 1.478, 1.478, 1.477, 1.476, 1.476, 1.475, 1.474, 1.474, 1.474, 1.474, 1.473, 1.472, 1.472, 1.472, 1.471, 1.47, 1.47, 1.47, 1.471, 1.472, 1.472, 1.473, 1.474, 1.473, 1.472, 1.471, 1.47, 1.468, 1.466, 1.464, 1.462, 1.462, 1.462, 1.462, 1.464, 1.466, 1.466, 1.468, 1.47, 1.471, 1.472, 1.474, 1.474, 1.475, 1.475, 1.475, 1.474, 1.473, 1.472, 1.471, 1.47, 1.47, 1.47, 1.47, 1.47, 1.47, 1.47, 1.47, 1.47, 1.471, 1.47, 1.47, 1.47, 1.47, 1.47, 1.47, 1.47, 1.47, 1.47, 1.47, 1.47, 1.47, 1.469, 1.468, 1.468, 1.468, 1.466, 1.466, 1.466, 0, 
1.538, 1.538, 1.537, 1.537, 1.536, 1.536, 1.535, 1.534, 1.533, 1.532, 1.531, 1.527, 1.526, 1.525, 1.524, 1.524, 1.524, 1.524, 1.524, 1.525, 1.526, 1.527, 1.528, 1.531, 1.531, 1.531, 1.528, 1.527, 1.526, 1.526, 1.525, 1.524, 1.524, 1.525, 1.526, 1.526, 1.527, 1.528, 1.528, 1.528, 1.532, 1.532, 1.533, 1.533, 1.534, 1.534, 1.535, 1.535, 1.535, 1.535, 1.535, 1.535, 1.535, 1.534, 1.534, 1.533, 1.533, 1.533, 1.533, 1.533, 1.533, 1.533, 1.533, 1.533, 1.533, 1.533, 1.533, 1.533, 1.532, 1.531, 1.528, 1.528, 1.527, 1.527, 1.526, 1.526, 1.526, 1.526, 1.526, 1.527, 1.528, 1.528, 1.528, 1.528, 1.527, 1.526, 1.524, 1.522, 1.52, 1.519, 1.518, 1.518, 1.518, 1.518, 1.519, 1.519, 1.52, 1.52, 1.52, 1.519, 1.519, 1.518, 1.517, 1.516, 1.516, 1.517, 1.517, 1.52, 1.52, 1.524, 1.524, 1.525, 1.525, 1.524, 1.524, 1.52, 1.52, 1.519, 1.518, 1.517, 1.517, 1.518, 1.518, 1.519, 1.52, 1.52, 1.521, 1.522, 1.523, 1.524, 1.524, 1.524, 1.524, 1.525, 1.525, 1.525, 1.525, 1.524, 1.524, 1.52, 1.517, 1.508, 1.495, 1.483, 1.47, 1.456, 1.442, 1.43, 1.419, 1.413, 1.408, 1.404, 1.404, 1.402, 1.402, 1.402, 1.402, 1.402, 1.404, 1.404, 1.406, 1.406, 1.406, 1.406, 1.406, 1.406, 1.406, 1.406, 1.406, 1.406, 1.406, 1.406, 1.406, 1.406, 1.406, 1.406, 1.406, 1.406, 1.406, 1.406, 1.406, 1.404, 1.404, 1.404, 1.402, 1.402, 1.402, 1.402, 1.402, 1.402, 1.404, 1.404, 1.406, 1.408, 1.408, 1.41, 1.41, 1.41, 1.41, 1.408, 1.408, 1.408, 1.406, 1.406, 1.406, 1.406, 1.406, 1.406, 1.406, 1.408, 1.408, 1.406, 1.404, 1.404, 1.404, 1.402, 1.4, 1.4, 1.4, 1.399, 1.399, 1.399, 1.399, 1.397, 1.397, 1.397, 1.397, 1.397, 1.397, 1.397, 1.397, 1.397, 1.397, 1.397, 1.397, 1.397, 1.399, 1.4, 1.402, 1.404, 1.404, 1.404, 1.404, 1.404, 1.404, 1.404, 1.404, 1.402, 1.4, 1.4, 1.4, 1.4, 1.4, 1.402, 1.402, 1.402, 1.402, 1.402, 1.402, 1.402, 1.4, 1.399, 1.399, 1.397, 1.395, 1.393, 1.391, 1.391, 1.391, 1.391, 1.391, 1.391, 1.393, 1.393, 1.393, 1.393, 1.393, 1.395, 1.393, 1.393, 1.393, 1.395, 1.395, 1.395, 1.395, 1.395, 1.395, 1.395, 1.395, 1.393, 1.393, 1.393, 1.393, 1.393, 1.393, 1.393, 1.395, 1.397, 1.397, 1.399, 1.399, 1.399, 1.397, 1.397, 1.397, 1.395, 1.393, 1.393, 1.391, 1.39, 1.39, 1.39, 1.391, 1.391, 1.391, 1.393, 1.393, 1.393, 1.393, 1.395, 1.395, 1.393, 1.393, 1.393, 1.391, 1.391, 1.39, 1.39, 1.39, 1.39, 1.39, 1.39, 1.39, 1.39, 1.39, 1.39, 1.39, 1.39, 1.39, 1.39, 1.39, 1.391, 1.393, 1.395, 1.399, 1.4, 1.404, 1.412, 1.423, 1.436, 1.448, 1.46, 1.471, 1.478, 1.486, 1.491, 1.492, 1.492, 1.491, 1.49, 1.488, 1.487, 1.484, 1.481, 1.48, 1.479, 1.479, 1.479, 1.48, 1.481, 1.482, 1.483, 1.484, 1.485, 1.485, 1.485, 1.484, 1.483, 1.482, 1.48, 1.479, 1.478, 1.478, 1.478, 1.478, 1.478, 1.478, 1.478, 1.477, 1.476, 1.476, 1.476, 1.476, 1.477, 1.477, 1.478, 1.478, 1.479, 1.479, 1.479, 1.479, 1.478, 1.477, 1.476, 1.475, 1.475, 1.474, 1.474, 1.474, 1.474, 1.473, 1.472, 1.472, 1.472, 1.471, 1.471, 1.47, 1.471, 1.471, 1.472, 1.472, 1.473, 1.474, 1.473, 1.472, 1.471, 1.47, 1.468, 1.466, 1.464, 1.464, 1.462, 1.462, 1.464, 1.464, 1.466, 1.466, 1.468, 1.468, 1.471, 1.472, 1.473, 1.474, 1.474, 1.475, 1.475, 1.474, 1.473, 1.472, 1.471, 1.47, 1.47, 1.47, 1.47, 1.47, 1.47, 1.47, 1.47, 1.47, 1.471, 1.47, 1.47, 1.47, 1.47, 1.47, 1.47, 1.47, 1.47, 1.47, 1.47, 1.47, 1.47, 1.469, 1.468, 1.468, 1.468, 1.466, 1.466, 1.466, 0, 
1.537, 1.537, 1.536, 1.536, 1.535, 1.535, 1.535, 1.534, 1.533, 1.532, 1.531, 1.528, 1.525, 1.524, 1.523, 1.522, 1.522, 1.522, 1.523, 1.524, 1.525, 1.526, 1.527, 1.531, 1.531, 1.531, 1.528, 1.527, 1.527, 1.526, 1.525, 1.525, 1.524, 1.525, 1.526, 1.526, 1.527, 1.527, 1.528, 1.528, 1.531, 1.532, 1.532, 1.533, 1.533, 1.534, 1.534, 1.535, 1.535, 1.535, 1.535, 1.535, 1.535, 1.534, 1.533, 1.533, 1.533, 1.533, 1.533, 1.533, 1.533, 1.533, 1.533, 1.533, 1.533, 1.533, 1.533, 1.532, 1.532, 1.528, 1.528, 1.528, 1.527, 1.526, 1.526, 1.526, 1.526, 1.526, 1.526, 1.527, 1.528, 1.528, 1.528, 1.527, 1.526, 1.525, 1.524, 1.522, 1.521, 1.52, 1.519, 1.518, 1.518, 1.518, 1.519, 1.52, 1.52, 1.52, 1.52, 1.519, 1.518, 1.517, 1.516, 1.516, 1.516, 1.516, 1.516, 1.52, 1.52, 1.524, 1.524, 1.525, 1.525, 1.525, 1.524, 1.521, 1.52, 1.519, 1.518, 1.517, 1.517, 1.517, 1.518, 1.518, 1.519, 1.52, 1.521, 1.522, 1.523, 1.523, 1.524, 1.524, 1.524, 1.524, 1.524, 1.524, 1.524, 1.524, 1.523, 1.519, 1.518, 1.509, 1.499, 1.484, 1.471, 1.456, 1.442, 1.43, 1.419, 1.413, 1.408, 1.404, 1.404, 1.402, 1.402, 1.402, 1.402, 1.402, 1.404, 1.404, 1.406, 1.406, 1.406, 1.406, 1.406, 1.406, 1.406, 1.406, 1.406, 1.406, 1.406, 1.406, 1.406, 1.406, 1.406, 1.406, 1.406, 1.406, 1.406, 1.406, 1.404, 1.404, 1.404, 1.402, 1.402, 1.4, 1.4, 1.4, 1.402, 1.402, 1.404, 1.404, 1.406, 1.408, 1.408, 1.41, 1.41, 1.41, 1.41, 1.408, 1.408, 1.408, 1.408, 1.408, 1.406, 1.406, 1.408, 1.408, 1.408, 1.408, 1.408, 1.406, 1.404, 1.404, 1.404, 1.402, 1.4, 1.4, 1.4, 1.399, 1.399, 1.399, 1.399, 1.397, 1.397, 1.397, 1.397, 1.397, 1.397, 1.397, 1.397, 1.397, 1.397, 1.397, 1.399, 1.399, 1.4, 1.4, 1.402, 1.404, 1.404, 1.404, 1.404, 1.406, 1.404, 1.404, 1.404, 1.404, 1.402, 1.4, 1.4, 1.402, 1.402, 1.402, 1.402, 1.402, 1.402, 1.402, 1.402, 1.402, 1.402, 1.4, 1.399, 1.399, 1.397, 1.395, 1.395, 1.393, 1.393, 1.393, 1.393, 1.395, 1.395, 1.395, 1.395, 1.395, 1.397, 1.397, 1.397, 1.395, 1.395, 1.397, 1.397, 1.397, 1.397, 1.397, 1.397, 1.395, 1.395, 1.395, 1.395, 1.395, 1.395, 1.395, 1.395, 1.397, 1.397, 1.397, 1.399, 1.4, 1.4, 1.399, 1.399, 1.397, 1.397, 1.395, 1.393, 1.393, 1.393, 1.391, 1.391, 1.391, 1.391, 1.393, 1.393, 1.393, 1.395, 1.395, 1.395, 1.397, 1.397, 1.397, 1.395, 1.395, 1.393, 1.393, 1.393, 1.391, 1.391, 1.391, 1.391, 1.391, 1.391, 1.391, 1.391, 1.391, 1.391, 1.391, 1.391, 1.391, 1.391, 1.391, 1.393, 1.395, 1.399, 1.4, 1.404, 1.41, 1.421, 1.432, 1.446, 1.456, 1.468, 1.477, 1.484, 1.49, 1.492, 1.492, 1.491, 1.49, 1.488, 1.487, 1.484, 1.48, 1.48, 1.479, 1.479, 1.479, 1.48, 1.481, 1.482, 1.483, 1.484, 1.484, 1.485, 1.484, 1.484, 1.482, 1.481, 1.48, 1.479, 1.478, 1.478, 1.478, 1.478, 1.478, 1.478, 1.478, 1.477, 1.477, 1.476, 1.476, 1.477, 1.477, 1.478, 1.479, 1.479, 1.479, 1.48, 1.48, 1.479, 1.478, 1.477, 1.476, 1.475, 1.474, 1.474, 1.474, 1.474, 1.474, 1.473, 1.472, 1.472, 1.472, 1.472, 1.471, 1.471, 1.471, 1.471, 1.472, 1.472, 1.473, 1.473, 1.473, 1.472, 1.471, 1.47, 1.468, 1.466, 1.466, 1.464, 1.464, 1.464, 1.464, 1.464, 1.466, 1.466, 1.466, 1.468, 1.471, 1.471, 1.472, 1.473, 1.474, 1.474, 1.475, 1.474, 1.473, 1.472, 1.471, 1.47, 1.47, 1.47, 1.47, 1.47, 1.47, 1.47, 1.47, 1.47, 1.47, 1.47, 1.47, 1.47, 1.47, 1.47, 1.47, 1.47, 1.47, 1.47, 1.47, 1.47, 1.47, 1.469, 1.468, 1.468, 1.468, 1.466, 1.466, 1.466, 0, 
1.536, 1.536, 1.535, 1.535, 1.535, 1.535, 1.534, 1.534, 1.533, 1.532, 1.528, 1.528, 1.524, 1.523, 1.522, 1.521, 1.521, 1.521, 1.522, 1.523, 1.525, 1.526, 1.527, 1.528, 1.531, 1.531, 1.528, 1.528, 1.527, 1.526, 1.526, 1.525, 1.525, 1.525, 1.526, 1.526, 1.526, 1.527, 1.528, 1.528, 1.528, 1.528, 1.532, 1.532, 1.533, 1.533, 1.534, 1.535, 1.535, 1.535, 1.535, 1.535, 1.535, 1.534, 1.533, 1.533, 1.533, 1.533, 1.532, 1.532, 1.532, 1.533, 1.533, 1.533, 1.533, 1.533, 1.532, 1.532, 1.531, 1.528, 1.528, 1.527, 1.527, 1.526, 1.526, 1.526, 1.526, 1.526, 1.526, 1.527, 1.528, 1.528, 1.528, 1.527, 1.526, 1.525, 1.524, 1.522, 1.521, 1.52, 1.519, 1.518, 1.518, 1.519, 1.519, 1.52, 1.52, 1.52, 1.519, 1.518, 1.517, 1.517, 1.516, 1.516, 1.516, 1.516, 1.516, 1.52, 1.52, 1.524, 1.524, 1.525, 1.526, 1.525, 1.524, 1.522, 1.521, 1.519, 1.518, 1.517, 1.516, 1.517, 1.517, 1.518, 1.518, 1.519, 1.52, 1.521, 1.522, 1.523, 1.524, 1.524, 1.524, 1.524, 1.524, 1.524, 1.524, 1.524, 1.522, 1.518, 1.518, 1.51, 1.5, 1.485, 1.472, 1.458, 1.444, 1.43, 1.421, 1.413, 1.408, 1.406, 1.404, 1.402, 1.402, 1.402, 1.402, 1.402, 1.404, 1.404, 1.406, 1.406, 1.406, 1.406, 1.406, 1.406, 1.406, 1.406, 1.406, 1.406, 1.406, 1.406, 1.404, 1.404, 1.404, 1.404, 1.404, 1.404, 1.404, 1.404, 1.404, 1.404, 1.402, 1.402, 1.402, 1.4, 1.4, 1.4, 1.4, 1.402, 1.404, 1.404, 1.406, 1.408, 1.408, 1.41, 1.41, 1.41, 1.41, 1.41, 1.41, 1.408, 1.408, 1.408, 1.408, 1.408, 1.408, 1.408, 1.408, 1.408, 1.408, 1.406, 1.406, 1.404, 1.404, 1.402, 1.402, 1.4, 1.4, 1.4, 1.399, 1.399, 1.399, 1.397, 1.397, 1.397, 1.397, 1.397, 1.397, 1.397, 1.397, 1.397, 1.399, 1.399, 1.399, 1.399, 1.4, 1.402, 1.402, 1.404, 1.404, 1.404, 1.404, 1.404, 1.404, 1.404, 1.404, 1.404, 1.402, 1.402, 1.402, 1.402, 1.402, 1.402, 1.404, 1.404, 1.404, 1.404, 1.404, 1.402, 1.402, 1.4, 1.4, 1.399, 1.399, 1.395, 1.395, 1.395, 1.395, 1.395, 1.395, 1.395, 1.395, 1.397, 1.397, 1.397, 1.397, 1.399, 1.397, 1.397, 1.397, 1.397, 1.397, 1.397, 1.397, 1.397, 1.397, 1.397, 1.397, 1.397, 1.397, 1.397, 1.397, 1.397, 1.397, 1.397, 1.399, 1.399, 1.4, 1.4, 1.4, 1.399, 1.399, 1.397, 1.397, 1.395, 1.395, 1.393, 1.393, 1.393, 1.393, 1.393, 1.393, 1.393, 1.393, 1.395, 1.395, 1.397, 1.397, 1.397, 1.397, 1.397, 1.397, 1.397, 1.397, 1.395, 1.393, 1.393, 1.393, 1.393, 1.393, 1.393, 1.393, 1.393, 1.393, 1.393, 1.393, 1.393, 1.391, 1.391, 1.391, 1.393, 1.393, 1.395, 1.399, 1.4, 1.402, 1.408, 1.419, 1.432, 1.442, 1.454, 1.466, 1.476, 1.484, 1.489, 1.492, 1.491, 1.491, 1.49, 1.488, 1.487, 1.482, 1.48, 1.48, 1.48, 1.48, 1.48, 1.48, 1.481, 1.482, 1.482, 1.484, 1.484, 1.485, 1.484, 1.483, 1.482, 1.481, 1.48, 1.48, 1.479, 1.478, 1.478, 1.478, 1.478, 1.478, 1.478, 1.478, 1.477, 1.477, 1.477, 1.477, 1.478, 1.478, 1.479, 1.48, 1.48, 1.48, 1.48, 1.479, 1.478, 1.477, 1.476, 1.475, 1.474, 1.474, 1.474, 1.474, 1.474, 1.473, 1.472, 1.472, 1.472, 1.471, 1.471, 1.47, 1.471, 1.471, 1.472, 1.472, 1.472, 1.473, 1.472, 1.472, 1.471, 1.468, 1.468, 1.468, 1.466, 1.464, 1.464, 1.464, 1.464, 1.464, 1.466, 1.466, 1.466, 1.468, 1.468, 1.471, 1.472, 1.473, 1.473, 1.474, 1.474, 1.474, 1.473, 1.472, 1.471, 1.47, 1.47, 1.47, 1.47, 1.469, 1.47, 1.47, 1.47, 1.47, 1.47, 1.47, 1.47, 1.47, 1.47, 1.47, 1.47, 1.47, 1.47, 1.47, 1.47, 1.47, 1.47, 1.47, 1.469, 1.468, 1.468, 1.468, 1.468, 1.468, 0, 
1.535, 1.535, 1.534, 1.534, 1.534, 1.534, 1.533, 1.533, 1.533, 1.532, 1.528, 1.528, 1.524, 1.522, 1.521, 1.52, 1.52, 1.52, 1.521, 1.522, 1.524, 1.526, 1.527, 1.528, 1.531, 1.531, 1.531, 1.528, 1.527, 1.527, 1.526, 1.526, 1.526, 1.526, 1.526, 1.526, 1.526, 1.527, 1.527, 1.528, 1.528, 1.528, 1.531, 1.532, 1.532, 1.533, 1.533, 1.534, 1.535, 1.535, 1.535, 1.535, 1.535, 1.534, 1.533, 1.533, 1.533, 1.533, 1.532, 1.531, 1.532, 1.532, 1.533, 1.533, 1.533, 1.533, 1.532, 1.531, 1.531, 1.528, 1.528, 1.527, 1.526, 1.526, 1.526, 1.525, 1.525, 1.526, 1.526, 1.527, 1.527, 1.528, 1.528, 1.527, 1.526, 1.525, 1.524, 1.522, 1.521, 1.52, 1.519, 1.519, 1.518, 1.519, 1.519, 1.52, 1.52, 1.519, 1.519, 1.518, 1.517, 1.516, 1.516, 1.516, 1.516, 1.516, 1.516, 1.519, 1.52, 1.523, 1.524, 1.525, 1.526, 1.525, 1.524, 1.523, 1.522, 1.52, 1.519, 1.518, 1.517, 1.516, 1.516, 1.517, 1.517, 1.518, 1.52, 1.52, 1.522, 1.523, 1.524, 1.524, 1.524, 1.524, 1.524, 1.524, 1.524, 1.524, 1.521, 1.518, 1.517, 1.511, 1.501, 1.486, 1.473, 1.46, 1.444, 1.432, 1.421, 1.415, 1.408, 1.406, 1.404, 1.402, 1.402, 1.402, 1.402, 1.402, 1.404, 1.406, 1.406, 1.406, 1.406, 1.406, 1.406, 1.406, 1.404, 1.404, 1.404, 1.404, 1.404, 1.404, 1.404, 1.404, 1.404, 1.404, 1.404, 1.404, 1.404, 1.404, 1.404, 1.404, 1.402, 1.402, 1.402, 1.4, 1.4, 1.4, 1.4, 1.402, 1.404, 1.404, 1.406, 1.408, 1.408, 1.41, 1.41, 1.41, 1.41, 1.41, 1.41, 1.408, 1.408, 1.408, 1.408, 1.408, 1.408, 1.408, 1.408, 1.408, 1.406, 1.406, 1.406, 1.404, 1.404, 1.402, 1.402, 1.4, 1.4, 1.4, 1.399, 1.399, 1.399, 1.399, 1.399, 1.399, 1.399, 1.399, 1.399, 1.399, 1.399, 1.399, 1.399, 1.399, 1.4, 1.4, 1.402, 1.402, 1.402, 1.404, 1.404, 1.404, 1.404, 1.404, 1.404, 1.404, 1.404, 1.404, 1.402, 1.402, 1.402, 1.402, 1.402, 1.404, 1.404, 1.404, 1.404, 1.404, 1.404, 1.404, 1.402, 1.402, 1.4, 1.399, 1.399, 1.397, 1.397, 1.395, 1.395, 1.395, 1.397, 1.397, 1.397, 1.397, 1.397, 1.399, 1.399, 1.399, 1.399, 1.399, 1.399, 1.399, 1.397, 1.397, 1.397, 1.397, 1.397, 1.397, 1.397, 1.397, 1.397, 1.397, 1.397, 1.397, 1.399, 1.399, 1.399, 1.4, 1.4, 1.4, 1.4, 1.399, 1.399, 1.397, 1.397, 1.395, 1.395, 1.395, 1.393, 1.393, 1.393, 1.393, 1.393, 1.393, 1.395, 1.395, 1.397, 1.397, 1.397, 1.397, 1.399, 1.399, 1.399, 1.397, 1.397, 1.397, 1.395, 1.395, 1.395, 1.395, 1.395, 1.395, 1.395, 1.395, 1.395, 1.395, 1.395, 1.393, 1.393, 1.393, 1.393, 1.393, 1.393, 1.395, 1.397, 1.399, 1.402, 1.406, 1.417, 1.43, 1.44, 1.452, 1.464, 1.474, 1.482, 1.488, 1.492, 1.491, 1.49, 1.489, 1.488, 1.487, 1.482, 1.481, 1.48, 1.48, 1.48, 1.48, 1.48, 1.481, 1.482, 1.482, 1.483, 1.484, 1.484, 1.484, 1.483, 1.482, 1.481, 1.48, 1.48, 1.479, 1.478, 1.478, 1.478, 1.478, 1.478, 1.478, 1.478, 1.478, 1.478, 1.478, 1.478, 1.478, 1.479, 1.479, 1.48, 1.48, 1.48, 1.48, 1.479, 1.478, 1.477, 1.476, 1.475, 1.474, 1.474, 1.474, 1.474, 1.474, 1.473, 1.472, 1.472, 1.472, 1.471, 1.47, 1.47, 1.47, 1.471, 1.471, 1.472, 1.472, 1.472, 1.472, 1.472, 1.471, 1.468, 1.468, 1.468, 1.466, 1.464, 1.464, 1.464, 1.464, 1.464, 1.466, 1.466, 1.466, 1.468, 1.468, 1.471, 1.471, 1.472, 1.473, 1.473, 1.474, 1.474, 1.473, 1.472, 1.471, 1.47, 1.47, 1.469, 1.469, 1.468, 1.469, 1.469, 1.469, 1.47, 1.47, 1.47, 1.47, 1.47, 1.47, 1.47, 1.47, 1.47, 1.47, 1.47, 1.47, 1.47, 1.47, 1.47, 1.47, 1.47, 1.47, 1.468, 1.468, 1.468, 0, 
1.535, 1.534, 1.534, 1.533, 1.533, 1.533, 1.533, 1.533, 1.533, 1.532, 1.528, 1.527, 1.523, 1.522, 1.521, 1.52, 1.52, 1.52, 1.521, 1.522, 1.523, 1.525, 1.526, 1.527, 1.531, 1.531, 1.531, 1.528, 1.528, 1.527, 1.527, 1.526, 1.526, 1.526, 1.526, 1.526, 1.526, 1.526, 1.527, 1.528, 1.528, 1.528, 1.531, 1.531, 1.532, 1.533, 1.533, 1.534, 1.534, 1.535, 1.535, 1.535, 1.535, 1.534, 1.533, 1.533, 1.533, 1.532, 1.532, 1.531, 1.531, 1.532, 1.532, 1.533, 1.533, 1.532, 1.532, 1.531, 1.528, 1.528, 1.528, 1.527, 1.526, 1.526, 1.526, 1.525, 1.525, 1.526, 1.526, 1.527, 1.528, 1.528, 1.528, 1.527, 1.526, 1.525, 1.524, 1.522, 1.521, 1.52, 1.52, 1.519, 1.519, 1.519, 1.519, 1.519, 1.519, 1.519, 1.518, 1.517, 1.517, 1.516, 1.516, 1.516, 1.516, 1.516, 1.517, 1.518, 1.52, 1.523, 1.524, 1.525, 1.526, 1.526, 1.525, 1.524, 1.522, 1.521, 1.519, 1.518, 1.517, 1.516, 1.516, 1.516, 1.517, 1.518, 1.519, 1.52, 1.521, 1.522, 1.523, 1.524, 1.524, 1.524, 1.524, 1.524, 1.524, 1.523, 1.52, 1.518, 1.517, 1.511, 1.501, 1.488, 1.474, 1.46, 1.446, 1.434, 1.423, 1.415, 1.41, 1.406, 1.404, 1.404, 1.404, 1.402, 1.402, 1.404, 1.404, 1.406, 1.406, 1.406, 1.406, 1.406, 1.406, 1.404, 1.404, 1.404, 1.404, 1.404, 1.404, 1.404, 1.404, 1.404, 1.404, 1.404, 1.404, 1.404, 1.404, 1.404, 1.404, 1.402, 1.402, 1.402, 1.4, 1.4, 1.4, 1.4, 1.402, 1.402, 1.404, 1.404, 1.406, 1.406, 1.408, 1.41, 1.41, 1.41, 1.41, 1.41, 1.41, 1.408, 1.408, 1.408, 1.408, 1.408, 1.408, 1.408, 1.408, 1.408, 1.406, 1.406, 1.406, 1.404, 1.404, 1.402, 1.402, 1.402, 1.4, 1.4, 1.4, 1.399, 1.399, 1.399, 1.399, 1.399, 1.399, 1.399, 1.399, 1.399, 1.399, 1.4, 1.4, 1.4, 1.4, 1.402, 1.402, 1.402, 1.402, 1.404, 1.404, 1.404, 1.404, 1.404, 1.404, 1.404, 1.404, 1.404, 1.404, 1.404, 1.404, 1.404, 1.404, 1.404, 1.404, 1.406, 1.406, 1.406, 1.404, 1.404, 1.404, 1.402, 1.402, 1.4, 1.399, 1.399, 1.397, 1.397, 1.397, 1.397, 1.397, 1.397, 1.399, 1.399, 1.399, 1.399, 1.4, 1.4, 1.4, 1.4, 1.4, 1.399, 1.399, 1.399, 1.397, 1.397, 1.397, 1.397, 1.397, 1.397, 1.397, 1.397, 1.399, 1.399, 1.399, 1.4, 1.4, 1.4, 1.4, 1.4, 1.4, 1.399, 1.399, 1.397, 1.397, 1.397, 1.395, 1.395, 1.395, 1.395, 1.395, 1.395, 1.395, 1.395, 1.395, 1.397, 1.397, 1.397, 1.397, 1.399, 1.4, 1.4, 1.4, 1.4, 1.399, 1.399, 1.397, 1.397, 1.395, 1.395, 1.395, 1.395, 1.395, 1.395, 1.395, 1.395, 1.395, 1.395, 1.393, 1.393, 1.393, 1.393, 1.395, 1.395, 1.397, 1.399, 1.402, 1.406, 1.417, 1.429, 1.44, 1.452, 1.462, 1.474, 1.482, 1.488, 1.491, 1.491, 1.49, 1.489, 1.488, 1.487, 1.482, 1.481, 1.48, 1.48, 1.48, 1.48, 1.48, 1.481, 1.482, 1.482, 1.483, 1.484, 1.484, 1.484, 1.483, 1.482, 1.481, 1.48, 1.48, 1.479, 1.478, 1.478, 1.478, 1.478, 1.478, 1.478, 1.478, 1.478, 1.478, 1.478, 1.478, 1.478, 1.479, 1.48, 1.48, 1.48, 1.48, 1.48, 1.479, 1.478, 1.477, 1.476, 1.476, 1.475, 1.474, 1.474, 1.474, 1.474, 1.473, 1.472, 1.472, 1.472, 1.471, 1.47, 1.47, 1.47, 1.47, 1.471, 1.472, 1.472, 1.472, 1.472, 1.472, 1.471, 1.468, 1.468, 1.468, 1.466, 1.466, 1.464, 1.464, 1.464, 1.466, 1.466, 1.466, 1.466, 1.466, 1.468, 1.47, 1.471, 1.471, 1.472, 1.473, 1.473, 1.473, 1.473, 1.472, 1.471, 1.47, 1.469, 1.469, 1.468, 1.468, 1.468, 1.468, 1.469, 1.469, 1.47, 1.47, 1.47, 1.47, 1.47, 1.47, 1.47, 1.47, 1.47, 1.47, 1.47, 1.47, 1.47, 1.47, 1.47, 1.47, 1.47, 1.468, 1.468, 1.468, 0, 
1.534, 1.534, 1.533, 1.533, 1.533, 1.533, 1.533, 1.533, 1.533, 1.532, 1.527, 1.527, 1.524, 1.522, 1.521, 1.52, 1.52, 1.52, 1.52, 1.521, 1.523, 1.524, 1.526, 1.527, 1.531, 1.531, 1.531, 1.531, 1.528, 1.528, 1.527, 1.527, 1.526, 1.526, 1.526, 1.526, 1.526, 1.526, 1.526, 1.527, 1.528, 1.528, 1.528, 1.531, 1.532, 1.532, 1.533, 1.533, 1.534, 1.535, 1.535, 1.535, 1.535, 1.534, 1.533, 1.533, 1.533, 1.532, 1.532, 1.531, 1.531, 1.531, 1.532, 1.532, 1.532, 1.532, 1.531, 1.531, 1.528, 1.528, 1.528, 1.527, 1.526, 1.526, 1.526, 1.526, 1.526, 1.526, 1.526, 1.527, 1.528, 1.528, 1.528, 1.527, 1.526, 1.525, 1.524, 1.522, 1.521, 1.52, 1.52, 1.52, 1.519, 1.519, 1.519, 1.518, 1.518, 1.518, 1.517, 1.517, 1.516, 1.516, 1.516, 1.516, 1.516, 1.516, 1.517, 1.518, 1.52, 1.522, 1.524, 1.525, 1.526, 1.526, 1.526, 1.524, 1.523, 1.522, 1.52, 1.518, 1.517, 1.516, 1.516, 1.516, 1.517, 1.518, 1.519, 1.52, 1.521, 1.522, 1.523, 1.524, 1.524, 1.524, 1.524, 1.523, 1.523, 1.522, 1.52, 1.518, 1.517, 1.511, 1.503, 1.488, 1.476, 1.462, 1.448, 1.434, 1.423, 1.415, 1.41, 1.406, 1.404, 1.404, 1.404, 1.404, 1.404, 1.404, 1.406, 1.406, 1.406, 1.406, 1.406, 1.406, 1.404, 1.404, 1.404, 1.404, 1.404, 1.404, 1.404, 1.404, 1.404, 1.404, 1.404, 1.404, 1.404, 1.404, 1.404, 1.404, 1.402, 1.402, 1.402, 1.402, 1.4, 1.4, 1.4, 1.4, 1.402, 1.402, 1.404, 1.404, 1.406, 1.406, 1.408, 1.408, 1.41, 1.41, 1.41, 1.41, 1.408, 1.408, 1.408, 1.408, 1.408, 1.408, 1.408, 1.408, 1.408, 1.406, 1.406, 1.406, 1.406, 1.404, 1.404, 1.402, 1.402, 1.402, 1.402, 1.4, 1.4, 1.4, 1.4, 1.399, 1.399, 1.399, 1.4, 1.4, 1.4, 1.4, 1.402, 1.402, 1.402, 1.402, 1.402, 1.402, 1.402, 1.402, 1.402, 1.404, 1.404, 1.404, 1.404, 1.404, 1.404, 1.404, 1.404, 1.404, 1.404, 1.404, 1.404, 1.404, 1.404, 1.404, 1.406, 1.406, 1.406, 1.406, 1.406, 1.406, 1.404, 1.404, 1.402, 1.402, 1.4, 1.399, 1.399, 1.399, 1.399, 1.399, 1.399, 1.399, 1.399, 1.399, 1.399, 1.399, 1.4, 1.402, 1.402, 1.402, 1.4, 1.4, 1.4, 1.399, 1.399, 1.397, 1.397, 1.397, 1.397, 1.397, 1.397, 1.399, 1.399, 1.4, 1.4, 1.402, 1.402, 1.402, 1.4, 1.4, 1.4, 1.399, 1.399, 1.397, 1.397, 1.397, 1.395, 1.395, 1.395, 1.395, 1.395, 1.395, 1.395, 1.395, 1.395, 1.397, 1.397, 1.397, 1.399, 1.399, 1.4, 1.4, 1.402, 1.4, 1.4, 1.399, 1.399, 1.399, 1.397, 1.397, 1.397, 1.397, 1.397, 1.397, 1.395, 1.395, 1.395, 1.395, 1.395, 1.395, 1.395, 1.395, 1.395, 1.397, 1.397, 1.4, 1.402, 1.408, 1.417, 1.429, 1.44, 1.45, 1.46, 1.473, 1.481, 1.487, 1.491, 1.49, 1.49, 1.489, 1.488, 1.487, 1.482, 1.481, 1.48, 1.48, 1.48, 1.48, 1.48, 1.481, 1.482, 1.483, 1.483, 1.484, 1.484, 1.483, 1.482, 1.482, 1.481, 1.48, 1.48, 1.479, 1.479, 1.478, 1.478, 1.478, 1.478, 1.478, 1.478, 1.478, 1.478, 1.478, 1.478, 1.479, 1.479, 1.48, 1.48, 1.481, 1.481, 1.48, 1.48, 1.479, 1.478, 1.476, 1.476, 1.475, 1.474, 1.474, 1.474, 1.473, 1.473, 1.472, 1.472, 1.471, 1.471, 1.47, 1.47, 1.47, 1.47, 1.471, 1.472, 1.472, 1.472, 1.472, 1.472, 1.471, 1.468, 1.468, 1.468, 1.466, 1.466, 1.466, 1.464, 1.464, 1.466, 1.466, 1.466, 1.466, 1.466, 1.468, 1.468, 1.47, 1.471, 1.471, 1.472, 1.472, 1.473, 1.472, 1.472, 1.47, 1.47, 1.469, 1.468, 1.468, 1.468, 1.468, 1.468, 1.468, 1.468, 1.469, 1.469, 1.469, 1.469, 1.469, 1.47, 1.47, 1.47, 1.47, 1.47, 1.47, 1.47, 1.47, 1.47, 1.47, 1.47, 1.47, 1.47, 1.47, 1.47, 0, 
1.534, 1.533, 1.533, 1.533, 1.533, 1.533, 1.533, 1.533, 1.533, 1.532, 1.528, 1.527, 1.523, 1.522, 1.521, 1.52, 1.52, 1.52, 1.52, 1.521, 1.522, 1.524, 1.526, 1.527, 1.528, 1.531, 1.531, 1.531, 1.531, 1.528, 1.528, 1.527, 1.527, 1.526, 1.526, 1.526, 1.526, 1.526, 1.526, 1.527, 1.528, 1.528, 1.528, 1.531, 1.531, 1.532, 1.533, 1.533, 1.534, 1.534, 1.535, 1.535, 1.535, 1.534, 1.533, 1.533, 1.533, 1.532, 1.532, 1.531, 1.531, 1.531, 1.531, 1.532, 1.532, 1.531, 1.531, 1.531, 1.528, 1.528, 1.528, 1.527, 1.527, 1.526, 1.526, 1.526, 1.526, 1.526, 1.526, 1.527, 1.528, 1.528, 1.528, 1.527, 1.526, 1.525, 1.524, 1.522, 1.521, 1.52, 1.52, 1.52, 1.519, 1.519, 1.518, 1.518, 1.518, 1.517, 1.517, 1.516, 1.516, 1.516, 1.516, 1.516, 1.516, 1.516, 1.517, 1.518, 1.52, 1.522, 1.524, 1.525, 1.526, 1.527, 1.526, 1.525, 1.524, 1.522, 1.52, 1.519, 1.518, 1.517, 1.516, 1.516, 1.517, 1.518, 1.519, 1.52, 1.521, 1.522, 1.523, 1.524, 1.524, 1.524, 1.523, 1.523, 1.522, 1.521, 1.52, 1.518, 1.517, 1.512, 1.504, 1.49, 1.477, 1.462, 1.448, 1.436, 1.423, 1.417, 1.412, 1.408, 1.406, 1.404, 1.404, 1.404, 1.404, 1.404, 1.406, 1.406, 1.406, 1.406, 1.406, 1.406, 1.404, 1.404, 1.404, 1.404, 1.402, 1.402, 1.402, 1.402, 1.402, 1.402, 1.404, 1.404, 1.404, 1.404, 1.404, 1.402, 1.402, 1.402, 1.402, 1.402, 1.402, 1.4, 1.4, 1.402, 1.402, 1.402, 1.404, 1.404, 1.406, 1.406, 1.408, 1.408, 1.408, 1.408, 1.408, 1.408, 1.408, 1.408, 1.408, 1.408, 1.408, 1.408, 1.408, 1.408, 1.406, 1.406, 1.406, 1.406, 1.406, 1.404, 1.404, 1.402, 1.402, 1.402, 1.402, 1.402, 1.4, 1.4, 1.4, 1.4, 1.4, 1.4, 1.4, 1.402, 1.402, 1.402, 1.402, 1.402, 1.402, 1.402, 1.402, 1.402, 1.402, 1.402, 1.404, 1.404, 1.404, 1.404, 1.404, 1.404, 1.404, 1.404, 1.404, 1.404, 1.404, 1.404, 1.404, 1.404, 1.404, 1.406, 1.406, 1.406, 1.406, 1.406, 1.406, 1.406, 1.406, 1.404, 1.402, 1.402, 1.402, 1.4, 1.399, 1.399, 1.399, 1.399, 1.399, 1.399, 1.399, 1.399, 1.399, 1.4, 1.402, 1.402, 1.402, 1.402, 1.402, 1.402, 1.4, 1.399, 1.399, 1.397, 1.397, 1.395, 1.395, 1.397, 1.397, 1.399, 1.399, 1.4, 1.402, 1.402, 1.402, 1.402, 1.402, 1.4, 1.4, 1.399, 1.397, 1.397, 1.397, 1.397, 1.395, 1.395, 1.395, 1.395, 1.397, 1.397, 1.395, 1.395, 1.397, 1.397, 1.397, 1.397, 1.399, 1.4, 1.4, 1.402, 1.402, 1.402, 1.4, 1.399, 1.399, 1.399, 1.397, 1.397, 1.397, 1.397, 1.397, 1.397, 1.395, 1.395, 1.395, 1.395, 1.395, 1.395, 1.395, 1.395, 1.395, 1.397, 1.399, 1.4, 1.402, 1.408, 1.419, 1.429, 1.44, 1.45, 1.46, 1.472, 1.481, 1.486, 1.49, 1.49, 1.489, 1.488, 1.487, 1.487, 1.482, 1.482, 1.481, 1.48, 1.48, 1.48, 1.481, 1.482, 1.482, 1.483, 1.484, 1.484, 1.484, 1.483, 1.482, 1.482, 1.481, 1.48, 1.48, 1.48, 1.479, 1.479, 1.479, 1.479, 1.478, 1.478, 1.478, 1.478, 1.478, 1.478, 1.478, 1.479, 1.48, 1.48, 1.481, 1.481, 1.481, 1.481, 1.48, 1.479, 1.478, 1.476, 1.476, 1.475, 1.474, 1.474, 1.474, 1.473, 1.472, 1.472, 1.472, 1.471, 1.47, 1.47, 1.47, 1.47, 1.47, 1.471, 1.471, 1.472, 1.472, 1.472, 1.472, 1.471, 1.47, 1.468, 1.468, 1.466, 1.466, 1.466, 1.466, 1.466, 1.466, 1.466, 1.466, 1.466, 1.466, 1.466, 1.468, 1.468, 1.47, 1.471, 1.471, 1.472, 1.472, 1.472, 1.471, 1.47, 1.47, 1.469, 1.468, 1.468, 1.468, 1.468, 1.468, 1.468, 1.468, 1.468, 1.468, 1.468, 1.468, 1.468, 1.469, 1.469, 1.47, 1.47, 1.47, 1.47, 1.47, 1.47, 1.471, 1.471, 1.47, 1.47, 1.47, 1.47, 1.47, 0, 
1.533, 1.533, 1.533, 1.533, 1.533, 1.533, 1.533, 1.533, 1.533, 1.532, 1.531, 1.528, 1.524, 1.523, 1.52, 1.52, 1.52, 1.52, 1.52, 1.521, 1.522, 1.524, 1.526, 1.527, 1.528, 1.531, 1.531, 1.531, 1.531, 1.531, 1.528, 1.528, 1.528, 1.527, 1.527, 1.526, 1.526, 1.526, 1.526, 1.527, 1.527, 1.528, 1.528, 1.528, 1.531, 1.532, 1.533, 1.533, 1.533, 1.534, 1.535, 1.535, 1.534, 1.534, 1.533, 1.533, 1.533, 1.533, 1.532, 1.531, 1.531, 1.531, 1.531, 1.531, 1.531, 1.531, 1.531, 1.531, 1.528, 1.528, 1.528, 1.528, 1.527, 1.526, 1.526, 1.526, 1.526, 1.526, 1.527, 1.527, 1.528, 1.528, 1.528, 1.527, 1.526, 1.525, 1.524, 1.523, 1.522, 1.521, 1.52, 1.52, 1.519, 1.518, 1.518, 1.517, 1.517, 1.517, 1.516, 1.516, 1.516, 1.516, 1.516, 1.516, 1.516, 1.516, 1.517, 1.518, 1.52, 1.522, 1.524, 1.525, 1.526, 1.527, 1.527, 1.526, 1.524, 1.523, 1.521, 1.519, 1.518, 1.517, 1.516, 1.516, 1.517, 1.518, 1.519, 1.52, 1.522, 1.522, 1.523, 1.524, 1.524, 1.523, 1.523, 1.522, 1.521, 1.521, 1.52, 1.518, 1.517, 1.512, 1.505, 1.492, 1.478, 1.464, 1.45, 1.438, 1.425, 1.419, 1.412, 1.408, 1.406, 1.406, 1.406, 1.404, 1.404, 1.406, 1.406, 1.406, 1.408, 1.406, 1.406, 1.406, 1.404, 1.404, 1.404, 1.404, 1.402, 1.402, 1.402, 1.402, 1.402, 1.402, 1.404, 1.404, 1.404, 1.404, 1.404, 1.402, 1.402, 1.402, 1.402, 1.402, 1.4, 1.4, 1.4, 1.402, 1.402, 1.402, 1.402, 1.404, 1.406, 1.406, 1.406, 1.408, 1.408, 1.408, 1.408, 1.408, 1.408, 1.408, 1.408, 1.408, 1.408, 1.408, 1.408, 1.406, 1.406, 1.406, 1.406, 1.406, 1.404, 1.404, 1.404, 1.402, 1.402, 1.402, 1.402, 1.402, 1.402, 1.402, 1.402, 1.402, 1.402, 1.402, 1.402, 1.402, 1.402, 1.402, 1.402, 1.404, 1.404, 1.404, 1.404, 1.404, 1.404, 1.404, 1.404, 1.404, 1.404, 1.402, 1.402, 1.402, 1.402, 1.402, 1.402, 1.404, 1.404, 1.404, 1.404, 1.404, 1.404, 1.406, 1.406, 1.406, 1.406, 1.408, 1.406, 1.406, 1.406, 1.404, 1.404, 1.402, 1.402, 1.4, 1.4, 1.4, 1.4, 1.4, 1.4, 1.4, 1.4, 1.4, 1.4, 1.402, 1.402, 1.404, 1.404, 1.404, 1.404, 1.402, 1.4, 1.4, 1.399, 1.397, 1.395, 1.395, 1.395, 1.395, 1.397, 1.397, 1.399, 1.4, 1.4, 1.402, 1.402, 1.4, 1.4, 1.4, 1.4, 1.397, 1.397, 1.395, 1.395, 1.393, 1.393, 1.393, 1.393, 1.395, 1.395, 1.395, 1.395, 1.395, 1.395, 1.397, 1.397, 1.397, 1.399, 1.4, 1.4, 1.402, 1.402, 1.4, 1.4, 1.399, 1.399, 1.397, 1.397, 1.397, 1.397, 1.397, 1.397, 1.395, 1.395, 1.395, 1.395, 1.393, 1.393, 1.393, 1.393, 1.393, 1.395, 1.397, 1.399, 1.4, 1.402, 1.41, 1.419, 1.43, 1.44, 1.452, 1.462, 1.473, 1.482, 1.487, 1.49, 1.49, 1.489, 1.488, 1.487, 1.486, 1.483, 1.482, 1.481, 1.48, 1.48, 1.48, 1.481, 1.482, 1.482, 1.483, 1.484, 1.484, 1.484, 1.484, 1.483, 1.482, 1.481, 1.48, 1.48, 1.48, 1.48, 1.48, 1.48, 1.479, 1.479, 1.479, 1.479, 1.478, 1.478, 1.478, 1.479, 1.479, 1.48, 1.481, 1.481, 1.482, 1.482, 1.481, 1.48, 1.479, 1.478, 1.477, 1.476, 1.475, 1.474, 1.474, 1.474, 1.473, 1.472, 1.472, 1.472, 1.471, 1.47, 1.47, 1.47, 1.47, 1.47, 1.47, 1.471, 1.472, 1.472, 1.472, 1.472, 1.471, 1.471, 1.47, 1.468, 1.468, 1.466, 1.466, 1.466, 1.466, 1.466, 1.466, 1.466, 1.466, 1.466, 1.466, 1.466, 1.468, 1.468, 1.47, 1.471, 1.471, 1.472, 1.472, 1.471, 1.47, 1.47, 1.469, 1.468, 1.468, 1.468, 1.468, 1.468, 1.468, 1.468, 1.468, 1.468, 1.468, 1.468, 1.468, 1.468, 1.469, 1.469, 1.47, 1.47, 1.47, 1.47, 1.471, 1.471, 1.471, 1.471, 1.471, 1.471, 1.47, 1.47, 0, 
1.532, 1.532, 1.532, 1.532, 1.532, 1.532, 1.533, 1.533, 1.533, 1.532, 1.531, 1.528, 1.525, 1.524, 1.521, 1.52, 1.52, 1.52, 1.52, 1.521, 1.522, 1.524, 1.526, 1.527, 1.528, 1.531, 1.531, 1.531, 1.531, 1.531, 1.528, 1.528, 1.528, 1.528, 1.527, 1.527, 1.526, 1.526, 1.526, 1.526, 1.527, 1.528, 1.528, 1.528, 1.531, 1.532, 1.532, 1.533, 1.533, 1.534, 1.534, 1.534, 1.534, 1.533, 1.533, 1.533, 1.533, 1.533, 1.532, 1.532, 1.532, 1.532, 1.532, 1.532, 1.531, 1.531, 1.531, 1.531, 1.528, 1.528, 1.528, 1.528, 1.527, 1.527, 1.526, 1.526, 1.526, 1.526, 1.527, 1.528, 1.528, 1.528, 1.528, 1.527, 1.526, 1.525, 1.524, 1.523, 1.522, 1.521, 1.52, 1.52, 1.518, 1.518, 1.517, 1.517, 1.516, 1.516, 1.516, 1.516, 1.516, 1.516, 1.516, 1.516, 1.516, 1.516, 1.517, 1.519, 1.52, 1.522, 1.524, 1.526, 1.527, 1.527, 1.527, 1.526, 1.525, 1.524, 1.522, 1.52, 1.519, 1.518, 1.517, 1.517, 1.517, 1.518, 1.52, 1.52, 1.522, 1.523, 1.524, 1.524, 1.524, 1.523, 1.522, 1.522, 1.521, 1.52, 1.519, 1.518, 1.517, 1.513, 1.507, 1.492, 1.479, 1.466, 1.452, 1.438, 1.429, 1.421, 1.413, 1.408, 1.406, 1.406, 1.406, 1.406, 1.406, 1.406, 1.406, 1.408, 1.408, 1.408, 1.406, 1.406, 1.404, 1.404, 1.404, 1.402, 1.402, 1.402, 1.402, 1.402, 1.402, 1.402, 1.402, 1.404, 1.404, 1.402, 1.402, 1.402, 1.402, 1.402, 1.402, 1.4, 1.4, 1.4, 1.4, 1.402, 1.402, 1.402, 1.402, 1.404, 1.406, 1.406, 1.406, 1.408, 1.408, 1.408, 1.408, 1.408, 1.408, 1.408, 1.408, 1.408, 1.406, 1.406, 1.406, 1.406, 1.406, 1.406, 1.406, 1.404, 1.404, 1.404, 1.402, 1.402, 1.402, 1.402, 1.402, 1.402, 1.402, 1.402, 1.402, 1.402, 1.402, 1.402, 1.402, 1.402, 1.402, 1.404, 1.404, 1.404, 1.404, 1.404, 1.404, 1.404, 1.404, 1.402, 1.402, 1.402, 1.402, 1.402, 1.402, 1.402, 1.402, 1.402, 1.402, 1.404, 1.404, 1.404, 1.404, 1.404, 1.404, 1.406, 1.406, 1.406, 1.406, 1.406, 1.406, 1.406, 1.406, 1.406, 1.404, 1.402, 1.402, 1.4, 1.4, 1.4, 1.4, 1.4, 1.4, 1.4, 1.4, 1.402, 1.402, 1.404, 1.404, 1.406, 1.406, 1.406, 1.404, 1.402, 1.4, 1.399, 1.397, 1.397, 1.395, 1.393, 1.393, 1.393, 1.395, 1.397, 1.397, 1.399, 1.4, 1.4, 1.4, 1.4, 1.399, 1.397, 1.397, 1.395, 1.393, 1.393, 1.393, 1.393, 1.393, 1.393, 1.393, 1.393, 1.395, 1.395, 1.395, 1.395, 1.395, 1.397, 1.397, 1.397, 1.397, 1.399, 1.4, 1.4, 1.4, 1.4, 1.4, 1.399, 1.399, 1.397, 1.397, 1.397, 1.397, 1.395, 1.395, 1.395, 1.393, 1.393, 1.393, 1.393, 1.393, 1.393, 1.393, 1.393, 1.395, 1.395, 1.397, 1.4, 1.402, 1.41, 1.419, 1.43, 1.442, 1.452, 1.464, 1.473, 1.482, 1.488, 1.49, 1.49, 1.489, 1.488, 1.487, 1.486, 1.483, 1.482, 1.481, 1.481, 1.48, 1.481, 1.481, 1.482, 1.483, 1.484, 1.484, 1.484, 1.484, 1.484, 1.483, 1.482, 1.481, 1.481, 1.48, 1.48, 1.48, 1.48, 1.48, 1.48, 1.48, 1.479, 1.479, 1.478, 1.478, 1.478, 1.479, 1.48, 1.48, 1.481, 1.482, 1.482, 1.482, 1.481, 1.48, 1.479, 1.478, 1.477, 1.476, 1.475, 1.474, 1.474, 1.474, 1.473, 1.472, 1.472, 1.471, 1.47, 1.47, 1.47, 1.47, 1.47, 1.47, 1.47, 1.471, 1.472, 1.472, 1.472, 1.472, 1.472, 1.471, 1.471, 1.47, 1.468, 1.468, 1.466, 1.466, 1.466, 1.466, 1.466, 1.466, 1.466, 1.466, 1.466, 1.466, 1.466, 1.468, 1.468, 1.47, 1.471, 1.471, 1.472, 1.471, 1.47, 1.469, 1.468, 1.468, 1.468, 1.468, 1.468, 1.468, 1.468, 1.466, 1.466, 1.466, 1.466, 1.466, 1.466, 1.468, 1.468, 1.469, 1.47, 1.47, 1.47, 1.471, 1.472, 1.472, 1.472, 1.472, 1.472, 1.471, 1.471, 1.471, 0, 
1.531, 1.531, 1.531, 1.531, 1.531, 1.532, 1.533, 1.533, 1.534, 1.533, 1.532, 1.527, 1.526, 1.524, 1.522, 1.521, 1.52, 1.52, 1.521, 1.521, 1.523, 1.524, 1.526, 1.527, 1.528, 1.531, 1.532, 1.532, 1.532, 1.532, 1.531, 1.531, 1.528, 1.528, 1.528, 1.527, 1.526, 1.526, 1.526, 1.526, 1.527, 1.527, 1.528, 1.528, 1.528, 1.532, 1.532, 1.533, 1.533, 1.533, 1.534, 1.534, 1.533, 1.533, 1.533, 1.533, 1.533, 1.533, 1.533, 1.533, 1.533, 1.533, 1.533, 1.532, 1.532, 1.531, 1.531, 1.531, 1.528, 1.528, 1.528, 1.528, 1.528, 1.527, 1.527, 1.527, 1.527, 1.527, 1.527, 1.528, 1.528, 1.528, 1.528, 1.527, 1.526, 1.526, 1.524, 1.524, 1.522, 1.521, 1.52, 1.519, 1.518, 1.517, 1.516, 1.516, 1.516, 1.516, 1.516, 1.516, 1.516, 1.516, 1.516, 1.516, 1.516, 1.517, 1.518, 1.519, 1.521, 1.522, 1.524, 1.526, 1.527, 1.528, 1.531, 1.527, 1.526, 1.524, 1.522, 1.521, 1.519, 1.518, 1.517, 1.517, 1.518, 1.518, 1.52, 1.52, 1.522, 1.523, 1.524, 1.524, 1.523, 1.523, 1.522, 1.522, 1.521, 1.52, 1.519, 1.518, 1.517, 1.513, 1.508, 1.494, 1.48, 1.468, 1.454, 1.442, 1.43, 1.423, 1.415, 1.41, 1.408, 1.408, 1.408, 1.406, 1.406, 1.408, 1.408, 1.408, 1.408, 1.408, 1.406, 1.406, 1.404, 1.404, 1.404, 1.402, 1.402, 1.402, 1.402, 1.402, 1.402, 1.402, 1.402, 1.404, 1.404, 1.402, 1.402, 1.402, 1.402, 1.402, 1.402, 1.4, 1.4, 1.4, 1.4, 1.402, 1.402, 1.402, 1.402, 1.404, 1.406, 1.406, 1.406, 1.408, 1.408, 1.408, 1.408, 1.408, 1.408, 1.408, 1.406, 1.406, 1.406, 1.406, 1.406, 1.406, 1.406, 1.404, 1.404, 1.404, 1.402, 1.402, 1.402, 1.402, 1.402, 1.402, 1.402, 1.402, 1.402, 1.402, 1.402, 1.402, 1.402, 1.402, 1.402, 1.404, 1.404, 1.404, 1.404, 1.404, 1.404, 1.404, 1.404, 1.404, 1.404, 1.402, 1.402, 1.402, 1.402, 1.402, 1.402, 1.402, 1.402, 1.402, 1.402, 1.402, 1.404, 1.404, 1.404, 1.404, 1.404, 1.404, 1.406, 1.406, 1.406, 1.406, 1.406, 1.406, 1.406, 1.404, 1.404, 1.402, 1.402, 1.4, 1.4, 1.4, 1.4, 1.4, 1.4, 1.4, 1.4, 1.4, 1.402, 1.404, 1.404, 1.406, 1.406, 1.406, 1.404, 1.402, 1.4, 1.399, 1.397, 1.395, 1.393, 1.393, 1.393, 1.393, 1.393, 1.397, 1.397, 1.399, 1.399, 1.4, 1.4, 1.399, 1.399, 1.397, 1.397, 1.395, 1.393, 1.393, 1.393, 1.393, 1.393, 1.393, 1.393, 1.393, 1.393, 1.395, 1.395, 1.395, 1.395, 1.395, 1.397, 1.397, 1.397, 1.399, 1.399, 1.4, 1.4, 1.4, 1.399, 1.399, 1.397, 1.397, 1.397, 1.397, 1.395, 1.395, 1.395, 1.393, 1.393, 1.393, 1.393, 1.393, 1.393, 1.393, 1.393, 1.393, 1.393, 1.395, 1.397, 1.399, 1.402, 1.41, 1.421, 1.43, 1.442, 1.452, 1.464, 1.474, 1.483, 1.488, 1.49, 1.49, 1.489, 1.488, 1.487, 1.486, 1.484, 1.483, 1.482, 1.481, 1.481, 1.481, 1.482, 1.482, 1.483, 1.484, 1.485, 1.485, 1.484, 1.484, 1.483, 1.482, 1.482, 1.481, 1.481, 1.48, 1.48, 1.48, 1.48, 1.48, 1.48, 1.48, 1.479, 1.479, 1.478, 1.479, 1.479, 1.48, 1.48, 1.481, 1.482, 1.482, 1.482, 1.481, 1.48, 1.479, 1.478, 1.477, 1.476, 1.475, 1.474, 1.474, 1.474, 1.473, 1.472, 1.472, 1.471, 1.47, 1.47, 1.47, 1.469, 1.469, 1.47, 1.47, 1.471, 1.472, 1.472, 1.472, 1.472, 1.472, 1.472, 1.471, 1.471, 1.47, 1.468, 1.468, 1.466, 1.466, 1.466, 1.466, 1.466, 1.466, 1.466, 1.466, 1.466, 1.466, 1.468, 1.468, 1.468, 1.47, 1.471, 1.471, 1.47, 1.469, 1.469, 1.468, 1.468, 1.466, 1.466, 1.466, 1.466, 1.466, 1.466, 1.466, 1.466, 1.466, 1.466, 1.466, 1.466, 1.468, 1.468, 1.47, 1.47, 1.471, 1.471, 1.472, 1.473, 1.473, 1.472, 1.472, 1.472, 1.472, 1.472, 0, 
1.531, 1.531, 1.531, 1.531, 1.531, 1.532, 1.533, 1.534, 1.534, 1.533, 1.532, 1.527, 1.526, 1.525, 1.523, 1.522, 1.521, 1.521, 1.521, 1.522, 1.523, 1.524, 1.527, 1.527, 1.531, 1.531, 1.532, 1.532, 1.533, 1.532, 1.531, 1.531, 1.528, 1.528, 1.528, 1.527, 1.526, 1.526, 1.526, 1.526, 1.526, 1.526, 1.527, 1.528, 1.528, 1.528, 1.532, 1.532, 1.533, 1.533, 1.533, 1.533, 1.533, 1.533, 1.533, 1.533, 1.533, 1.533, 1.533, 1.533, 1.533, 1.533, 1.533, 1.533, 1.532, 1.532, 1.531, 1.531, 1.531, 1.528, 1.528, 1.528, 1.528, 1.528, 1.528, 1.527, 1.527, 1.528, 1.528, 1.528, 1.528, 1.528, 1.528, 1.527, 1.526, 1.526, 1.525, 1.524, 1.523, 1.521, 1.52, 1.519, 1.518, 1.517, 1.516, 1.516, 1.516, 1.516, 1.516, 1.516, 1.516, 1.516, 1.516, 1.516, 1.516, 1.517, 1.518, 1.52, 1.522, 1.523, 1.525, 1.526, 1.527, 1.531, 1.531, 1.527, 1.526, 1.525, 1.523, 1.522, 1.52, 1.519, 1.518, 1.518, 1.518, 1.519, 1.52, 1.521, 1.522, 1.523, 1.524, 1.524, 1.523, 1.523, 1.522, 1.522, 1.521, 1.52, 1.52, 1.518, 1.517, 1.513, 1.509, 1.495, 1.481, 1.471, 1.458, 1.444, 1.432, 1.425, 1.417, 1.413, 1.41, 1.408, 1.408, 1.408, 1.408, 1.408, 1.408, 1.408, 1.408, 1.408, 1.406, 1.406, 1.404, 1.404, 1.404, 1.402, 1.402, 1.402, 1.402, 1.402, 1.402, 1.402, 1.402, 1.404, 1.404, 1.402, 1.402, 1.402, 1.402, 1.402, 1.402, 1.402, 1.4, 1.4, 1.402, 1.402, 1.402, 1.402, 1.404, 1.404, 1.406, 1.406, 1.406, 1.406, 1.408, 1.408, 1.406, 1.406, 1.406, 1.406, 1.406, 1.406, 1.406, 1.406, 1.406, 1.406, 1.404, 1.404, 1.404, 1.402, 1.402, 1.402, 1.402, 1.402, 1.402, 1.402, 1.402, 1.402, 1.402, 1.402, 1.402, 1.402, 1.402, 1.404, 1.404, 1.404, 1.404, 1.406, 1.406, 1.406, 1.404, 1.404, 1.404, 1.404, 1.402, 1.402, 1.402, 1.402, 1.402, 1.402, 1.402, 1.402, 1.402, 1.402, 1.402, 1.402, 1.402, 1.404, 1.404, 1.404, 1.404, 1.404, 1.404, 1.406, 1.406, 1.406, 1.406, 1.406, 1.406, 1.404, 1.402, 1.402, 1.402, 1.4, 1.4, 1.4, 1.4, 1.4, 1.4, 1.4, 1.4, 1.4, 1.402, 1.404, 1.404, 1.406, 1.406, 1.406, 1.404, 1.402, 1.4, 1.399, 1.397, 1.395, 1.393, 1.393, 1.393, 1.393, 1.393, 1.395, 1.397, 1.397, 1.399, 1.399, 1.399, 1.399, 1.397, 1.397, 1.397, 1.395, 1.393, 1.393, 1.393, 1.393, 1.393, 1.393, 1.393, 1.393, 1.393, 1.393, 1.393, 1.393, 1.393, 1.395, 1.395, 1.397, 1.397, 1.397, 1.397, 1.399, 1.399, 1.399, 1.399, 1.397, 1.397, 1.397, 1.397, 1.395, 1.395, 1.395, 1.393, 1.393, 1.393, 1.391, 1.391, 1.391, 1.391, 1.391, 1.391, 1.393, 1.393, 1.393, 1.395, 1.399, 1.402, 1.41, 1.419, 1.43, 1.442, 1.452, 1.464, 1.474, 1.484, 1.489, 1.49, 1.49, 1.489, 1.488, 1.487, 1.486, 1.484, 1.483, 1.482, 1.482, 1.482, 1.482, 1.482, 1.483, 1.484, 1.485, 1.485, 1.485, 1.485, 1.484, 1.484, 1.483, 1.482, 1.482, 1.481, 1.48, 1.48, 1.48, 1.48, 1.48, 1.48, 1.479, 1.479, 1.479, 1.478, 1.479, 1.48, 1.48, 1.481, 1.481, 1.482, 1.482, 1.482, 1.481, 1.48, 1.479, 1.478, 1.477, 1.476, 1.475, 1.474, 1.474, 1.474, 1.473, 1.472, 1.472, 1.471, 1.47, 1.47, 1.469, 1.468, 1.468, 1.469, 1.47, 1.47, 1.471, 1.472, 1.472, 1.472, 1.472, 1.472, 1.472, 1.471, 1.471, 1.47, 1.468, 1.468, 1.468, 1.466, 1.466, 1.466, 1.466, 1.466, 1.466, 1.466, 1.466, 1.468, 1.468, 1.468, 1.47, 1.47, 1.47, 1.47, 1.469, 1.468, 1.466, 1.466, 1.466, 1.466, 1.466, 1.466, 1.466, 1.466, 1.466, 1.466, 1.466, 1.466, 1.466, 1.466, 1.466, 1.468, 1.47, 1.471, 1.471, 1.472, 1.473, 1.474, 1.473, 1.473, 1.473, 1.472, 1.472, 1.472, 0, 
1.531, 1.531, 1.531, 1.531, 1.531, 1.532, 1.533, 1.534, 1.534, 1.533, 1.532, 1.532, 1.527, 1.526, 1.525, 1.524, 1.523, 1.522, 1.522, 1.523, 1.524, 1.524, 1.528, 1.528, 1.528, 1.531, 1.532, 1.532, 1.533, 1.532, 1.531, 1.531, 1.528, 1.528, 1.528, 1.527, 1.526, 1.525, 1.525, 1.525, 1.525, 1.526, 1.526, 1.527, 1.527, 1.528, 1.531, 1.532, 1.532, 1.533, 1.533, 1.533, 1.533, 1.533, 1.533, 1.533, 1.533, 1.533, 1.533, 1.533, 1.533, 1.533, 1.533, 1.533, 1.533, 1.532, 1.532, 1.531, 1.531, 1.528, 1.528, 1.528, 1.528, 1.528, 1.528, 1.528, 1.528, 1.528, 1.528, 1.528, 1.528, 1.528, 1.528, 1.528, 1.527, 1.526, 1.525, 1.524, 1.523, 1.522, 1.521, 1.52, 1.518, 1.517, 1.516, 1.516, 1.516, 1.516, 1.516, 1.516, 1.516, 1.516, 1.516, 1.516, 1.517, 1.518, 1.519, 1.521, 1.522, 1.524, 1.525, 1.526, 1.527, 1.531, 1.531, 1.531, 1.526, 1.525, 1.524, 1.522, 1.52, 1.519, 1.518, 1.518, 1.518, 1.519, 1.52, 1.521, 1.522, 1.523, 1.524, 1.524, 1.523, 1.523, 1.522, 1.522, 1.522, 1.521, 1.52, 1.519, 1.517, 1.513, 1.51, 1.502, 1.487, 1.472, 1.46, 1.446, 1.436, 1.427, 1.417, 1.413, 1.41, 1.41, 1.41, 1.408, 1.408, 1.408, 1.408, 1.408, 1.408, 1.408, 1.408, 1.406, 1.404, 1.404, 1.404, 1.402, 1.402, 1.402, 1.402, 1.402, 1.402, 1.402, 1.402, 1.404, 1.404, 1.404, 1.402, 1.402, 1.402, 1.402, 1.402, 1.402, 1.402, 1.402, 1.402, 1.402, 1.402, 1.402, 1.404, 1.404, 1.406, 1.406, 1.406, 1.406, 1.406, 1.406, 1.406, 1.406, 1.406, 1.406, 1.406, 1.406, 1.406, 1.406, 1.406, 1.404, 1.404, 1.404, 1.402, 1.402, 1.402, 1.402, 1.402, 1.402, 1.402, 1.402, 1.402, 1.402, 1.402, 1.402, 1.402, 1.402, 1.404, 1.404, 1.404, 1.406, 1.406, 1.406, 1.406, 1.406, 1.406, 1.404, 1.404, 1.404, 1.402, 1.402, 1.402, 1.402, 1.402, 1.402, 1.4, 1.4, 1.402, 1.402, 1.402, 1.402, 1.402, 1.404, 1.404, 1.404, 1.404, 1.404, 1.404, 1.404, 1.406, 1.406, 1.406, 1.404, 1.404, 1.404, 1.402, 1.402, 1.4, 1.4, 1.4, 1.4, 1.4, 1.4, 1.4, 1.4, 1.4, 1.4, 1.402, 1.404, 1.404, 1.406, 1.406, 1.406, 1.404, 1.402, 1.4, 1.399, 1.397, 1.395, 1.393, 1.393, 1.393, 1.393, 1.393, 1.395, 1.397, 1.397, 1.399, 1.399, 1.399, 1.397, 1.397, 1.397, 1.397, 1.395, 1.393, 1.393, 1.393, 1.393, 1.393, 1.393, 1.393, 1.393, 1.393, 1.393, 1.393, 1.393, 1.393, 1.393, 1.395, 1.395, 1.395, 1.397, 1.397, 1.397, 1.399, 1.397, 1.397, 1.397, 1.397, 1.397, 1.397, 1.395, 1.395, 1.393, 1.393, 1.393, 1.391, 1.391, 1.391, 1.391, 1.391, 1.391, 1.391, 1.391, 1.393, 1.393, 1.395, 1.397, 1.4, 1.41, 1.419, 1.43, 1.44, 1.452, 1.464, 1.474, 1.484, 1.489, 1.49, 1.49, 1.489, 1.488, 1.487, 1.486, 1.484, 1.483, 1.482, 1.482, 1.482, 1.482, 1.483, 1.483, 1.484, 1.485, 1.486, 1.486, 1.486, 1.485, 1.484, 1.483, 1.483, 1.482, 1.481, 1.48, 1.48, 1.48, 1.48, 1.48, 1.479, 1.479, 1.479, 1.479, 1.479, 1.479, 1.48, 1.48, 1.481, 1.482, 1.482, 1.482, 1.482, 1.481, 1.48, 1.479, 1.478, 1.477, 1.476, 1.475, 1.475, 1.474, 1.474, 1.472, 1.472, 1.472, 1.471, 1.47, 1.47, 1.469, 1.468, 1.468, 1.469, 1.47, 1.47, 1.471, 1.472, 1.472, 1.472, 1.472, 1.472, 1.472, 1.472, 1.471, 1.471, 1.47, 1.47, 1.468, 1.468, 1.466, 1.466, 1.466, 1.466, 1.466, 1.466, 1.466, 1.468, 1.468, 1.468, 1.47, 1.47, 1.47, 1.468, 1.468, 1.466, 1.466, 1.466, 1.466, 1.466, 1.466, 1.466, 1.466, 1.464, 1.464, 1.464, 1.464, 1.466, 1.466, 1.466, 1.466, 1.468, 1.47, 1.471, 1.472, 1.473, 1.474, 1.474, 1.474, 1.474, 1.473, 1.472, 1.472, 1.472, 0, 
1.531, 1.531, 1.531, 1.531, 1.532, 1.533, 1.534, 1.535, 1.534, 1.533, 1.533, 1.532, 1.528, 1.527, 1.526, 1.525, 1.524, 1.524, 1.524, 1.524, 1.524, 1.525, 1.528, 1.528, 1.528, 1.531, 1.532, 1.532, 1.533, 1.532, 1.532, 1.528, 1.528, 1.528, 1.527, 1.526, 1.525, 1.524, 1.524, 1.524, 1.524, 1.525, 1.525, 1.526, 1.527, 1.527, 1.528, 1.531, 1.532, 1.532, 1.533, 1.533, 1.533, 1.533, 1.533, 1.533, 1.533, 1.533, 1.533, 1.533, 1.533, 1.533, 1.533, 1.533, 1.533, 1.533, 1.532, 1.531, 1.531, 1.528, 1.528, 1.528, 1.528, 1.528, 1.528, 1.528, 1.528, 1.528, 1.528, 1.528, 1.528, 1.528, 1.528, 1.528, 1.527, 1.527, 1.526, 1.525, 1.524, 1.522, 1.521, 1.52, 1.518, 1.517, 1.516, 1.516, 1.516, 1.516, 1.516, 1.516, 1.516, 1.516, 1.516, 1.517, 1.518, 1.519, 1.52, 1.522, 1.523, 1.524, 1.526, 1.527, 1.528, 1.531, 1.531, 1.531, 1.527, 1.526, 1.524, 1.522, 1.521, 1.52, 1.519, 1.518, 1.518, 1.519, 1.52, 1.521, 1.522, 1.523, 1.524, 1.524, 1.524, 1.523, 1.522, 1.522, 1.522, 1.522, 1.521, 1.519, 1.518, 1.517, 1.511, 1.503, 1.487, 1.473, 1.462, 1.448, 1.438, 1.429, 1.419, 1.413, 1.412, 1.41, 1.41, 1.41, 1.41, 1.41, 1.408, 1.408, 1.408, 1.408, 1.408, 1.406, 1.406, 1.404, 1.404, 1.402, 1.402, 1.402, 1.402, 1.402, 1.402, 1.402, 1.402, 1.404, 1.404, 1.404, 1.404, 1.402, 1.402, 1.402, 1.402, 1.402, 1.402, 1.402, 1.402, 1.402, 1.402, 1.402, 1.404, 1.404, 1.406, 1.406, 1.406, 1.406, 1.406, 1.406, 1.406, 1.406, 1.406, 1.406, 1.406, 1.406, 1.406, 1.406, 1.404, 1.404, 1.404, 1.402, 1.402, 1.402, 1.402, 1.402, 1.402, 1.402, 1.402, 1.402, 1.402, 1.402, 1.402, 1.402, 1.402, 1.402, 1.404, 1.404, 1.404, 1.406, 1.406, 1.406, 1.406, 1.406, 1.406, 1.406, 1.404, 1.404, 1.402, 1.402, 1.402, 1.402, 1.402, 1.4, 1.4, 1.4, 1.4, 1.4, 1.4, 1.402, 1.402, 1.404, 1.404, 1.404, 1.404, 1.404, 1.404, 1.404, 1.404, 1.404, 1.404, 1.404, 1.404, 1.402, 1.402, 1.402, 1.4, 1.4, 1.4, 1.4, 1.4, 1.4, 1.4, 1.4, 1.4, 1.402, 1.402, 1.404, 1.404, 1.406, 1.406, 1.404, 1.404, 1.402, 1.4, 1.399, 1.397, 1.395, 1.393, 1.393, 1.393, 1.393, 1.393, 1.395, 1.397, 1.397, 1.397, 1.399, 1.399, 1.397, 1.397, 1.397, 1.397, 1.395, 1.393, 1.393, 1.393, 1.393, 1.393, 1.393, 1.393, 1.393, 1.393, 1.393, 1.393, 1.393, 1.393, 1.393, 1.393, 1.395, 1.395, 1.395, 1.395, 1.397, 1.397, 1.397, 1.397, 1.397, 1.397, 1.397, 1.395, 1.395, 1.395, 1.393, 1.393, 1.393, 1.391, 1.391, 1.391, 1.39, 1.39, 1.39, 1.391, 1.391, 1.393, 1.393, 1.393, 1.397, 1.4, 1.408, 1.419, 1.429, 1.44, 1.452, 1.462, 1.474, 1.484, 1.489, 1.49, 1.49, 1.49, 1.488, 1.487, 1.486, 1.484, 1.483, 1.482, 1.482, 1.482, 1.482, 1.483, 1.484, 1.485, 1.486, 1.486, 1.487, 1.486, 1.486, 1.485, 1.484, 1.483, 1.482, 1.481, 1.48, 1.48, 1.48, 1.48, 1.48, 1.479, 1.479, 1.479, 1.48, 1.48, 1.48, 1.48, 1.48, 1.481, 1.482, 1.482, 1.482, 1.482, 1.481, 1.481, 1.48, 1.478, 1.477, 1.476, 1.476, 1.475, 1.474, 1.474, 1.473, 1.472, 1.472, 1.471, 1.47, 1.47, 1.469, 1.468, 1.468, 1.469, 1.47, 1.47, 1.471, 1.472, 1.472, 1.472, 1.472, 1.472, 1.472, 1.472, 1.472, 1.471, 1.471, 1.471, 1.47, 1.468, 1.468, 1.466, 1.466, 1.466, 1.466, 1.466, 1.466, 1.468, 1.468, 1.468, 1.47, 1.47, 1.468, 1.468, 1.466, 1.466, 1.466, 1.466, 1.464, 1.464, 1.464, 1.464, 1.464, 1.464, 1.464, 1.464, 1.464, 1.466, 1.466, 1.466, 1.468, 1.47, 1.471, 1.472, 1.473, 1.473, 1.474, 1.474, 1.474, 1.474, 1.473, 1.472, 1.472, 1.472, 0, 
1.531, 1.531, 1.531, 1.532, 1.532, 1.533, 1.534, 1.535, 1.534, 1.533, 1.533, 1.533, 1.528, 1.527, 1.527, 1.526, 1.525, 1.525, 1.525, 1.525, 1.525, 1.526, 1.527, 1.528, 1.528, 1.531, 1.532, 1.532, 1.532, 1.532, 1.531, 1.528, 1.528, 1.528, 1.527, 1.526, 1.525, 1.524, 1.524, 1.524, 1.524, 1.524, 1.525, 1.525, 1.526, 1.527, 1.528, 1.528, 1.531, 1.532, 1.532, 1.533, 1.533, 1.533, 1.533, 1.533, 1.533, 1.533, 1.533, 1.533, 1.533, 1.534, 1.534, 1.534, 1.533, 1.533, 1.532, 1.532, 1.531, 1.528, 1.528, 1.528, 1.528, 1.528, 1.528, 1.528, 1.528, 1.528, 1.528, 1.528, 1.528, 1.528, 1.528, 1.528, 1.528, 1.527, 1.526, 1.526, 1.524, 1.523, 1.521, 1.52, 1.519, 1.518, 1.517, 1.516, 1.516, 1.516, 1.516, 1.516, 1.516, 1.516, 1.517, 1.518, 1.519, 1.52, 1.521, 1.522, 1.524, 1.525, 1.526, 1.527, 1.528, 1.531, 1.531, 1.531, 1.527, 1.526, 1.525, 1.523, 1.522, 1.52, 1.519, 1.519, 1.518, 1.519, 1.52, 1.521, 1.522, 1.523, 1.524, 1.524, 1.524, 1.523, 1.523, 1.523, 1.522, 1.522, 1.521, 1.52, 1.519, 1.518, 1.511, 1.505, 1.493, 1.479, 1.464, 1.452, 1.44, 1.43, 1.421, 1.415, 1.412, 1.41, 1.41, 1.41, 1.41, 1.41, 1.41, 1.408, 1.408, 1.408, 1.408, 1.406, 1.406, 1.404, 1.404, 1.402, 1.402, 1.402, 1.402, 1.402, 1.402, 1.402, 1.402, 1.404, 1.404, 1.404, 1.404, 1.402, 1.402, 1.402, 1.402, 1.402, 1.402, 1.402, 1.402, 1.402, 1.402, 1.404, 1.404, 1.404, 1.406, 1.406, 1.406, 1.406, 1.406, 1.406, 1.406, 1.406, 1.406, 1.406, 1.406, 1.404, 1.404, 1.404, 1.404, 1.404, 1.402, 1.402, 1.402, 1.4, 1.4, 1.4, 1.4, 1.4, 1.4, 1.4, 1.4, 1.402, 1.402, 1.402, 1.402, 1.402, 1.404, 1.404, 1.404, 1.406, 1.406, 1.406, 1.406, 1.406, 1.406, 1.406, 1.404, 1.404, 1.402, 1.402, 1.402, 1.402, 1.4, 1.4, 1.4, 1.4, 1.4, 1.4, 1.4, 1.402, 1.402, 1.402, 1.404, 1.404, 1.404, 1.404, 1.404, 1.404, 1.404, 1.404, 1.404, 1.402, 1.402, 1.402, 1.402, 1.4, 1.4, 1.4, 1.4, 1.4, 1.4, 1.4, 1.4, 1.4, 1.4, 1.402, 1.402, 1.404, 1.404, 1.404, 1.406, 1.404, 1.402, 1.402, 1.4, 1.399, 1.397, 1.395, 1.393, 1.393, 1.393, 1.393, 1.393, 1.395, 1.397, 1.397, 1.397, 1.397, 1.397, 1.397, 1.397, 1.397, 1.397, 1.395, 1.393, 1.393, 1.393, 1.393, 1.393, 1.393, 1.393, 1.393, 1.393, 1.393, 1.393, 1.393, 1.393, 1.393, 1.393, 1.393, 1.393, 1.393, 1.395, 1.395, 1.397, 1.397, 1.397, 1.397, 1.397, 1.395, 1.395, 1.395, 1.393, 1.393, 1.393, 1.393, 1.391, 1.391, 1.39, 1.39, 1.39, 1.39, 1.39, 1.39, 1.391, 1.393, 1.393, 1.395, 1.399, 1.408, 1.417, 1.429, 1.44, 1.452, 1.462, 1.474, 1.484, 1.49, 1.491, 1.491, 1.49, 1.488, 1.488, 1.486, 1.485, 1.484, 1.483, 1.483, 1.483, 1.483, 1.484, 1.485, 1.486, 1.487, 1.487, 1.488, 1.488, 1.487, 1.486, 1.485, 1.484, 1.483, 1.482, 1.481, 1.48, 1.48, 1.48, 1.48, 1.479, 1.479, 1.48, 1.48, 1.48, 1.48, 1.48, 1.481, 1.481, 1.482, 1.482, 1.482, 1.482, 1.482, 1.481, 1.48, 1.478, 1.477, 1.476, 1.476, 1.475, 1.474, 1.474, 1.473, 1.472, 1.472, 1.471, 1.47, 1.47, 1.468, 1.468, 1.468, 1.469, 1.47, 1.47, 1.471, 1.472, 1.472, 1.472, 1.472, 1.472, 1.472, 1.472, 1.472, 1.472, 1.472, 1.471, 1.471, 1.47, 1.468, 1.468, 1.466, 1.466, 1.466, 1.466, 1.466, 1.466, 1.468, 1.468, 1.468, 1.47, 1.468, 1.466, 1.466, 1.466, 1.466, 1.464, 1.464, 1.464, 1.464, 1.464, 1.464, 1.464, 1.464, 1.464, 1.464, 1.464, 1.466, 1.466, 1.468, 1.47, 1.471, 1.472, 1.473, 1.474, 1.474, 1.474, 1.474, 1.473, 1.472, 1.472, 1.472, 1.472, 0, 
1.531, 1.532, 1.532, 1.532, 1.533, 1.533, 1.534, 1.535, 1.534, 1.533, 1.533, 1.533, 1.532, 1.528, 1.528, 1.527, 1.527, 1.526, 1.526, 1.526, 1.526, 1.527, 1.528, 1.528, 1.528, 1.531, 1.532, 1.532, 1.532, 1.532, 1.531, 1.531, 1.528, 1.528, 1.527, 1.526, 1.525, 1.524, 1.524, 1.524, 1.524, 1.524, 1.524, 1.525, 1.526, 1.527, 1.527, 1.528, 1.528, 1.531, 1.532, 1.532, 1.532, 1.533, 1.533, 1.533, 1.533, 1.533, 1.533, 1.534, 1.534, 1.535, 1.535, 1.535, 1.534, 1.534, 1.533, 1.532, 1.532, 1.531, 1.528, 1.528, 1.528, 1.528, 1.528, 1.528, 1.528, 1.528, 1.528, 1.528, 1.528, 1.531, 1.531, 1.531, 1.531, 1.527, 1.527, 1.526, 1.525, 1.524, 1.522, 1.52, 1.519, 1.518, 1.517, 1.516, 1.516, 1.516, 1.516, 1.516, 1.516, 1.516, 1.517, 1.518, 1.519, 1.521, 1.522, 1.523, 1.524, 1.526, 1.527, 1.528, 1.528, 1.531, 1.531, 1.531, 1.527, 1.526, 1.525, 1.524, 1.522, 1.52, 1.52, 1.519, 1.519, 1.519, 1.52, 1.52, 1.522, 1.523, 1.524, 1.524, 1.524, 1.524, 1.524, 1.524, 1.523, 1.523, 1.522, 1.522, 1.52, 1.519, 1.512, 1.507, 1.494, 1.48, 1.466, 1.454, 1.442, 1.43, 1.421, 1.415, 1.412, 1.41, 1.41, 1.41, 1.41, 1.41, 1.41, 1.41, 1.408, 1.408, 1.408, 1.408, 1.406, 1.404, 1.404, 1.404, 1.402, 1.402, 1.402, 1.402, 1.402, 1.402, 1.404, 1.404, 1.404, 1.404, 1.404, 1.402, 1.402, 1.402, 1.402, 1.402, 1.402, 1.402, 1.402, 1.402, 1.402, 1.404, 1.404, 1.404, 1.404, 1.404, 1.404, 1.406, 1.406, 1.406, 1.406, 1.406, 1.406, 1.406, 1.404, 1.404, 1.404, 1.404, 1.404, 1.404, 1.402, 1.402, 1.4, 1.4, 1.4, 1.4, 1.4, 1.4, 1.4, 1.4, 1.4, 1.4, 1.4, 1.402, 1.402, 1.402, 1.402, 1.404, 1.404, 1.404, 1.406, 1.406, 1.406, 1.406, 1.406, 1.406, 1.406, 1.404, 1.402, 1.402, 1.402, 1.4, 1.4, 1.4, 1.4, 1.4, 1.4, 1.4, 1.4, 1.4, 1.402, 1.402, 1.404, 1.404, 1.404, 1.404, 1.404, 1.404, 1.402, 1.402, 1.402, 1.402, 1.402, 1.402, 1.4, 1.4, 1.4, 1.399, 1.399, 1.399, 1.399, 1.399, 1.4, 1.4, 1.4, 1.402, 1.402, 1.404, 1.404, 1.404, 1.404, 1.404, 1.402, 1.4, 1.399, 1.397, 1.397, 1.395, 1.393, 1.393, 1.393, 1.393, 1.393, 1.395, 1.397, 1.397, 1.397, 1.397, 1.397, 1.397, 1.397, 1.397, 1.395, 1.395, 1.393, 1.393, 1.393, 1.393, 1.393, 1.393, 1.393, 1.393, 1.393, 1.393, 1.393, 1.393, 1.393, 1.393, 1.393, 1.393, 1.393, 1.393, 1.393, 1.393, 1.395, 1.395, 1.395, 1.395, 1.395, 1.395, 1.395, 1.395, 1.393, 1.393, 1.393, 1.393, 1.391, 1.39, 1.39, 1.39, 1.39, 1.39, 1.39, 1.39, 1.39, 1.391, 1.393, 1.393, 1.399, 1.408, 1.417, 1.429, 1.44, 1.452, 1.462, 1.474, 1.485, 1.491, 1.491, 1.491, 1.49, 1.489, 1.488, 1.486, 1.485, 1.484, 1.484, 1.484, 1.484, 1.484, 1.485, 1.486, 1.487, 1.488, 1.488, 1.489, 1.489, 1.488, 1.487, 1.486, 1.485, 1.484, 1.483, 1.482, 1.481, 1.481, 1.481, 1.48, 1.48, 1.48, 1.48, 1.48, 1.48, 1.48, 1.48, 1.481, 1.482, 1.482, 1.482, 1.482, 1.482, 1.481, 1.48, 1.48, 1.478, 1.477, 1.476, 1.476, 1.475, 1.474, 1.474, 1.473, 1.472, 1.472, 1.471, 1.47, 1.47, 1.468, 1.468, 1.468, 1.468, 1.47, 1.47, 1.471, 1.472, 1.472, 1.472, 1.473, 1.473, 1.473, 1.473, 1.473, 1.473, 1.472, 1.472, 1.471, 1.471, 1.47, 1.469, 1.468, 1.466, 1.466, 1.466, 1.466, 1.466, 1.468, 1.468, 1.468, 1.468, 1.468, 1.466, 1.466, 1.466, 1.464, 1.464, 1.464, 1.464, 1.464, 1.464, 1.462, 1.462, 1.464, 1.464, 1.464, 1.464, 1.466, 1.466, 1.468, 1.47, 1.471, 1.472, 1.473, 1.474, 1.474, 1.473, 1.473, 1.472, 1.472, 1.471, 1.471, 1.472, 0, 
1.532, 1.532, 1.533, 1.533, 1.533, 1.533, 1.534, 1.534, 1.534, 1.533, 1.533, 1.533, 1.532, 1.532, 1.528, 1.528, 1.528, 1.527, 1.527, 1.527, 1.527, 1.528, 1.528, 1.528, 1.531, 1.531, 1.532, 1.532, 1.533, 1.532, 1.531, 1.531, 1.528, 1.528, 1.527, 1.526, 1.525, 1.524, 1.524, 1.524, 1.524, 1.524, 1.524, 1.525, 1.525, 1.526, 1.527, 1.528, 1.528, 1.528, 1.531, 1.531, 1.532, 1.532, 1.533, 1.533, 1.533, 1.533, 1.534, 1.535, 1.535, 1.536, 1.536, 1.536, 1.535, 1.534, 1.534, 1.533, 1.532, 1.531, 1.531, 1.528, 1.528, 1.528, 1.528, 1.528, 1.528, 1.528, 1.528, 1.531, 1.531, 1.531, 1.531, 1.531, 1.531, 1.531, 1.527, 1.526, 1.525, 1.524, 1.522, 1.521, 1.52, 1.518, 1.517, 1.516, 1.516, 1.516, 1.516, 1.516, 1.516, 1.517, 1.518, 1.519, 1.52, 1.522, 1.523, 1.524, 1.525, 1.526, 1.527, 1.528, 1.528, 1.528, 1.531, 1.531, 1.527, 1.526, 1.525, 1.524, 1.522, 1.521, 1.52, 1.519, 1.519, 1.519, 1.52, 1.52, 1.521, 1.523, 1.524, 1.524, 1.524, 1.524, 1.524, 1.524, 1.524, 1.524, 1.523, 1.523, 1.522, 1.52, 1.517, 1.508, 1.495, 1.481, 1.471, 1.456, 1.444, 1.434, 1.423, 1.415, 1.412, 1.412, 1.412, 1.41, 1.41, 1.41, 1.41, 1.41, 1.408, 1.408, 1.408, 1.408, 1.406, 1.406, 1.404, 1.404, 1.404, 1.402, 1.402, 1.402, 1.402, 1.404, 1.404, 1.404, 1.404, 1.404, 1.404, 1.402, 1.402, 1.402, 1.402, 1.402, 1.402, 1.402, 1.402, 1.402, 1.404, 1.404, 1.404, 1.404, 1.404, 1.404, 1.404, 1.404, 1.404, 1.404, 1.404, 1.406, 1.404, 1.404, 1.404, 1.404, 1.404, 1.404, 1.404, 1.402, 1.402, 1.4, 1.4, 1.4, 1.4, 1.4, 1.4, 1.4, 1.4, 1.4, 1.4, 1.4, 1.4, 1.4, 1.402, 1.402, 1.402, 1.402, 1.404, 1.404, 1.404, 1.406, 1.406, 1.406, 1.406, 1.406, 1.404, 1.404, 1.402, 1.402, 1.4, 1.4, 1.4, 1.399, 1.399, 1.399, 1.399, 1.4, 1.4, 1.4, 1.402, 1.402, 1.402, 1.404, 1.404, 1.404, 1.404, 1.404, 1.402, 1.402, 1.402, 1.402, 1.4, 1.4, 1.4, 1.4, 1.399, 1.399, 1.399, 1.399, 1.399, 1.399, 1.4, 1.4, 1.4, 1.402, 1.402, 1.404, 1.404, 1.404, 1.404, 1.402, 1.402, 1.4, 1.399, 1.397, 1.397, 1.395, 1.393, 1.393, 1.393, 1.393, 1.393, 1.395, 1.395, 1.397, 1.397, 1.397, 1.397, 1.397, 1.397, 1.397, 1.395, 1.395, 1.393, 1.393, 1.393, 1.393, 1.393, 1.393, 1.393, 1.393, 1.393, 1.393, 1.393, 1.391, 1.391, 1.393, 1.393, 1.393, 1.391, 1.391, 1.393, 1.393, 1.393, 1.393, 1.393, 1.395, 1.395, 1.395, 1.395, 1.395, 1.393, 1.393, 1.393, 1.393, 1.391, 1.39, 1.39, 1.39, 1.39, 1.39, 1.39, 1.39, 1.39, 1.39, 1.391, 1.391, 1.397, 1.406, 1.417, 1.429, 1.44, 1.45, 1.462, 1.474, 1.485, 1.491, 1.491, 1.491, 1.49, 1.489, 1.488, 1.486, 1.485, 1.485, 1.484, 1.484, 1.484, 1.485, 1.486, 1.487, 1.488, 1.489, 1.49, 1.49, 1.49, 1.489, 1.488, 1.487, 1.486, 1.485, 1.484, 1.483, 1.482, 1.482, 1.481, 1.481, 1.48, 1.48, 1.48, 1.48, 1.48, 1.48, 1.481, 1.481, 1.482, 1.482, 1.482, 1.482, 1.482, 1.481, 1.48, 1.479, 1.478, 1.477, 1.476, 1.476, 1.475, 1.474, 1.474, 1.473, 1.472, 1.472, 1.471, 1.471, 1.47, 1.468, 1.468, 1.468, 1.468, 1.47, 1.47, 1.471, 1.472, 1.472, 1.472, 1.473, 1.474, 1.474, 1.474, 1.474, 1.474, 1.473, 1.473, 1.472, 1.471, 1.47, 1.469, 1.469, 1.466, 1.466, 1.466, 1.466, 1.468, 1.468, 1.468, 1.468, 1.468, 1.468, 1.466, 1.466, 1.466, 1.464, 1.464, 1.462, 1.462, 1.462, 1.462, 1.462, 1.462, 1.462, 1.462, 1.464, 1.464, 1.466, 1.466, 1.468, 1.471, 1.472, 1.473, 1.474, 1.474, 1.473, 1.473, 1.472, 1.471, 1.471, 1.47, 1.468, 1.468, 0, 
1.533, 1.533, 1.533, 1.533, 1.533, 1.533, 1.533, 1.533, 1.533, 1.533, 1.533, 1.533, 1.533, 1.532, 1.532, 1.532, 1.531, 1.528, 1.528, 1.528, 1.528, 1.528, 1.528, 1.528, 1.531, 1.531, 1.532, 1.532, 1.533, 1.532, 1.531, 1.531, 1.528, 1.528, 1.527, 1.526, 1.525, 1.524, 1.524, 1.524, 1.524, 1.524, 1.524, 1.524, 1.525, 1.526, 1.527, 1.528, 1.528, 1.528, 1.528, 1.531, 1.531, 1.532, 1.532, 1.533, 1.533, 1.534, 1.535, 1.535, 1.536, 1.537, 1.537, 1.537, 1.536, 1.535, 1.534, 1.533, 1.532, 1.532, 1.531, 1.528, 1.528, 1.528, 1.528, 1.528, 1.528, 1.528, 1.531, 1.531, 1.531, 1.531, 1.531, 1.532, 1.531, 1.531, 1.531, 1.527, 1.526, 1.524, 1.523, 1.521, 1.52, 1.518, 1.517, 1.516, 1.516, 1.516, 1.516, 1.516, 1.517, 1.518, 1.519, 1.52, 1.521, 1.522, 1.524, 1.524, 1.525, 1.526, 1.527, 1.528, 1.528, 1.528, 1.528, 1.528, 1.527, 1.526, 1.525, 1.524, 1.522, 1.521, 1.52, 1.52, 1.519, 1.519, 1.52, 1.52, 1.521, 1.522, 1.523, 1.524, 1.524, 1.524, 1.524, 1.524, 1.524, 1.524, 1.524, 1.524, 1.523, 1.521, 1.518, 1.513, 1.502, 1.487, 1.472, 1.458, 1.446, 1.436, 1.425, 1.417, 1.412, 1.412, 1.412, 1.41, 1.41, 1.41, 1.41, 1.41, 1.408, 1.408, 1.408, 1.408, 1.406, 1.406, 1.404, 1.404, 1.404, 1.404, 1.404, 1.404, 1.404, 1.404, 1.404, 1.404, 1.404, 1.404, 1.404, 1.404, 1.402, 1.402, 1.402, 1.402, 1.402, 1.402, 1.402, 1.404, 1.404, 1.404, 1.404, 1.404, 1.404, 1.404, 1.404, 1.404, 1.404, 1.404, 1.404, 1.404, 1.404, 1.404, 1.404, 1.404, 1.404, 1.404, 1.402, 1.402, 1.4, 1.4, 1.4, 1.4, 1.4, 1.399, 1.399, 1.399, 1.399, 1.4, 1.4, 1.4, 1.4, 1.4, 1.4, 1.4, 1.402, 1.402, 1.402, 1.404, 1.404, 1.404, 1.406, 1.406, 1.406, 1.404, 1.404, 1.404, 1.402, 1.4, 1.4, 1.399, 1.399, 1.397, 1.397, 1.399, 1.399, 1.399, 1.4, 1.4, 1.4, 1.402, 1.402, 1.404, 1.404, 1.404, 1.404, 1.402, 1.402, 1.402, 1.402, 1.4, 1.4, 1.4, 1.4, 1.399, 1.399, 1.399, 1.399, 1.399, 1.399, 1.399, 1.4, 1.4, 1.4, 1.4, 1.402, 1.402, 1.404, 1.404, 1.402, 1.402, 1.4, 1.4, 1.399, 1.397, 1.397, 1.395, 1.393, 1.393, 1.393, 1.393, 1.393, 1.395, 1.395, 1.397, 1.397, 1.397, 1.397, 1.397, 1.397, 1.397, 1.395, 1.395, 1.393, 1.393, 1.393, 1.393, 1.393, 1.393, 1.393, 1.393, 1.393, 1.393, 1.391, 1.391, 1.391, 1.391, 1.391, 1.391, 1.391, 1.391, 1.391, 1.391, 1.393, 1.393, 1.393, 1.395, 1.395, 1.395, 1.395, 1.395, 1.393, 1.393, 1.393, 1.393, 1.391, 1.39, 1.39, 1.39, 1.39, 1.39, 1.39, 1.39, 1.39, 1.39, 1.391, 1.391, 1.397, 1.406, 1.417, 1.427, 1.438, 1.45, 1.462, 1.474, 1.486, 1.492, 1.492, 1.491, 1.49, 1.489, 1.488, 1.486, 1.486, 1.485, 1.484, 1.484, 1.484, 1.485, 1.486, 1.488, 1.489, 1.49, 1.491, 1.491, 1.491, 1.49, 1.489, 1.488, 1.487, 1.486, 1.484, 1.484, 1.483, 1.483, 1.482, 1.481, 1.481, 1.48, 1.48, 1.48, 1.48, 1.48, 1.48, 1.481, 1.481, 1.482, 1.482, 1.481, 1.481, 1.481, 1.48, 1.479, 1.478, 1.477, 1.476, 1.476, 1.475, 1.474, 1.474, 1.473, 1.472, 1.472, 1.472, 1.471, 1.47, 1.468, 1.468, 1.468, 1.468, 1.47, 1.47, 1.471, 1.472, 1.472, 1.472, 1.473, 1.474, 1.474, 1.474, 1.474, 1.474, 1.474, 1.473, 1.472, 1.472, 1.471, 1.47, 1.469, 1.468, 1.468, 1.468, 1.468, 1.468, 1.468, 1.468, 1.468, 1.468, 1.466, 1.466, 1.466, 1.464, 1.462, 1.462, 1.462, 1.462, 1.462, 1.462, 1.462, 1.462, 1.462, 1.462, 1.464, 1.464, 1.466, 1.466, 1.468, 1.471, 1.472, 1.473, 1.473, 1.473, 1.473, 1.472, 1.471, 1.471, 1.468, 1.468, 1.468, 1.468, 0, 
1.534, 1.534, 1.534, 1.534, 1.534, 1.533, 1.533, 1.533, 1.533, 1.533, 1.533, 1.533, 1.533, 1.533, 1.533, 1.532, 1.532, 1.532, 1.532, 1.531, 1.531, 1.531, 1.531, 1.531, 1.532, 1.532, 1.532, 1.533, 1.532, 1.532, 1.531, 1.531, 1.528, 1.528, 1.527, 1.526, 1.525, 1.524, 1.524, 1.524, 1.524, 1.524, 1.524, 1.524, 1.525, 1.526, 1.526, 1.527, 1.528, 1.528, 1.528, 1.528, 1.528, 1.531, 1.532, 1.533, 1.533, 1.534, 1.535, 1.536, 1.537, 1.537, 1.538, 1.537, 1.537, 1.536, 1.535, 1.534, 1.533, 1.532, 1.531, 1.531, 1.531, 1.528, 1.528, 1.531, 1.531, 1.531, 1.531, 1.531, 1.532, 1.532, 1.532, 1.533, 1.533, 1.532, 1.531, 1.527, 1.526, 1.525, 1.524, 1.522, 1.52, 1.519, 1.517, 1.517, 1.517, 1.517, 1.517, 1.517, 1.518, 1.519, 1.52, 1.521, 1.522, 1.523, 1.524, 1.525, 1.526, 1.526, 1.527, 1.527, 1.527, 1.527, 1.527, 1.527, 1.526, 1.525, 1.524, 1.523, 1.522, 1.521, 1.52, 1.52, 1.519, 1.519, 1.52, 1.52, 1.521, 1.522, 1.523, 1.524, 1.524, 1.524, 1.524, 1.525, 1.525, 1.525, 1.525, 1.525, 1.524, 1.523, 1.519, 1.517, 1.503, 1.488, 1.474, 1.462, 1.448, 1.438, 1.427, 1.417, 1.413, 1.412, 1.412, 1.412, 1.41, 1.41, 1.41, 1.41, 1.41, 1.408, 1.408, 1.408, 1.406, 1.406, 1.406, 1.404, 1.404, 1.404, 1.404, 1.404, 1.404, 1.404, 1.404, 1.404, 1.404, 1.404, 1.404, 1.404, 1.404, 1.402, 1.402, 1.402, 1.402, 1.404, 1.404, 1.404, 1.404, 1.406, 1.404, 1.404, 1.404, 1.404, 1.404, 1.404, 1.404, 1.404, 1.404, 1.404, 1.404, 1.404, 1.404, 1.404, 1.404, 1.404, 1.402, 1.402, 1.4, 1.4, 1.4, 1.4, 1.399, 1.399, 1.399, 1.399, 1.399, 1.399, 1.399, 1.4, 1.4, 1.4, 1.4, 1.4, 1.4, 1.4, 1.402, 1.402, 1.404, 1.404, 1.404, 1.404, 1.404, 1.404, 1.404, 1.402, 1.4, 1.4, 1.399, 1.399, 1.397, 1.397, 1.397, 1.397, 1.397, 1.399, 1.399, 1.399, 1.4, 1.402, 1.402, 1.404, 1.404, 1.404, 1.404, 1.402, 1.402, 1.402, 1.4, 1.4, 1.4, 1.4, 1.399, 1.399, 1.399, 1.397, 1.397, 1.399, 1.399, 1.399, 1.4, 1.4, 1.4, 1.4, 1.402, 1.402, 1.402, 1.402, 1.402, 1.4, 1.4, 1.399, 1.397, 1.397, 1.397, 1.395, 1.393, 1.393, 1.393, 1.393, 1.393, 1.395, 1.395, 1.397, 1.397, 1.397, 1.397, 1.397, 1.397, 1.397, 1.397, 1.395, 1.395, 1.393, 1.393, 1.393, 1.393, 1.393, 1.393, 1.393, 1.393, 1.391, 1.391, 1.391, 1.391, 1.391, 1.391, 1.391, 1.391, 1.391, 1.391, 1.391, 1.391, 1.393, 1.393, 1.395, 1.395, 1.395, 1.395, 1.395, 1.395, 1.393, 1.393, 1.393, 1.391, 1.391, 1.39, 1.39, 1.39, 1.39, 1.39, 1.39, 1.39, 1.39, 1.39, 1.391, 1.397, 1.406, 1.417, 1.427, 1.438, 1.45, 1.462, 1.475, 1.486, 1.493, 1.492, 1.491, 1.49, 1.489, 1.488, 1.486, 1.486, 1.485, 1.484, 1.484, 1.485, 1.486, 1.487, 1.488, 1.49, 1.491, 1.492, 1.492, 1.492, 1.491, 1.49, 1.489, 1.487, 1.486, 1.485, 1.484, 1.484, 1.483, 1.483, 1.482, 1.481, 1.48, 1.48, 1.48, 1.48, 1.48, 1.48, 1.48, 1.481, 1.481, 1.481, 1.481, 1.48, 1.48, 1.479, 1.478, 1.477, 1.476, 1.476, 1.476, 1.475, 1.474, 1.474, 1.473, 1.472, 1.472, 1.472, 1.471, 1.471, 1.47, 1.468, 1.468, 1.468, 1.47, 1.47, 1.471, 1.472, 1.472, 1.472, 1.473, 1.474, 1.474, 1.474, 1.474, 1.474, 1.474, 1.474, 1.473, 1.472, 1.471, 1.47, 1.469, 1.468, 1.468, 1.468, 1.468, 1.468, 1.468, 1.468, 1.468, 1.468, 1.466, 1.466, 1.466, 1.464, 1.462, 1.462, 1.462, 1.462, 1.462, 1.462, 1.462, 1.462, 1.462, 1.464, 1.464, 1.464, 1.466, 1.468, 1.47, 1.471, 1.472, 1.473, 1.473, 1.473, 1.472, 1.471, 1.471, 1.468, 1.468, 1.466, 1.466, 1.466, 0, 
1.535, 1.535, 1.535, 1.535, 1.535, 1.534, 1.534, 1.533, 1.533, 1.533, 1.533, 1.533, 1.533, 1.533, 1.533, 1.533, 1.533, 1.533, 1.532, 1.532, 1.532, 1.532, 1.532, 1.532, 1.532, 1.532, 1.533, 1.533, 1.532, 1.531, 1.531, 1.528, 1.528, 1.528, 1.527, 1.526, 1.525, 1.524, 1.524, 1.524, 1.524, 1.524, 1.524, 1.524, 1.525, 1.526, 1.526, 1.527, 1.528, 1.528, 1.528, 1.528, 1.528, 1.531, 1.532, 1.533, 1.533, 1.535, 1.536, 1.537, 1.538, 1.538, 1.539, 1.538, 1.538, 1.537, 1.536, 1.535, 1.533, 1.533, 1.532, 1.531, 1.531, 1.531, 1.531, 1.531, 1.531, 1.531, 1.531, 1.532, 1.532, 1.533, 1.533, 1.534, 1.534, 1.533, 1.532, 1.531, 1.527, 1.526, 1.524, 1.523, 1.521, 1.52, 1.519, 1.518, 1.518, 1.518, 1.518, 1.519, 1.519, 1.52, 1.521, 1.522, 1.523, 1.524, 1.525, 1.525, 1.526, 1.526, 1.526, 1.526, 1.526, 1.526, 1.526, 1.526, 1.525, 1.525, 1.524, 1.523, 1.522, 1.52, 1.52, 1.52, 1.52, 1.52, 1.52, 1.52, 1.521, 1.522, 1.523, 1.524, 1.524, 1.524, 1.524, 1.525, 1.526, 1.526, 1.526, 1.526, 1.525, 1.524, 1.52, 1.519, 1.503, 1.489, 1.475, 1.464, 1.45, 1.44, 1.427, 1.419, 1.413, 1.412, 1.412, 1.412, 1.41, 1.41, 1.41, 1.41, 1.41, 1.408, 1.408, 1.408, 1.406, 1.406, 1.406, 1.404, 1.404, 1.404, 1.404, 1.404, 1.404, 1.406, 1.406, 1.406, 1.406, 1.406, 1.404, 1.404, 1.404, 1.404, 1.404, 1.404, 1.404, 1.404, 1.404, 1.406, 1.406, 1.406, 1.406, 1.404, 1.404, 1.404, 1.402, 1.402, 1.402, 1.402, 1.402, 1.404, 1.404, 1.404, 1.404, 1.404, 1.404, 1.404, 1.402, 1.402, 1.4, 1.4, 1.4, 1.399, 1.399, 1.397, 1.397, 1.397, 1.397, 1.399, 1.399, 1.4, 1.4, 1.4, 1.4, 1.4, 1.4, 1.4, 1.4, 1.402, 1.402, 1.404, 1.404, 1.404, 1.404, 1.404, 1.404, 1.402, 1.4, 1.4, 1.399, 1.397, 1.397, 1.395, 1.395, 1.395, 1.395, 1.397, 1.399, 1.399, 1.4, 1.402, 1.402, 1.404, 1.404, 1.404, 1.404, 1.402, 1.402, 1.402, 1.4, 1.4, 1.399, 1.399, 1.399, 1.397, 1.397, 1.397, 1.397, 1.397, 1.399, 1.399, 1.4, 1.4, 1.4, 1.4, 1.402, 1.402, 1.402, 1.402, 1.4, 1.4, 1.4, 1.399, 1.397, 1.397, 1.395, 1.395, 1.393, 1.393, 1.393, 1.393, 1.393, 1.395, 1.395, 1.397, 1.397, 1.397, 1.397, 1.397, 1.397, 1.397, 1.397, 1.397, 1.395, 1.395, 1.395, 1.395, 1.393, 1.393, 1.393, 1.393, 1.393, 1.391, 1.391, 1.391, 1.391, 1.391, 1.391, 1.391, 1.391, 1.391, 1.391, 1.391, 1.391, 1.393, 1.393, 1.395, 1.395, 1.395, 1.395, 1.395, 1.395, 1.395, 1.395, 1.395, 1.393, 1.391, 1.391, 1.391, 1.39, 1.39, 1.39, 1.39, 1.39, 1.39, 1.39, 1.391, 1.397, 1.406, 1.417, 1.429, 1.44, 1.452, 1.464, 1.476, 1.487, 1.493, 1.492, 1.491, 1.49, 1.489, 1.488, 1.486, 1.486, 1.485, 1.484, 1.484, 1.485, 1.486, 1.488, 1.489, 1.49, 1.491, 1.492, 1.493, 1.493, 1.492, 1.491, 1.49, 1.488, 1.487, 1.486, 1.485, 1.484, 1.484, 1.483, 1.482, 1.481, 1.481, 1.481, 1.48, 1.48, 1.48, 1.48, 1.48, 1.48, 1.48, 1.48, 1.48, 1.48, 1.479, 1.479, 1.478, 1.477, 1.476, 1.476, 1.476, 1.475, 1.474, 1.474, 1.474, 1.473, 1.472, 1.472, 1.472, 1.471, 1.47, 1.47, 1.47, 1.47, 1.47, 1.47, 1.471, 1.472, 1.472, 1.473, 1.473, 1.474, 1.474, 1.474, 1.474, 1.474, 1.474, 1.474, 1.473, 1.472, 1.471, 1.47, 1.469, 1.469, 1.468, 1.468, 1.468, 1.468, 1.469, 1.469, 1.469, 1.468, 1.466, 1.466, 1.466, 1.464, 1.462, 1.462, 1.462, 1.462, 1.462, 1.462, 1.462, 1.462, 1.464, 1.464, 1.464, 1.466, 1.468, 1.468, 1.471, 1.472, 1.473, 1.473, 1.473, 1.472, 1.472, 1.471, 1.468, 1.468, 1.466, 1.464, 1.464, 1.464, 0, 
1.537, 1.536, 1.536, 1.536, 1.535, 1.535, 1.534, 1.534, 1.533, 1.533, 1.533, 1.533, 1.533, 1.534, 1.534, 1.534, 1.534, 1.534, 1.533, 1.533, 1.533, 1.533, 1.533, 1.533, 1.533, 1.533, 1.533, 1.532, 1.532, 1.531, 1.531, 1.528, 1.528, 1.528, 1.527, 1.526, 1.525, 1.524, 1.524, 1.524, 1.524, 1.524, 1.524, 1.524, 1.525, 1.526, 1.526, 1.527, 1.528, 1.528, 1.528, 1.528, 1.528, 1.528, 1.532, 1.533, 1.533, 1.535, 1.536, 1.537, 1.538, 1.539, 1.542, 1.542, 1.539, 1.538, 1.537, 1.535, 1.534, 1.533, 1.532, 1.531, 1.531, 1.531, 1.531, 1.531, 1.531, 1.531, 1.531, 1.532, 1.533, 1.533, 1.534, 1.535, 1.535, 1.534, 1.533, 1.532, 1.531, 1.526, 1.525, 1.524, 1.522, 1.521, 1.52, 1.52, 1.519, 1.519, 1.52, 1.52, 1.521, 1.522, 1.522, 1.523, 1.524, 1.525, 1.525, 1.526, 1.527, 1.527, 1.526, 1.526, 1.526, 1.526, 1.525, 1.525, 1.524, 1.524, 1.523, 1.522, 1.521, 1.52, 1.52, 1.52, 1.52, 1.52, 1.52, 1.52, 1.521, 1.522, 1.523, 1.524, 1.524, 1.524, 1.525, 1.525, 1.526, 1.526, 1.526, 1.527, 1.526, 1.526, 1.52, 1.52, 1.504, 1.495, 1.481, 1.466, 1.452, 1.44, 1.429, 1.421, 1.415, 1.413, 1.413, 1.412, 1.412, 1.41, 1.41, 1.41, 1.41, 1.408, 1.408, 1.406, 1.406, 1.406, 1.404, 1.404, 1.404, 1.404, 1.406, 1.406, 1.406, 1.406, 1.406, 1.406, 1.406, 1.406, 1.406, 1.404, 1.404, 1.404, 1.404, 1.404, 1.404, 1.406, 1.406, 1.406, 1.406, 1.406, 1.406, 1.404, 1.404, 1.402, 1.402, 1.402, 1.402, 1.402, 1.402, 1.402, 1.404, 1.404, 1.404, 1.404, 1.404, 1.404, 1.402, 1.402, 1.4, 1.4, 1.4, 1.399, 1.397, 1.397, 1.397, 1.397, 1.397, 1.397, 1.399, 1.399, 1.4, 1.4, 1.4, 1.4, 1.4, 1.4, 1.4, 1.4, 1.402, 1.402, 1.402, 1.404, 1.404, 1.402, 1.402, 1.4, 1.4, 1.399, 1.397, 1.397, 1.395, 1.395, 1.395, 1.395, 1.395, 1.397, 1.399, 1.399, 1.4, 1.402, 1.404, 1.404, 1.404, 1.404, 1.404, 1.402, 1.402, 1.402, 1.4, 1.4, 1.399, 1.399, 1.399, 1.397, 1.397, 1.397, 1.397, 1.397, 1.399, 1.399, 1.4, 1.4, 1.4, 1.402, 1.402, 1.402, 1.402, 1.4, 1.4, 1.4, 1.399, 1.397, 1.397, 1.397, 1.395, 1.395, 1.395, 1.393, 1.393, 1.393, 1.395, 1.395, 1.397, 1.397, 1.397, 1.397, 1.397, 1.397, 1.397, 1.397, 1.397, 1.397, 1.397, 1.395, 1.395, 1.395, 1.395, 1.395, 1.393, 1.393, 1.393, 1.391, 1.391, 1.391, 1.391, 1.391, 1.391, 1.391, 1.391, 1.391, 1.391, 1.391, 1.393, 1.393, 1.395, 1.395, 1.395, 1.397, 1.397, 1.397, 1.397, 1.397, 1.395, 1.395, 1.393, 1.393, 1.393, 1.391, 1.391, 1.391, 1.391, 1.39, 1.39, 1.39, 1.391, 1.391, 1.397, 1.408, 1.417, 1.43, 1.442, 1.452, 1.464, 1.478, 1.488, 1.493, 1.493, 1.492, 1.49, 1.488, 1.488, 1.486, 1.485, 1.485, 1.484, 1.484, 1.485, 1.486, 1.488, 1.489, 1.491, 1.492, 1.493, 1.494, 1.494, 1.493, 1.492, 1.49, 1.489, 1.488, 1.487, 1.486, 1.485, 1.484, 1.484, 1.483, 1.482, 1.482, 1.482, 1.481, 1.481, 1.48, 1.48, 1.48, 1.48, 1.48, 1.48, 1.479, 1.479, 1.479, 1.478, 1.477, 1.476, 1.476, 1.476, 1.476, 1.475, 1.474, 1.474, 1.474, 1.473, 1.473, 1.472, 1.472, 1.471, 1.471, 1.471, 1.471, 1.471, 1.471, 1.471, 1.471, 1.472, 1.472, 1.473, 1.474, 1.474, 1.474, 1.474, 1.474, 1.474, 1.474, 1.474, 1.473, 1.472, 1.471, 1.47, 1.469, 1.468, 1.468, 1.468, 1.468, 1.468, 1.469, 1.47, 1.469, 1.468, 1.468, 1.466, 1.466, 1.464, 1.462, 1.462, 1.462, 1.462, 1.462, 1.462, 1.464, 1.464, 1.464, 1.464, 1.466, 1.466, 1.468, 1.47, 1.471, 1.472, 1.473, 1.473, 1.472, 1.472, 1.472, 1.471, 1.466, 1.466, 1.466, 1.462, 1.462, 1.462, 0, 
1.538, 1.537, 1.537, 1.536, 1.536, 1.535, 1.535, 1.534, 1.533, 1.533, 1.533, 1.533, 1.533, 1.534, 1.534, 1.535, 1.535, 1.535, 1.534, 1.534, 1.533, 1.533, 1.533, 1.533, 1.533, 1.533, 1.533, 1.533, 1.532, 1.531, 1.531, 1.528, 1.528, 1.528, 1.527, 1.526, 1.525, 1.524, 1.524, 1.524, 1.524, 1.524, 1.524, 1.525, 1.526, 1.526, 1.527, 1.528, 1.528, 1.528, 1.528, 1.528, 1.528, 1.528, 1.532, 1.532, 1.533, 1.535, 1.536, 1.537, 1.538, 1.542, 1.542, 1.542, 1.542, 1.538, 1.537, 1.536, 1.535, 1.533, 1.533, 1.532, 1.531, 1.531, 1.531, 1.531, 1.531, 1.531, 1.532, 1.532, 1.533, 1.533, 1.534, 1.535, 1.535, 1.535, 1.534, 1.533, 1.532, 1.527, 1.526, 1.525, 1.523, 1.522, 1.522, 1.52, 1.52, 1.52, 1.52, 1.521, 1.522, 1.523, 1.523, 1.524, 1.525, 1.526, 1.526, 1.527, 1.527, 1.527, 1.526, 1.525, 1.525, 1.524, 1.524, 1.524, 1.523, 1.522, 1.522, 1.521, 1.52, 1.52, 1.52, 1.52, 1.52, 1.52, 1.52, 1.521, 1.521, 1.522, 1.523, 1.524, 1.524, 1.524, 1.525, 1.525, 1.526, 1.526, 1.527, 1.527, 1.527, 1.527, 1.521, 1.521, 1.51, 1.495, 1.481, 1.468, 1.456, 1.442, 1.43, 1.423, 1.417, 1.413, 1.413, 1.412, 1.412, 1.41, 1.41, 1.41, 1.41, 1.408, 1.408, 1.406, 1.406, 1.406, 1.404, 1.404, 1.404, 1.404, 1.406, 1.406, 1.406, 1.406, 1.406, 1.408, 1.406, 1.406, 1.406, 1.406, 1.406, 1.404, 1.404, 1.406, 1.406, 1.406, 1.406, 1.408, 1.408, 1.406, 1.406, 1.404, 1.404, 1.402, 1.402, 1.402, 1.402, 1.402, 1.402, 1.402, 1.404, 1.404, 1.404, 1.404, 1.404, 1.404, 1.402, 1.402, 1.4, 1.4, 1.399, 1.397, 1.397, 1.397, 1.397, 1.397, 1.397, 1.397, 1.399, 1.399, 1.399, 1.4, 1.4, 1.4, 1.4, 1.4, 1.4, 1.4, 1.4, 1.4, 1.402, 1.402, 1.402, 1.402, 1.4, 1.4, 1.399, 1.397, 1.397, 1.395, 1.393, 1.393, 1.393, 1.393, 1.395, 1.397, 1.399, 1.399, 1.4, 1.402, 1.404, 1.404, 1.406, 1.404, 1.404, 1.402, 1.402, 1.402, 1.4, 1.4, 1.399, 1.399, 1.399, 1.397, 1.397, 1.397, 1.397, 1.399, 1.399, 1.399, 1.4, 1.4, 1.402, 1.402, 1.402, 1.402, 1.402, 1.4, 1.4, 1.399, 1.399, 1.397, 1.397, 1.397, 1.395, 1.395, 1.395, 1.395, 1.395, 1.395, 1.395, 1.397, 1.397, 1.397, 1.397, 1.397, 1.397, 1.397, 1.397, 1.397, 1.399, 1.399, 1.399, 1.399, 1.399, 1.397, 1.397, 1.395, 1.395, 1.393, 1.393, 1.393, 1.393, 1.391, 1.391, 1.391, 1.391, 1.391, 1.391, 1.391, 1.391, 1.393, 1.393, 1.395, 1.395, 1.397, 1.397, 1.397, 1.397, 1.397, 1.397, 1.397, 1.397, 1.395, 1.395, 1.395, 1.393, 1.393, 1.393, 1.393, 1.393, 1.393, 1.393, 1.393, 1.393, 1.393, 1.4, 1.41, 1.421, 1.432, 1.444, 1.456, 1.468, 1.48, 1.49, 1.494, 1.493, 1.492, 1.49, 1.488, 1.487, 1.486, 1.485, 1.484, 1.484, 1.484, 1.485, 1.486, 1.488, 1.49, 1.491, 1.492, 1.493, 1.494, 1.494, 1.493, 1.492, 1.491, 1.49, 1.489, 1.488, 1.487, 1.486, 1.485, 1.484, 1.484, 1.483, 1.483, 1.482, 1.482, 1.481, 1.481, 1.48, 1.48, 1.48, 1.48, 1.479, 1.478, 1.478, 1.478, 1.477, 1.476, 1.476, 1.476, 1.476, 1.476, 1.475, 1.475, 1.474, 1.474, 1.474, 1.473, 1.472, 1.472, 1.472, 1.472, 1.472, 1.471, 1.471, 1.472, 1.472, 1.472, 1.472, 1.472, 1.473, 1.474, 1.474, 1.474, 1.474, 1.474, 1.474, 1.474, 1.473, 1.473, 1.472, 1.47, 1.47, 1.469, 1.468, 1.468, 1.468, 1.468, 1.469, 1.469, 1.47, 1.469, 1.468, 1.468, 1.466, 1.466, 1.464, 1.464, 1.462, 1.462, 1.462, 1.464, 1.464, 1.464, 1.464, 1.464, 1.466, 1.468, 1.468, 1.468, 1.471, 1.472, 1.473, 1.473, 1.473, 1.472, 1.471, 1.468, 1.468, 1.466, 1.466, 1.464, 1.462, 1.462, 1.462, 0, 
1.539, 1.538, 1.538, 1.537, 1.536, 1.535, 1.535, 1.534, 1.533, 1.533, 1.533, 1.533, 1.533, 1.533, 1.534, 1.535, 1.535, 1.535, 1.535, 1.535, 1.535, 1.534, 1.534, 1.534, 1.533, 1.533, 1.533, 1.533, 1.532, 1.531, 1.531, 1.528, 1.528, 1.527, 1.526, 1.525, 1.525, 1.524, 1.524, 1.524, 1.524, 1.524, 1.525, 1.526, 1.526, 1.527, 1.527, 1.528, 1.528, 1.528, 1.528, 1.528, 1.528, 1.528, 1.531, 1.532, 1.533, 1.535, 1.536, 1.537, 1.538, 1.542, 1.542, 1.542, 1.542, 1.542, 1.538, 1.537, 1.535, 1.534, 1.533, 1.532, 1.531, 1.528, 1.528, 1.528, 1.528, 1.528, 1.532, 1.533, 1.533, 1.533, 1.535, 1.535, 1.536, 1.535, 1.535, 1.533, 1.532, 1.532, 1.527, 1.526, 1.525, 1.524, 1.524, 1.524, 1.524, 1.524, 1.524, 1.524, 1.524, 1.524, 1.525, 1.525, 1.526, 1.527, 1.527, 1.528, 1.527, 1.527, 1.526, 1.525, 1.524, 1.523, 1.523, 1.522, 1.522, 1.521, 1.52, 1.52, 1.519, 1.519, 1.519, 1.519, 1.519, 1.519, 1.52, 1.521, 1.522, 1.523, 1.524, 1.524, 1.524, 1.524, 1.525, 1.526, 1.526, 1.526, 1.527, 1.528, 1.528, 1.528, 1.524, 1.522, 1.511, 1.5, 1.487, 1.473, 1.458, 1.444, 1.432, 1.423, 1.417, 1.415, 1.413, 1.413, 1.412, 1.412, 1.41, 1.41, 1.408, 1.408, 1.408, 1.406, 1.406, 1.406, 1.404, 1.404, 1.404, 1.404, 1.406, 1.406, 1.406, 1.408, 1.408, 1.408, 1.408, 1.408, 1.406, 1.406, 1.406, 1.406, 1.406, 1.406, 1.406, 1.406, 1.408, 1.408, 1.408, 1.406, 1.406, 1.404, 1.404, 1.402, 1.402, 1.402, 1.402, 1.402, 1.402, 1.402, 1.402, 1.404, 1.404, 1.404, 1.404, 1.404, 1.402, 1.402, 1.4, 1.4, 1.399, 1.397, 1.397, 1.397, 1.397, 1.397, 1.397, 1.397, 1.397, 1.399, 1.399, 1.399, 1.399, 1.399, 1.399, 1.399, 1.399, 1.4, 1.4, 1.4, 1.4, 1.4, 1.4, 1.4, 1.4, 1.399, 1.397, 1.397, 1.395, 1.393, 1.393, 1.391, 1.391, 1.393, 1.395, 1.395, 1.399, 1.399, 1.4, 1.402, 1.404, 1.404, 1.406, 1.406, 1.406, 1.404, 1.402, 1.402, 1.4, 1.4, 1.399, 1.399, 1.399, 1.399, 1.397, 1.397, 1.399, 1.399, 1.399, 1.399, 1.4, 1.4, 1.402, 1.402, 1.404, 1.402, 1.402, 1.402, 1.4, 1.399, 1.399, 1.399, 1.397, 1.397, 1.397, 1.397, 1.397, 1.397, 1.397, 1.397, 1.397, 1.397, 1.397, 1.397, 1.397, 1.397, 1.397, 1.397, 1.397, 1.399, 1.399, 1.399, 1.399, 1.399, 1.399, 1.399, 1.397, 1.397, 1.397, 1.395, 1.395, 1.393, 1.393, 1.393, 1.393, 1.393, 1.391, 1.391, 1.391, 1.391, 1.393, 1.393, 1.395, 1.397, 1.397, 1.399, 1.399, 1.4, 1.4, 1.4, 1.399, 1.399, 1.399, 1.399, 1.399, 1.397, 1.397, 1.397, 1.397, 1.397, 1.395, 1.395, 1.397, 1.397, 1.397, 1.399, 1.404, 1.415, 1.425, 1.436, 1.448, 1.46, 1.47, 1.482, 1.491, 1.494, 1.493, 1.492, 1.491, 1.488, 1.487, 1.486, 1.485, 1.484, 1.484, 1.484, 1.485, 1.486, 1.487, 1.489, 1.49, 1.492, 1.493, 1.494, 1.494, 1.494, 1.493, 1.492, 1.491, 1.49, 1.489, 1.488, 1.487, 1.486, 1.486, 1.485, 1.484, 1.483, 1.483, 1.482, 1.481, 1.48, 1.48, 1.48, 1.48, 1.479, 1.478, 1.478, 1.477, 1.476, 1.476, 1.476, 1.475, 1.475, 1.475, 1.475, 1.475, 1.474, 1.475, 1.474, 1.474, 1.474, 1.473, 1.472, 1.472, 1.472, 1.472, 1.472, 1.472, 1.472, 1.472, 1.472, 1.472, 1.472, 1.473, 1.474, 1.474, 1.474, 1.474, 1.474, 1.474, 1.474, 1.473, 1.472, 1.471, 1.47, 1.469, 1.468, 1.468, 1.468, 1.468, 1.468, 1.469, 1.47, 1.47, 1.47, 1.468, 1.468, 1.468, 1.466, 1.464, 1.464, 1.464, 1.462, 1.462, 1.464, 1.464, 1.464, 1.464, 1.464, 1.466, 1.468, 1.468, 1.471, 1.472, 1.472, 1.473, 1.473, 1.472, 1.472, 1.471, 1.468, 1.468, 1.466, 1.464, 1.462, 1.46, 1.46, 1.46, 0, 
1.542, 1.542, 1.539, 1.538, 1.537, 1.536, 1.535, 1.534, 1.533, 1.533, 1.533, 1.533, 1.533, 1.533, 1.534, 1.535, 1.536, 1.536, 1.536, 1.536, 1.536, 1.535, 1.535, 1.534, 1.534, 1.533, 1.533, 1.533, 1.532, 1.532, 1.528, 1.528, 1.527, 1.526, 1.526, 1.525, 1.524, 1.524, 1.524, 1.524, 1.524, 1.525, 1.526, 1.526, 1.527, 1.527, 1.528, 1.528, 1.528, 1.528, 1.528, 1.528, 1.528, 1.528, 1.531, 1.532, 1.533, 1.535, 1.536, 1.538, 1.539, 1.542, 1.542, 1.542, 1.542, 1.542, 1.538, 1.537, 1.535, 1.534, 1.533, 1.532, 1.531, 1.528, 1.528, 1.528, 1.528, 1.528, 1.532, 1.532, 1.533, 1.534, 1.535, 1.536, 1.536, 1.536, 1.535, 1.534, 1.533, 1.532, 1.528, 1.527, 1.526, 1.525, 1.525, 1.525, 1.525, 1.525, 1.525, 1.525, 1.525, 1.526, 1.526, 1.526, 1.527, 1.527, 1.528, 1.528, 1.527, 1.526, 1.526, 1.524, 1.524, 1.523, 1.522, 1.521, 1.52, 1.52, 1.519, 1.519, 1.518, 1.518, 1.518, 1.518, 1.518, 1.519, 1.52, 1.521, 1.522, 1.523, 1.524, 1.524, 1.524, 1.524, 1.525, 1.526, 1.526, 1.526, 1.527, 1.528, 1.528, 1.528, 1.525, 1.522, 1.512, 1.501, 1.488, 1.474, 1.462, 1.448, 1.436, 1.427, 1.421, 1.417, 1.415, 1.413, 1.412, 1.412, 1.41, 1.41, 1.408, 1.408, 1.406, 1.406, 1.404, 1.404, 1.404, 1.404, 1.404, 1.404, 1.406, 1.406, 1.408, 1.408, 1.408, 1.408, 1.408, 1.408, 1.408, 1.408, 1.408, 1.408, 1.408, 1.408, 1.408, 1.408, 1.408, 1.408, 1.408, 1.408, 1.406, 1.406, 1.404, 1.404, 1.402, 1.402, 1.402, 1.402, 1.402, 1.402, 1.402, 1.404, 1.404, 1.404, 1.404, 1.404, 1.402, 1.402, 1.402, 1.4, 1.399, 1.399, 1.397, 1.397, 1.397, 1.397, 1.397, 1.397, 1.397, 1.397, 1.399, 1.399, 1.399, 1.399, 1.399, 1.399, 1.399, 1.399, 1.4, 1.4, 1.4, 1.4, 1.4, 1.4, 1.4, 1.399, 1.397, 1.397, 1.393, 1.393, 1.391, 1.391, 1.391, 1.393, 1.395, 1.395, 1.399, 1.399, 1.4, 1.402, 1.406, 1.406, 1.406, 1.406, 1.406, 1.404, 1.402, 1.402, 1.402, 1.4, 1.399, 1.399, 1.399, 1.399, 1.397, 1.397, 1.399, 1.399, 1.4, 1.4, 1.4, 1.402, 1.402, 1.404, 1.404, 1.402, 1.402, 1.402, 1.4, 1.4, 1.399, 1.399, 1.399, 1.399, 1.399, 1.399, 1.399, 1.399, 1.399, 1.399, 1.399, 1.399, 1.399, 1.399, 1.399, 1.399, 1.399, 1.399, 1.399, 1.4, 1.4, 1.4, 1.4, 1.4, 1.4, 1.4, 1.4, 1.399, 1.397, 1.397, 1.397, 1.397, 1.395, 1.395, 1.395, 1.395, 1.395, 1.395, 1.395, 1.395, 1.397, 1.399, 1.399, 1.4, 1.402, 1.404, 1.406, 1.406, 1.408, 1.408, 1.406, 1.404, 1.404, 1.404, 1.402, 1.402, 1.402, 1.402, 1.402, 1.402, 1.402, 1.404, 1.404, 1.406, 1.406, 1.408, 1.415, 1.423, 1.432, 1.444, 1.454, 1.464, 1.474, 1.484, 1.492, 1.495, 1.494, 1.493, 1.492, 1.487, 1.486, 1.485, 1.484, 1.484, 1.484, 1.484, 1.484, 1.485, 1.487, 1.488, 1.49, 1.492, 1.493, 1.494, 1.494, 1.494, 1.493, 1.492, 1.491, 1.49, 1.489, 1.489, 1.488, 1.487, 1.486, 1.486, 1.484, 1.484, 1.483, 1.482, 1.481, 1.48, 1.48, 1.48, 1.479, 1.479, 1.478, 1.477, 1.476, 1.476, 1.475, 1.475, 1.474, 1.474, 1.474, 1.474, 1.474, 1.474, 1.475, 1.475, 1.474, 1.474, 1.473, 1.473, 1.472, 1.472, 1.472, 1.472, 1.472, 1.472, 1.472, 1.472, 1.472, 1.472, 1.473, 1.473, 1.473, 1.474, 1.474, 1.474, 1.474, 1.473, 1.472, 1.472, 1.471, 1.47, 1.469, 1.468, 1.466, 1.466, 1.466, 1.468, 1.469, 1.47, 1.47, 1.47, 1.47, 1.468, 1.468, 1.466, 1.464, 1.464, 1.464, 1.462, 1.462, 1.462, 1.464, 1.464, 1.464, 1.466, 1.468, 1.468, 1.471, 1.471, 1.472, 1.473, 1.473, 1.473, 1.472, 1.471, 1.468, 1.466, 1.464, 1.464, 1.462, 1.462, 1.46, 1.458, 1.458, 0, 
1.543, 1.543, 1.542, 1.538, 1.537, 1.536, 1.535, 1.533, 1.533, 1.532, 1.532, 1.532, 1.532, 1.533, 1.534, 1.535, 1.536, 1.537, 1.537, 1.537, 1.537, 1.536, 1.536, 1.535, 1.535, 1.534, 1.533, 1.533, 1.532, 1.532, 1.528, 1.527, 1.526, 1.525, 1.525, 1.524, 1.524, 1.524, 1.524, 1.524, 1.524, 1.525, 1.526, 1.527, 1.528, 1.528, 1.528, 1.528, 1.528, 1.528, 1.528, 1.528, 1.528, 1.528, 1.531, 1.532, 1.533, 1.534, 1.535, 1.538, 1.539, 1.539, 1.542, 1.542, 1.542, 1.542, 1.538, 1.537, 1.535, 1.534, 1.533, 1.532, 1.531, 1.528, 1.528, 1.528, 1.528, 1.528, 1.531, 1.532, 1.533, 1.534, 1.535, 1.536, 1.537, 1.536, 1.536, 1.535, 1.534, 1.533, 1.532, 1.528, 1.527, 1.527, 1.526, 1.526, 1.526, 1.526, 1.526, 1.526, 1.526, 1.527, 1.527, 1.527, 1.528, 1.528, 1.528, 1.528, 1.527, 1.526, 1.525, 1.524, 1.523, 1.522, 1.521, 1.52, 1.519, 1.519, 1.518, 1.518, 1.518, 1.518, 1.518, 1.518, 1.518, 1.519, 1.52, 1.521, 1.522, 1.523, 1.524, 1.524, 1.524, 1.524, 1.525, 1.526, 1.526, 1.526, 1.527, 1.528, 1.528, 1.531, 1.526, 1.524, 1.516, 1.503, 1.49, 1.475, 1.464, 1.45, 1.438, 1.427, 1.423, 1.417, 1.415, 1.413, 1.413, 1.412, 1.412, 1.41, 1.408, 1.408, 1.406, 1.404, 1.404, 1.404, 1.404, 1.404, 1.404, 1.404, 1.406, 1.408, 1.408, 1.408, 1.41, 1.41, 1.41, 1.41, 1.41, 1.41, 1.408, 1.408, 1.408, 1.408, 1.41, 1.41, 1.41, 1.41, 1.408, 1.408, 1.406, 1.406, 1.404, 1.404, 1.402, 1.402, 1.402, 1.402, 1.402, 1.402, 1.404, 1.404, 1.404, 1.404, 1.404, 1.404, 1.404, 1.404, 1.402, 1.4, 1.399, 1.399, 1.397, 1.397, 1.397, 1.397, 1.397, 1.397, 1.397, 1.397, 1.399, 1.399, 1.399, 1.399, 1.399, 1.399, 1.399, 1.399, 1.399, 1.4, 1.4, 1.4, 1.4, 1.4, 1.399, 1.399, 1.397, 1.395, 1.393, 1.393, 1.391, 1.391, 1.391, 1.393, 1.395, 1.397, 1.399, 1.399, 1.4, 1.404, 1.406, 1.408, 1.408, 1.408, 1.406, 1.406, 1.404, 1.404, 1.402, 1.4, 1.4, 1.4, 1.4, 1.399, 1.399, 1.399, 1.399, 1.4, 1.4, 1.402, 1.402, 1.404, 1.404, 1.404, 1.404, 1.404, 1.402, 1.402, 1.4, 1.4, 1.4, 1.4, 1.399, 1.399, 1.399, 1.399, 1.4, 1.4, 1.4, 1.4, 1.4, 1.4, 1.4, 1.4, 1.4, 1.4, 1.4, 1.402, 1.402, 1.402, 1.404, 1.406, 1.406, 1.406, 1.406, 1.406, 1.404, 1.404, 1.402, 1.4, 1.4, 1.4, 1.399, 1.399, 1.399, 1.399, 1.399, 1.4, 1.4, 1.402, 1.404, 1.406, 1.408, 1.41, 1.412, 1.413, 1.415, 1.417, 1.417, 1.417, 1.415, 1.415, 1.413, 1.412, 1.41, 1.41, 1.41, 1.41, 1.41, 1.41, 1.412, 1.412, 1.412, 1.413, 1.415, 1.419, 1.425, 1.432, 1.442, 1.45, 1.46, 1.468, 1.479, 1.486, 1.494, 1.495, 1.494, 1.492, 1.491, 1.487, 1.486, 1.485, 1.484, 1.484, 1.484, 1.484, 1.484, 1.485, 1.486, 1.488, 1.49, 1.491, 1.493, 1.494, 1.494, 1.494, 1.493, 1.492, 1.492, 1.491, 1.49, 1.49, 1.489, 1.488, 1.487, 1.486, 1.485, 1.484, 1.484, 1.483, 1.482, 1.481, 1.48, 1.48, 1.479, 1.478, 1.477, 1.476, 1.475, 1.475, 1.474, 1.474, 1.474, 1.474, 1.474, 1.474, 1.474, 1.474, 1.475, 1.475, 1.474, 1.474, 1.474, 1.473, 1.472, 1.472, 1.472, 1.472, 1.472, 1.472, 1.472, 1.472, 1.472, 1.472, 1.472, 1.472, 1.473, 1.473, 1.473, 1.473, 1.473, 1.473, 1.472, 1.471, 1.47, 1.468, 1.468, 1.466, 1.466, 1.466, 1.466, 1.468, 1.469, 1.47, 1.47, 1.471, 1.471, 1.47, 1.468, 1.468, 1.466, 1.464, 1.464, 1.462, 1.462, 1.462, 1.464, 1.464, 1.464, 1.466, 1.468, 1.468, 1.471, 1.472, 1.472, 1.473, 1.473, 1.472, 1.472, 1.471, 1.468, 1.466, 1.462, 1.462, 1.462, 1.462, 1.458, 1.458, 1.458, 0, 
1.544, 1.543, 1.543, 1.539, 1.538, 1.537, 1.535, 1.533, 1.532, 1.531, 1.531, 1.531, 1.532, 1.533, 1.534, 1.535, 1.536, 1.537, 1.537, 1.537, 1.537, 1.537, 1.537, 1.536, 1.535, 1.534, 1.534, 1.533, 1.533, 1.532, 1.528, 1.527, 1.526, 1.525, 1.524, 1.524, 1.523, 1.523, 1.523, 1.524, 1.524, 1.525, 1.526, 1.527, 1.528, 1.528, 1.528, 1.528, 1.528, 1.528, 1.528, 1.528, 1.528, 1.528, 1.531, 1.531, 1.532, 1.535, 1.535, 1.538, 1.538, 1.539, 1.539, 1.542, 1.542, 1.539, 1.538, 1.537, 1.535, 1.534, 1.533, 1.532, 1.531, 1.528, 1.528, 1.528, 1.528, 1.528, 1.531, 1.532, 1.533, 1.534, 1.535, 1.536, 1.537, 1.537, 1.536, 1.535, 1.534, 1.533, 1.532, 1.532, 1.528, 1.528, 1.527, 1.527, 1.527, 1.527, 1.527, 1.527, 1.527, 1.528, 1.528, 1.528, 1.528, 1.528, 1.528, 1.528, 1.527, 1.526, 1.525, 1.524, 1.523, 1.521, 1.52, 1.519, 1.519, 1.518, 1.517, 1.517, 1.517, 1.517, 1.517, 1.517, 1.518, 1.518, 1.52, 1.521, 1.522, 1.523, 1.524, 1.524, 1.524, 1.524, 1.525, 1.526, 1.526, 1.526, 1.527, 1.528, 1.528, 1.527, 1.526, 1.525, 1.517, 1.505, 1.491, 1.481, 1.466, 1.454, 1.44, 1.43, 1.423, 1.419, 1.417, 1.415, 1.413, 1.412, 1.412, 1.41, 1.408, 1.408, 1.406, 1.404, 1.404, 1.404, 1.404, 1.404, 1.404, 1.404, 1.406, 1.408, 1.408, 1.41, 1.41, 1.41, 1.412, 1.412, 1.412, 1.412, 1.41, 1.41, 1.41, 1.41, 1.41, 1.412, 1.412, 1.41, 1.41, 1.41, 1.408, 1.406, 1.406, 1.404, 1.402, 1.402, 1.402, 1.402, 1.402, 1.402, 1.404, 1.404, 1.404, 1.406, 1.406, 1.406, 1.406, 1.404, 1.402, 1.402, 1.4, 1.399, 1.397, 1.397, 1.397, 1.397, 1.397, 1.397, 1.397, 1.399, 1.399, 1.399, 1.399, 1.399, 1.399, 1.399, 1.399, 1.399, 1.399, 1.4, 1.4, 1.4, 1.4, 1.4, 1.399, 1.399, 1.397, 1.395, 1.395, 1.393, 1.393, 1.391, 1.391, 1.393, 1.395, 1.397, 1.4, 1.402, 1.402, 1.404, 1.408, 1.408, 1.41, 1.41, 1.408, 1.408, 1.406, 1.404, 1.404, 1.402, 1.402, 1.4, 1.4, 1.4, 1.4, 1.4, 1.4, 1.402, 1.402, 1.402, 1.404, 1.406, 1.406, 1.408, 1.406, 1.406, 1.404, 1.404, 1.404, 1.402, 1.402, 1.4, 1.4, 1.4, 1.4, 1.402, 1.402, 1.402, 1.402, 1.404, 1.404, 1.404, 1.404, 1.404, 1.404, 1.404, 1.404, 1.406, 1.408, 1.41, 1.412, 1.413, 1.415, 1.415, 1.415, 1.415, 1.413, 1.412, 1.412, 1.41, 1.41, 1.408, 1.408, 1.408, 1.408, 1.408, 1.408, 1.408, 1.41, 1.412, 1.413, 1.415, 1.417, 1.419, 1.421, 1.425, 1.427, 1.427, 1.427, 1.427, 1.425, 1.425, 1.423, 1.421, 1.419, 1.419, 1.419, 1.419, 1.419, 1.419, 1.421, 1.421, 1.423, 1.425, 1.427, 1.429, 1.434, 1.442, 1.45, 1.458, 1.466, 1.472, 1.479, 1.488, 1.494, 1.495, 1.494, 1.492, 1.491, 1.487, 1.486, 1.485, 1.484, 1.483, 1.483, 1.483, 1.483, 1.484, 1.486, 1.488, 1.489, 1.491, 1.492, 1.493, 1.494, 1.494, 1.494, 1.493, 1.492, 1.491, 1.491, 1.49, 1.49, 1.489, 1.488, 1.487, 1.486, 1.485, 1.484, 1.483, 1.482, 1.481, 1.48, 1.48, 1.478, 1.478, 1.477, 1.476, 1.475, 1.474, 1.473, 1.473, 1.473, 1.473, 1.473, 1.474, 1.474, 1.474, 1.474, 1.474, 1.474, 1.474, 1.474, 1.473, 1.472, 1.472, 1.472, 1.472, 1.472, 1.472, 1.472, 1.472, 1.472, 1.472, 1.472, 1.472, 1.472, 1.472, 1.472, 1.472, 1.472, 1.472, 1.471, 1.471, 1.47, 1.468, 1.468, 1.466, 1.466, 1.466, 1.466, 1.468, 1.469, 1.47, 1.47, 1.471, 1.471, 1.471, 1.468, 1.468, 1.466, 1.464, 1.464, 1.462, 1.462, 1.462, 1.464, 1.464, 1.464, 1.466, 1.468, 1.471, 1.471, 1.472, 1.473, 1.473, 1.473, 1.472, 1.471, 1.468, 1.466, 1.464, 1.462, 1.462, 1.462, 1.46, 1.456, 1.456, 1.456, 0, 
1.544, 1.544, 1.543, 1.542, 1.538, 1.537, 1.536, 1.532, 1.532, 1.528, 1.528, 1.531, 1.532, 1.532, 1.533, 1.535, 1.536, 1.537, 1.537, 1.537, 1.537, 1.537, 1.537, 1.537, 1.536, 1.535, 1.534, 1.533, 1.533, 1.532, 1.528, 1.527, 1.526, 1.525, 1.524, 1.524, 1.523, 1.522, 1.523, 1.524, 1.524, 1.525, 1.526, 1.527, 1.528, 1.528, 1.531, 1.531, 1.528, 1.528, 1.528, 1.528, 1.528, 1.528, 1.531, 1.531, 1.531, 1.535, 1.535, 1.537, 1.538, 1.538, 1.539, 1.539, 1.539, 1.538, 1.538, 1.537, 1.536, 1.534, 1.533, 1.532, 1.531, 1.531, 1.531, 1.531, 1.531, 1.531, 1.531, 1.532, 1.533, 1.533, 1.535, 1.536, 1.537, 1.537, 1.536, 1.536, 1.535, 1.534, 1.533, 1.532, 1.532, 1.531, 1.531, 1.528, 1.528, 1.528, 1.528, 1.528, 1.528, 1.528, 1.528, 1.528, 1.528, 1.528, 1.528, 1.528, 1.527, 1.526, 1.525, 1.523, 1.522, 1.521, 1.52, 1.519, 1.518, 1.517, 1.517, 1.513, 1.513, 1.513, 1.513, 1.516, 1.517, 1.518, 1.519, 1.52, 1.522, 1.523, 1.524, 1.524, 1.525, 1.525, 1.525, 1.526, 1.526, 1.526, 1.527, 1.528, 1.528, 1.528, 1.527, 1.524, 1.518, 1.507, 1.496, 1.481, 1.47, 1.456, 1.444, 1.434, 1.425, 1.423, 1.417, 1.415, 1.413, 1.413, 1.412, 1.41, 1.408, 1.406, 1.406, 1.404, 1.404, 1.404, 1.404, 1.404, 1.404, 1.404, 1.406, 1.408, 1.41, 1.41, 1.412, 1.412, 1.412, 1.412, 1.412, 1.412, 1.412, 1.412, 1.412, 1.412, 1.412, 1.412, 1.412, 1.412, 1.412, 1.41, 1.408, 1.406, 1.406, 1.404, 1.402, 1.402, 1.402, 1.402, 1.402, 1.404, 1.404, 1.404, 1.406, 1.406, 1.406, 1.408, 1.408, 1.406, 1.404, 1.402, 1.402, 1.4, 1.399, 1.399, 1.397, 1.397, 1.399, 1.399, 1.399, 1.399, 1.399, 1.399, 1.399, 1.399, 1.399, 1.399, 1.399, 1.4, 1.4, 1.4, 1.4, 1.4, 1.4, 1.4, 1.4, 1.399, 1.397, 1.397, 1.395, 1.393, 1.393, 1.393, 1.393, 1.395, 1.397, 1.399, 1.4, 1.404, 1.404, 1.406, 1.41, 1.41, 1.412, 1.41, 1.41, 1.408, 1.408, 1.408, 1.406, 1.404, 1.404, 1.402, 1.402, 1.402, 1.402, 1.402, 1.402, 1.404, 1.404, 1.406, 1.408, 1.408, 1.41, 1.41, 1.41, 1.41, 1.408, 1.408, 1.406, 1.406, 1.406, 1.404, 1.404, 1.404, 1.406, 1.408, 1.408, 1.41, 1.41, 1.41, 1.41, 1.41, 1.41, 1.41, 1.41, 1.41, 1.41, 1.412, 1.413, 1.417, 1.419, 1.421, 1.423, 1.425, 1.425, 1.425, 1.423, 1.421, 1.421, 1.419, 1.419, 1.419, 1.417, 1.417, 1.417, 1.417, 1.419, 1.419, 1.421, 1.421, 1.423, 1.425, 1.427, 1.43, 1.432, 1.434, 1.436, 1.436, 1.436, 1.436, 1.436, 1.434, 1.432, 1.432, 1.43, 1.429, 1.429, 1.429, 1.429, 1.429, 1.43, 1.43, 1.432, 1.434, 1.438, 1.44, 1.444, 1.452, 1.458, 1.464, 1.47, 1.478, 1.485, 1.49, 1.495, 1.495, 1.494, 1.492, 1.491, 1.488, 1.486, 1.485, 1.484, 1.483, 1.482, 1.483, 1.483, 1.484, 1.486, 1.488, 1.489, 1.49, 1.492, 1.493, 1.493, 1.494, 1.494, 1.493, 1.492, 1.492, 1.492, 1.491, 1.491, 1.49, 1.489, 1.488, 1.487, 1.486, 1.485, 1.484, 1.483, 1.482, 1.481, 1.48, 1.478, 1.477, 1.476, 1.475, 1.474, 1.473, 1.473, 1.472, 1.472, 1.472, 1.473, 1.474, 1.474, 1.474, 1.474, 1.474, 1.474, 1.474, 1.474, 1.473, 1.472, 1.472, 1.472, 1.472, 1.472, 1.472, 1.472, 1.472, 1.472, 1.472, 1.472, 1.472, 1.472, 1.472, 1.472, 1.472, 1.472, 1.472, 1.471, 1.47, 1.47, 1.468, 1.466, 1.466, 1.466, 1.466, 1.466, 1.468, 1.469, 1.47, 1.47, 1.471, 1.471, 1.471, 1.47, 1.468, 1.466, 1.464, 1.464, 1.462, 1.462, 1.464, 1.464, 1.464, 1.464, 1.466, 1.468, 1.471, 1.472, 1.472, 1.473, 1.473, 1.472, 1.471, 1.471, 1.468, 1.466, 1.464, 1.462, 1.46, 1.46, 1.458, 1.456, 1.456, 1.456, 0, 
1.545, 1.544, 1.543, 1.543, 1.538, 1.537, 1.536, 1.532, 1.531, 1.528, 1.528, 1.531, 1.531, 1.532, 1.533, 1.535, 1.536, 1.537, 1.537, 1.537, 1.537, 1.537, 1.537, 1.537, 1.536, 1.536, 1.535, 1.534, 1.533, 1.532, 1.528, 1.527, 1.526, 1.525, 1.524, 1.524, 1.523, 1.522, 1.523, 1.524, 1.524, 1.526, 1.527, 1.528, 1.531, 1.531, 1.531, 1.531, 1.531, 1.528, 1.528, 1.528, 1.528, 1.528, 1.528, 1.531, 1.532, 1.533, 1.535, 1.536, 1.537, 1.537, 1.538, 1.538, 1.538, 1.538, 1.537, 1.537, 1.535, 1.534, 1.533, 1.532, 1.531, 1.531, 1.531, 1.531, 1.531, 1.531, 1.531, 1.532, 1.533, 1.533, 1.534, 1.535, 1.536, 1.537, 1.537, 1.536, 1.535, 1.535, 1.534, 1.533, 1.533, 1.532, 1.531, 1.531, 1.531, 1.528, 1.528, 1.528, 1.528, 1.528, 1.528, 1.528, 1.528, 1.528, 1.528, 1.528, 1.527, 1.526, 1.524, 1.523, 1.522, 1.52, 1.519, 1.518, 1.517, 1.516, 1.513, 1.513, 1.513, 1.513, 1.513, 1.513, 1.517, 1.518, 1.519, 1.52, 1.522, 1.523, 1.524, 1.525, 1.525, 1.526, 1.526, 1.526, 1.526, 1.526, 1.527, 1.528, 1.528, 1.528, 1.528, 1.524, 1.52, 1.509, 1.5, 1.487, 1.475, 1.46, 1.448, 1.436, 1.429, 1.423, 1.419, 1.417, 1.415, 1.413, 1.412, 1.41, 1.408, 1.406, 1.406, 1.404, 1.404, 1.404, 1.404, 1.404, 1.404, 1.406, 1.406, 1.408, 1.41, 1.412, 1.412, 1.413, 1.413, 1.413, 1.413, 1.412, 1.412, 1.412, 1.412, 1.412, 1.412, 1.412, 1.412, 1.412, 1.412, 1.41, 1.408, 1.408, 1.406, 1.404, 1.404, 1.402, 1.402, 1.402, 1.402, 1.404, 1.406, 1.406, 1.408, 1.408, 1.408, 1.408, 1.408, 1.406, 1.406, 1.404, 1.402, 1.4, 1.4, 1.399, 1.399, 1.399, 1.399, 1.399, 1.4, 1.4, 1.4, 1.4, 1.4, 1.4, 1.4, 1.4, 1.4, 1.4, 1.4, 1.4, 1.4, 1.4, 1.4, 1.4, 1.4, 1.399, 1.399, 1.397, 1.395, 1.395, 1.393, 1.393, 1.393, 1.395, 1.397, 1.399, 1.402, 1.404, 1.404, 1.408, 1.41, 1.412, 1.412, 1.412, 1.412, 1.412, 1.41, 1.41, 1.41, 1.408, 1.408, 1.408, 1.408, 1.408, 1.408, 1.408, 1.408, 1.408, 1.41, 1.412, 1.412, 1.413, 1.413, 1.415, 1.417, 1.417, 1.417, 1.417, 1.415, 1.415, 1.413, 1.413, 1.413, 1.413, 1.415, 1.415, 1.417, 1.417, 1.417, 1.417, 1.417, 1.417, 1.417, 1.415, 1.415, 1.417, 1.417, 1.419, 1.423, 1.425, 1.429, 1.43, 1.432, 1.434, 1.434, 1.434, 1.432, 1.432, 1.43, 1.429, 1.429, 1.429, 1.429, 1.429, 1.429, 1.429, 1.429, 1.429, 1.43, 1.432, 1.432, 1.436, 1.438, 1.44, 1.442, 1.444, 1.446, 1.446, 1.448, 1.446, 1.446, 1.444, 1.442, 1.442, 1.44, 1.438, 1.438, 1.438, 1.438, 1.44, 1.44, 1.442, 1.444, 1.446, 1.448, 1.45, 1.456, 1.46, 1.466, 1.472, 1.478, 1.482, 1.485, 1.492, 1.495, 1.495, 1.494, 1.492, 1.491, 1.488, 1.487, 1.484, 1.484, 1.483, 1.483, 1.483, 1.484, 1.484, 1.486, 1.487, 1.488, 1.49, 1.491, 1.492, 1.493, 1.494, 1.494, 1.493, 1.493, 1.492, 1.492, 1.492, 1.492, 1.491, 1.491, 1.49, 1.488, 1.487, 1.486, 1.484, 1.483, 1.482, 1.481, 1.48, 1.478, 1.477, 1.476, 1.475, 1.474, 1.473, 1.472, 1.472, 1.472, 1.472, 1.472, 1.473, 1.474, 1.474, 1.474, 1.474, 1.474, 1.474, 1.474, 1.473, 1.472, 1.472, 1.472, 1.472, 1.472, 1.472, 1.472, 1.472, 1.472, 1.472, 1.472, 1.472, 1.472, 1.472, 1.472, 1.472, 1.472, 1.472, 1.471, 1.47, 1.47, 1.468, 1.466, 1.466, 1.466, 1.466, 1.466, 1.466, 1.468, 1.469, 1.47, 1.471, 1.472, 1.471, 1.471, 1.468, 1.468, 1.464, 1.464, 1.464, 1.464, 1.464, 1.464, 1.464, 1.466, 1.468, 1.468, 1.472, 1.472, 1.472, 1.473, 1.472, 1.472, 1.471, 1.47, 1.466, 1.466, 1.462, 1.46, 1.46, 1.46, 1.458, 1.456, 1.454, 1.454, 0, 
1.545, 1.544, 1.543, 1.543, 1.538, 1.537, 1.536, 1.532, 1.531, 1.528, 1.528, 1.531, 1.531, 1.531, 1.532, 1.535, 1.536, 1.537, 1.537, 1.538, 1.538, 1.538, 1.538, 1.537, 1.537, 1.536, 1.535, 1.534, 1.533, 1.532, 1.531, 1.528, 1.527, 1.524, 1.524, 1.524, 1.523, 1.523, 1.523, 1.524, 1.524, 1.527, 1.527, 1.531, 1.532, 1.532, 1.532, 1.531, 1.531, 1.528, 1.528, 1.528, 1.528, 1.528, 1.528, 1.528, 1.531, 1.532, 1.535, 1.535, 1.536, 1.536, 1.537, 1.537, 1.537, 1.537, 1.537, 1.536, 1.535, 1.535, 1.533, 1.532, 1.531, 1.531, 1.531, 1.531, 1.531, 1.531, 1.531, 1.532, 1.533, 1.533, 1.534, 1.535, 1.536, 1.537, 1.537, 1.536, 1.536, 1.535, 1.534, 1.534, 1.533, 1.532, 1.531, 1.531, 1.528, 1.528, 1.528, 1.528, 1.528, 1.528, 1.528, 1.528, 1.528, 1.528, 1.528, 1.528, 1.527, 1.526, 1.524, 1.522, 1.521, 1.519, 1.518, 1.517, 1.516, 1.513, 1.513, 1.513, 1.513, 1.513, 1.513, 1.513, 1.517, 1.517, 1.518, 1.52, 1.522, 1.523, 1.524, 1.525, 1.526, 1.526, 1.526, 1.526, 1.526, 1.526, 1.527, 1.528, 1.528, 1.528, 1.528, 1.524, 1.521, 1.511, 1.501, 1.488, 1.475, 1.464, 1.452, 1.438, 1.43, 1.427, 1.421, 1.419, 1.415, 1.413, 1.412, 1.41, 1.408, 1.408, 1.406, 1.404, 1.404, 1.404, 1.404, 1.404, 1.404, 1.406, 1.408, 1.41, 1.412, 1.412, 1.413, 1.413, 1.413, 1.413, 1.413, 1.413, 1.413, 1.413, 1.413, 1.413, 1.413, 1.413, 1.413, 1.413, 1.412, 1.412, 1.41, 1.408, 1.408, 1.406, 1.404, 1.404, 1.404, 1.404, 1.404, 1.404, 1.406, 1.406, 1.408, 1.408, 1.41, 1.41, 1.41, 1.408, 1.408, 1.406, 1.404, 1.404, 1.402, 1.4, 1.4, 1.4, 1.4, 1.4, 1.4, 1.4, 1.402, 1.402, 1.402, 1.4, 1.4, 1.402, 1.402, 1.402, 1.402, 1.402, 1.402, 1.402, 1.402, 1.4, 1.4, 1.399, 1.399, 1.397, 1.397, 1.395, 1.395, 1.395, 1.395, 1.397, 1.399, 1.402, 1.404, 1.406, 1.406, 1.41, 1.413, 1.415, 1.417, 1.417, 1.417, 1.417, 1.417, 1.417, 1.415, 1.415, 1.415, 1.415, 1.415, 1.415, 1.415, 1.415, 1.415, 1.415, 1.417, 1.419, 1.419, 1.421, 1.421, 1.423, 1.425, 1.425, 1.425, 1.425, 1.425, 1.423, 1.423, 1.423, 1.423, 1.423, 1.425, 1.425, 1.427, 1.427, 1.427, 1.427, 1.427, 1.425, 1.425, 1.425, 1.425, 1.425, 1.425, 1.429, 1.43, 1.434, 1.438, 1.44, 1.442, 1.444, 1.444, 1.444, 1.442, 1.442, 1.442, 1.44, 1.44, 1.438, 1.438, 1.438, 1.438, 1.438, 1.44, 1.44, 1.442, 1.442, 1.444, 1.446, 1.448, 1.45, 1.452, 1.456, 1.456, 1.458, 1.458, 1.456, 1.456, 1.454, 1.452, 1.452, 1.45, 1.448, 1.448, 1.448, 1.448, 1.448, 1.45, 1.452, 1.454, 1.458, 1.46, 1.462, 1.466, 1.47, 1.474, 1.481, 1.481, 1.486, 1.491, 1.494, 1.496, 1.495, 1.494, 1.493, 1.491, 1.488, 1.488, 1.484, 1.484, 1.483, 1.482, 1.483, 1.483, 1.484, 1.485, 1.487, 1.488, 1.49, 1.491, 1.492, 1.493, 1.493, 1.493, 1.493, 1.493, 1.492, 1.493, 1.493, 1.493, 1.492, 1.492, 1.491, 1.49, 1.488, 1.487, 1.485, 1.484, 1.482, 1.481, 1.48, 1.478, 1.477, 1.476, 1.474, 1.473, 1.472, 1.472, 1.471, 1.471, 1.471, 1.472, 1.473, 1.473, 1.474, 1.474, 1.474, 1.474, 1.474, 1.473, 1.473, 1.472, 1.472, 1.472, 1.472, 1.472, 1.472, 1.472, 1.472, 1.472, 1.471, 1.471, 1.471, 1.471, 1.471, 1.471, 1.472, 1.472, 1.472, 1.471, 1.47, 1.47, 1.468, 1.466, 1.466, 1.466, 1.466, 1.466, 1.466, 1.468, 1.469, 1.47, 1.471, 1.472, 1.471, 1.471, 1.47, 1.468, 1.466, 1.464, 1.464, 1.464, 1.464, 1.464, 1.466, 1.466, 1.468, 1.468, 1.472, 1.472, 1.472, 1.472, 1.472, 1.471, 1.47, 1.468, 1.466, 1.464, 1.462, 1.46, 1.458, 1.458, 1.458, 1.456, 1.454, 1.454, 0, 
1.545, 1.544, 1.543, 1.543, 1.538, 1.537, 1.536, 1.532, 1.532, 1.528, 1.528, 1.528, 1.531, 1.531, 1.531, 1.535, 1.536, 1.537, 1.538, 1.538, 1.539, 1.539, 1.538, 1.538, 1.537, 1.537, 1.536, 1.535, 1.534, 1.533, 1.532, 1.528, 1.528, 1.524, 1.524, 1.524, 1.523, 1.523, 1.523, 1.524, 1.524, 1.528, 1.528, 1.532, 1.532, 1.533, 1.533, 1.532, 1.531, 1.528, 1.528, 1.527, 1.527, 1.527, 1.527, 1.528, 1.531, 1.532, 1.533, 1.534, 1.535, 1.535, 1.536, 1.536, 1.536, 1.537, 1.537, 1.536, 1.535, 1.535, 1.533, 1.532, 1.531, 1.531, 1.531, 1.531, 1.531, 1.531, 1.531, 1.532, 1.533, 1.533, 1.534, 1.535, 1.536, 1.537, 1.537, 1.537, 1.536, 1.535, 1.535, 1.534, 1.533, 1.532, 1.531, 1.531, 1.528, 1.528, 1.528, 1.528, 1.528, 1.528, 1.528, 1.528, 1.528, 1.528, 1.528, 1.528, 1.527, 1.525, 1.524, 1.522, 1.52, 1.519, 1.518, 1.517, 1.513, 1.513, 1.513, 1.513, 1.513, 1.513, 1.513, 1.513, 1.516, 1.517, 1.518, 1.52, 1.522, 1.523, 1.524, 1.525, 1.526, 1.526, 1.526, 1.526, 1.526, 1.526, 1.527, 1.528, 1.528, 1.528, 1.528, 1.523, 1.522, 1.512, 1.503, 1.49, 1.48, 1.468, 1.454, 1.442, 1.434, 1.429, 1.423, 1.421, 1.417, 1.415, 1.412, 1.41, 1.41, 1.408, 1.406, 1.404, 1.404, 1.404, 1.404, 1.404, 1.406, 1.406, 1.408, 1.41, 1.412, 1.413, 1.415, 1.415, 1.415, 1.415, 1.415, 1.415, 1.415, 1.415, 1.415, 1.415, 1.415, 1.415, 1.415, 1.415, 1.413, 1.412, 1.41, 1.41, 1.408, 1.406, 1.406, 1.406, 1.406, 1.406, 1.406, 1.406, 1.408, 1.408, 1.41, 1.41, 1.412, 1.412, 1.412, 1.41, 1.408, 1.408, 1.408, 1.406, 1.404, 1.404, 1.404, 1.404, 1.404, 1.404, 1.404, 1.404, 1.404, 1.404, 1.402, 1.402, 1.402, 1.402, 1.404, 1.404, 1.404, 1.404, 1.404, 1.404, 1.402, 1.402, 1.402, 1.402, 1.4, 1.4, 1.4, 1.4, 1.4, 1.4, 1.402, 1.404, 1.406, 1.41, 1.412, 1.415, 1.415, 1.419, 1.423, 1.425, 1.427, 1.427, 1.427, 1.427, 1.427, 1.427, 1.425, 1.425, 1.425, 1.425, 1.425, 1.427, 1.425, 1.425, 1.425, 1.425, 1.427, 1.427, 1.429, 1.429, 1.43, 1.432, 1.434, 1.434, 1.434, 1.434, 1.434, 1.434, 1.434, 1.434, 1.434, 1.434, 1.434, 1.434, 1.436, 1.436, 1.436, 1.436, 1.436, 1.434, 1.434, 1.434, 1.434, 1.434, 1.436, 1.438, 1.44, 1.444, 1.448, 1.45, 1.452, 1.454, 1.454, 1.454, 1.454, 1.452, 1.452, 1.452, 1.45, 1.45, 1.45, 1.45, 1.45, 1.45, 1.452, 1.452, 1.452, 1.454, 1.454, 1.456, 1.458, 1.462, 1.464, 1.466, 1.466, 1.468, 1.468, 1.468, 1.466, 1.464, 1.462, 1.46, 1.458, 1.458, 1.458, 1.458, 1.458, 1.46, 1.46, 1.462, 1.464, 1.468, 1.47, 1.475, 1.476, 1.477, 1.483, 1.483, 1.488, 1.491, 1.492, 1.495, 1.495, 1.495, 1.494, 1.493, 1.492, 1.488, 1.488, 1.485, 1.484, 1.483, 1.483, 1.482, 1.483, 1.484, 1.485, 1.486, 1.488, 1.489, 1.49, 1.492, 1.492, 1.492, 1.493, 1.493, 1.493, 1.493, 1.493, 1.494, 1.494, 1.493, 1.493, 1.492, 1.491, 1.489, 1.488, 1.486, 1.484, 1.483, 1.482, 1.48, 1.479, 1.476, 1.475, 1.474, 1.473, 1.472, 1.471, 1.47, 1.47, 1.471, 1.471, 1.472, 1.473, 1.473, 1.473, 1.473, 1.473, 1.473, 1.473, 1.472, 1.472, 1.472, 1.472, 1.472, 1.472, 1.472, 1.472, 1.471, 1.471, 1.471, 1.47, 1.47, 1.47, 1.47, 1.471, 1.472, 1.472, 1.472, 1.471, 1.471, 1.468, 1.468, 1.466, 1.466, 1.466, 1.466, 1.466, 1.466, 1.466, 1.469, 1.469, 1.47, 1.471, 1.472, 1.471, 1.471, 1.468, 1.466, 1.464, 1.464, 1.464, 1.464, 1.464, 1.466, 1.466, 1.468, 1.468, 1.472, 1.472, 1.472, 1.472, 1.471, 1.47, 1.47, 1.468, 1.466, 1.464, 1.462, 1.458, 1.458, 1.458, 1.458, 1.454, 1.454, 1.454, 0, 
1.544, 1.543, 1.543, 1.539, 1.538, 1.536, 1.535, 1.533, 1.532, 1.528, 1.528, 1.528, 1.531, 1.531, 1.531, 1.535, 1.536, 1.537, 1.538, 1.539, 1.539, 1.539, 1.539, 1.538, 1.538, 1.537, 1.537, 1.536, 1.535, 1.534, 1.533, 1.532, 1.528, 1.525, 1.524, 1.524, 1.524, 1.524, 1.524, 1.524, 1.524, 1.528, 1.531, 1.532, 1.533, 1.534, 1.534, 1.533, 1.532, 1.531, 1.527, 1.527, 1.526, 1.526, 1.527, 1.527, 1.528, 1.531, 1.532, 1.533, 1.534, 1.535, 1.535, 1.535, 1.535, 1.536, 1.536, 1.535, 1.535, 1.534, 1.533, 1.533, 1.532, 1.531, 1.531, 1.531, 1.531, 1.531, 1.531, 1.532, 1.533, 1.533, 1.534, 1.535, 1.536, 1.537, 1.537, 1.537, 1.536, 1.535, 1.535, 1.534, 1.533, 1.532, 1.531, 1.528, 1.528, 1.528, 1.528, 1.527, 1.528, 1.528, 1.528, 1.528, 1.528, 1.528, 1.528, 1.527, 1.526, 1.525, 1.524, 1.521, 1.52, 1.518, 1.517, 1.516, 1.513, 1.513, 1.513, 1.513, 1.513, 1.513, 1.513, 1.513, 1.516, 1.517, 1.518, 1.52, 1.522, 1.523, 1.524, 1.525, 1.525, 1.525, 1.526, 1.526, 1.526, 1.526, 1.526, 1.527, 1.527, 1.528, 1.528, 1.523, 1.523, 1.513, 1.504, 1.492, 1.48, 1.471, 1.458, 1.446, 1.436, 1.43, 1.427, 1.423, 1.419, 1.415, 1.413, 1.412, 1.41, 1.408, 1.406, 1.404, 1.404, 1.404, 1.404, 1.406, 1.406, 1.406, 1.41, 1.412, 1.413, 1.413, 1.415, 1.415, 1.417, 1.417, 1.417, 1.415, 1.415, 1.415, 1.415, 1.415, 1.415, 1.415, 1.417, 1.415, 1.413, 1.413, 1.412, 1.412, 1.41, 1.408, 1.408, 1.408, 1.408, 1.408, 1.408, 1.408, 1.41, 1.41, 1.412, 1.412, 1.412, 1.413, 1.412, 1.412, 1.412, 1.412, 1.41, 1.41, 1.41, 1.41, 1.41, 1.41, 1.41, 1.412, 1.412, 1.41, 1.41, 1.41, 1.41, 1.41, 1.41, 1.41, 1.41, 1.41, 1.412, 1.412, 1.412, 1.412, 1.412, 1.412, 1.412, 1.412, 1.41, 1.41, 1.41, 1.41, 1.41, 1.41, 1.412, 1.415, 1.417, 1.421, 1.423, 1.427, 1.427, 1.429, 1.432, 1.434, 1.436, 1.436, 1.436, 1.436, 1.436, 1.436, 1.434, 1.434, 1.434, 1.436, 1.436, 1.436, 1.436, 1.436, 1.436, 1.436, 1.436, 1.436, 1.436, 1.438, 1.44, 1.442, 1.442, 1.444, 1.444, 1.444, 1.444, 1.444, 1.444, 1.444, 1.444, 1.444, 1.444, 1.444, 1.446, 1.446, 1.446, 1.446, 1.446, 1.446, 1.444, 1.444, 1.444, 1.444, 1.446, 1.448, 1.452, 1.454, 1.456, 1.46, 1.462, 1.464, 1.464, 1.464, 1.464, 1.464, 1.462, 1.462, 1.462, 1.46, 1.46, 1.46, 1.46, 1.46, 1.462, 1.462, 1.462, 1.464, 1.466, 1.468, 1.468, 1.471, 1.472, 1.474, 1.476, 1.477, 1.478, 1.477, 1.476, 1.476, 1.475, 1.47, 1.468, 1.468, 1.468, 1.468, 1.468, 1.468, 1.471, 1.472, 1.473, 1.479, 1.48, 1.482, 1.484, 1.485, 1.489, 1.49, 1.492, 1.492, 1.493, 1.494, 1.495, 1.495, 1.494, 1.493, 1.493, 1.489, 1.488, 1.485, 1.484, 1.484, 1.483, 1.483, 1.483, 1.484, 1.485, 1.486, 1.488, 1.489, 1.49, 1.491, 1.492, 1.492, 1.492, 1.492, 1.492, 1.493, 1.493, 1.494, 1.494, 1.494, 1.494, 1.493, 1.492, 1.49, 1.488, 1.486, 1.485, 1.483, 1.482, 1.481, 1.48, 1.476, 1.475, 1.474, 1.473, 1.472, 1.471, 1.47, 1.47, 1.47, 1.471, 1.471, 1.472, 1.473, 1.473, 1.473, 1.472, 1.472, 1.472, 1.472, 1.472, 1.472, 1.472, 1.472, 1.472, 1.472, 1.472, 1.471, 1.47, 1.47, 1.47, 1.47, 1.47, 1.47, 1.471, 1.472, 1.472, 1.472, 1.471, 1.471, 1.468, 1.468, 1.466, 1.466, 1.466, 1.466, 1.466, 1.466, 1.466, 1.468, 1.468, 1.471, 1.471, 1.472, 1.471, 1.471, 1.468, 1.468, 1.466, 1.464, 1.464, 1.464, 1.464, 1.466, 1.468, 1.469, 1.47, 1.471, 1.472, 1.472, 1.471, 1.471, 1.47, 1.468, 1.466, 1.466, 1.462, 1.462, 1.458, 1.458, 1.458, 1.454, 1.454, 1.454, 1.454, 0, 
1.543, 1.543, 1.542, 1.538, 1.537, 1.536, 1.535, 1.533, 1.532, 1.528, 1.528, 1.531, 1.531, 1.531, 1.531, 1.535, 1.536, 1.537, 1.538, 1.539, 1.539, 1.539, 1.539, 1.539, 1.538, 1.538, 1.537, 1.536, 1.535, 1.534, 1.533, 1.532, 1.527, 1.526, 1.525, 1.524, 1.524, 1.524, 1.524, 1.525, 1.525, 1.528, 1.532, 1.533, 1.534, 1.534, 1.534, 1.533, 1.532, 1.531, 1.526, 1.526, 1.526, 1.526, 1.526, 1.527, 1.527, 1.531, 1.532, 1.533, 1.533, 1.534, 1.534, 1.535, 1.535, 1.535, 1.535, 1.535, 1.535, 1.534, 1.533, 1.533, 1.532, 1.531, 1.531, 1.531, 1.531, 1.531, 1.531, 1.532, 1.533, 1.533, 1.534, 1.535, 1.536, 1.537, 1.537, 1.537, 1.536, 1.535, 1.535, 1.534, 1.533, 1.532, 1.531, 1.528, 1.528, 1.527, 1.527, 1.527, 1.527, 1.527, 1.528, 1.528, 1.528, 1.528, 1.528, 1.527, 1.526, 1.525, 1.524, 1.52, 1.519, 1.518, 1.517, 1.516, 1.513, 1.513, 1.513, 1.513, 1.513, 1.513, 1.513, 1.513, 1.516, 1.517, 1.518, 1.52, 1.522, 1.523, 1.524, 1.524, 1.524, 1.525, 1.525, 1.525, 1.525, 1.525, 1.526, 1.526, 1.527, 1.527, 1.527, 1.523, 1.523, 1.513, 1.506, 1.494, 1.485, 1.471, 1.462, 1.45, 1.44, 1.434, 1.43, 1.425, 1.421, 1.419, 1.415, 1.412, 1.41, 1.41, 1.408, 1.406, 1.406, 1.406, 1.406, 1.406, 1.408, 1.41, 1.41, 1.412, 1.413, 1.415, 1.417, 1.417, 1.419, 1.419, 1.419, 1.417, 1.417, 1.417, 1.419, 1.419, 1.419, 1.419, 1.419, 1.421, 1.419, 1.419, 1.417, 1.415, 1.415, 1.413, 1.413, 1.413, 1.413, 1.413, 1.415, 1.417, 1.417, 1.419, 1.421, 1.421, 1.423, 1.423, 1.423, 1.421, 1.421, 1.421, 1.419, 1.419, 1.419, 1.419, 1.419, 1.421, 1.421, 1.421, 1.421, 1.421, 1.421, 1.421, 1.419, 1.419, 1.419, 1.419, 1.419, 1.421, 1.421, 1.421, 1.423, 1.423, 1.423, 1.423, 1.421, 1.421, 1.421, 1.421, 1.421, 1.421, 1.423, 1.423, 1.425, 1.427, 1.429, 1.43, 1.434, 1.436, 1.436, 1.438, 1.442, 1.444, 1.446, 1.446, 1.446, 1.446, 1.446, 1.446, 1.446, 1.446, 1.446, 1.446, 1.448, 1.446, 1.446, 1.446, 1.446, 1.446, 1.446, 1.446, 1.446, 1.448, 1.448, 1.45, 1.452, 1.454, 1.454, 1.454, 1.454, 1.454, 1.454, 1.454, 1.454, 1.454, 1.454, 1.454, 1.456, 1.456, 1.456, 1.456, 1.456, 1.454, 1.454, 1.454, 1.454, 1.454, 1.456, 1.458, 1.462, 1.464, 1.468, 1.47, 1.474, 1.474, 1.475, 1.474, 1.474, 1.474, 1.473, 1.473, 1.472, 1.472, 1.472, 1.472, 1.472, 1.472, 1.472, 1.472, 1.473, 1.474, 1.476, 1.477, 1.478, 1.48, 1.482, 1.484, 1.485, 1.486, 1.486, 1.485, 1.484, 1.483, 1.482, 1.481, 1.476, 1.476, 1.476, 1.476, 1.476, 1.477, 1.478, 1.48, 1.482, 1.483, 1.487, 1.488, 1.489, 1.49, 1.49, 1.491, 1.492, 1.493, 1.494, 1.494, 1.495, 1.494, 1.494, 1.493, 1.492, 1.489, 1.488, 1.486, 1.485, 1.484, 1.483, 1.483, 1.483, 1.484, 1.485, 1.486, 1.487, 1.488, 1.49, 1.491, 1.492, 1.492, 1.492, 1.492, 1.492, 1.493, 1.493, 1.494, 1.494, 1.494, 1.494, 1.493, 1.492, 1.491, 1.489, 1.487, 1.486, 1.484, 1.482, 1.481, 1.481, 1.477, 1.476, 1.474, 1.473, 1.472, 1.471, 1.47, 1.47, 1.47, 1.47, 1.471, 1.472, 1.472, 1.472, 1.472, 1.472, 1.472, 1.472, 1.472, 1.472, 1.472, 1.472, 1.472, 1.472, 1.472, 1.472, 1.471, 1.47, 1.47, 1.47, 1.47, 1.47, 1.47, 1.471, 1.472, 1.472, 1.472, 1.472, 1.471, 1.47, 1.468, 1.466, 1.466, 1.466, 1.466, 1.466, 1.466, 1.466, 1.466, 1.468, 1.47, 1.471, 1.471, 1.471, 1.471, 1.47, 1.468, 1.466, 1.466, 1.466, 1.466, 1.466, 1.466, 1.468, 1.469, 1.47, 1.471, 1.472, 1.472, 1.471, 1.47, 1.47, 1.468, 1.466, 1.466, 1.462, 1.462, 1.458, 1.458, 1.458, 1.454, 1.454, 1.454, 1.454, 0, 
1.538, 1.538, 1.538, 1.538, 1.537, 1.536, 1.535, 1.533, 1.532, 1.531, 1.531, 1.531, 1.531, 1.531, 1.531, 1.535, 1.536, 1.537, 1.538, 1.538, 1.539, 1.539, 1.539, 1.539, 1.539, 1.538, 1.538, 1.537, 1.536, 1.535, 1.534, 1.533, 1.532, 1.527, 1.526, 1.525, 1.525, 1.525, 1.525, 1.525, 1.526, 1.527, 1.532, 1.533, 1.534, 1.535, 1.534, 1.533, 1.532, 1.527, 1.526, 1.526, 1.525, 1.525, 1.525, 1.526, 1.527, 1.528, 1.531, 1.532, 1.533, 1.533, 1.533, 1.534, 1.534, 1.534, 1.534, 1.535, 1.535, 1.534, 1.533, 1.533, 1.532, 1.531, 1.531, 1.531, 1.531, 1.531, 1.531, 1.532, 1.533, 1.533, 1.534, 1.535, 1.536, 1.537, 1.537, 1.536, 1.536, 1.535, 1.534, 1.533, 1.532, 1.531, 1.531, 1.528, 1.527, 1.527, 1.526, 1.526, 1.526, 1.527, 1.528, 1.528, 1.528, 1.528, 1.528, 1.527, 1.526, 1.525, 1.524, 1.52, 1.519, 1.518, 1.517, 1.516, 1.513, 1.513, 1.513, 1.513, 1.513, 1.513, 1.513, 1.516, 1.516, 1.517, 1.518, 1.52, 1.521, 1.523, 1.524, 1.524, 1.524, 1.524, 1.524, 1.524, 1.524, 1.525, 1.525, 1.526, 1.526, 1.526, 1.526, 1.524, 1.523, 1.513, 1.507, 1.495, 1.485, 1.476, 1.466, 1.454, 1.446, 1.44, 1.434, 1.43, 1.427, 1.421, 1.419, 1.415, 1.413, 1.412, 1.41, 1.408, 1.408, 1.408, 1.408, 1.41, 1.41, 1.413, 1.413, 1.415, 1.417, 1.419, 1.421, 1.421, 1.423, 1.423, 1.423, 1.423, 1.423, 1.425, 1.425, 1.427, 1.427, 1.429, 1.429, 1.429, 1.429, 1.429, 1.427, 1.427, 1.425, 1.425, 1.423, 1.423, 1.423, 1.423, 1.425, 1.427, 1.429, 1.429, 1.43, 1.43, 1.432, 1.432, 1.432, 1.432, 1.43, 1.43, 1.43, 1.43, 1.43, 1.43, 1.43, 1.43, 1.432, 1.432, 1.432, 1.432, 1.432, 1.43, 1.43, 1.43, 1.43, 1.43, 1.43, 1.43, 1.432, 1.432, 1.432, 1.434, 1.434, 1.434, 1.432, 1.432, 1.432, 1.432, 1.432, 1.432, 1.434, 1.434, 1.436, 1.438, 1.442, 1.444, 1.446, 1.448, 1.448, 1.45, 1.452, 1.454, 1.454, 1.456, 1.456, 1.456, 1.456, 1.456, 1.456, 1.456, 1.456, 1.456, 1.458, 1.458, 1.458, 1.456, 1.456, 1.456, 1.456, 1.456, 1.456, 1.456, 1.458, 1.46, 1.462, 1.462, 1.464, 1.464, 1.466, 1.464, 1.464, 1.464, 1.464, 1.464, 1.464, 1.466, 1.466, 1.466, 1.468, 1.466, 1.466, 1.464, 1.464, 1.464, 1.464, 1.464, 1.466, 1.468, 1.47, 1.474, 1.479, 1.48, 1.482, 1.483, 1.484, 1.485, 1.484, 1.483, 1.482, 1.482, 1.481, 1.481, 1.48, 1.48, 1.48, 1.48, 1.48, 1.481, 1.482, 1.482, 1.482, 1.483, 1.487, 1.487, 1.488, 1.49, 1.49, 1.49, 1.49, 1.49, 1.489, 1.488, 1.487, 1.486, 1.482, 1.482, 1.482, 1.482, 1.482, 1.482, 1.483, 1.483, 1.487, 1.488, 1.488, 1.489, 1.49, 1.49, 1.491, 1.492, 1.492, 1.493, 1.494, 1.494, 1.494, 1.494, 1.494, 1.493, 1.492, 1.49, 1.488, 1.486, 1.485, 1.484, 1.484, 1.484, 1.484, 1.484, 1.485, 1.486, 1.487, 1.488, 1.49, 1.49, 1.491, 1.492, 1.492, 1.492, 1.492, 1.492, 1.493, 1.494, 1.494, 1.494, 1.494, 1.494, 1.493, 1.492, 1.49, 1.488, 1.486, 1.484, 1.483, 1.482, 1.481, 1.477, 1.476, 1.474, 1.473, 1.472, 1.471, 1.471, 1.47, 1.47, 1.47, 1.471, 1.472, 1.472, 1.472, 1.472, 1.472, 1.472, 1.472, 1.472, 1.472, 1.472, 1.472, 1.472, 1.472, 1.472, 1.471, 1.471, 1.47, 1.47, 1.47, 1.47, 1.47, 1.471, 1.471, 1.472, 1.472, 1.472, 1.472, 1.471, 1.471, 1.468, 1.468, 1.466, 1.464, 1.464, 1.464, 1.464, 1.466, 1.466, 1.468, 1.47, 1.471, 1.471, 1.472, 1.471, 1.471, 1.468, 1.468, 1.466, 1.466, 1.466, 1.466, 1.468, 1.469, 1.469, 1.47, 1.471, 1.472, 1.472, 1.471, 1.47, 1.47, 1.469, 1.466, 1.466, 1.462, 1.462, 1.458, 1.458, 1.458, 1.454, 1.454, 1.454, 1.454, 0, 
1.538, 1.538, 1.537, 1.537, 1.536, 1.535, 1.534, 1.533, 1.532, 1.531, 1.531, 1.531, 1.531, 1.531, 1.531, 1.535, 1.536, 1.537, 1.537, 1.538, 1.538, 1.538, 1.539, 1.539, 1.539, 1.539, 1.538, 1.538, 1.537, 1.536, 1.535, 1.534, 1.533, 1.528, 1.527, 1.526, 1.526, 1.526, 1.526, 1.526, 1.527, 1.532, 1.533, 1.534, 1.535, 1.535, 1.535, 1.533, 1.532, 1.527, 1.526, 1.526, 1.525, 1.524, 1.525, 1.526, 1.527, 1.527, 1.531, 1.531, 1.532, 1.532, 1.533, 1.533, 1.533, 1.533, 1.534, 1.534, 1.535, 1.534, 1.533, 1.533, 1.532, 1.531, 1.531, 1.531, 1.531, 1.531, 1.531, 1.532, 1.533, 1.533, 1.534, 1.535, 1.535, 1.536, 1.536, 1.536, 1.535, 1.535, 1.534, 1.533, 1.532, 1.531, 1.528, 1.528, 1.527, 1.526, 1.526, 1.526, 1.526, 1.527, 1.527, 1.528, 1.528, 1.528, 1.528, 1.527, 1.526, 1.524, 1.523, 1.52, 1.518, 1.517, 1.516, 1.516, 1.513, 1.513, 1.513, 1.513, 1.513, 1.513, 1.513, 1.516, 1.516, 1.517, 1.518, 1.52, 1.521, 1.522, 1.523, 1.524, 1.524, 1.524, 1.524, 1.524, 1.524, 1.524, 1.524, 1.525, 1.525, 1.525, 1.525, 1.524, 1.523, 1.516, 1.509, 1.502, 1.49, 1.48, 1.47, 1.46, 1.454, 1.446, 1.442, 1.436, 1.432, 1.429, 1.427, 1.423, 1.421, 1.421, 1.419, 1.417, 1.417, 1.417, 1.419, 1.419, 1.421, 1.423, 1.423, 1.425, 1.427, 1.429, 1.43, 1.43, 1.43, 1.432, 1.432, 1.432, 1.432, 1.432, 1.434, 1.434, 1.436, 1.438, 1.438, 1.438, 1.44, 1.438, 1.436, 1.436, 1.436, 1.434, 1.434, 1.434, 1.434, 1.434, 1.436, 1.438, 1.438, 1.44, 1.44, 1.442, 1.442, 1.442, 1.442, 1.442, 1.442, 1.44, 1.44, 1.44, 1.44, 1.442, 1.442, 1.442, 1.444, 1.444, 1.444, 1.444, 1.442, 1.442, 1.442, 1.442, 1.442, 1.442, 1.442, 1.442, 1.442, 1.444, 1.444, 1.444, 1.444, 1.444, 1.444, 1.444, 1.444, 1.444, 1.444, 1.446, 1.446, 1.448, 1.45, 1.45, 1.452, 1.454, 1.458, 1.46, 1.46, 1.46, 1.462, 1.464, 1.466, 1.466, 1.466, 1.466, 1.466, 1.466, 1.466, 1.466, 1.466, 1.466, 1.468, 1.468, 1.468, 1.466, 1.466, 1.466, 1.466, 1.466, 1.466, 1.466, 1.468, 1.47, 1.471, 1.472, 1.473, 1.474, 1.475, 1.476, 1.475, 1.475, 1.474, 1.474, 1.475, 1.475, 1.476, 1.476, 1.476, 1.475, 1.474, 1.474, 1.473, 1.473, 1.474, 1.474, 1.475, 1.476, 1.477, 1.483, 1.484, 1.485, 1.491, 1.49, 1.493, 1.492, 1.491, 1.491, 1.491, 1.49, 1.489, 1.489, 1.489, 1.489, 1.489, 1.488, 1.488, 1.488, 1.488, 1.488, 1.488, 1.488, 1.488, 1.488, 1.489, 1.49, 1.49, 1.49, 1.49, 1.49, 1.49, 1.489, 1.488, 1.487, 1.487, 1.483, 1.483, 1.483, 1.483, 1.487, 1.487, 1.488, 1.488, 1.489, 1.489, 1.49, 1.49, 1.491, 1.491, 1.492, 1.492, 1.493, 1.493, 1.494, 1.494, 1.494, 1.494, 1.493, 1.492, 1.49, 1.488, 1.487, 1.486, 1.485, 1.484, 1.484, 1.484, 1.484, 1.485, 1.486, 1.487, 1.488, 1.49, 1.491, 1.492, 1.492, 1.492, 1.492, 1.492, 1.492, 1.493, 1.494, 1.494, 1.494, 1.494, 1.494, 1.493, 1.492, 1.49, 1.488, 1.487, 1.485, 1.483, 1.482, 1.481, 1.478, 1.477, 1.475, 1.474, 1.473, 1.472, 1.471, 1.471, 1.47, 1.471, 1.471, 1.472, 1.472, 1.472, 1.472, 1.472, 1.472, 1.472, 1.472, 1.472, 1.472, 1.472, 1.472, 1.472, 1.472, 1.471, 1.471, 1.47, 1.47, 1.47, 1.47, 1.471, 1.471, 1.472, 1.472, 1.472, 1.472, 1.472, 1.472, 1.471, 1.468, 1.468, 1.466, 1.464, 1.464, 1.464, 1.464, 1.466, 1.466, 1.466, 1.468, 1.47, 1.471, 1.472, 1.472, 1.471, 1.47, 1.468, 1.468, 1.468, 1.468, 1.468, 1.468, 1.469, 1.47, 1.47, 1.471, 1.472, 1.471, 1.471, 1.47, 1.47, 1.469, 1.466, 1.466, 1.462, 1.462, 1.46, 1.458, 1.458, 1.456, 1.456, 1.454, 1.454, 0, 
1.533, 1.533, 1.536, 1.536, 1.536, 1.535, 1.534, 1.533, 1.532, 1.532, 1.531, 1.531, 1.531, 1.532, 1.532, 1.535, 1.535, 1.536, 1.537, 1.537, 1.537, 1.537, 1.538, 1.538, 1.538, 1.539, 1.539, 1.538, 1.538, 1.537, 1.537, 1.535, 1.534, 1.534, 1.528, 1.527, 1.527, 1.527, 1.527, 1.527, 1.528, 1.532, 1.533, 1.535, 1.536, 1.536, 1.535, 1.533, 1.532, 1.531, 1.526, 1.525, 1.525, 1.524, 1.525, 1.525, 1.526, 1.527, 1.531, 1.531, 1.531, 1.532, 1.533, 1.533, 1.533, 1.533, 1.533, 1.534, 1.534, 1.534, 1.533, 1.533, 1.532, 1.531, 1.531, 1.531, 1.531, 1.531, 1.531, 1.532, 1.533, 1.533, 1.533, 1.534, 1.535, 1.535, 1.535, 1.535, 1.535, 1.535, 1.534, 1.532, 1.532, 1.531, 1.528, 1.528, 1.527, 1.526, 1.526, 1.526, 1.526, 1.527, 1.527, 1.528, 1.528, 1.528, 1.528, 1.527, 1.526, 1.524, 1.523, 1.52, 1.518, 1.517, 1.516, 1.516, 1.513, 1.513, 1.513, 1.513, 1.513, 1.516, 1.516, 1.516, 1.516, 1.517, 1.518, 1.519, 1.52, 1.521, 1.522, 1.523, 1.524, 1.524, 1.524, 1.524, 1.524, 1.524, 1.524, 1.524, 1.524, 1.524, 1.524, 1.524, 1.523, 1.517, 1.511, 1.502, 1.494, 1.486, 1.478, 1.468, 1.462, 1.456, 1.448, 1.446, 1.442, 1.438, 1.434, 1.432, 1.43, 1.429, 1.429, 1.427, 1.427, 1.427, 1.429, 1.429, 1.43, 1.432, 1.432, 1.436, 1.436, 1.438, 1.438, 1.44, 1.44, 1.44, 1.44, 1.442, 1.442, 1.442, 1.444, 1.444, 1.446, 1.446, 1.448, 1.448, 1.448, 1.448, 1.448, 1.446, 1.446, 1.446, 1.446, 1.444, 1.444, 1.446, 1.446, 1.448, 1.45, 1.45, 1.452, 1.452, 1.454, 1.452, 1.452, 1.452, 1.452, 1.452, 1.452, 1.452, 1.452, 1.452, 1.454, 1.454, 1.456, 1.456, 1.456, 1.456, 1.456, 1.454, 1.454, 1.454, 1.454, 1.454, 1.454, 1.454, 1.454, 1.454, 1.454, 1.454, 1.454, 1.456, 1.456, 1.454, 1.454, 1.456, 1.456, 1.456, 1.458, 1.458, 1.462, 1.464, 1.466, 1.466, 1.468, 1.472, 1.472, 1.473, 1.474, 1.474, 1.475, 1.476, 1.476, 1.476, 1.476, 1.476, 1.476, 1.476, 1.477, 1.477, 1.478, 1.478, 1.477, 1.477, 1.476, 1.476, 1.476, 1.476, 1.476, 1.476, 1.477, 1.478, 1.48, 1.481, 1.482, 1.483, 1.484, 1.484, 1.484, 1.484, 1.484, 1.484, 1.484, 1.484, 1.484, 1.484, 1.484, 1.483, 1.482, 1.482, 1.481, 1.48, 1.48, 1.481, 1.482, 1.482, 1.483, 1.489, 1.49, 1.491, 1.491, 1.494, 1.494, 1.493, 1.493, 1.492, 1.492, 1.491, 1.49, 1.49, 1.49, 1.49, 1.489, 1.489, 1.489, 1.489, 1.489, 1.489, 1.489, 1.489, 1.489, 1.49, 1.49, 1.491, 1.491, 1.491, 1.491, 1.49, 1.49, 1.489, 1.489, 1.488, 1.488, 1.488, 1.488, 1.488, 1.488, 1.488, 1.488, 1.489, 1.49, 1.49, 1.49, 1.491, 1.491, 1.491, 1.492, 1.492, 1.492, 1.492, 1.493, 1.494, 1.494, 1.494, 1.494, 1.493, 1.492, 1.491, 1.489, 1.487, 1.486, 1.485, 1.484, 1.484, 1.484, 1.485, 1.485, 1.486, 1.487, 1.488, 1.49, 1.491, 1.492, 1.492, 1.492, 1.492, 1.492, 1.492, 1.493, 1.493, 1.494, 1.494, 1.494, 1.494, 1.493, 1.492, 1.49, 1.489, 1.487, 1.486, 1.484, 1.483, 1.481, 1.48, 1.478, 1.476, 1.475, 1.474, 1.473, 1.472, 1.471, 1.471, 1.471, 1.471, 1.471, 1.472, 1.472, 1.472, 1.472, 1.472, 1.472, 1.472, 1.472, 1.472, 1.472, 1.472, 1.472, 1.472, 1.472, 1.471, 1.47, 1.47, 1.47, 1.471, 1.471, 1.472, 1.472, 1.473, 1.473, 1.473, 1.473, 1.472, 1.471, 1.47, 1.468, 1.466, 1.464, 1.464, 1.464, 1.464, 1.464, 1.466, 1.466, 1.468, 1.47, 1.471, 1.472, 1.472, 1.471, 1.471, 1.47, 1.47, 1.468, 1.468, 1.468, 1.469, 1.469, 1.47, 1.47, 1.471, 1.472, 1.472, 1.471, 1.47, 1.47, 1.469, 1.466, 1.466, 1.464, 1.462, 1.46, 1.46, 1.458, 1.458, 1.456, 1.456, 1.456, 0, 
1.528, 1.528, 1.531, 1.534, 1.533, 1.534, 1.534, 1.533, 1.533, 1.532, 1.532, 1.532, 1.532, 1.532, 1.533, 1.535, 1.535, 1.536, 1.536, 1.536, 1.537, 1.537, 1.537, 1.537, 1.538, 1.538, 1.539, 1.539, 1.539, 1.538, 1.538, 1.537, 1.535, 1.534, 1.533, 1.532, 1.528, 1.528, 1.528, 1.528, 1.531, 1.532, 1.533, 1.535, 1.536, 1.536, 1.534, 1.533, 1.532, 1.527, 1.526, 1.525, 1.524, 1.524, 1.524, 1.525, 1.526, 1.527, 1.528, 1.531, 1.531, 1.532, 1.533, 1.533, 1.533, 1.533, 1.533, 1.533, 1.533, 1.533, 1.533, 1.532, 1.531, 1.531, 1.531, 1.531, 1.531, 1.531, 1.531, 1.532, 1.532, 1.533, 1.533, 1.534, 1.535, 1.535, 1.535, 1.535, 1.535, 1.534, 1.533, 1.532, 1.531, 1.531, 1.528, 1.527, 1.527, 1.526, 1.526, 1.526, 1.526, 1.527, 1.528, 1.528, 1.528, 1.528, 1.528, 1.528, 1.525, 1.524, 1.522, 1.52, 1.518, 1.517, 1.516, 1.516, 1.516, 1.516, 1.516, 1.516, 1.516, 1.516, 1.516, 1.516, 1.516, 1.517, 1.518, 1.519, 1.52, 1.521, 1.522, 1.522, 1.523, 1.524, 1.524, 1.524, 1.524, 1.524, 1.524, 1.524, 1.524, 1.524, 1.524, 1.524, 1.523, 1.517, 1.512, 1.507, 1.5, 1.492, 1.484, 1.476, 1.47, 1.464, 1.458, 1.454, 1.45, 1.446, 1.444, 1.442, 1.44, 1.438, 1.438, 1.436, 1.436, 1.438, 1.438, 1.44, 1.44, 1.442, 1.444, 1.446, 1.448, 1.45, 1.45, 1.45, 1.45, 1.452, 1.452, 1.452, 1.452, 1.452, 1.454, 1.454, 1.456, 1.456, 1.458, 1.458, 1.46, 1.46, 1.458, 1.458, 1.456, 1.456, 1.456, 1.456, 1.456, 1.456, 1.458, 1.458, 1.46, 1.462, 1.462, 1.464, 1.464, 1.464, 1.464, 1.462, 1.462, 1.462, 1.462, 1.462, 1.462, 1.464, 1.464, 1.464, 1.466, 1.466, 1.466, 1.466, 1.466, 1.466, 1.466, 1.466, 1.466, 1.464, 1.464, 1.466, 1.466, 1.466, 1.466, 1.466, 1.466, 1.466, 1.466, 1.466, 1.466, 1.466, 1.468, 1.468, 1.471, 1.472, 1.474, 1.476, 1.478, 1.479, 1.48, 1.481, 1.482, 1.482, 1.483, 1.484, 1.484, 1.485, 1.485, 1.486, 1.486, 1.486, 1.486, 1.486, 1.487, 1.487, 1.488, 1.488, 1.487, 1.486, 1.486, 1.485, 1.484, 1.484, 1.484, 1.485, 1.486, 1.486, 1.487, 1.491, 1.491, 1.493, 1.493, 1.493, 1.493, 1.493, 1.493, 1.49, 1.49, 1.49, 1.49, 1.491, 1.488, 1.488, 1.488, 1.486, 1.486, 1.486, 1.486, 1.486, 1.486, 1.489, 1.489, 1.491, 1.492, 1.494, 1.494, 1.495, 1.495, 1.494, 1.494, 1.494, 1.493, 1.492, 1.492, 1.491, 1.491, 1.491, 1.49, 1.49, 1.49, 1.49, 1.49, 1.49, 1.49, 1.49, 1.49, 1.49, 1.491, 1.491, 1.492, 1.492, 1.491, 1.491, 1.49, 1.49, 1.489, 1.489, 1.488, 1.488, 1.489, 1.489, 1.49, 1.49, 1.49, 1.49, 1.491, 1.491, 1.491, 1.492, 1.492, 1.492, 1.492, 1.492, 1.492, 1.492, 1.493, 1.493, 1.494, 1.494, 1.494, 1.494, 1.493, 1.491, 1.49, 1.488, 1.487, 1.486, 1.485, 1.484, 1.484, 1.485, 1.486, 1.486, 1.487, 1.488, 1.49, 1.491, 1.492, 1.492, 1.492, 1.492, 1.492, 1.492, 1.492, 1.493, 1.494, 1.494, 1.493, 1.493, 1.492, 1.492, 1.49, 1.489, 1.488, 1.486, 1.485, 1.483, 1.482, 1.48, 1.479, 1.477, 1.476, 1.474, 1.473, 1.472, 1.472, 1.471, 1.471, 1.471, 1.471, 1.471, 1.471, 1.471, 1.471, 1.471, 1.471, 1.471, 1.472, 1.472, 1.472, 1.472, 1.472, 1.472, 1.472, 1.471, 1.47, 1.471, 1.471, 1.472, 1.472, 1.473, 1.473, 1.474, 1.474, 1.474, 1.474, 1.473, 1.472, 1.471, 1.468, 1.466, 1.464, 1.464, 1.462, 1.462, 1.464, 1.464, 1.466, 1.468, 1.47, 1.471, 1.472, 1.473, 1.472, 1.472, 1.471, 1.47, 1.47, 1.47, 1.47, 1.47, 1.47, 1.47, 1.471, 1.471, 1.472, 1.472, 1.471, 1.47, 1.469, 1.469, 1.466, 1.466, 1.464, 1.462, 1.462, 1.46, 1.46, 1.458, 1.458, 1.458, 1.458, 0, 
1.524, 1.524, 1.525, 1.528, 1.532, 1.533, 1.533, 1.533, 1.533, 1.533, 1.533, 1.533, 1.533, 1.533, 1.534, 1.535, 1.535, 1.535, 1.535, 1.536, 1.536, 1.536, 1.536, 1.536, 1.537, 1.537, 1.538, 1.539, 1.539, 1.539, 1.538, 1.538, 1.536, 1.535, 1.534, 1.533, 1.532, 1.528, 1.528, 1.528, 1.531, 1.532, 1.533, 1.534, 1.535, 1.535, 1.534, 1.533, 1.532, 1.527, 1.526, 1.525, 1.524, 1.524, 1.524, 1.525, 1.526, 1.527, 1.528, 1.531, 1.531, 1.532, 1.532, 1.533, 1.533, 1.533, 1.533, 1.533, 1.533, 1.533, 1.533, 1.532, 1.531, 1.531, 1.531, 1.531, 1.531, 1.531, 1.531, 1.531, 1.532, 1.533, 1.533, 1.533, 1.534, 1.534, 1.534, 1.534, 1.534, 1.534, 1.533, 1.532, 1.531, 1.531, 1.528, 1.528, 1.527, 1.526, 1.526, 1.526, 1.526, 1.527, 1.528, 1.528, 1.528, 1.528, 1.528, 1.528, 1.524, 1.523, 1.522, 1.52, 1.518, 1.517, 1.516, 1.516, 1.516, 1.516, 1.516, 1.517, 1.517, 1.517, 1.517, 1.517, 1.517, 1.517, 1.518, 1.519, 1.52, 1.52, 1.521, 1.522, 1.522, 1.523, 1.524, 1.524, 1.524, 1.524, 1.524, 1.524, 1.524, 1.524, 1.524, 1.524, 1.523, 1.518, 1.513, 1.508, 1.5, 1.496, 1.488, 1.482, 1.476, 1.47, 1.466, 1.462, 1.458, 1.456, 1.452, 1.452, 1.45, 1.448, 1.448, 1.448, 1.448, 1.448, 1.448, 1.45, 1.452, 1.454, 1.454, 1.458, 1.458, 1.46, 1.46, 1.462, 1.462, 1.462, 1.462, 1.462, 1.462, 1.464, 1.464, 1.466, 1.466, 1.468, 1.468, 1.47, 1.47, 1.47, 1.47, 1.469, 1.468, 1.468, 1.466, 1.466, 1.466, 1.468, 1.468, 1.471, 1.472, 1.473, 1.474, 1.474, 1.474, 1.474, 1.474, 1.473, 1.473, 1.472, 1.472, 1.473, 1.474, 1.474, 1.475, 1.476, 1.476, 1.477, 1.478, 1.478, 1.478, 1.478, 1.478, 1.478, 1.478, 1.478, 1.477, 1.477, 1.476, 1.476, 1.476, 1.477, 1.477, 1.478, 1.478, 1.478, 1.479, 1.479, 1.48, 1.48, 1.485, 1.486, 1.488, 1.49, 1.491, 1.492, 1.493, 1.494, 1.494, 1.494, 1.494, 1.494, 1.494, 1.494, 1.494, 1.494, 1.494, 1.494, 1.494, 1.494, 1.494, 1.494, 1.494, 1.492, 1.492, 1.492, 1.492, 1.491, 1.491, 1.49, 1.49, 1.49, 1.49, 1.49, 1.491, 1.491, 1.491, 1.494, 1.494, 1.494, 1.494, 1.494, 1.494, 1.494, 1.494, 1.495, 1.492, 1.492, 1.493, 1.493, 1.49, 1.49, 1.49, 1.491, 1.491, 1.491, 1.49, 1.49, 1.493, 1.493, 1.494, 1.494, 1.495, 1.495, 1.499, 1.499, 1.495, 1.495, 1.494, 1.493, 1.492, 1.492, 1.492, 1.492, 1.491, 1.491, 1.491, 1.491, 1.491, 1.491, 1.491, 1.491, 1.491, 1.491, 1.492, 1.492, 1.492, 1.492, 1.492, 1.491, 1.491, 1.49, 1.49, 1.489, 1.489, 1.489, 1.489, 1.49, 1.49, 1.491, 1.491, 1.491, 1.492, 1.492, 1.492, 1.492, 1.492, 1.492, 1.492, 1.492, 1.492, 1.492, 1.492, 1.493, 1.493, 1.494, 1.494, 1.494, 1.493, 1.492, 1.49, 1.488, 1.487, 1.486, 1.485, 1.485, 1.485, 1.486, 1.486, 1.487, 1.488, 1.489, 1.49, 1.491, 1.492, 1.492, 1.492, 1.492, 1.492, 1.492, 1.492, 1.493, 1.493, 1.493, 1.493, 1.492, 1.492, 1.491, 1.49, 1.489, 1.488, 1.487, 1.486, 1.484, 1.483, 1.481, 1.48, 1.478, 1.477, 1.475, 1.474, 1.473, 1.472, 1.472, 1.472, 1.472, 1.471, 1.471, 1.47, 1.47, 1.47, 1.47, 1.47, 1.471, 1.472, 1.472, 1.472, 1.472, 1.472, 1.472, 1.471, 1.471, 1.47, 1.471, 1.471, 1.472, 1.472, 1.473, 1.474, 1.474, 1.474, 1.474, 1.474, 1.474, 1.473, 1.47, 1.468, 1.466, 1.464, 1.464, 1.462, 1.462, 1.462, 1.464, 1.466, 1.466, 1.47, 1.471, 1.472, 1.473, 1.473, 1.472, 1.471, 1.471, 1.47, 1.47, 1.47, 1.47, 1.47, 1.47, 1.471, 1.471, 1.472, 1.472, 1.471, 1.47, 1.469, 1.468, 1.466, 1.466, 1.464, 1.462, 1.462, 1.462, 1.46, 1.458, 1.458, 1.458, 1.458, 0, 
1.52, 1.52, 1.524, 1.524, 1.528, 1.532, 1.532, 1.533, 1.533, 1.533, 1.533, 1.533, 1.533, 1.533, 1.534, 1.535, 1.535, 1.535, 1.535, 1.535, 1.535, 1.535, 1.535, 1.536, 1.536, 1.537, 1.537, 1.538, 1.539, 1.539, 1.542, 1.538, 1.537, 1.536, 1.535, 1.534, 1.533, 1.532, 1.532, 1.532, 1.532, 1.532, 1.533, 1.534, 1.535, 1.535, 1.533, 1.533, 1.532, 1.527, 1.526, 1.525, 1.524, 1.524, 1.524, 1.525, 1.526, 1.527, 1.528, 1.531, 1.531, 1.531, 1.532, 1.533, 1.533, 1.533, 1.533, 1.533, 1.533, 1.533, 1.533, 1.532, 1.531, 1.531, 1.531, 1.531, 1.531, 1.531, 1.531, 1.531, 1.532, 1.533, 1.533, 1.533, 1.533, 1.533, 1.534, 1.533, 1.533, 1.533, 1.533, 1.532, 1.531, 1.531, 1.528, 1.528, 1.527, 1.526, 1.526, 1.526, 1.527, 1.527, 1.528, 1.528, 1.528, 1.528, 1.528, 1.527, 1.524, 1.522, 1.521, 1.52, 1.518, 1.517, 1.516, 1.516, 1.516, 1.517, 1.517, 1.518, 1.518, 1.518, 1.518, 1.517, 1.517, 1.517, 1.518, 1.518, 1.519, 1.52, 1.52, 1.521, 1.522, 1.523, 1.523, 1.524, 1.524, 1.524, 1.524, 1.524, 1.524, 1.524, 1.524, 1.524, 1.523, 1.518, 1.517, 1.509, 1.506, 1.502, 1.494, 1.488, 1.482, 1.478, 1.474, 1.47, 1.468, 1.464, 1.462, 1.46, 1.46, 1.458, 1.458, 1.458, 1.458, 1.458, 1.46, 1.462, 1.462, 1.464, 1.466, 1.468, 1.47, 1.471, 1.471, 1.472, 1.472, 1.472, 1.472, 1.473, 1.474, 1.474, 1.475, 1.476, 1.476, 1.478, 1.478, 1.479, 1.48, 1.48, 1.48, 1.48, 1.479, 1.479, 1.478, 1.478, 1.478, 1.479, 1.48, 1.481, 1.482, 1.483, 1.484, 1.485, 1.485, 1.484, 1.484, 1.484, 1.484, 1.484, 1.484, 1.484, 1.484, 1.484, 1.485, 1.486, 1.486, 1.487, 1.488, 1.488, 1.489, 1.49, 1.489, 1.489, 1.488, 1.488, 1.488, 1.488, 1.488, 1.488, 1.488, 1.488, 1.488, 1.488, 1.488, 1.489, 1.49, 1.491, 1.492, 1.494, 1.495, 1.5, 1.501, 1.503, 1.504, 1.505, 1.505, 1.505, 1.505, 1.504, 1.501, 1.501, 1.501, 1.5, 1.5, 1.5, 1.5, 1.5, 1.5, 1.5, 1.499, 1.495, 1.495, 1.496, 1.496, 1.496, 1.496, 1.496, 1.495, 1.495, 1.495, 1.495, 1.495, 1.495, 1.495, 1.496, 1.496, 1.495, 1.495, 1.495, 1.499, 1.499, 1.495, 1.495, 1.495, 1.495, 1.495, 1.494, 1.494, 1.494, 1.494, 1.494, 1.493, 1.492, 1.492, 1.492, 1.493, 1.494, 1.494, 1.494, 1.495, 1.495, 1.499, 1.499, 1.499, 1.499, 1.496, 1.495, 1.494, 1.494, 1.493, 1.492, 1.492, 1.492, 1.492, 1.492, 1.492, 1.492, 1.492, 1.492, 1.492, 1.492, 1.492, 1.492, 1.492, 1.492, 1.492, 1.492, 1.492, 1.492, 1.491, 1.49, 1.49, 1.49, 1.49, 1.49, 1.49, 1.49, 1.491, 1.491, 1.492, 1.492, 1.492, 1.492, 1.492, 1.492, 1.492, 1.492, 1.491, 1.491, 1.491, 1.491, 1.492, 1.492, 1.493, 1.493, 1.494, 1.494, 1.493, 1.492, 1.49, 1.489, 1.488, 1.487, 1.486, 1.486, 1.486, 1.486, 1.487, 1.488, 1.489, 1.49, 1.491, 1.492, 1.492, 1.492, 1.492, 1.492, 1.492, 1.492, 1.492, 1.492, 1.492, 1.492, 1.492, 1.492, 1.492, 1.491, 1.49, 1.489, 1.488, 1.487, 1.486, 1.485, 1.483, 1.482, 1.481, 1.479, 1.478, 1.476, 1.475, 1.474, 1.473, 1.472, 1.472, 1.472, 1.471, 1.471, 1.47, 1.47, 1.47, 1.47, 1.47, 1.471, 1.472, 1.472, 1.472, 1.472, 1.472, 1.472, 1.471, 1.47, 1.47, 1.471, 1.472, 1.472, 1.473, 1.474, 1.474, 1.475, 1.475, 1.475, 1.475, 1.474, 1.474, 1.47, 1.47, 1.466, 1.464, 1.464, 1.462, 1.462, 1.462, 1.464, 1.466, 1.466, 1.47, 1.471, 1.472, 1.473, 1.473, 1.473, 1.472, 1.471, 1.471, 1.47, 1.47, 1.47, 1.47, 1.47, 1.471, 1.471, 1.472, 1.472, 1.471, 1.47, 1.469, 1.468, 1.466, 1.466, 1.464, 1.462, 1.462, 1.462, 1.462, 1.46, 1.46, 1.46, 1.46, 0, 
1.516, 1.516, 1.519, 1.523, 1.523, 1.527, 1.528, 1.532, 1.532, 1.533, 1.533, 1.533, 1.533, 1.534, 1.534, 1.535, 1.535, 1.536, 1.535, 1.535, 1.535, 1.535, 1.535, 1.535, 1.535, 1.536, 1.536, 1.537, 1.538, 1.539, 1.542, 1.542, 1.538, 1.537, 1.536, 1.535, 1.534, 1.533, 1.533, 1.533, 1.533, 1.533, 1.534, 1.535, 1.535, 1.534, 1.534, 1.533, 1.528, 1.527, 1.526, 1.525, 1.524, 1.524, 1.524, 1.525, 1.526, 1.527, 1.528, 1.531, 1.531, 1.531, 1.532, 1.533, 1.533, 1.533, 1.533, 1.533, 1.533, 1.533, 1.533, 1.532, 1.531, 1.531, 1.531, 1.531, 1.531, 1.531, 1.531, 1.531, 1.532, 1.533, 1.533, 1.533, 1.533, 1.533, 1.533, 1.533, 1.533, 1.533, 1.533, 1.532, 1.531, 1.531, 1.528, 1.528, 1.527, 1.527, 1.527, 1.527, 1.527, 1.528, 1.528, 1.528, 1.528, 1.528, 1.527, 1.526, 1.524, 1.522, 1.521, 1.519, 1.518, 1.517, 1.516, 1.516, 1.517, 1.517, 1.518, 1.519, 1.518, 1.518, 1.518, 1.518, 1.518, 1.517, 1.517, 1.518, 1.518, 1.519, 1.52, 1.52, 1.521, 1.522, 1.523, 1.524, 1.524, 1.524, 1.524, 1.524, 1.524, 1.524, 1.524, 1.524, 1.523, 1.518, 1.517, 1.511, 1.506, 1.502, 1.499, 1.494, 1.488, 1.483, 1.483, 1.477, 1.476, 1.474, 1.472, 1.471, 1.47, 1.47, 1.468, 1.468, 1.468, 1.47, 1.471, 1.472, 1.474, 1.476, 1.478, 1.479, 1.48, 1.481, 1.482, 1.482, 1.482, 1.482, 1.482, 1.482, 1.483, 1.484, 1.484, 1.486, 1.487, 1.488, 1.489, 1.49, 1.491, 1.491, 1.49, 1.49, 1.49, 1.489, 1.489, 1.488, 1.488, 1.489, 1.49, 1.492, 1.493, 1.494, 1.495, 1.496, 1.496, 1.495, 1.495, 1.494, 1.494, 1.494, 1.494, 1.494, 1.494, 1.495, 1.495, 1.496, 1.496, 1.499, 1.499, 1.5, 1.5, 1.501, 1.501, 1.501, 1.501, 1.501, 1.5, 1.5, 1.499, 1.499, 1.499, 1.499, 1.499, 1.499, 1.5, 1.5, 1.501, 1.504, 1.505, 1.506, 1.506, 1.51, 1.511, 1.511, 1.511, 1.509, 1.509, 1.507, 1.507, 1.505, 1.505, 1.503, 1.502, 1.501, 1.501, 1.501, 1.501, 1.501, 1.501, 1.5, 1.5, 1.5, 1.499, 1.499, 1.499, 1.499, 1.499, 1.496, 1.496, 1.495, 1.495, 1.495, 1.495, 1.5, 1.5, 1.5, 1.499, 1.499, 1.5, 1.5, 1.499, 1.499, 1.499, 1.499, 1.499, 1.499, 1.496, 1.495, 1.495, 1.495, 1.495, 1.495, 1.494, 1.494, 1.494, 1.494, 1.494, 1.495, 1.495, 1.495, 1.499, 1.499, 1.499, 1.5, 1.5, 1.499, 1.499, 1.496, 1.495, 1.494, 1.493, 1.492, 1.492, 1.492, 1.492, 1.492, 1.492, 1.492, 1.492, 1.492, 1.492, 1.492, 1.492, 1.492, 1.492, 1.492, 1.492, 1.492, 1.492, 1.492, 1.491, 1.49, 1.49, 1.49, 1.49, 1.49, 1.49, 1.491, 1.492, 1.492, 1.492, 1.492, 1.492, 1.492, 1.492, 1.492, 1.491, 1.491, 1.491, 1.49, 1.49, 1.491, 1.491, 1.492, 1.492, 1.493, 1.494, 1.494, 1.493, 1.492, 1.491, 1.49, 1.488, 1.487, 1.487, 1.487, 1.487, 1.487, 1.488, 1.489, 1.49, 1.491, 1.492, 1.492, 1.492, 1.492, 1.492, 1.492, 1.492, 1.492, 1.492, 1.492, 1.492, 1.492, 1.491, 1.491, 1.491, 1.491, 1.49, 1.489, 1.488, 1.488, 1.487, 1.485, 1.484, 1.483, 1.482, 1.48, 1.479, 1.478, 1.476, 1.475, 1.474, 1.473, 1.472, 1.472, 1.472, 1.471, 1.47, 1.47, 1.47, 1.471, 1.471, 1.471, 1.472, 1.472, 1.472, 1.472, 1.472, 1.472, 1.471, 1.471, 1.471, 1.471, 1.472, 1.473, 1.474, 1.474, 1.475, 1.475, 1.476, 1.476, 1.476, 1.475, 1.474, 1.471, 1.471, 1.468, 1.464, 1.464, 1.462, 1.462, 1.462, 1.464, 1.466, 1.466, 1.47, 1.471, 1.472, 1.474, 1.474, 1.473, 1.473, 1.472, 1.471, 1.471, 1.47, 1.47, 1.47, 1.47, 1.471, 1.471, 1.472, 1.472, 1.471, 1.47, 1.469, 1.468, 1.466, 1.466, 1.464, 1.464, 1.462, 1.462, 1.462, 1.46, 1.46, 1.462, 1.462, 0, 
1.51, 1.513, 1.519, 1.518, 1.522, 1.526, 1.527, 1.531, 1.532, 1.532, 1.533, 1.533, 1.534, 1.534, 1.535, 1.535, 1.535, 1.536, 1.535, 1.535, 1.535, 1.535, 1.535, 1.535, 1.535, 1.535, 1.536, 1.537, 1.538, 1.542, 1.542, 1.542, 1.542, 1.538, 1.537, 1.536, 1.535, 1.534, 1.533, 1.533, 1.533, 1.534, 1.534, 1.535, 1.535, 1.534, 1.534, 1.533, 1.528, 1.527, 1.526, 1.525, 1.524, 1.524, 1.524, 1.525, 1.526, 1.527, 1.528, 1.528, 1.531, 1.531, 1.532, 1.533, 1.533, 1.533, 1.533, 1.533, 1.533, 1.533, 1.533, 1.532, 1.531, 1.531, 1.531, 1.531, 1.531, 1.531, 1.531, 1.531, 1.532, 1.533, 1.533, 1.533, 1.533, 1.533, 1.533, 1.533, 1.533, 1.533, 1.532, 1.532, 1.531, 1.531, 1.528, 1.528, 1.528, 1.528, 1.528, 1.528, 1.528, 1.528, 1.528, 1.528, 1.528, 1.528, 1.527, 1.526, 1.525, 1.521, 1.52, 1.519, 1.518, 1.517, 1.517, 1.517, 1.518, 1.518, 1.519, 1.52, 1.519, 1.519, 1.519, 1.518, 1.518, 1.517, 1.516, 1.517, 1.517, 1.518, 1.519, 1.52, 1.521, 1.522, 1.522, 1.523, 1.524, 1.524, 1.524, 1.524, 1.524, 1.524, 1.524, 1.524, 1.523, 1.52, 1.518, 1.512, 1.512, 1.507, 1.503, 1.499, 1.494, 1.489, 1.488, 1.486, 1.484, 1.482, 1.481, 1.48, 1.48, 1.48, 1.48, 1.48, 1.48, 1.481, 1.482, 1.483, 1.484, 1.488, 1.489, 1.49, 1.492, 1.493, 1.494, 1.494, 1.494, 1.494, 1.493, 1.493, 1.494, 1.494, 1.494, 1.495, 1.496, 1.5, 1.501, 1.501, 1.502, 1.503, 1.503, 1.503, 1.502, 1.501, 1.5, 1.499, 1.499, 1.5, 1.501, 1.502, 1.505, 1.505, 1.508, 1.508, 1.508, 1.508, 1.505, 1.506, 1.505, 1.505, 1.504, 1.504, 1.504, 1.504, 1.504, 1.504, 1.504, 1.505, 1.505, 1.506, 1.506, 1.506, 1.505, 1.506, 1.506, 1.506, 1.506, 1.505, 1.504, 1.504, 1.504, 1.504, 1.504, 1.504, 1.504, 1.505, 1.505, 1.506, 1.506, 1.506, 1.511, 1.511, 1.512, 1.512, 1.512, 1.513, 1.51, 1.509, 1.508, 1.507, 1.506, 1.504, 1.503, 1.503, 1.503, 1.502, 1.502, 1.502, 1.502, 1.501, 1.501, 1.501, 1.5, 1.5, 1.5, 1.5, 1.5, 1.5, 1.5, 1.5, 1.5, 1.5, 1.5, 1.5, 1.501, 1.5, 1.5, 1.5, 1.5, 1.501, 1.5, 1.5, 1.5, 1.5, 1.5, 1.5, 1.5, 1.499, 1.499, 1.496, 1.496, 1.495, 1.495, 1.495, 1.495, 1.495, 1.495, 1.496, 1.496, 1.496, 1.499, 1.499, 1.5, 1.5, 1.5, 1.5, 1.499, 1.495, 1.495, 1.494, 1.493, 1.492, 1.492, 1.492, 1.492, 1.492, 1.492, 1.492, 1.492, 1.492, 1.492, 1.492, 1.492, 1.492, 1.492, 1.492, 1.492, 1.492, 1.492, 1.492, 1.491, 1.49, 1.49, 1.49, 1.49, 1.49, 1.491, 1.491, 1.492, 1.492, 1.492, 1.493, 1.493, 1.492, 1.492, 1.492, 1.491, 1.49, 1.49, 1.49, 1.49, 1.49, 1.491, 1.491, 1.492, 1.493, 1.494, 1.494, 1.494, 1.493, 1.492, 1.491, 1.49, 1.489, 1.488, 1.488, 1.488, 1.488, 1.489, 1.49, 1.491, 1.492, 1.492, 1.493, 1.493, 1.493, 1.493, 1.492, 1.492, 1.492, 1.492, 1.491, 1.491, 1.49, 1.49, 1.49, 1.49, 1.49, 1.49, 1.489, 1.488, 1.488, 1.487, 1.486, 1.485, 1.484, 1.483, 1.481, 1.48, 1.478, 1.477, 1.476, 1.474, 1.474, 1.473, 1.472, 1.472, 1.471, 1.47, 1.471, 1.471, 1.471, 1.471, 1.472, 1.472, 1.472, 1.472, 1.472, 1.472, 1.472, 1.471, 1.471, 1.471, 1.472, 1.473, 1.474, 1.474, 1.475, 1.476, 1.476, 1.476, 1.476, 1.476, 1.475, 1.474, 1.473, 1.47, 1.468, 1.466, 1.464, 1.464, 1.464, 1.464, 1.464, 1.466, 1.466, 1.471, 1.472, 1.473, 1.474, 1.475, 1.474, 1.474, 1.473, 1.472, 1.471, 1.471, 1.47, 1.47, 1.47, 1.471, 1.472, 1.472, 1.472, 1.471, 1.47, 1.469, 1.468, 1.466, 1.466, 1.466, 1.464, 1.464, 1.462, 1.462, 1.462, 1.462, 1.462, 1.462, 0, 
1.509, 1.509, 1.512, 1.518, 1.519, 1.525, 1.526, 1.527, 1.531, 1.532, 1.533, 1.533, 1.534, 1.535, 1.535, 1.535, 1.536, 1.536, 1.536, 1.535, 1.535, 1.535, 1.535, 1.535, 1.535, 1.535, 1.536, 1.537, 1.538, 1.542, 1.542, 1.542, 1.542, 1.542, 1.538, 1.538, 1.536, 1.535, 1.534, 1.534, 1.534, 1.534, 1.535, 1.535, 1.535, 1.534, 1.533, 1.533, 1.528, 1.527, 1.526, 1.525, 1.524, 1.524, 1.524, 1.525, 1.526, 1.527, 1.528, 1.528, 1.531, 1.531, 1.532, 1.533, 1.533, 1.533, 1.533, 1.533, 1.533, 1.533, 1.533, 1.532, 1.531, 1.531, 1.531, 1.531, 1.531, 1.531, 1.531, 1.532, 1.532, 1.533, 1.533, 1.533, 1.533, 1.533, 1.533, 1.533, 1.533, 1.533, 1.532, 1.531, 1.531, 1.531, 1.528, 1.528, 1.528, 1.528, 1.528, 1.528, 1.528, 1.528, 1.528, 1.528, 1.528, 1.528, 1.527, 1.526, 1.525, 1.52, 1.52, 1.519, 1.518, 1.518, 1.518, 1.518, 1.518, 1.519, 1.52, 1.52, 1.52, 1.52, 1.519, 1.518, 1.518, 1.517, 1.516, 1.516, 1.517, 1.517, 1.518, 1.519, 1.52, 1.521, 1.522, 1.523, 1.523, 1.524, 1.524, 1.524, 1.524, 1.524, 1.524, 1.524, 1.523, 1.522, 1.518, 1.518, 1.512, 1.512, 1.506, 1.506, 1.5, 1.5, 1.495, 1.494, 1.493, 1.492, 1.491, 1.49, 1.49, 1.49, 1.49, 1.49, 1.491, 1.492, 1.493, 1.494, 1.495, 1.5, 1.501, 1.502, 1.503, 1.504, 1.505, 1.505, 1.505, 1.505, 1.505, 1.504, 1.504, 1.505, 1.505, 1.505, 1.508, 1.507, 1.507, 1.51, 1.51, 1.511, 1.511, 1.51, 1.51, 1.507, 1.508, 1.508, 1.508, 1.508, 1.508, 1.508, 1.508, 1.509, 1.509, 1.509, 1.509, 1.509, 1.509, 1.507, 1.507, 1.505, 1.505, 1.505, 1.505, 1.505, 1.505, 1.505, 1.506, 1.506, 1.507, 1.507, 1.507, 1.507, 1.508, 1.507, 1.507, 1.507, 1.507, 1.506, 1.506, 1.505, 1.505, 1.505, 1.505, 1.505, 1.505, 1.506, 1.506, 1.507, 1.508, 1.512, 1.512, 1.516, 1.516, 1.516, 1.516, 1.512, 1.511, 1.511, 1.51, 1.508, 1.507, 1.505, 1.504, 1.504, 1.503, 1.503, 1.503, 1.503, 1.503, 1.503, 1.502, 1.502, 1.501, 1.501, 1.501, 1.501, 1.501, 1.501, 1.501, 1.501, 1.501, 1.501, 1.501, 1.501, 1.501, 1.501, 1.501, 1.501, 1.501, 1.501, 1.501, 1.501, 1.501, 1.501, 1.501, 1.501, 1.5, 1.5, 1.5, 1.5, 1.5, 1.499, 1.496, 1.496, 1.496, 1.496, 1.496, 1.496, 1.496, 1.499, 1.5, 1.5, 1.5, 1.501, 1.501, 1.5, 1.5, 1.496, 1.495, 1.494, 1.493, 1.492, 1.492, 1.492, 1.492, 1.492, 1.493, 1.493, 1.493, 1.493, 1.493, 1.493, 1.493, 1.492, 1.492, 1.492, 1.492, 1.492, 1.492, 1.492, 1.491, 1.49, 1.49, 1.49, 1.49, 1.491, 1.491, 1.492, 1.492, 1.493, 1.493, 1.493, 1.493, 1.493, 1.492, 1.492, 1.491, 1.49, 1.49, 1.49, 1.49, 1.49, 1.49, 1.491, 1.492, 1.492, 1.493, 1.494, 1.494, 1.493, 1.493, 1.492, 1.491, 1.49, 1.49, 1.49, 1.49, 1.49, 1.49, 1.491, 1.492, 1.492, 1.493, 1.494, 1.494, 1.494, 1.493, 1.492, 1.492, 1.492, 1.491, 1.49, 1.49, 1.49, 1.49, 1.49, 1.49, 1.49, 1.489, 1.489, 1.488, 1.488, 1.487, 1.487, 1.486, 1.485, 1.483, 1.482, 1.481, 1.479, 1.478, 1.476, 1.475, 1.474, 1.473, 1.472, 1.472, 1.471, 1.471, 1.471, 1.472, 1.472, 1.472, 1.472, 1.472, 1.472, 1.472, 1.472, 1.472, 1.472, 1.472, 1.472, 1.472, 1.473, 1.474, 1.474, 1.475, 1.476, 1.476, 1.477, 1.477, 1.477, 1.476, 1.476, 1.475, 1.474, 1.47, 1.468, 1.466, 1.466, 1.464, 1.464, 1.464, 1.464, 1.466, 1.466, 1.471, 1.472, 1.474, 1.475, 1.476, 1.475, 1.475, 1.474, 1.473, 1.472, 1.471, 1.471, 1.471, 1.471, 1.471, 1.472, 1.472, 1.472, 1.471, 1.47, 1.469, 1.469, 1.466, 1.466, 1.466, 1.464, 1.464, 1.464, 1.464, 1.464, 1.464, 1.464, 1.464, 0, 
1.507, 1.507, 1.511, 1.512, 1.518, 1.523, 1.523, 1.526, 1.531, 1.532, 1.532, 1.533, 1.534, 1.535, 1.535, 1.535, 1.536, 1.537, 1.536, 1.536, 1.535, 1.535, 1.535, 1.535, 1.535, 1.535, 1.536, 1.537, 1.538, 1.538, 1.542, 1.542, 1.543, 1.543, 1.542, 1.538, 1.537, 1.536, 1.535, 1.535, 1.535, 1.535, 1.535, 1.535, 1.535, 1.534, 1.533, 1.533, 1.532, 1.527, 1.527, 1.525, 1.525, 1.524, 1.524, 1.525, 1.526, 1.527, 1.528, 1.528, 1.531, 1.531, 1.532, 1.533, 1.534, 1.534, 1.534, 1.534, 1.534, 1.533, 1.533, 1.533, 1.532, 1.531, 1.531, 1.531, 1.531, 1.531, 1.531, 1.532, 1.533, 1.533, 1.533, 1.533, 1.533, 1.533, 1.533, 1.533, 1.533, 1.533, 1.532, 1.531, 1.531, 1.531, 1.531, 1.528, 1.528, 1.528, 1.528, 1.528, 1.528, 1.528, 1.528, 1.531, 1.531, 1.527, 1.526, 1.525, 1.524, 1.52, 1.52, 1.519, 1.518, 1.518, 1.518, 1.518, 1.519, 1.52, 1.52, 1.521, 1.521, 1.52, 1.52, 1.519, 1.518, 1.517, 1.516, 1.516, 1.516, 1.516, 1.517, 1.518, 1.519, 1.52, 1.521, 1.522, 1.523, 1.524, 1.524, 1.524, 1.524, 1.524, 1.524, 1.524, 1.523, 1.523, 1.522, 1.52, 1.517, 1.512, 1.511, 1.51, 1.509, 1.502, 1.502, 1.502, 1.499, 1.5, 1.5, 1.5, 1.5, 1.5, 1.499, 1.499, 1.499, 1.503, 1.503, 1.506, 1.507, 1.507, 1.51, 1.511, 1.511, 1.512, 1.513, 1.513, 1.513, 1.513, 1.512, 1.512, 1.512, 1.509, 1.509, 1.51, 1.509, 1.509, 1.511, 1.511, 1.511, 1.511, 1.511, 1.511, 1.511, 1.511, 1.51, 1.509, 1.509, 1.509, 1.509, 1.509, 1.509, 1.51, 1.51, 1.51, 1.51, 1.51, 1.509, 1.509, 1.509, 1.509, 1.508, 1.507, 1.507, 1.507, 1.507, 1.507, 1.507, 1.507, 1.507, 1.507, 1.507, 1.508, 1.508, 1.508, 1.508, 1.508, 1.508, 1.508, 1.507, 1.507, 1.507, 1.507, 1.507, 1.507, 1.507, 1.507, 1.507, 1.508, 1.511, 1.512, 1.517, 1.517, 1.517, 1.517, 1.517, 1.516, 1.512, 1.511, 1.51, 1.509, 1.507, 1.506, 1.505, 1.505, 1.504, 1.504, 1.504, 1.504, 1.504, 1.504, 1.503, 1.503, 1.503, 1.503, 1.503, 1.503, 1.503, 1.503, 1.503, 1.503, 1.503, 1.503, 1.503, 1.503, 1.503, 1.503, 1.503, 1.503, 1.503, 1.503, 1.503, 1.502, 1.502, 1.502, 1.502, 1.502, 1.502, 1.501, 1.501, 1.501, 1.501, 1.5, 1.5, 1.5, 1.5, 1.5, 1.5, 1.5, 1.5, 1.5, 1.5, 1.501, 1.501, 1.501, 1.501, 1.501, 1.5, 1.496, 1.495, 1.494, 1.493, 1.492, 1.492, 1.492, 1.492, 1.493, 1.493, 1.494, 1.494, 1.494, 1.494, 1.494, 1.494, 1.493, 1.493, 1.492, 1.492, 1.492, 1.492, 1.491, 1.491, 1.49, 1.49, 1.491, 1.491, 1.492, 1.492, 1.493, 1.493, 1.494, 1.494, 1.494, 1.493, 1.493, 1.492, 1.492, 1.491, 1.49, 1.49, 1.489, 1.489, 1.489, 1.49, 1.491, 1.492, 1.492, 1.494, 1.494, 1.494, 1.494, 1.493, 1.492, 1.492, 1.491, 1.49, 1.49, 1.49, 1.491, 1.491, 1.492, 1.492, 1.493, 1.494, 1.494, 1.494, 1.494, 1.493, 1.492, 1.492, 1.491, 1.491, 1.49, 1.489, 1.489, 1.489, 1.489, 1.489, 1.489, 1.488, 1.488, 1.488, 1.488, 1.488, 1.487, 1.486, 1.485, 1.484, 1.483, 1.481, 1.48, 1.478, 1.477, 1.476, 1.475, 1.474, 1.473, 1.472, 1.472, 1.472, 1.472, 1.472, 1.472, 1.472, 1.472, 1.472, 1.472, 1.472, 1.472, 1.472, 1.472, 1.472, 1.472, 1.472, 1.473, 1.474, 1.475, 1.476, 1.477, 1.477, 1.478, 1.478, 1.477, 1.477, 1.476, 1.475, 1.474, 1.471, 1.468, 1.468, 1.466, 1.464, 1.464, 1.464, 1.464, 1.466, 1.468, 1.471, 1.472, 1.474, 1.475, 1.476, 1.476, 1.475, 1.474, 1.473, 1.472, 1.472, 1.472, 1.472, 1.472, 1.472, 1.472, 1.472, 1.472, 1.471, 1.47, 1.469, 1.469, 1.466, 1.466, 1.466, 1.464, 1.464, 1.464, 1.464, 1.464, 1.464, 1.464, 1.464, 0, 
1.506, 1.507, 1.51, 1.513, 1.518, 1.521, 1.522, 1.526, 1.527, 1.531, 1.532, 1.533, 1.534, 1.535, 1.535, 1.536, 1.536, 1.537, 1.537, 1.536, 1.536, 1.535, 1.535, 1.535, 1.535, 1.535, 1.536, 1.537, 1.537, 1.538, 1.542, 1.542, 1.543, 1.543, 1.543, 1.539, 1.538, 1.537, 1.536, 1.535, 1.535, 1.535, 1.534, 1.534, 1.534, 1.534, 1.533, 1.533, 1.532, 1.528, 1.527, 1.526, 1.525, 1.524, 1.524, 1.525, 1.526, 1.527, 1.528, 1.528, 1.531, 1.532, 1.533, 1.534, 1.534, 1.535, 1.535, 1.535, 1.534, 1.534, 1.533, 1.533, 1.532, 1.531, 1.531, 1.531, 1.531, 1.531, 1.532, 1.532, 1.533, 1.533, 1.533, 1.533, 1.533, 1.533, 1.533, 1.533, 1.533, 1.533, 1.532, 1.532, 1.532, 1.532, 1.531, 1.531, 1.528, 1.528, 1.528, 1.531, 1.531, 1.531, 1.531, 1.531, 1.528, 1.527, 1.526, 1.525, 1.524, 1.52, 1.519, 1.519, 1.518, 1.518, 1.518, 1.518, 1.519, 1.52, 1.521, 1.522, 1.521, 1.521, 1.52, 1.519, 1.518, 1.517, 1.516, 1.516, 1.516, 1.516, 1.516, 1.517, 1.518, 1.52, 1.521, 1.522, 1.523, 1.524, 1.524, 1.524, 1.524, 1.524, 1.524, 1.524, 1.524, 1.523, 1.522, 1.521, 1.517, 1.517, 1.512, 1.511, 1.509, 1.508, 1.507, 1.503, 1.503, 1.501, 1.501, 1.501, 1.501, 1.501, 1.502, 1.503, 1.504, 1.504, 1.508, 1.508, 1.508, 1.511, 1.511, 1.512, 1.516, 1.516, 1.517, 1.517, 1.517, 1.517, 1.517, 1.512, 1.512, 1.513, 1.512, 1.511, 1.511, 1.513, 1.512, 1.512, 1.512, 1.512, 1.516, 1.512, 1.512, 1.512, 1.511, 1.511, 1.51, 1.51, 1.51, 1.51, 1.51, 1.511, 1.511, 1.511, 1.511, 1.511, 1.51, 1.51, 1.51, 1.509, 1.509, 1.509, 1.509, 1.509, 1.509, 1.509, 1.509, 1.509, 1.509, 1.508, 1.508, 1.509, 1.509, 1.509, 1.509, 1.509, 1.509, 1.509, 1.509, 1.508, 1.508, 1.508, 1.508, 1.508, 1.509, 1.509, 1.511, 1.512, 1.512, 1.517, 1.517, 1.518, 1.518, 1.518, 1.517, 1.517, 1.512, 1.511, 1.51, 1.509, 1.508, 1.507, 1.505, 1.505, 1.505, 1.505, 1.505, 1.505, 1.505, 1.505, 1.504, 1.504, 1.504, 1.504, 1.504, 1.504, 1.504, 1.505, 1.505, 1.505, 1.505, 1.505, 1.505, 1.505, 1.505, 1.505, 1.504, 1.504, 1.503, 1.503, 1.503, 1.503, 1.503, 1.503, 1.503, 1.503, 1.503, 1.503, 1.503, 1.502, 1.502, 1.501, 1.501, 1.501, 1.501, 1.501, 1.501, 1.501, 1.501, 1.501, 1.501, 1.501, 1.501, 1.501, 1.501, 1.501, 1.5, 1.499, 1.495, 1.494, 1.493, 1.493, 1.492, 1.492, 1.493, 1.493, 1.494, 1.494, 1.494, 1.494, 1.494, 1.494, 1.494, 1.494, 1.493, 1.493, 1.492, 1.492, 1.492, 1.491, 1.491, 1.49, 1.491, 1.491, 1.492, 1.492, 1.493, 1.493, 1.494, 1.494, 1.494, 1.494, 1.494, 1.493, 1.492, 1.492, 1.491, 1.49, 1.49, 1.489, 1.489, 1.489, 1.49, 1.49, 1.492, 1.492, 1.494, 1.494, 1.495, 1.494, 1.494, 1.493, 1.493, 1.492, 1.492, 1.492, 1.492, 1.492, 1.492, 1.493, 1.493, 1.494, 1.494, 1.494, 1.494, 1.494, 1.493, 1.492, 1.492, 1.491, 1.49, 1.489, 1.488, 1.488, 1.488, 1.488, 1.488, 1.488, 1.488, 1.488, 1.488, 1.488, 1.488, 1.487, 1.486, 1.486, 1.484, 1.483, 1.482, 1.48, 1.478, 1.477, 1.476, 1.475, 1.474, 1.473, 1.472, 1.472, 1.472, 1.472, 1.472, 1.472, 1.472, 1.472, 1.472, 1.472, 1.472, 1.473, 1.472, 1.472, 1.472, 1.472, 1.473, 1.474, 1.475, 1.476, 1.477, 1.477, 1.478, 1.478, 1.478, 1.478, 1.477, 1.476, 1.475, 1.474, 1.471, 1.468, 1.468, 1.466, 1.466, 1.466, 1.466, 1.466, 1.466, 1.468, 1.47, 1.472, 1.475, 1.476, 1.477, 1.477, 1.476, 1.475, 1.474, 1.473, 1.472, 1.472, 1.472, 1.472, 1.472, 1.472, 1.472, 1.472, 1.471, 1.47, 1.469, 1.468, 1.466, 1.466, 1.466, 1.464, 1.464, 1.464, 1.464, 1.464, 1.464, 1.464, 1.464, 0, 
1.506, 1.507, 1.508, 1.513, 1.517, 1.521, 1.522, 1.526, 1.526, 1.531, 1.532, 1.533, 1.534, 1.535, 1.535, 1.536, 1.537, 1.537, 1.537, 1.537, 1.536, 1.536, 1.535, 1.535, 1.535, 1.535, 1.536, 1.537, 1.537, 1.538, 1.542, 1.542, 1.543, 1.543, 1.543, 1.542, 1.538, 1.537, 1.536, 1.535, 1.535, 1.535, 1.534, 1.533, 1.533, 1.533, 1.533, 1.532, 1.532, 1.528, 1.527, 1.526, 1.525, 1.525, 1.525, 1.525, 1.526, 1.527, 1.528, 1.528, 1.531, 1.532, 1.533, 1.534, 1.535, 1.535, 1.535, 1.535, 1.535, 1.534, 1.533, 1.533, 1.532, 1.532, 1.531, 1.531, 1.531, 1.531, 1.532, 1.533, 1.533, 1.533, 1.533, 1.533, 1.533, 1.533, 1.533, 1.533, 1.533, 1.533, 1.533, 1.533, 1.532, 1.532, 1.532, 1.532, 1.532, 1.532, 1.531, 1.531, 1.531, 1.531, 1.531, 1.531, 1.528, 1.527, 1.526, 1.524, 1.523, 1.52, 1.519, 1.519, 1.518, 1.518, 1.518, 1.519, 1.52, 1.52, 1.521, 1.522, 1.522, 1.522, 1.52, 1.519, 1.518, 1.517, 1.516, 1.516, 1.516, 1.516, 1.516, 1.517, 1.518, 1.52, 1.52, 1.522, 1.522, 1.523, 1.524, 1.524, 1.524, 1.524, 1.524, 1.524, 1.524, 1.524, 1.523, 1.522, 1.52, 1.519, 1.517, 1.512, 1.511, 1.509, 1.507, 1.506, 1.505, 1.504, 1.503, 1.503, 1.503, 1.503, 1.503, 1.504, 1.505, 1.507, 1.508, 1.508, 1.512, 1.512, 1.512, 1.517, 1.517, 1.517, 1.517, 1.517, 1.518, 1.518, 1.517, 1.517, 1.517, 1.517, 1.517, 1.517, 1.517, 1.516, 1.516, 1.516, 1.516, 1.516, 1.516, 1.516, 1.513, 1.512, 1.512, 1.512, 1.512, 1.512, 1.511, 1.511, 1.511, 1.511, 1.511, 1.511, 1.511, 1.511, 1.511, 1.511, 1.511, 1.511, 1.511, 1.51, 1.51, 1.51, 1.51, 1.51, 1.51, 1.51, 1.509, 1.509, 1.509, 1.509, 1.509, 1.509, 1.509, 1.509, 1.51, 1.51, 1.51, 1.509, 1.509, 1.509, 1.509, 1.51, 1.51, 1.511, 1.512, 1.512, 1.516, 1.517, 1.518, 1.518, 1.519, 1.518, 1.517, 1.517, 1.512, 1.511, 1.51, 1.509, 1.508, 1.507, 1.505, 1.505, 1.505, 1.505, 1.505, 1.505, 1.505, 1.505, 1.505, 1.505, 1.505, 1.505, 1.505, 1.505, 1.505, 1.506, 1.506, 1.507, 1.507, 1.507, 1.507, 1.507, 1.506, 1.506, 1.505, 1.505, 1.505, 1.505, 1.504, 1.504, 1.504, 1.504, 1.504, 1.504, 1.504, 1.503, 1.503, 1.503, 1.503, 1.503, 1.503, 1.502, 1.502, 1.502, 1.501, 1.501, 1.501, 1.501, 1.502, 1.502, 1.502, 1.502, 1.502, 1.501, 1.5, 1.499, 1.495, 1.494, 1.494, 1.493, 1.493, 1.493, 1.493, 1.494, 1.494, 1.495, 1.495, 1.495, 1.495, 1.495, 1.495, 1.494, 1.494, 1.493, 1.492, 1.492, 1.492, 1.491, 1.491, 1.491, 1.491, 1.492, 1.492, 1.492, 1.493, 1.494, 1.495, 1.495, 1.495, 1.494, 1.494, 1.493, 1.492, 1.492, 1.491, 1.49, 1.49, 1.489, 1.488, 1.489, 1.49, 1.49, 1.492, 1.493, 1.494, 1.495, 1.495, 1.495, 1.495, 1.494, 1.493, 1.493, 1.492, 1.492, 1.492, 1.493, 1.493, 1.493, 1.494, 1.494, 1.495, 1.495, 1.494, 1.494, 1.493, 1.492, 1.491, 1.491, 1.49, 1.488, 1.488, 1.488, 1.488, 1.488, 1.488, 1.488, 1.488, 1.488, 1.488, 1.488, 1.488, 1.488, 1.487, 1.486, 1.485, 1.484, 1.482, 1.48, 1.479, 1.478, 1.476, 1.476, 1.474, 1.474, 1.473, 1.472, 1.472, 1.472, 1.472, 1.472, 1.472, 1.472, 1.473, 1.473, 1.473, 1.473, 1.473, 1.473, 1.473, 1.473, 1.474, 1.475, 1.475, 1.476, 1.477, 1.478, 1.478, 1.478, 1.478, 1.478, 1.477, 1.476, 1.475, 1.474, 1.472, 1.47, 1.469, 1.466, 1.466, 1.466, 1.466, 1.466, 1.466, 1.468, 1.47, 1.472, 1.475, 1.476, 1.477, 1.477, 1.476, 1.476, 1.474, 1.473, 1.472, 1.472, 1.472, 1.472, 1.472, 1.472, 1.472, 1.472, 1.471, 1.47, 1.469, 1.468, 1.466, 1.466, 1.466, 1.464, 1.464, 1.464, 1.464, 1.464, 1.464, 1.466, 1.466, 0, 
1.506, 1.507, 1.508, 1.513, 1.516, 1.521, 1.521, 1.526, 1.526, 1.531, 1.532, 1.533, 1.534, 1.535, 1.536, 1.537, 1.537, 1.537, 1.537, 1.537, 1.537, 1.536, 1.536, 1.535, 1.535, 1.536, 1.536, 1.537, 1.537, 1.538, 1.542, 1.542, 1.542, 1.543, 1.543, 1.542, 1.538, 1.538, 1.537, 1.536, 1.535, 1.535, 1.534, 1.533, 1.533, 1.533, 1.533, 1.532, 1.531, 1.528, 1.527, 1.526, 1.526, 1.526, 1.526, 1.526, 1.527, 1.528, 1.528, 1.528, 1.532, 1.533, 1.534, 1.534, 1.535, 1.535, 1.535, 1.535, 1.535, 1.534, 1.533, 1.533, 1.533, 1.532, 1.532, 1.532, 1.532, 1.532, 1.532, 1.533, 1.533, 1.533, 1.533, 1.533, 1.533, 1.533, 1.533, 1.533, 1.533, 1.533, 1.533, 1.533, 1.533, 1.533, 1.533, 1.533, 1.533, 1.532, 1.532, 1.532, 1.531, 1.531, 1.531, 1.531, 1.528, 1.527, 1.526, 1.524, 1.523, 1.52, 1.52, 1.519, 1.518, 1.518, 1.518, 1.519, 1.52, 1.52, 1.522, 1.523, 1.523, 1.522, 1.521, 1.52, 1.518, 1.517, 1.516, 1.516, 1.516, 1.516, 1.516, 1.517, 1.518, 1.52, 1.521, 1.522, 1.522, 1.523, 1.524, 1.524, 1.524, 1.524, 1.524, 1.524, 1.524, 1.524, 1.524, 1.523, 1.521, 1.52, 1.518, 1.517, 1.512, 1.51, 1.509, 1.507, 1.506, 1.505, 1.505, 1.505, 1.505, 1.505, 1.505, 1.505, 1.508, 1.509, 1.511, 1.512, 1.512, 1.517, 1.517, 1.518, 1.518, 1.518, 1.518, 1.518, 1.518, 1.518, 1.518, 1.518, 1.518, 1.518, 1.518, 1.518, 1.518, 1.517, 1.517, 1.517, 1.517, 1.517, 1.517, 1.517, 1.517, 1.517, 1.517, 1.516, 1.516, 1.513, 1.512, 1.512, 1.512, 1.512, 1.512, 1.512, 1.512, 1.512, 1.512, 1.512, 1.512, 1.512, 1.511, 1.511, 1.511, 1.511, 1.511, 1.511, 1.511, 1.51, 1.509, 1.509, 1.509, 1.509, 1.509, 1.509, 1.509, 1.51, 1.51, 1.511, 1.511, 1.51, 1.511, 1.511, 1.511, 1.511, 1.512, 1.512, 1.513, 1.516, 1.517, 1.517, 1.518, 1.518, 1.519, 1.518, 1.517, 1.516, 1.512, 1.511, 1.509, 1.509, 1.507, 1.506, 1.505, 1.505, 1.505, 1.505, 1.505, 1.505, 1.505, 1.505, 1.505, 1.505, 1.506, 1.506, 1.506, 1.507, 1.507, 1.507, 1.508, 1.508, 1.509, 1.509, 1.508, 1.508, 1.507, 1.507, 1.506, 1.506, 1.505, 1.505, 1.505, 1.505, 1.505, 1.505, 1.505, 1.505, 1.505, 1.505, 1.505, 1.505, 1.505, 1.504, 1.504, 1.503, 1.503, 1.503, 1.503, 1.503, 1.503, 1.503, 1.503, 1.503, 1.503, 1.503, 1.502, 1.501, 1.5, 1.499, 1.495, 1.495, 1.494, 1.494, 1.494, 1.494, 1.494, 1.494, 1.495, 1.495, 1.496, 1.496, 1.496, 1.496, 1.495, 1.494, 1.494, 1.493, 1.492, 1.492, 1.491, 1.491, 1.491, 1.492, 1.492, 1.492, 1.492, 1.493, 1.494, 1.495, 1.495, 1.496, 1.495, 1.495, 1.494, 1.494, 1.493, 1.492, 1.491, 1.49, 1.49, 1.489, 1.488, 1.489, 1.49, 1.49, 1.492, 1.493, 1.494, 1.495, 1.496, 1.496, 1.495, 1.495, 1.494, 1.494, 1.494, 1.494, 1.494, 1.494, 1.494, 1.494, 1.494, 1.495, 1.495, 1.495, 1.495, 1.494, 1.492, 1.492, 1.491, 1.49, 1.489, 1.488, 1.487, 1.487, 1.487, 1.487, 1.487, 1.487, 1.487, 1.487, 1.488, 1.488, 1.488, 1.487, 1.487, 1.486, 1.485, 1.484, 1.482, 1.48, 1.479, 1.478, 1.476, 1.476, 1.474, 1.474, 1.473, 1.472, 1.472, 1.472, 1.472, 1.472, 1.473, 1.473, 1.474, 1.474, 1.474, 1.474, 1.474, 1.474, 1.474, 1.474, 1.475, 1.475, 1.476, 1.477, 1.478, 1.478, 1.478, 1.478, 1.478, 1.477, 1.477, 1.476, 1.474, 1.473, 1.472, 1.47, 1.469, 1.466, 1.466, 1.466, 1.466, 1.466, 1.468, 1.47, 1.47, 1.473, 1.476, 1.476, 1.477, 1.478, 1.477, 1.476, 1.474, 1.474, 1.473, 1.472, 1.472, 1.472, 1.472, 1.472, 1.472, 1.471, 1.47, 1.469, 1.469, 1.466, 1.466, 1.466, 1.466, 1.464, 1.464, 1.464, 1.464, 1.466, 1.466, 1.466, 1.466, 0, 
1.506, 1.508, 1.509, 1.513, 1.517, 1.521, 1.522, 1.526, 1.526, 1.531, 1.532, 1.533, 1.534, 1.535, 1.536, 1.537, 1.538, 1.538, 1.538, 1.538, 1.537, 1.537, 1.536, 1.536, 1.536, 1.536, 1.537, 1.537, 1.537, 1.538, 1.539, 1.542, 1.542, 1.542, 1.542, 1.542, 1.539, 1.538, 1.537, 1.536, 1.535, 1.535, 1.534, 1.533, 1.533, 1.533, 1.533, 1.532, 1.531, 1.531, 1.528, 1.527, 1.526, 1.526, 1.526, 1.527, 1.527, 1.528, 1.528, 1.531, 1.532, 1.533, 1.534, 1.535, 1.535, 1.536, 1.536, 1.536, 1.535, 1.535, 1.534, 1.533, 1.533, 1.533, 1.533, 1.533, 1.533, 1.533, 1.533, 1.533, 1.533, 1.533, 1.533, 1.533, 1.533, 1.533, 1.533, 1.533, 1.533, 1.533, 1.533, 1.533, 1.533, 1.533, 1.533, 1.533, 1.533, 1.533, 1.533, 1.532, 1.532, 1.531, 1.531, 1.531, 1.528, 1.527, 1.526, 1.525, 1.524, 1.52, 1.52, 1.519, 1.518, 1.518, 1.518, 1.519, 1.52, 1.52, 1.521, 1.522, 1.523, 1.522, 1.521, 1.52, 1.518, 1.517, 1.516, 1.516, 1.516, 1.516, 1.517, 1.518, 1.519, 1.52, 1.521, 1.522, 1.523, 1.524, 1.524, 1.524, 1.524, 1.524, 1.524, 1.524, 1.524, 1.524, 1.524, 1.523, 1.522, 1.521, 1.52, 1.518, 1.517, 1.512, 1.51, 1.509, 1.508, 1.507, 1.506, 1.506, 1.506, 1.506, 1.507, 1.51, 1.51, 1.51, 1.511, 1.517, 1.517, 1.518, 1.518, 1.518, 1.519, 1.519, 1.518, 1.518, 1.519, 1.519, 1.52, 1.52, 1.52, 1.52, 1.52, 1.52, 1.519, 1.518, 1.518, 1.518, 1.518, 1.518, 1.518, 1.518, 1.518, 1.518, 1.518, 1.517, 1.517, 1.516, 1.516, 1.513, 1.513, 1.513, 1.513, 1.513, 1.513, 1.513, 1.513, 1.513, 1.513, 1.513, 1.512, 1.512, 1.512, 1.512, 1.512, 1.511, 1.511, 1.51, 1.509, 1.509, 1.509, 1.509, 1.509, 1.509, 1.509, 1.51, 1.511, 1.511, 1.511, 1.511, 1.511, 1.512, 1.512, 1.512, 1.512, 1.513, 1.516, 1.517, 1.518, 1.518, 1.519, 1.519, 1.519, 1.518, 1.517, 1.516, 1.511, 1.51, 1.509, 1.508, 1.507, 1.505, 1.505, 1.505, 1.504, 1.504, 1.505, 1.505, 1.505, 1.505, 1.505, 1.506, 1.506, 1.507, 1.507, 1.507, 1.508, 1.508, 1.509, 1.51, 1.51, 1.51, 1.51, 1.509, 1.509, 1.508, 1.507, 1.507, 1.507, 1.506, 1.506, 1.505, 1.505, 1.505, 1.505, 1.506, 1.506, 1.506, 1.506, 1.506, 1.505, 1.505, 1.505, 1.504, 1.504, 1.503, 1.503, 1.503, 1.503, 1.503, 1.503, 1.503, 1.503, 1.503, 1.502, 1.501, 1.5, 1.499, 1.496, 1.495, 1.494, 1.494, 1.494, 1.494, 1.494, 1.495, 1.495, 1.496, 1.496, 1.499, 1.499, 1.496, 1.496, 1.495, 1.494, 1.494, 1.493, 1.492, 1.491, 1.491, 1.492, 1.492, 1.492, 1.492, 1.492, 1.493, 1.494, 1.495, 1.496, 1.496, 1.496, 1.495, 1.495, 1.494, 1.493, 1.492, 1.491, 1.49, 1.49, 1.489, 1.489, 1.489, 1.49, 1.491, 1.492, 1.493, 1.494, 1.495, 1.496, 1.496, 1.496, 1.495, 1.495, 1.495, 1.494, 1.494, 1.494, 1.494, 1.495, 1.495, 1.495, 1.496, 1.496, 1.496, 1.495, 1.494, 1.492, 1.491, 1.49, 1.49, 1.489, 1.488, 1.487, 1.486, 1.486, 1.486, 1.486, 1.486, 1.487, 1.487, 1.487, 1.487, 1.487, 1.487, 1.486, 1.486, 1.484, 1.483, 1.482, 1.48, 1.479, 1.478, 1.476, 1.476, 1.474, 1.474, 1.473, 1.473, 1.473, 1.472, 1.472, 1.473, 1.473, 1.474, 1.474, 1.474, 1.474, 1.474, 1.474, 1.474, 1.474, 1.475, 1.475, 1.476, 1.477, 1.478, 1.478, 1.478, 1.478, 1.478, 1.478, 1.477, 1.476, 1.475, 1.474, 1.473, 1.472, 1.47, 1.469, 1.466, 1.466, 1.466, 1.466, 1.466, 1.468, 1.47, 1.47, 1.473, 1.476, 1.476, 1.477, 1.478, 1.477, 1.476, 1.474, 1.474, 1.473, 1.472, 1.472, 1.472, 1.472, 1.472, 1.471, 1.471, 1.471, 1.468, 1.468, 1.466, 1.466, 1.466, 1.466, 1.464, 1.464, 1.466, 1.466, 1.466, 1.466, 1.466, 1.466, 0, 
1.508, 1.509, 1.511, 1.512, 1.518, 1.521, 1.522, 1.526, 1.526, 1.531, 1.532, 1.533, 1.535, 1.536, 1.537, 1.538, 1.538, 1.539, 1.539, 1.538, 1.538, 1.537, 1.537, 1.537, 1.537, 1.537, 1.537, 1.537, 1.537, 1.538, 1.539, 1.542, 1.542, 1.542, 1.542, 1.542, 1.542, 1.538, 1.537, 1.537, 1.535, 1.535, 1.534, 1.533, 1.533, 1.533, 1.532, 1.532, 1.531, 1.531, 1.531, 1.527, 1.527, 1.527, 1.527, 1.528, 1.528, 1.528, 1.528, 1.532, 1.532, 1.533, 1.534, 1.535, 1.536, 1.536, 1.537, 1.536, 1.536, 1.535, 1.534, 1.533, 1.533, 1.533, 1.533, 1.533, 1.533, 1.533, 1.533, 1.533, 1.533, 1.533, 1.533, 1.533, 1.533, 1.533, 1.533, 1.533, 1.533, 1.533, 1.533, 1.533, 1.533, 1.533, 1.534, 1.534, 1.533, 1.533, 1.533, 1.533, 1.532, 1.531, 1.531, 1.531, 1.528, 1.527, 1.526, 1.525, 1.524, 1.52, 1.52, 1.519, 1.519, 1.518, 1.518, 1.519, 1.52, 1.52, 1.521, 1.522, 1.522, 1.522, 1.52, 1.52, 1.518, 1.517, 1.516, 1.516, 1.516, 1.516, 1.517, 1.518, 1.519, 1.52, 1.522, 1.522, 1.523, 1.524, 1.524, 1.524, 1.524, 1.524, 1.524, 1.524, 1.524, 1.524, 1.524, 1.524, 1.524, 1.522, 1.521, 1.52, 1.518, 1.517, 1.512, 1.511, 1.509, 1.508, 1.508, 1.507, 1.507, 1.508, 1.509, 1.51, 1.511, 1.516, 1.517, 1.518, 1.519, 1.519, 1.52, 1.52, 1.52, 1.519, 1.519, 1.519, 1.519, 1.52, 1.52, 1.521, 1.522, 1.522, 1.522, 1.521, 1.52, 1.52, 1.519, 1.518, 1.518, 1.518, 1.518, 1.519, 1.519, 1.519, 1.518, 1.518, 1.517, 1.517, 1.516, 1.516, 1.516, 1.516, 1.516, 1.516, 1.513, 1.513, 1.513, 1.513, 1.513, 1.513, 1.513, 1.513, 1.513, 1.513, 1.512, 1.511, 1.511, 1.51, 1.509, 1.509, 1.509, 1.509, 1.509, 1.509, 1.509, 1.51, 1.51, 1.511, 1.511, 1.511, 1.512, 1.512, 1.513, 1.513, 1.513, 1.516, 1.517, 1.518, 1.518, 1.519, 1.519, 1.519, 1.519, 1.518, 1.517, 1.512, 1.511, 1.509, 1.508, 1.507, 1.506, 1.505, 1.504, 1.504, 1.503, 1.503, 1.504, 1.504, 1.505, 1.505, 1.505, 1.506, 1.507, 1.507, 1.508, 1.508, 1.509, 1.509, 1.51, 1.511, 1.512, 1.511, 1.511, 1.51, 1.51, 1.509, 1.508, 1.507, 1.507, 1.507, 1.506, 1.506, 1.505, 1.505, 1.506, 1.506, 1.507, 1.507, 1.507, 1.507, 1.506, 1.506, 1.506, 1.505, 1.505, 1.505, 1.504, 1.504, 1.504, 1.504, 1.504, 1.504, 1.503, 1.503, 1.502, 1.501, 1.5, 1.499, 1.496, 1.495, 1.494, 1.494, 1.494, 1.494, 1.495, 1.495, 1.496, 1.496, 1.496, 1.499, 1.499, 1.496, 1.496, 1.495, 1.495, 1.494, 1.493, 1.492, 1.492, 1.492, 1.492, 1.492, 1.492, 1.492, 1.492, 1.493, 1.494, 1.495, 1.496, 1.496, 1.496, 1.496, 1.496, 1.495, 1.494, 1.493, 1.492, 1.491, 1.49, 1.49, 1.489, 1.489, 1.49, 1.491, 1.492, 1.493, 1.494, 1.495, 1.496, 1.499, 1.499, 1.496, 1.496, 1.495, 1.495, 1.495, 1.495, 1.495, 1.496, 1.496, 1.496, 1.496, 1.496, 1.495, 1.495, 1.494, 1.492, 1.491, 1.49, 1.489, 1.488, 1.487, 1.486, 1.486, 1.486, 1.486, 1.486, 1.486, 1.486, 1.486, 1.486, 1.486, 1.487, 1.486, 1.486, 1.485, 1.484, 1.483, 1.481, 1.48, 1.479, 1.478, 1.477, 1.476, 1.475, 1.474, 1.474, 1.474, 1.473, 1.473, 1.473, 1.473, 1.474, 1.474, 1.474, 1.474, 1.474, 1.475, 1.475, 1.475, 1.475, 1.475, 1.476, 1.476, 1.477, 1.478, 1.479, 1.479, 1.479, 1.478, 1.478, 1.477, 1.476, 1.475, 1.474, 1.472, 1.472, 1.47, 1.469, 1.468, 1.466, 1.466, 1.468, 1.468, 1.47, 1.47, 1.471, 1.474, 1.476, 1.476, 1.477, 1.478, 1.477, 1.476, 1.474, 1.474, 1.473, 1.472, 1.472, 1.472, 1.472, 1.471, 1.471, 1.47, 1.47, 1.468, 1.468, 1.466, 1.466, 1.466, 1.466, 1.466, 1.466, 1.466, 1.466, 1.466, 1.466, 1.466, 1.466, 0, 
1.509, 1.51, 1.511, 1.516, 1.521, 1.522, 1.523, 1.527, 1.527, 1.532, 1.533, 1.534, 1.535, 1.536, 1.537, 1.538, 1.539, 1.539, 1.539, 1.539, 1.538, 1.538, 1.537, 1.537, 1.537, 1.537, 1.537, 1.537, 1.537, 1.538, 1.539, 1.539, 1.542, 1.542, 1.542, 1.542, 1.542, 1.538, 1.538, 1.537, 1.536, 1.535, 1.534, 1.533, 1.533, 1.532, 1.532, 1.531, 1.531, 1.531, 1.531, 1.531, 1.531, 1.528, 1.528, 1.528, 1.528, 1.528, 1.531, 1.532, 1.533, 1.534, 1.535, 1.536, 1.536, 1.537, 1.537, 1.537, 1.536, 1.535, 1.534, 1.533, 1.533, 1.533, 1.533, 1.533, 1.533, 1.533, 1.533, 1.533, 1.533, 1.533, 1.533, 1.533, 1.533, 1.533, 1.533, 1.533, 1.533, 1.533, 1.533, 1.533, 1.534, 1.534, 1.535, 1.535, 1.535, 1.534, 1.534, 1.533, 1.533, 1.532, 1.531, 1.531, 1.527, 1.527, 1.526, 1.525, 1.524, 1.521, 1.52, 1.52, 1.519, 1.518, 1.518, 1.519, 1.52, 1.52, 1.521, 1.521, 1.522, 1.521, 1.52, 1.52, 1.519, 1.518, 1.517, 1.517, 1.517, 1.517, 1.518, 1.519, 1.52, 1.521, 1.522, 1.523, 1.524, 1.524, 1.524, 1.524, 1.524, 1.524, 1.524, 1.524, 1.524, 1.524, 1.525, 1.525, 1.525, 1.524, 1.523, 1.521, 1.52, 1.518, 1.517, 1.512, 1.511, 1.51, 1.509, 1.509, 1.509, 1.509, 1.51, 1.511, 1.512, 1.517, 1.518, 1.519, 1.52, 1.52, 1.52, 1.52, 1.52, 1.52, 1.519, 1.519, 1.52, 1.52, 1.521, 1.522, 1.523, 1.523, 1.523, 1.522, 1.521, 1.52, 1.519, 1.518, 1.518, 1.518, 1.519, 1.519, 1.52, 1.519, 1.519, 1.519, 1.518, 1.517, 1.517, 1.516, 1.516, 1.516, 1.516, 1.516, 1.513, 1.513, 1.513, 1.513, 1.513, 1.513, 1.513, 1.513, 1.513, 1.512, 1.512, 1.511, 1.511, 1.51, 1.509, 1.509, 1.509, 1.508, 1.508, 1.509, 1.509, 1.509, 1.51, 1.511, 1.511, 1.512, 1.512, 1.513, 1.516, 1.516, 1.517, 1.517, 1.518, 1.518, 1.519, 1.52, 1.52, 1.519, 1.518, 1.517, 1.516, 1.511, 1.51, 1.509, 1.507, 1.507, 1.505, 1.504, 1.503, 1.503, 1.503, 1.503, 1.503, 1.504, 1.504, 1.505, 1.505, 1.506, 1.507, 1.507, 1.508, 1.509, 1.51, 1.51, 1.511, 1.512, 1.512, 1.512, 1.512, 1.511, 1.51, 1.51, 1.509, 1.508, 1.507, 1.507, 1.507, 1.506, 1.506, 1.506, 1.506, 1.507, 1.507, 1.507, 1.507, 1.507, 1.507, 1.507, 1.506, 1.506, 1.505, 1.505, 1.505, 1.505, 1.505, 1.505, 1.505, 1.504, 1.504, 1.503, 1.503, 1.501, 1.5, 1.5, 1.496, 1.495, 1.495, 1.494, 1.494, 1.495, 1.495, 1.496, 1.496, 1.499, 1.499, 1.499, 1.499, 1.499, 1.499, 1.496, 1.495, 1.494, 1.493, 1.493, 1.492, 1.492, 1.492, 1.492, 1.492, 1.492, 1.493, 1.494, 1.495, 1.496, 1.496, 1.496, 1.496, 1.499, 1.496, 1.495, 1.494, 1.494, 1.492, 1.491, 1.491, 1.49, 1.49, 1.49, 1.49, 1.491, 1.492, 1.493, 1.494, 1.495, 1.499, 1.499, 1.499, 1.499, 1.499, 1.499, 1.496, 1.496, 1.496, 1.496, 1.496, 1.499, 1.499, 1.496, 1.496, 1.495, 1.494, 1.493, 1.492, 1.491, 1.49, 1.489, 1.488, 1.487, 1.486, 1.486, 1.486, 1.486, 1.486, 1.486, 1.486, 1.486, 1.486, 1.486, 1.486, 1.486, 1.485, 1.484, 1.483, 1.482, 1.481, 1.48, 1.479, 1.478, 1.477, 1.476, 1.475, 1.474, 1.474, 1.474, 1.474, 1.473, 1.473, 1.474, 1.474, 1.475, 1.475, 1.475, 1.475, 1.475, 1.475, 1.476, 1.476, 1.476, 1.476, 1.477, 1.478, 1.478, 1.479, 1.479, 1.479, 1.478, 1.477, 1.476, 1.475, 1.474, 1.473, 1.472, 1.471, 1.47, 1.47, 1.468, 1.468, 1.468, 1.468, 1.468, 1.47, 1.471, 1.471, 1.474, 1.476, 1.476, 1.477, 1.477, 1.476, 1.475, 1.474, 1.474, 1.472, 1.472, 1.472, 1.471, 1.471, 1.471, 1.47, 1.47, 1.47, 1.468, 1.466, 1.466, 1.466, 1.466, 1.466, 1.466, 1.466, 1.466, 1.466, 1.466, 1.466, 1.466, 1.466, 0, 
1.513, 1.517, 1.519, 1.52, 1.522, 1.523, 1.526, 1.527, 1.532, 1.533, 1.533, 1.535, 1.536, 1.537, 1.538, 1.539, 1.539, 1.542, 1.542, 1.539, 1.539, 1.538, 1.538, 1.538, 1.537, 1.537, 1.537, 1.537, 1.537, 1.538, 1.538, 1.539, 1.542, 1.542, 1.542, 1.542, 1.542, 1.539, 1.538, 1.537, 1.536, 1.535, 1.534, 1.533, 1.533, 1.532, 1.531, 1.531, 1.531, 1.531, 1.531, 1.531, 1.531, 1.531, 1.532, 1.532, 1.532, 1.532, 1.532, 1.533, 1.533, 1.534, 1.535, 1.536, 1.537, 1.537, 1.537, 1.537, 1.537, 1.536, 1.535, 1.534, 1.533, 1.533, 1.533, 1.533, 1.533, 1.533, 1.533, 1.534, 1.534, 1.534, 1.534, 1.534, 1.534, 1.533, 1.533, 1.533, 1.533, 1.533, 1.534, 1.534, 1.534, 1.535, 1.535, 1.535, 1.535, 1.535, 1.535, 1.534, 1.533, 1.532, 1.531, 1.531, 1.528, 1.527, 1.526, 1.525, 1.524, 1.522, 1.521, 1.52, 1.519, 1.519, 1.518, 1.519, 1.52, 1.52, 1.52, 1.521, 1.522, 1.521, 1.52, 1.52, 1.519, 1.518, 1.518, 1.518, 1.518, 1.518, 1.519, 1.52, 1.521, 1.522, 1.523, 1.524, 1.524, 1.524, 1.524, 1.524, 1.524, 1.524, 1.524, 1.524, 1.524, 1.524, 1.525, 1.525, 1.525, 1.525, 1.524, 1.523, 1.521, 1.521, 1.517, 1.517, 1.512, 1.511, 1.511, 1.511, 1.511, 1.511, 1.511, 1.512, 1.517, 1.518, 1.519, 1.52, 1.521, 1.521, 1.521, 1.521, 1.52, 1.52, 1.52, 1.52, 1.52, 1.521, 1.522, 1.523, 1.524, 1.524, 1.524, 1.523, 1.522, 1.52, 1.52, 1.518, 1.518, 1.518, 1.518, 1.519, 1.52, 1.52, 1.52, 1.519, 1.519, 1.518, 1.517, 1.516, 1.516, 1.516, 1.516, 1.516, 1.513, 1.513, 1.513, 1.513, 1.513, 1.513, 1.513, 1.513, 1.513, 1.512, 1.511, 1.511, 1.51, 1.509, 1.509, 1.508, 1.508, 1.507, 1.507, 1.508, 1.508, 1.509, 1.51, 1.511, 1.511, 1.512, 1.513, 1.516, 1.516, 1.517, 1.517, 1.518, 1.519, 1.519, 1.52, 1.52, 1.52, 1.519, 1.518, 1.517, 1.512, 1.511, 1.509, 1.508, 1.507, 1.507, 1.504, 1.503, 1.503, 1.502, 1.502, 1.502, 1.502, 1.503, 1.504, 1.505, 1.505, 1.506, 1.507, 1.508, 1.509, 1.51, 1.51, 1.511, 1.512, 1.513, 1.513, 1.513, 1.513, 1.512, 1.511, 1.51, 1.509, 1.508, 1.507, 1.507, 1.507, 1.507, 1.507, 1.507, 1.507, 1.507, 1.507, 1.507, 1.507, 1.507, 1.507, 1.507, 1.506, 1.506, 1.505, 1.505, 1.505, 1.505, 1.505, 1.505, 1.505, 1.505, 1.504, 1.504, 1.503, 1.501, 1.501, 1.5, 1.496, 1.496, 1.495, 1.495, 1.495, 1.495, 1.496, 1.496, 1.499, 1.499, 1.499, 1.5, 1.5, 1.5, 1.499, 1.499, 1.496, 1.495, 1.494, 1.493, 1.492, 1.492, 1.492, 1.492, 1.492, 1.493, 1.493, 1.494, 1.495, 1.496, 1.499, 1.499, 1.499, 1.499, 1.496, 1.496, 1.495, 1.494, 1.493, 1.492, 1.491, 1.491, 1.49, 1.49, 1.49, 1.491, 1.492, 1.493, 1.494, 1.495, 1.499, 1.499, 1.499, 1.499, 1.499, 1.499, 1.499, 1.499, 1.499, 1.499, 1.499, 1.499, 1.499, 1.496, 1.496, 1.495, 1.494, 1.493, 1.492, 1.491, 1.49, 1.489, 1.488, 1.487, 1.486, 1.486, 1.486, 1.486, 1.486, 1.486, 1.486, 1.486, 1.486, 1.486, 1.486, 1.485, 1.484, 1.484, 1.483, 1.482, 1.481, 1.48, 1.479, 1.478, 1.477, 1.476, 1.475, 1.474, 1.474, 1.474, 1.474, 1.474, 1.474, 1.474, 1.474, 1.475, 1.476, 1.476, 1.476, 1.476, 1.476, 1.476, 1.476, 1.476, 1.476, 1.477, 1.478, 1.478, 1.479, 1.479, 1.479, 1.478, 1.477, 1.476, 1.475, 1.474, 1.473, 1.472, 1.471, 1.47, 1.47, 1.468, 1.468, 1.468, 1.468, 1.47, 1.47, 1.471, 1.472, 1.474, 1.475, 1.476, 1.477, 1.477, 1.476, 1.475, 1.474, 1.473, 1.472, 1.471, 1.471, 1.471, 1.47, 1.47, 1.47, 1.468, 1.468, 1.466, 1.466, 1.466, 1.466, 1.466, 1.464, 1.464, 1.464, 1.464, 1.464, 1.466, 1.466, 1.466, 1.466, 0, 
1.518, 1.518, 1.52, 1.521, 1.522, 1.526, 1.527, 1.532, 1.533, 1.533, 1.534, 1.535, 1.537, 1.538, 1.538, 1.542, 1.542, 1.542, 1.542, 1.542, 1.539, 1.539, 1.539, 1.538, 1.537, 1.537, 1.537, 1.537, 1.537, 1.537, 1.538, 1.538, 1.539, 1.542, 1.542, 1.542, 1.542, 1.539, 1.538, 1.537, 1.536, 1.535, 1.534, 1.533, 1.533, 1.532, 1.531, 1.531, 1.531, 1.531, 1.531, 1.531, 1.532, 1.532, 1.532, 1.532, 1.533, 1.533, 1.533, 1.533, 1.534, 1.535, 1.536, 1.536, 1.537, 1.537, 1.537, 1.537, 1.536, 1.535, 1.535, 1.534, 1.533, 1.533, 1.533, 1.533, 1.533, 1.534, 1.534, 1.535, 1.535, 1.535, 1.535, 1.535, 1.535, 1.534, 1.534, 1.534, 1.534, 1.534, 1.534, 1.535, 1.535, 1.536, 1.536, 1.536, 1.536, 1.536, 1.535, 1.534, 1.533, 1.532, 1.531, 1.531, 1.528, 1.527, 1.526, 1.526, 1.524, 1.523, 1.522, 1.521, 1.52, 1.519, 1.519, 1.519, 1.52, 1.52, 1.52, 1.521, 1.521, 1.521, 1.52, 1.52, 1.519, 1.518, 1.518, 1.518, 1.518, 1.519, 1.519, 1.52, 1.522, 1.523, 1.524, 1.524, 1.524, 1.524, 1.524, 1.524, 1.524, 1.524, 1.524, 1.524, 1.524, 1.524, 1.525, 1.525, 1.526, 1.525, 1.525, 1.524, 1.523, 1.522, 1.518, 1.517, 1.517, 1.512, 1.512, 1.512, 1.512, 1.512, 1.512, 1.513, 1.518, 1.519, 1.52, 1.521, 1.522, 1.522, 1.522, 1.522, 1.521, 1.52, 1.52, 1.52, 1.52, 1.521, 1.522, 1.523, 1.524, 1.525, 1.525, 1.524, 1.522, 1.52, 1.519, 1.518, 1.518, 1.518, 1.518, 1.519, 1.519, 1.52, 1.52, 1.52, 1.519, 1.518, 1.518, 1.517, 1.516, 1.516, 1.516, 1.516, 1.513, 1.513, 1.513, 1.513, 1.513, 1.513, 1.513, 1.513, 1.512, 1.512, 1.511, 1.511, 1.51, 1.509, 1.508, 1.507, 1.507, 1.507, 1.507, 1.507, 1.507, 1.508, 1.509, 1.511, 1.511, 1.512, 1.513, 1.516, 1.516, 1.517, 1.518, 1.519, 1.519, 1.52, 1.52, 1.52, 1.519, 1.518, 1.517, 1.516, 1.512, 1.511, 1.509, 1.507, 1.506, 1.503, 1.503, 1.503, 1.502, 1.501, 1.501, 1.501, 1.502, 1.502, 1.503, 1.505, 1.505, 1.506, 1.507, 1.508, 1.509, 1.51, 1.511, 1.512, 1.512, 1.513, 1.513, 1.513, 1.513, 1.512, 1.511, 1.51, 1.509, 1.508, 1.507, 1.507, 1.507, 1.507, 1.507, 1.507, 1.507, 1.507, 1.507, 1.507, 1.507, 1.507, 1.507, 1.507, 1.506, 1.505, 1.505, 1.505, 1.505, 1.505, 1.505, 1.505, 1.505, 1.505, 1.505, 1.504, 1.503, 1.502, 1.501, 1.5, 1.499, 1.496, 1.496, 1.496, 1.496, 1.496, 1.496, 1.496, 1.499, 1.499, 1.5, 1.5, 1.501, 1.5, 1.499, 1.499, 1.496, 1.495, 1.494, 1.493, 1.493, 1.492, 1.492, 1.492, 1.493, 1.493, 1.494, 1.495, 1.495, 1.499, 1.499, 1.499, 1.499, 1.499, 1.496, 1.496, 1.495, 1.494, 1.493, 1.492, 1.492, 1.491, 1.491, 1.491, 1.491, 1.491, 1.492, 1.493, 1.494, 1.495, 1.499, 1.499, 1.5, 1.5, 1.5, 1.5, 1.499, 1.499, 1.499, 1.499, 1.499, 1.499, 1.499, 1.499, 1.496, 1.495, 1.494, 1.493, 1.492, 1.491, 1.49, 1.488, 1.488, 1.487, 1.486, 1.486, 1.486, 1.486, 1.486, 1.486, 1.486, 1.487, 1.487, 1.486, 1.486, 1.485, 1.484, 1.483, 1.482, 1.481, 1.48, 1.48, 1.479, 1.478, 1.477, 1.477, 1.476, 1.475, 1.475, 1.474, 1.474, 1.474, 1.474, 1.474, 1.475, 1.476, 1.476, 1.476, 1.476, 1.476, 1.476, 1.476, 1.476, 1.476, 1.476, 1.477, 1.478, 1.478, 1.479, 1.479, 1.478, 1.477, 1.476, 1.475, 1.474, 1.473, 1.472, 1.472, 1.471, 1.47, 1.47, 1.47, 1.468, 1.468, 1.47, 1.47, 1.471, 1.472, 1.473, 1.474, 1.475, 1.476, 1.476, 1.476, 1.475, 1.474, 1.474, 1.473, 1.472, 1.471, 1.47, 1.47, 1.47, 1.47, 1.468, 1.468, 1.468, 1.466, 1.466, 1.464, 1.464, 1.464, 1.464, 1.464, 1.464, 1.464, 1.464, 1.464, 1.464, 1.464, 1.466, 0, 
1.523, 1.523, 1.523, 1.527, 1.527, 1.527, 1.532, 1.533, 1.534, 1.534, 1.535, 1.537, 1.538, 1.538, 1.542, 1.542, 1.543, 1.543, 1.543, 1.542, 1.542, 1.542, 1.539, 1.538, 1.537, 1.537, 1.537, 1.537, 1.537, 1.537, 1.537, 1.538, 1.538, 1.539, 1.542, 1.542, 1.542, 1.542, 1.538, 1.538, 1.537, 1.535, 1.534, 1.533, 1.533, 1.532, 1.531, 1.531, 1.531, 1.531, 1.532, 1.532, 1.533, 1.533, 1.533, 1.533, 1.533, 1.533, 1.533, 1.534, 1.534, 1.535, 1.536, 1.537, 1.537, 1.537, 1.537, 1.537, 1.536, 1.535, 1.534, 1.533, 1.533, 1.533, 1.533, 1.534, 1.534, 1.535, 1.535, 1.535, 1.536, 1.536, 1.536, 1.535, 1.535, 1.535, 1.535, 1.535, 1.535, 1.535, 1.535, 1.535, 1.535, 1.536, 1.537, 1.537, 1.537, 1.536, 1.535, 1.534, 1.533, 1.532, 1.531, 1.531, 1.531, 1.527, 1.527, 1.526, 1.525, 1.524, 1.523, 1.522, 1.521, 1.52, 1.52, 1.52, 1.52, 1.52, 1.52, 1.52, 1.52, 1.52, 1.52, 1.52, 1.519, 1.518, 1.518, 1.518, 1.519, 1.519, 1.52, 1.52, 1.523, 1.524, 1.524, 1.524, 1.524, 1.524, 1.524, 1.524, 1.524, 1.523, 1.523, 1.524, 1.524, 1.524, 1.524, 1.525, 1.525, 1.526, 1.525, 1.524, 1.523, 1.522, 1.519, 1.518, 1.517, 1.513, 1.513, 1.513, 1.513, 1.513, 1.516, 1.517, 1.518, 1.52, 1.521, 1.523, 1.523, 1.523, 1.523, 1.522, 1.521, 1.52, 1.52, 1.52, 1.521, 1.522, 1.523, 1.524, 1.525, 1.525, 1.525, 1.524, 1.522, 1.52, 1.519, 1.518, 1.517, 1.517, 1.517, 1.518, 1.518, 1.519, 1.519, 1.519, 1.519, 1.518, 1.518, 1.517, 1.516, 1.516, 1.516, 1.516, 1.513, 1.513, 1.513, 1.513, 1.513, 1.512, 1.512, 1.512, 1.512, 1.511, 1.511, 1.51, 1.51, 1.509, 1.508, 1.507, 1.506, 1.506, 1.506, 1.507, 1.507, 1.508, 1.509, 1.51, 1.511, 1.512, 1.516, 1.516, 1.517, 1.518, 1.519, 1.52, 1.52, 1.52, 1.52, 1.52, 1.519, 1.518, 1.517, 1.516, 1.511, 1.51, 1.509, 1.507, 1.505, 1.504, 1.503, 1.503, 1.502, 1.501, 1.501, 1.501, 1.501, 1.502, 1.503, 1.505, 1.505, 1.507, 1.507, 1.508, 1.51, 1.511, 1.511, 1.512, 1.513, 1.513, 1.516, 1.513, 1.513, 1.512, 1.511, 1.51, 1.509, 1.508, 1.507, 1.507, 1.507, 1.507, 1.507, 1.507, 1.507, 1.507, 1.507, 1.507, 1.507, 1.507, 1.506, 1.506, 1.506, 1.505, 1.505, 1.505, 1.505, 1.505, 1.505, 1.505, 1.505, 1.505, 1.505, 1.504, 1.503, 1.502, 1.501, 1.5, 1.499, 1.496, 1.496, 1.496, 1.496, 1.496, 1.496, 1.499, 1.499, 1.5, 1.5, 1.501, 1.501, 1.5, 1.5, 1.499, 1.496, 1.495, 1.494, 1.494, 1.493, 1.492, 1.492, 1.492, 1.493, 1.494, 1.494, 1.495, 1.496, 1.499, 1.499, 1.499, 1.499, 1.499, 1.496, 1.496, 1.495, 1.494, 1.494, 1.493, 1.492, 1.492, 1.492, 1.492, 1.492, 1.492, 1.493, 1.494, 1.495, 1.495, 1.499, 1.499, 1.5, 1.501, 1.501, 1.5, 1.5, 1.5, 1.5, 1.5, 1.5, 1.499, 1.499, 1.499, 1.496, 1.495, 1.494, 1.493, 1.492, 1.491, 1.49, 1.489, 1.488, 1.487, 1.486, 1.486, 1.486, 1.486, 1.486, 1.487, 1.487, 1.487, 1.487, 1.486, 1.485, 1.484, 1.483, 1.482, 1.482, 1.481, 1.48, 1.48, 1.479, 1.478, 1.478, 1.477, 1.476, 1.476, 1.475, 1.475, 1.475, 1.475, 1.475, 1.475, 1.475, 1.476, 1.476, 1.476, 1.476, 1.476, 1.476, 1.476, 1.476, 1.476, 1.476, 1.477, 1.478, 1.478, 1.479, 1.478, 1.478, 1.477, 1.476, 1.475, 1.474, 1.473, 1.472, 1.472, 1.471, 1.471, 1.47, 1.47, 1.47, 1.47, 1.47, 1.471, 1.471, 1.472, 1.473, 1.474, 1.475, 1.476, 1.476, 1.475, 1.474, 1.474, 1.473, 1.472, 1.471, 1.47, 1.47, 1.47, 1.47, 1.468, 1.468, 1.468, 1.466, 1.466, 1.464, 1.464, 1.464, 1.464, 1.464, 1.464, 1.464, 1.464, 1.464, 1.464, 1.464, 1.464, 1.466, 0, 
1.523, 1.527, 1.527, 1.527, 1.531, 1.532, 1.533, 1.534, 1.535, 1.536, 1.537, 1.538, 1.538, 1.542, 1.543, 1.543, 1.543, 1.544, 1.543, 1.542, 1.542, 1.542, 1.539, 1.538, 1.538, 1.537, 1.537, 1.536, 1.536, 1.536, 1.536, 1.537, 1.538, 1.538, 1.539, 1.542, 1.542, 1.542, 1.539, 1.538, 1.537, 1.536, 1.535, 1.534, 1.533, 1.532, 1.531, 1.531, 1.532, 1.532, 1.532, 1.533, 1.533, 1.533, 1.533, 1.533, 1.533, 1.534, 1.534, 1.534, 1.535, 1.535, 1.536, 1.537, 1.537, 1.537, 1.536, 1.536, 1.535, 1.535, 1.534, 1.533, 1.533, 1.533, 1.533, 1.534, 1.535, 1.535, 1.536, 1.536, 1.536, 1.537, 1.536, 1.536, 1.536, 1.535, 1.535, 1.535, 1.535, 1.535, 1.535, 1.535, 1.535, 1.536, 1.537, 1.537, 1.537, 1.536, 1.535, 1.534, 1.533, 1.532, 1.531, 1.531, 1.531, 1.528, 1.527, 1.527, 1.526, 1.525, 1.524, 1.523, 1.522, 1.521, 1.52, 1.52, 1.52, 1.52, 1.52, 1.52, 1.52, 1.52, 1.519, 1.519, 1.519, 1.518, 1.518, 1.518, 1.519, 1.52, 1.521, 1.522, 1.523, 1.524, 1.524, 1.524, 1.524, 1.524, 1.524, 1.524, 1.523, 1.523, 1.522, 1.523, 1.523, 1.524, 1.524, 1.524, 1.525, 1.525, 1.525, 1.524, 1.523, 1.522, 1.52, 1.518, 1.517, 1.516, 1.516, 1.513, 1.513, 1.516, 1.517, 1.518, 1.519, 1.521, 1.522, 1.523, 1.524, 1.524, 1.523, 1.522, 1.521, 1.52, 1.52, 1.52, 1.521, 1.522, 1.523, 1.524, 1.525, 1.525, 1.524, 1.523, 1.522, 1.52, 1.518, 1.517, 1.516, 1.516, 1.517, 1.517, 1.518, 1.518, 1.518, 1.518, 1.518, 1.518, 1.517, 1.516, 1.516, 1.516, 1.516, 1.516, 1.513, 1.513, 1.513, 1.512, 1.512, 1.512, 1.512, 1.511, 1.511, 1.511, 1.511, 1.51, 1.509, 1.508, 1.507, 1.507, 1.506, 1.505, 1.506, 1.506, 1.507, 1.508, 1.509, 1.51, 1.511, 1.512, 1.516, 1.516, 1.517, 1.518, 1.519, 1.52, 1.52, 1.52, 1.52, 1.519, 1.518, 1.517, 1.517, 1.516, 1.511, 1.51, 1.509, 1.507, 1.505, 1.504, 1.503, 1.503, 1.502, 1.501, 1.501, 1.501, 1.501, 1.502, 1.503, 1.504, 1.505, 1.507, 1.507, 1.509, 1.51, 1.511, 1.512, 1.512, 1.516, 1.516, 1.516, 1.516, 1.513, 1.512, 1.511, 1.51, 1.509, 1.508, 1.507, 1.507, 1.507, 1.507, 1.506, 1.507, 1.507, 1.507, 1.507, 1.507, 1.506, 1.506, 1.506, 1.505, 1.505, 1.505, 1.505, 1.505, 1.505, 1.505, 1.505, 1.505, 1.505, 1.505, 1.505, 1.504, 1.503, 1.503, 1.501, 1.5, 1.5, 1.499, 1.496, 1.496, 1.496, 1.496, 1.496, 1.499, 1.499, 1.5, 1.501, 1.501, 1.501, 1.501, 1.5, 1.499, 1.496, 1.496, 1.495, 1.494, 1.493, 1.493, 1.492, 1.493, 1.494, 1.494, 1.495, 1.495, 1.496, 1.499, 1.499, 1.499, 1.499, 1.499, 1.499, 1.496, 1.496, 1.495, 1.494, 1.493, 1.493, 1.492, 1.492, 1.492, 1.492, 1.493, 1.493, 1.494, 1.495, 1.496, 1.499, 1.5, 1.501, 1.501, 1.501, 1.501, 1.501, 1.501, 1.501, 1.501, 1.501, 1.5, 1.5, 1.499, 1.496, 1.496, 1.495, 1.494, 1.492, 1.491, 1.49, 1.489, 1.488, 1.487, 1.486, 1.486, 1.486, 1.486, 1.487, 1.487, 1.488, 1.488, 1.487, 1.486, 1.485, 1.484, 1.483, 1.482, 1.481, 1.48, 1.48, 1.479, 1.479, 1.478, 1.478, 1.478, 1.477, 1.476, 1.476, 1.476, 1.476, 1.476, 1.476, 1.476, 1.476, 1.476, 1.476, 1.477, 1.477, 1.477, 1.477, 1.476, 1.476, 1.476, 1.476, 1.477, 1.478, 1.478, 1.479, 1.478, 1.477, 1.476, 1.475, 1.474, 1.474, 1.473, 1.472, 1.472, 1.472, 1.471, 1.471, 1.47, 1.47, 1.47, 1.471, 1.471, 1.472, 1.472, 1.473, 1.474, 1.475, 1.475, 1.475, 1.474, 1.474, 1.473, 1.472, 1.472, 1.471, 1.47, 1.47, 1.47, 1.47, 1.468, 1.468, 1.466, 1.466, 1.464, 1.464, 1.462, 1.462, 1.462, 1.462, 1.464, 1.462, 1.462, 1.462, 1.462, 1.462, 1.462, 1.466, 0, 
1.531, 1.531, 1.532, 1.532, 1.535, 1.535, 1.534, 1.537, 1.537, 1.537, 1.538, 1.538, 1.543, 1.543, 1.543, 1.544, 1.544, 1.544, 1.544, 1.543, 1.542, 1.542, 1.539, 1.539, 1.538, 1.537, 1.537, 1.536, 1.535, 1.535, 1.536, 1.537, 1.537, 1.538, 1.538, 1.539, 1.539, 1.542, 1.539, 1.538, 1.537, 1.536, 1.535, 1.534, 1.534, 1.533, 1.532, 1.532, 1.532, 1.533, 1.533, 1.533, 1.533, 1.534, 1.534, 1.534, 1.534, 1.535, 1.535, 1.535, 1.535, 1.536, 1.536, 1.536, 1.536, 1.536, 1.536, 1.535, 1.535, 1.534, 1.533, 1.533, 1.533, 1.533, 1.533, 1.534, 1.535, 1.535, 1.536, 1.537, 1.537, 1.537, 1.537, 1.537, 1.536, 1.536, 1.535, 1.535, 1.535, 1.535, 1.535, 1.535, 1.535, 1.536, 1.536, 1.536, 1.536, 1.535, 1.535, 1.533, 1.533, 1.532, 1.531, 1.531, 1.531, 1.531, 1.528, 1.528, 1.527, 1.526, 1.525, 1.524, 1.523, 1.522, 1.52, 1.52, 1.52, 1.52, 1.519, 1.519, 1.519, 1.519, 1.518, 1.518, 1.518, 1.518, 1.518, 1.518, 1.519, 1.52, 1.522, 1.523, 1.524, 1.525, 1.525, 1.525, 1.524, 1.524, 1.524, 1.523, 1.522, 1.522, 1.522, 1.522, 1.522, 1.523, 1.524, 1.524, 1.524, 1.524, 1.524, 1.524, 1.523, 1.521, 1.52, 1.518, 1.518, 1.517, 1.516, 1.516, 1.516, 1.516, 1.517, 1.518, 1.52, 1.521, 1.523, 1.524, 1.524, 1.524, 1.523, 1.522, 1.521, 1.52, 1.52, 1.52, 1.521, 1.522, 1.523, 1.524, 1.525, 1.525, 1.524, 1.523, 1.522, 1.52, 1.517, 1.516, 1.516, 1.516, 1.516, 1.516, 1.517, 1.517, 1.518, 1.518, 1.518, 1.518, 1.517, 1.516, 1.516, 1.516, 1.516, 1.513, 1.513, 1.513, 1.512, 1.512, 1.511, 1.511, 1.511, 1.511, 1.511, 1.511, 1.511, 1.51, 1.509, 1.508, 1.507, 1.507, 1.506, 1.505, 1.505, 1.506, 1.507, 1.507, 1.509, 1.51, 1.511, 1.512, 1.516, 1.516, 1.517, 1.518, 1.519, 1.52, 1.52, 1.52, 1.52, 1.519, 1.518, 1.517, 1.516, 1.512, 1.511, 1.511, 1.508, 1.507, 1.505, 1.504, 1.503, 1.503, 1.502, 1.501, 1.501, 1.501, 1.501, 1.502, 1.503, 1.504, 1.505, 1.507, 1.507, 1.509, 1.51, 1.511, 1.512, 1.513, 1.516, 1.516, 1.516, 1.516, 1.513, 1.512, 1.511, 1.51, 1.509, 1.508, 1.507, 1.506, 1.506, 1.506, 1.506, 1.506, 1.506, 1.506, 1.506, 1.506, 1.506, 1.505, 1.505, 1.505, 1.505, 1.505, 1.505, 1.505, 1.505, 1.505, 1.505, 1.505, 1.505, 1.505, 1.505, 1.505, 1.504, 1.503, 1.502, 1.501, 1.5, 1.499, 1.499, 1.496, 1.496, 1.496, 1.499, 1.499, 1.5, 1.5, 1.501, 1.501, 1.501, 1.501, 1.5, 1.5, 1.499, 1.496, 1.495, 1.494, 1.494, 1.494, 1.493, 1.493, 1.494, 1.494, 1.495, 1.496, 1.499, 1.499, 1.499, 1.499, 1.499, 1.499, 1.499, 1.499, 1.496, 1.495, 1.494, 1.494, 1.493, 1.493, 1.493, 1.493, 1.493, 1.493, 1.494, 1.495, 1.495, 1.496, 1.499, 1.5, 1.501, 1.502, 1.502, 1.502, 1.502, 1.502, 1.502, 1.502, 1.501, 1.501, 1.5, 1.499, 1.499, 1.496, 1.495, 1.494, 1.492, 1.492, 1.49, 1.489, 1.488, 1.487, 1.486, 1.486, 1.486, 1.487, 1.487, 1.488, 1.488, 1.487, 1.487, 1.486, 1.484, 1.483, 1.482, 1.481, 1.48, 1.479, 1.479, 1.478, 1.478, 1.478, 1.478, 1.478, 1.478, 1.477, 1.476, 1.476, 1.476, 1.476, 1.476, 1.476, 1.477, 1.477, 1.477, 1.478, 1.478, 1.478, 1.477, 1.476, 1.476, 1.476, 1.476, 1.477, 1.478, 1.478, 1.478, 1.478, 1.477, 1.476, 1.475, 1.474, 1.473, 1.472, 1.472, 1.472, 1.472, 1.472, 1.471, 1.471, 1.471, 1.471, 1.471, 1.472, 1.472, 1.473, 1.474, 1.474, 1.474, 1.474, 1.474, 1.473, 1.472, 1.472, 1.472, 1.471, 1.47, 1.47, 1.47, 1.47, 1.47, 1.468, 1.466, 1.466, 1.464, 1.464, 1.462, 1.462, 1.462, 1.462, 1.462, 1.462, 1.46, 1.46, 1.46, 1.46, 1.46, 1.46, 1.466, 0, 
1.532, 1.535, 1.537, 1.537, 1.537, 1.539, 1.539, 1.538, 1.538, 1.538, 1.542, 1.542, 1.543, 1.544, 1.544, 1.544, 1.544, 1.544, 1.544, 1.543, 1.542, 1.542, 1.542, 1.539, 1.538, 1.537, 1.537, 1.536, 1.535, 1.535, 1.535, 1.536, 1.537, 1.537, 1.538, 1.539, 1.539, 1.539, 1.539, 1.538, 1.537, 1.537, 1.536, 1.535, 1.534, 1.533, 1.533, 1.533, 1.533, 1.533, 1.534, 1.534, 1.534, 1.535, 1.535, 1.535, 1.535, 1.535, 1.535, 1.535, 1.536, 1.536, 1.536, 1.535, 1.535, 1.535, 1.535, 1.534, 1.534, 1.533, 1.533, 1.533, 1.533, 1.533, 1.533, 1.534, 1.535, 1.535, 1.536, 1.537, 1.537, 1.537, 1.537, 1.537, 1.537, 1.536, 1.536, 1.535, 1.535, 1.535, 1.535, 1.535, 1.535, 1.535, 1.536, 1.536, 1.536, 1.535, 1.534, 1.533, 1.532, 1.531, 1.531, 1.531, 1.531, 1.531, 1.531, 1.531, 1.531, 1.527, 1.526, 1.525, 1.524, 1.523, 1.52, 1.52, 1.519, 1.519, 1.519, 1.518, 1.518, 1.518, 1.518, 1.518, 1.518, 1.518, 1.518, 1.518, 1.519, 1.52, 1.522, 1.523, 1.524, 1.525, 1.525, 1.525, 1.524, 1.524, 1.523, 1.522, 1.522, 1.521, 1.521, 1.521, 1.522, 1.522, 1.523, 1.523, 1.524, 1.524, 1.524, 1.523, 1.522, 1.521, 1.52, 1.518, 1.517, 1.516, 1.516, 1.516, 1.516, 1.517, 1.518, 1.519, 1.52, 1.522, 1.523, 1.524, 1.524, 1.524, 1.523, 1.522, 1.521, 1.52, 1.52, 1.52, 1.52, 1.521, 1.524, 1.524, 1.524, 1.524, 1.523, 1.522, 1.521, 1.52, 1.516, 1.516, 1.516, 1.516, 1.516, 1.516, 1.516, 1.516, 1.517, 1.517, 1.517, 1.517, 1.517, 1.516, 1.516, 1.516, 1.516, 1.513, 1.513, 1.513, 1.512, 1.511, 1.511, 1.511, 1.511, 1.511, 1.511, 1.511, 1.51, 1.509, 1.509, 1.508, 1.507, 1.507, 1.506, 1.505, 1.505, 1.506, 1.507, 1.507, 1.508, 1.509, 1.511, 1.512, 1.516, 1.516, 1.517, 1.518, 1.519, 1.52, 1.52, 1.52, 1.52, 1.519, 1.518, 1.517, 1.516, 1.512, 1.511, 1.511, 1.507, 1.506, 1.505, 1.504, 1.503, 1.503, 1.502, 1.501, 1.501, 1.501, 1.501, 1.502, 1.503, 1.504, 1.505, 1.506, 1.507, 1.51, 1.511, 1.511, 1.512, 1.516, 1.516, 1.516, 1.516, 1.516, 1.513, 1.512, 1.511, 1.51, 1.509, 1.508, 1.507, 1.506, 1.505, 1.505, 1.505, 1.505, 1.505, 1.505, 1.505, 1.505, 1.505, 1.505, 1.505, 1.505, 1.505, 1.505, 1.505, 1.505, 1.505, 1.505, 1.505, 1.505, 1.505, 1.505, 1.505, 1.505, 1.504, 1.503, 1.502, 1.501, 1.501, 1.5, 1.499, 1.499, 1.499, 1.499, 1.499, 1.5, 1.5, 1.501, 1.501, 1.502, 1.502, 1.501, 1.501, 1.5, 1.5, 1.499, 1.495, 1.495, 1.495, 1.494, 1.494, 1.494, 1.494, 1.495, 1.496, 1.496, 1.499, 1.499, 1.5, 1.5, 1.499, 1.499, 1.499, 1.499, 1.496, 1.496, 1.495, 1.494, 1.494, 1.494, 1.494, 1.494, 1.494, 1.494, 1.495, 1.495, 1.496, 1.499, 1.5, 1.501, 1.501, 1.502, 1.503, 1.503, 1.503, 1.503, 1.503, 1.502, 1.501, 1.501, 1.5, 1.499, 1.499, 1.496, 1.495, 1.494, 1.493, 1.492, 1.49, 1.489, 1.488, 1.488, 1.487, 1.487, 1.487, 1.487, 1.488, 1.488, 1.488, 1.487, 1.486, 1.485, 1.484, 1.482, 1.481, 1.48, 1.479, 1.478, 1.478, 1.478, 1.478, 1.478, 1.479, 1.479, 1.478, 1.478, 1.477, 1.477, 1.476, 1.476, 1.477, 1.477, 1.478, 1.478, 1.478, 1.478, 1.478, 1.478, 1.477, 1.477, 1.476, 1.476, 1.476, 1.477, 1.478, 1.478, 1.478, 1.477, 1.476, 1.475, 1.474, 1.474, 1.473, 1.472, 1.472, 1.472, 1.472, 1.472, 1.472, 1.472, 1.472, 1.472, 1.472, 1.472, 1.473, 1.473, 1.474, 1.474, 1.474, 1.473, 1.473, 1.472, 1.472, 1.471, 1.471, 1.47, 1.47, 1.47, 1.47, 1.47, 1.47, 1.468, 1.466, 1.466, 1.464, 1.464, 1.462, 1.462, 1.462, 1.462, 1.462, 1.462, 1.46, 1.46, 1.46, 1.46, 1.46, 1.46, 1.466, 0, 
1.538, 1.538, 1.538, 1.543, 1.543, 1.543, 1.543, 1.543, 1.543, 1.543, 1.543, 1.542, 1.545, 1.545, 1.545, 1.545, 1.545, 1.545, 1.544, 1.544, 1.543, 1.542, 1.542, 1.539, 1.538, 1.537, 1.537, 1.536, 1.535, 1.535, 1.535, 1.536, 1.537, 1.537, 1.538, 1.538, 1.539, 1.539, 1.539, 1.538, 1.537, 1.537, 1.536, 1.535, 1.535, 1.534, 1.533, 1.533, 1.534, 1.534, 1.534, 1.535, 1.535, 1.535, 1.535, 1.536, 1.536, 1.536, 1.536, 1.536, 1.536, 1.536, 1.535, 1.535, 1.535, 1.534, 1.534, 1.533, 1.533, 1.533, 1.533, 1.533, 1.533, 1.533, 1.533, 1.534, 1.535, 1.535, 1.536, 1.537, 1.537, 1.537, 1.537, 1.537, 1.537, 1.537, 1.536, 1.536, 1.535, 1.535, 1.535, 1.535, 1.535, 1.535, 1.535, 1.535, 1.535, 1.535, 1.534, 1.533, 1.532, 1.531, 1.531, 1.531, 1.531, 1.531, 1.531, 1.531, 1.531, 1.531, 1.527, 1.526, 1.525, 1.524, 1.52, 1.52, 1.519, 1.518, 1.518, 1.518, 1.518, 1.518, 1.518, 1.518, 1.518, 1.518, 1.518, 1.518, 1.519, 1.52, 1.522, 1.523, 1.524, 1.525, 1.525, 1.525, 1.524, 1.524, 1.523, 1.522, 1.521, 1.52, 1.52, 1.52, 1.52, 1.521, 1.522, 1.522, 1.523, 1.523, 1.523, 1.522, 1.521, 1.52, 1.519, 1.518, 1.517, 1.516, 1.516, 1.516, 1.516, 1.517, 1.518, 1.519, 1.52, 1.523, 1.524, 1.524, 1.524, 1.524, 1.523, 1.522, 1.521, 1.52, 1.52, 1.52, 1.52, 1.52, 1.524, 1.524, 1.524, 1.524, 1.523, 1.522, 1.52, 1.518, 1.517, 1.516, 1.513, 1.513, 1.513, 1.516, 1.516, 1.516, 1.516, 1.516, 1.516, 1.516, 1.516, 1.516, 1.516, 1.516, 1.516, 1.513, 1.513, 1.512, 1.511, 1.511, 1.511, 1.511, 1.511, 1.511, 1.511, 1.511, 1.51, 1.509, 1.509, 1.508, 1.507, 1.507, 1.506, 1.506, 1.505, 1.506, 1.507, 1.507, 1.508, 1.509, 1.511, 1.512, 1.516, 1.517, 1.518, 1.519, 1.52, 1.52, 1.52, 1.52, 1.519, 1.518, 1.517, 1.516, 1.516, 1.511, 1.511, 1.51, 1.507, 1.506, 1.505, 1.504, 1.503, 1.503, 1.502, 1.501, 1.501, 1.501, 1.501, 1.502, 1.503, 1.504, 1.505, 1.507, 1.507, 1.511, 1.511, 1.512, 1.512, 1.516, 1.516, 1.516, 1.516, 1.516, 1.513, 1.512, 1.511, 1.51, 1.509, 1.507, 1.507, 1.506, 1.505, 1.505, 1.505, 1.505, 1.505, 1.505, 1.505, 1.505, 1.505, 1.505, 1.505, 1.505, 1.505, 1.505, 1.505, 1.505, 1.505, 1.505, 1.505, 1.505, 1.505, 1.505, 1.505, 1.505, 1.505, 1.504, 1.503, 1.502, 1.501, 1.501, 1.5, 1.5, 1.5, 1.5, 1.5, 1.5, 1.501, 1.501, 1.502, 1.502, 1.503, 1.502, 1.501, 1.501, 1.5, 1.499, 1.496, 1.496, 1.495, 1.495, 1.495, 1.495, 1.495, 1.496, 1.496, 1.499, 1.499, 1.5, 1.5, 1.5, 1.499, 1.499, 1.499, 1.499, 1.496, 1.496, 1.496, 1.495, 1.495, 1.494, 1.494, 1.494, 1.494, 1.495, 1.495, 1.496, 1.496, 1.499, 1.5, 1.501, 1.502, 1.502, 1.503, 1.503, 1.503, 1.503, 1.503, 1.502, 1.501, 1.501, 1.5, 1.499, 1.499, 1.496, 1.495, 1.494, 1.493, 1.492, 1.491, 1.49, 1.489, 1.488, 1.488, 1.488, 1.488, 1.488, 1.488, 1.488, 1.487, 1.487, 1.486, 1.484, 1.483, 1.482, 1.48, 1.479, 1.478, 1.478, 1.478, 1.478, 1.478, 1.478, 1.479, 1.479, 1.479, 1.478, 1.478, 1.478, 1.477, 1.477, 1.477, 1.478, 1.478, 1.478, 1.478, 1.478, 1.478, 1.478, 1.477, 1.476, 1.476, 1.476, 1.476, 1.477, 1.478, 1.478, 1.478, 1.477, 1.476, 1.475, 1.474, 1.474, 1.473, 1.472, 1.472, 1.472, 1.472, 1.472, 1.472, 1.472, 1.472, 1.472, 1.472, 1.473, 1.473, 1.474, 1.474, 1.474, 1.473, 1.473, 1.472, 1.472, 1.471, 1.471, 1.47, 1.47, 1.47, 1.47, 1.47, 1.47, 1.47, 1.468, 1.466, 1.466, 1.464, 1.462, 1.462, 1.462, 1.462, 1.462, 1.462, 1.46, 1.46, 1.46, 1.46, 1.458, 1.458, 1.458, 1.466, 0, 
1.543, 1.543, 1.544, 1.544, 1.544, 1.544, 1.544, 1.544, 1.544, 1.544, 1.544, 1.546, 1.546, 1.546, 1.546, 1.546, 1.546, 1.545, 1.545, 1.544, 1.543, 1.542, 1.542, 1.542, 1.538, 1.537, 1.537, 1.536, 1.535, 1.535, 1.535, 1.535, 1.536, 1.537, 1.537, 1.538, 1.539, 1.539, 1.539, 1.538, 1.537, 1.537, 1.536, 1.535, 1.535, 1.534, 1.533, 1.533, 1.534, 1.534, 1.535, 1.535, 1.535, 1.536, 1.536, 1.537, 1.537, 1.537, 1.537, 1.537, 1.536, 1.535, 1.535, 1.534, 1.534, 1.533, 1.533, 1.533, 1.532, 1.532, 1.532, 1.532, 1.532, 1.533, 1.533, 1.534, 1.535, 1.535, 1.536, 1.537, 1.537, 1.537, 1.537, 1.537, 1.537, 1.537, 1.537, 1.536, 1.535, 1.535, 1.535, 1.535, 1.535, 1.535, 1.535, 1.535, 1.535, 1.534, 1.533, 1.533, 1.532, 1.531, 1.531, 1.531, 1.531, 1.531, 1.531, 1.531, 1.531, 1.531, 1.527, 1.526, 1.525, 1.524, 1.52, 1.52, 1.519, 1.518, 1.518, 1.517, 1.517, 1.517, 1.517, 1.517, 1.517, 1.518, 1.518, 1.518, 1.519, 1.52, 1.522, 1.523, 1.524, 1.525, 1.525, 1.524, 1.524, 1.523, 1.522, 1.521, 1.52, 1.52, 1.52, 1.52, 1.52, 1.52, 1.52, 1.521, 1.522, 1.522, 1.521, 1.521, 1.52, 1.519, 1.518, 1.517, 1.516, 1.516, 1.516, 1.516, 1.516, 1.517, 1.518, 1.519, 1.52, 1.524, 1.524, 1.524, 1.524, 1.523, 1.522, 1.521, 1.52, 1.52, 1.52, 1.52, 1.52, 1.52, 1.523, 1.523, 1.524, 1.523, 1.522, 1.521, 1.52, 1.517, 1.516, 1.513, 1.513, 1.513, 1.513, 1.513, 1.513, 1.516, 1.516, 1.516, 1.516, 1.516, 1.516, 1.516, 1.516, 1.516, 1.516, 1.513, 1.513, 1.512, 1.511, 1.511, 1.511, 1.511, 1.511, 1.511, 1.511, 1.511, 1.51, 1.51, 1.509, 1.508, 1.507, 1.507, 1.507, 1.506, 1.506, 1.506, 1.507, 1.507, 1.508, 1.509, 1.511, 1.512, 1.516, 1.517, 1.518, 1.519, 1.52, 1.52, 1.52, 1.519, 1.518, 1.517, 1.516, 1.516, 1.512, 1.511, 1.51, 1.509, 1.507, 1.507, 1.505, 1.504, 1.503, 1.503, 1.502, 1.501, 1.501, 1.501, 1.501, 1.502, 1.503, 1.505, 1.505, 1.507, 1.508, 1.511, 1.511, 1.512, 1.513, 1.516, 1.516, 1.516, 1.516, 1.516, 1.512, 1.512, 1.511, 1.509, 1.508, 1.507, 1.506, 1.505, 1.505, 1.505, 1.505, 1.505, 1.505, 1.505, 1.505, 1.505, 1.505, 1.505, 1.505, 1.505, 1.505, 1.505, 1.505, 1.505, 1.505, 1.506, 1.506, 1.506, 1.506, 1.506, 1.505, 1.505, 1.505, 1.504, 1.504, 1.503, 1.502, 1.502, 1.501, 1.501, 1.501, 1.501, 1.501, 1.501, 1.501, 1.502, 1.502, 1.503, 1.503, 1.503, 1.502, 1.501, 1.5, 1.5, 1.499, 1.496, 1.496, 1.496, 1.496, 1.496, 1.496, 1.496, 1.499, 1.5, 1.5, 1.5, 1.501, 1.5, 1.5, 1.499, 1.499, 1.499, 1.496, 1.496, 1.496, 1.496, 1.495, 1.495, 1.495, 1.495, 1.495, 1.495, 1.496, 1.499, 1.5, 1.5, 1.501, 1.501, 1.502, 1.503, 1.503, 1.503, 1.503, 1.503, 1.503, 1.502, 1.501, 1.5, 1.5, 1.499, 1.499, 1.496, 1.496, 1.495, 1.494, 1.492, 1.491, 1.49, 1.49, 1.489, 1.488, 1.488, 1.488, 1.488, 1.488, 1.488, 1.487, 1.486, 1.485, 1.484, 1.482, 1.481, 1.479, 1.478, 1.477, 1.477, 1.477, 1.477, 1.477, 1.478, 1.479, 1.479, 1.48, 1.479, 1.479, 1.478, 1.478, 1.478, 1.478, 1.478, 1.479, 1.479, 1.479, 1.479, 1.478, 1.478, 1.477, 1.476, 1.476, 1.476, 1.476, 1.477, 1.477, 1.477, 1.477, 1.476, 1.475, 1.474, 1.474, 1.473, 1.472, 1.472, 1.472, 1.472, 1.472, 1.472, 1.472, 1.472, 1.472, 1.472, 1.472, 1.473, 1.474, 1.474, 1.474, 1.473, 1.472, 1.472, 1.471, 1.471, 1.468, 1.468, 1.47, 1.47, 1.47, 1.47, 1.47, 1.47, 1.47, 1.468, 1.466, 1.466, 1.464, 1.462, 1.462, 1.462, 1.46, 1.46, 1.46, 1.46, 1.458, 1.458, 1.458, 1.456, 1.456, 1.458, 1.466, 0, 
1.544, 1.544, 1.546, 1.546, 1.546, 1.546, 1.545, 1.545, 1.545, 1.545, 1.546, 1.546, 1.547, 1.547, 1.547, 1.547, 1.546, 1.546, 1.545, 1.544, 1.544, 1.543, 1.542, 1.542, 1.538, 1.538, 1.537, 1.536, 1.535, 1.535, 1.535, 1.535, 1.536, 1.537, 1.537, 1.538, 1.538, 1.539, 1.539, 1.538, 1.537, 1.537, 1.536, 1.535, 1.534, 1.534, 1.533, 1.533, 1.533, 1.534, 1.534, 1.535, 1.535, 1.536, 1.537, 1.537, 1.537, 1.537, 1.537, 1.537, 1.536, 1.535, 1.534, 1.533, 1.533, 1.532, 1.532, 1.532, 1.532, 1.531, 1.531, 1.531, 1.532, 1.532, 1.533, 1.534, 1.535, 1.535, 1.536, 1.537, 1.537, 1.538, 1.538, 1.538, 1.537, 1.537, 1.537, 1.536, 1.535, 1.535, 1.535, 1.535, 1.535, 1.535, 1.535, 1.535, 1.535, 1.534, 1.533, 1.533, 1.532, 1.531, 1.528, 1.528, 1.531, 1.531, 1.531, 1.531, 1.532, 1.532, 1.531, 1.527, 1.525, 1.524, 1.522, 1.52, 1.519, 1.518, 1.518, 1.517, 1.516, 1.516, 1.516, 1.517, 1.517, 1.517, 1.517, 1.518, 1.519, 1.52, 1.522, 1.523, 1.524, 1.525, 1.525, 1.524, 1.524, 1.523, 1.522, 1.521, 1.52, 1.519, 1.519, 1.519, 1.519, 1.519, 1.52, 1.52, 1.52, 1.52, 1.52, 1.519, 1.518, 1.518, 1.517, 1.516, 1.516, 1.516, 1.516, 1.516, 1.516, 1.517, 1.518, 1.519, 1.52, 1.524, 1.524, 1.524, 1.524, 1.523, 1.522, 1.521, 1.52, 1.52, 1.52, 1.52, 1.52, 1.52, 1.522, 1.523, 1.523, 1.523, 1.522, 1.52, 1.519, 1.516, 1.516, 1.513, 1.513, 1.513, 1.512, 1.512, 1.513, 1.513, 1.513, 1.513, 1.516, 1.516, 1.516, 1.516, 1.516, 1.516, 1.513, 1.513, 1.512, 1.512, 1.511, 1.51, 1.51, 1.51, 1.51, 1.51, 1.51, 1.511, 1.511, 1.51, 1.509, 1.509, 1.508, 1.507, 1.507, 1.507, 1.507, 1.507, 1.507, 1.507, 1.508, 1.509, 1.51, 1.511, 1.516, 1.517, 1.518, 1.519, 1.52, 1.52, 1.519, 1.518, 1.518, 1.517, 1.516, 1.512, 1.512, 1.511, 1.51, 1.509, 1.507, 1.507, 1.505, 1.504, 1.503, 1.503, 1.502, 1.501, 1.501, 1.501, 1.501, 1.502, 1.503, 1.505, 1.506, 1.507, 1.509, 1.51, 1.511, 1.512, 1.512, 1.513, 1.516, 1.516, 1.516, 1.516, 1.512, 1.511, 1.51, 1.509, 1.508, 1.507, 1.506, 1.505, 1.505, 1.505, 1.505, 1.505, 1.505, 1.505, 1.505, 1.505, 1.505, 1.505, 1.505, 1.505, 1.505, 1.505, 1.505, 1.505, 1.506, 1.506, 1.507, 1.507, 1.507, 1.506, 1.506, 1.506, 1.505, 1.505, 1.505, 1.504, 1.503, 1.503, 1.503, 1.502, 1.502, 1.501, 1.501, 1.501, 1.502, 1.502, 1.503, 1.503, 1.503, 1.503, 1.502, 1.501, 1.501, 1.5, 1.5, 1.499, 1.499, 1.499, 1.499, 1.499, 1.499, 1.499, 1.5, 1.5, 1.501, 1.501, 1.501, 1.501, 1.5, 1.5, 1.499, 1.499, 1.499, 1.496, 1.496, 1.496, 1.496, 1.496, 1.496, 1.496, 1.496, 1.496, 1.499, 1.5, 1.5, 1.501, 1.501, 1.502, 1.503, 1.503, 1.503, 1.503, 1.503, 1.503, 1.502, 1.502, 1.501, 1.5, 1.499, 1.499, 1.499, 1.496, 1.496, 1.495, 1.494, 1.493, 1.492, 1.491, 1.49, 1.489, 1.488, 1.488, 1.488, 1.488, 1.488, 1.487, 1.486, 1.485, 1.484, 1.483, 1.482, 1.48, 1.478, 1.478, 1.477, 1.476, 1.476, 1.476, 1.477, 1.478, 1.478, 1.479, 1.48, 1.48, 1.479, 1.479, 1.478, 1.478, 1.478, 1.479, 1.479, 1.48, 1.48, 1.479, 1.478, 1.478, 1.477, 1.476, 1.476, 1.476, 1.476, 1.476, 1.476, 1.476, 1.476, 1.475, 1.475, 1.474, 1.474, 1.473, 1.472, 1.472, 1.472, 1.472, 1.472, 1.472, 1.472, 1.472, 1.472, 1.472, 1.473, 1.473, 1.474, 1.474, 1.473, 1.472, 1.472, 1.471, 1.471, 1.468, 1.468, 1.468, 1.468, 1.47, 1.47, 1.47, 1.47, 1.47, 1.47, 1.468, 1.466, 1.466, 1.464, 1.462, 1.462, 1.462, 1.46, 1.46, 1.46, 1.46, 1.458, 1.458, 1.458, 1.456, 1.456, 1.456, 1.466, 0, 
1.547, 1.547, 1.547, 1.547, 1.547, 1.547, 1.547, 1.546, 1.546, 1.546, 1.546, 1.547, 1.548, 1.548, 1.548, 1.547, 1.547, 1.546, 1.545, 1.544, 1.544, 1.543, 1.542, 1.542, 1.539, 1.538, 1.537, 1.536, 1.535, 1.535, 1.535, 1.535, 1.535, 1.536, 1.537, 1.537, 1.538, 1.539, 1.539, 1.538, 1.537, 1.537, 1.535, 1.534, 1.534, 1.533, 1.533, 1.533, 1.533, 1.533, 1.534, 1.535, 1.535, 1.536, 1.537, 1.537, 1.537, 1.537, 1.537, 1.537, 1.536, 1.535, 1.534, 1.533, 1.532, 1.532, 1.528, 1.528, 1.528, 1.528, 1.528, 1.528, 1.531, 1.532, 1.533, 1.533, 1.534, 1.535, 1.536, 1.537, 1.537, 1.538, 1.538, 1.538, 1.537, 1.537, 1.537, 1.536, 1.535, 1.534, 1.534, 1.534, 1.534, 1.534, 1.535, 1.535, 1.535, 1.534, 1.533, 1.533, 1.532, 1.528, 1.528, 1.528, 1.528, 1.528, 1.531, 1.531, 1.532, 1.532, 1.532, 1.531, 1.526, 1.525, 1.524, 1.52, 1.519, 1.518, 1.518, 1.517, 1.516, 1.516, 1.516, 1.516, 1.516, 1.516, 1.517, 1.518, 1.519, 1.52, 1.522, 1.523, 1.524, 1.525, 1.525, 1.524, 1.524, 1.523, 1.522, 1.521, 1.52, 1.519, 1.518, 1.518, 1.518, 1.518, 1.519, 1.519, 1.519, 1.519, 1.519, 1.518, 1.517, 1.517, 1.516, 1.516, 1.516, 1.516, 1.516, 1.516, 1.516, 1.517, 1.518, 1.52, 1.521, 1.524, 1.524, 1.524, 1.524, 1.523, 1.522, 1.52, 1.52, 1.52, 1.52, 1.52, 1.52, 1.52, 1.521, 1.522, 1.522, 1.521, 1.52, 1.519, 1.518, 1.517, 1.513, 1.513, 1.512, 1.512, 1.512, 1.512, 1.512, 1.512, 1.512, 1.513, 1.513, 1.513, 1.516, 1.516, 1.516, 1.516, 1.513, 1.513, 1.512, 1.511, 1.511, 1.51, 1.509, 1.509, 1.509, 1.509, 1.51, 1.51, 1.511, 1.51, 1.51, 1.509, 1.509, 1.508, 1.507, 1.507, 1.507, 1.507, 1.507, 1.507, 1.508, 1.509, 1.51, 1.511, 1.516, 1.517, 1.518, 1.519, 1.52, 1.519, 1.519, 1.518, 1.517, 1.516, 1.513, 1.512, 1.511, 1.511, 1.51, 1.509, 1.507, 1.507, 1.505, 1.504, 1.503, 1.503, 1.502, 1.501, 1.501, 1.501, 1.501, 1.502, 1.503, 1.505, 1.506, 1.507, 1.509, 1.51, 1.511, 1.511, 1.512, 1.513, 1.516, 1.516, 1.516, 1.513, 1.512, 1.511, 1.51, 1.509, 1.507, 1.506, 1.506, 1.505, 1.505, 1.504, 1.504, 1.505, 1.505, 1.505, 1.505, 1.505, 1.505, 1.505, 1.505, 1.505, 1.505, 1.505, 1.505, 1.505, 1.506, 1.507, 1.507, 1.507, 1.507, 1.507, 1.507, 1.507, 1.506, 1.506, 1.506, 1.505, 1.505, 1.504, 1.504, 1.503, 1.502, 1.502, 1.502, 1.502, 1.502, 1.503, 1.503, 1.502, 1.502, 1.502, 1.502, 1.501, 1.501, 1.501, 1.5, 1.499, 1.499, 1.499, 1.499, 1.499, 1.5, 1.5, 1.5, 1.501, 1.501, 1.501, 1.501, 1.501, 1.501, 1.5, 1.5, 1.499, 1.499, 1.499, 1.499, 1.496, 1.496, 1.496, 1.496, 1.496, 1.499, 1.5, 1.5, 1.5, 1.501, 1.502, 1.502, 1.502, 1.503, 1.503, 1.503, 1.503, 1.503, 1.502, 1.502, 1.501, 1.501, 1.5, 1.499, 1.499, 1.499, 1.496, 1.496, 1.495, 1.494, 1.493, 1.492, 1.491, 1.49, 1.49, 1.489, 1.488, 1.488, 1.488, 1.487, 1.487, 1.486, 1.485, 1.484, 1.482, 1.481, 1.479, 1.478, 1.477, 1.476, 1.476, 1.476, 1.476, 1.477, 1.478, 1.478, 1.479, 1.48, 1.48, 1.48, 1.479, 1.479, 1.479, 1.479, 1.479, 1.48, 1.48, 1.48, 1.479, 1.478, 1.478, 1.477, 1.476, 1.476, 1.476, 1.476, 1.476, 1.476, 1.476, 1.475, 1.475, 1.474, 1.474, 1.473, 1.472, 1.472, 1.472, 1.472, 1.472, 1.472, 1.472, 1.472, 1.472, 1.472, 1.472, 1.473, 1.473, 1.474, 1.473, 1.472, 1.472, 1.471, 1.47, 1.47, 1.468, 1.468, 1.468, 1.468, 1.468, 1.47, 1.47, 1.47, 1.47, 1.47, 1.468, 1.466, 1.466, 1.464, 1.462, 1.462, 1.462, 1.462, 1.462, 1.46, 1.46, 1.458, 1.458, 1.458, 1.456, 1.456, 1.456, 1.466, 0, 
1.547, 1.551, 1.551, 1.551, 1.551, 1.551, 1.551, 1.547, 1.547, 1.547, 1.547, 1.551, 1.551, 1.548, 1.547, 1.547, 1.546, 1.546, 1.545, 1.544, 1.543, 1.542, 1.542, 1.542, 1.538, 1.537, 1.536, 1.535, 1.535, 1.534, 1.534, 1.534, 1.535, 1.536, 1.537, 1.537, 1.538, 1.538, 1.539, 1.538, 1.537, 1.537, 1.534, 1.533, 1.533, 1.532, 1.532, 1.532, 1.532, 1.532, 1.533, 1.534, 1.535, 1.536, 1.537, 1.538, 1.538, 1.538, 1.537, 1.537, 1.535, 1.534, 1.533, 1.532, 1.528, 1.528, 1.528, 1.527, 1.527, 1.527, 1.528, 1.528, 1.528, 1.532, 1.532, 1.533, 1.534, 1.535, 1.536, 1.536, 1.537, 1.538, 1.539, 1.538, 1.537, 1.537, 1.536, 1.535, 1.535, 1.534, 1.533, 1.533, 1.533, 1.534, 1.534, 1.534, 1.535, 1.534, 1.533, 1.533, 1.532, 1.528, 1.528, 1.528, 1.528, 1.528, 1.531, 1.531, 1.532, 1.533, 1.532, 1.532, 1.527, 1.526, 1.524, 1.521, 1.52, 1.519, 1.518, 1.517, 1.516, 1.516, 1.516, 1.516, 1.516, 1.516, 1.517, 1.518, 1.519, 1.52, 1.522, 1.523, 1.524, 1.525, 1.525, 1.524, 1.524, 1.523, 1.522, 1.52, 1.52, 1.518, 1.518, 1.517, 1.517, 1.517, 1.517, 1.518, 1.518, 1.518, 1.517, 1.517, 1.516, 1.516, 1.516, 1.513, 1.513, 1.516, 1.516, 1.516, 1.516, 1.517, 1.518, 1.52, 1.521, 1.523, 1.523, 1.523, 1.523, 1.522, 1.521, 1.52, 1.519, 1.519, 1.519, 1.519, 1.519, 1.519, 1.52, 1.52, 1.521, 1.52, 1.52, 1.518, 1.517, 1.516, 1.513, 1.512, 1.512, 1.511, 1.511, 1.511, 1.511, 1.511, 1.512, 1.512, 1.512, 1.513, 1.513, 1.513, 1.513, 1.513, 1.513, 1.513, 1.512, 1.511, 1.51, 1.51, 1.509, 1.509, 1.509, 1.509, 1.51, 1.51, 1.511, 1.511, 1.511, 1.51, 1.509, 1.509, 1.508, 1.507, 1.507, 1.507, 1.507, 1.507, 1.508, 1.509, 1.51, 1.511, 1.516, 1.517, 1.518, 1.518, 1.519, 1.519, 1.518, 1.517, 1.516, 1.516, 1.513, 1.512, 1.511, 1.511, 1.51, 1.509, 1.507, 1.507, 1.505, 1.504, 1.503, 1.503, 1.502, 1.501, 1.501, 1.501, 1.501, 1.502, 1.503, 1.505, 1.506, 1.507, 1.509, 1.51, 1.511, 1.511, 1.512, 1.512, 1.513, 1.512, 1.512, 1.512, 1.512, 1.511, 1.51, 1.509, 1.507, 1.506, 1.505, 1.505, 1.505, 1.504, 1.504, 1.505, 1.505, 1.505, 1.505, 1.505, 1.505, 1.505, 1.505, 1.505, 1.505, 1.505, 1.505, 1.505, 1.506, 1.507, 1.507, 1.507, 1.507, 1.507, 1.507, 1.507, 1.507, 1.507, 1.507, 1.506, 1.506, 1.505, 1.505, 1.504, 1.503, 1.503, 1.503, 1.503, 1.503, 1.503, 1.502, 1.502, 1.502, 1.501, 1.501, 1.501, 1.501, 1.501, 1.5, 1.5, 1.5, 1.5, 1.5, 1.5, 1.501, 1.501, 1.501, 1.501, 1.501, 1.501, 1.501, 1.501, 1.501, 1.501, 1.5, 1.5, 1.499, 1.499, 1.499, 1.499, 1.499, 1.499, 1.499, 1.5, 1.5, 1.5, 1.501, 1.501, 1.502, 1.502, 1.503, 1.503, 1.503, 1.503, 1.502, 1.502, 1.502, 1.502, 1.501, 1.501, 1.5, 1.499, 1.499, 1.499, 1.499, 1.499, 1.496, 1.496, 1.495, 1.494, 1.493, 1.492, 1.491, 1.49, 1.489, 1.488, 1.488, 1.487, 1.487, 1.486, 1.485, 1.484, 1.483, 1.482, 1.48, 1.479, 1.478, 1.477, 1.476, 1.476, 1.476, 1.476, 1.477, 1.478, 1.478, 1.479, 1.48, 1.48, 1.48, 1.48, 1.479, 1.479, 1.479, 1.479, 1.479, 1.479, 1.479, 1.479, 1.478, 1.478, 1.476, 1.476, 1.475, 1.475, 1.475, 1.475, 1.475, 1.474, 1.474, 1.474, 1.474, 1.474, 1.473, 1.472, 1.472, 1.472, 1.472, 1.472, 1.472, 1.472, 1.472, 1.472, 1.472, 1.473, 1.473, 1.473, 1.473, 1.473, 1.472, 1.471, 1.47, 1.47, 1.468, 1.466, 1.466, 1.468, 1.468, 1.468, 1.47, 1.47, 1.471, 1.471, 1.471, 1.471, 1.468, 1.466, 1.464, 1.464, 1.462, 1.462, 1.462, 1.46, 1.46, 1.46, 1.458, 1.458, 1.458, 1.456, 1.456, 1.456, 1.466, 0, 
1.551, 1.551, 1.551, 1.551, 1.552, 1.552, 1.552, 1.552, 1.551, 1.551, 1.551, 1.551, 1.551, 1.547, 1.546, 1.546, 1.545, 1.545, 1.544, 1.543, 1.543, 1.542, 1.542, 1.539, 1.538, 1.537, 1.536, 1.535, 1.535, 1.534, 1.533, 1.534, 1.535, 1.535, 1.536, 1.537, 1.537, 1.538, 1.538, 1.538, 1.537, 1.537, 1.533, 1.533, 1.532, 1.531, 1.531, 1.531, 1.531, 1.531, 1.532, 1.533, 1.535, 1.536, 1.537, 1.538, 1.539, 1.538, 1.537, 1.536, 1.535, 1.534, 1.533, 1.532, 1.528, 1.527, 1.527, 1.526, 1.526, 1.526, 1.527, 1.527, 1.528, 1.528, 1.532, 1.533, 1.533, 1.534, 1.535, 1.536, 1.537, 1.538, 1.539, 1.538, 1.538, 1.537, 1.536, 1.535, 1.534, 1.533, 1.533, 1.533, 1.533, 1.533, 1.533, 1.534, 1.534, 1.534, 1.533, 1.533, 1.532, 1.528, 1.528, 1.528, 1.528, 1.528, 1.531, 1.531, 1.532, 1.533, 1.532, 1.532, 1.527, 1.526, 1.524, 1.523, 1.52, 1.519, 1.518, 1.517, 1.516, 1.516, 1.516, 1.516, 1.516, 1.516, 1.517, 1.518, 1.519, 1.52, 1.522, 1.523, 1.524, 1.525, 1.525, 1.524, 1.524, 1.523, 1.522, 1.52, 1.519, 1.518, 1.517, 1.516, 1.516, 1.516, 1.516, 1.517, 1.517, 1.517, 1.516, 1.516, 1.516, 1.516, 1.513, 1.513, 1.513, 1.516, 1.516, 1.516, 1.517, 1.518, 1.518, 1.52, 1.521, 1.522, 1.522, 1.522, 1.522, 1.521, 1.52, 1.519, 1.518, 1.518, 1.518, 1.518, 1.518, 1.519, 1.52, 1.52, 1.52, 1.52, 1.519, 1.518, 1.517, 1.516, 1.513, 1.512, 1.511, 1.511, 1.511, 1.511, 1.511, 1.511, 1.511, 1.511, 1.512, 1.512, 1.513, 1.513, 1.513, 1.513, 1.513, 1.513, 1.512, 1.511, 1.51, 1.509, 1.509, 1.509, 1.509, 1.509, 1.509, 1.51, 1.511, 1.511, 1.511, 1.511, 1.51, 1.509, 1.508, 1.508, 1.507, 1.507, 1.507, 1.507, 1.507, 1.509, 1.51, 1.511, 1.512, 1.516, 1.517, 1.518, 1.519, 1.518, 1.518, 1.517, 1.516, 1.513, 1.512, 1.512, 1.511, 1.511, 1.51, 1.509, 1.508, 1.507, 1.505, 1.504, 1.503, 1.503, 1.502, 1.501, 1.501, 1.501, 1.502, 1.503, 1.504, 1.505, 1.506, 1.507, 1.509, 1.51, 1.511, 1.511, 1.511, 1.512, 1.512, 1.512, 1.511, 1.511, 1.511, 1.51, 1.509, 1.508, 1.507, 1.506, 1.505, 1.505, 1.505, 1.505, 1.505, 1.505, 1.505, 1.505, 1.505, 1.505, 1.505, 1.505, 1.505, 1.505, 1.505, 1.505, 1.505, 1.506, 1.506, 1.507, 1.507, 1.507, 1.507, 1.507, 1.507, 1.507, 1.507, 1.507, 1.507, 1.507, 1.507, 1.506, 1.505, 1.505, 1.504, 1.503, 1.503, 1.503, 1.503, 1.503, 1.502, 1.501, 1.501, 1.501, 1.501, 1.501, 1.501, 1.501, 1.501, 1.501, 1.501, 1.501, 1.501, 1.501, 1.502, 1.502, 1.502, 1.502, 1.502, 1.502, 1.502, 1.502, 1.501, 1.501, 1.501, 1.5, 1.499, 1.499, 1.499, 1.499, 1.499, 1.499, 1.5, 1.5, 1.501, 1.501, 1.501, 1.502, 1.502, 1.503, 1.503, 1.503, 1.503, 1.502, 1.502, 1.501, 1.501, 1.501, 1.501, 1.5, 1.5, 1.499, 1.499, 1.499, 1.499, 1.499, 1.496, 1.496, 1.495, 1.494, 1.493, 1.492, 1.491, 1.49, 1.489, 1.488, 1.488, 1.487, 1.486, 1.485, 1.484, 1.483, 1.482, 1.481, 1.479, 1.478, 1.477, 1.476, 1.476, 1.476, 1.476, 1.476, 1.477, 1.478, 1.479, 1.48, 1.48, 1.48, 1.48, 1.48, 1.479, 1.479, 1.479, 1.478, 1.478, 1.478, 1.478, 1.478, 1.478, 1.477, 1.476, 1.476, 1.475, 1.474, 1.474, 1.474, 1.474, 1.474, 1.474, 1.474, 1.473, 1.473, 1.472, 1.472, 1.472, 1.472, 1.472, 1.472, 1.472, 1.472, 1.472, 1.472, 1.472, 1.473, 1.473, 1.473, 1.473, 1.472, 1.471, 1.471, 1.47, 1.468, 1.468, 1.466, 1.466, 1.468, 1.468, 1.468, 1.47, 1.471, 1.472, 1.472, 1.472, 1.471, 1.471, 1.468, 1.466, 1.464, 1.462, 1.462, 1.462, 1.46, 1.46, 1.46, 1.458, 1.458, 1.458, 1.456, 1.456, 1.456, 1.466, 0, 
1.551, 1.551, 1.551, 1.552, 1.552, 1.553, 1.553, 1.552, 1.552, 1.552, 1.551, 1.551, 1.547, 1.546, 1.546, 1.545, 1.544, 1.544, 1.543, 1.543, 1.542, 1.542, 1.539, 1.538, 1.537, 1.536, 1.535, 1.535, 1.534, 1.534, 1.533, 1.534, 1.534, 1.535, 1.536, 1.537, 1.537, 1.537, 1.537, 1.537, 1.536, 1.535, 1.533, 1.532, 1.532, 1.528, 1.528, 1.528, 1.528, 1.531, 1.532, 1.532, 1.535, 1.536, 1.537, 1.538, 1.539, 1.538, 1.537, 1.536, 1.535, 1.534, 1.533, 1.528, 1.527, 1.526, 1.526, 1.525, 1.525, 1.525, 1.526, 1.526, 1.527, 1.528, 1.532, 1.532, 1.533, 1.534, 1.535, 1.535, 1.537, 1.538, 1.538, 1.538, 1.538, 1.537, 1.536, 1.535, 1.534, 1.533, 1.533, 1.533, 1.533, 1.533, 1.533, 1.533, 1.534, 1.533, 1.533, 1.532, 1.532, 1.528, 1.528, 1.528, 1.528, 1.528, 1.531, 1.531, 1.532, 1.532, 1.532, 1.532, 1.531, 1.525, 1.524, 1.524, 1.52, 1.519, 1.518, 1.517, 1.516, 1.516, 1.516, 1.516, 1.516, 1.516, 1.517, 1.518, 1.518, 1.52, 1.521, 1.522, 1.524, 1.525, 1.525, 1.524, 1.524, 1.523, 1.522, 1.52, 1.518, 1.517, 1.516, 1.516, 1.516, 1.516, 1.516, 1.516, 1.516, 1.516, 1.512, 1.512, 1.512, 1.513, 1.513, 1.513, 1.513, 1.516, 1.516, 1.516, 1.517, 1.518, 1.518, 1.52, 1.52, 1.521, 1.521, 1.521, 1.521, 1.52, 1.52, 1.519, 1.518, 1.518, 1.518, 1.518, 1.518, 1.518, 1.519, 1.52, 1.52, 1.52, 1.519, 1.518, 1.517, 1.516, 1.513, 1.512, 1.511, 1.511, 1.511, 1.511, 1.511, 1.511, 1.511, 1.511, 1.511, 1.512, 1.513, 1.513, 1.513, 1.513, 1.513, 1.512, 1.511, 1.511, 1.51, 1.509, 1.509, 1.509, 1.509, 1.509, 1.509, 1.51, 1.511, 1.511, 1.511, 1.511, 1.51, 1.51, 1.509, 1.508, 1.507, 1.507, 1.507, 1.507, 1.507, 1.508, 1.509, 1.511, 1.512, 1.516, 1.517, 1.518, 1.518, 1.518, 1.517, 1.516, 1.516, 1.513, 1.512, 1.511, 1.511, 1.511, 1.51, 1.509, 1.508, 1.507, 1.505, 1.504, 1.504, 1.503, 1.502, 1.502, 1.502, 1.502, 1.503, 1.503, 1.504, 1.505, 1.507, 1.507, 1.509, 1.509, 1.51, 1.511, 1.511, 1.511, 1.511, 1.511, 1.511, 1.511, 1.51, 1.509, 1.508, 1.507, 1.506, 1.505, 1.505, 1.505, 1.505, 1.505, 1.505, 1.505, 1.505, 1.505, 1.505, 1.505, 1.505, 1.505, 1.505, 1.505, 1.505, 1.505, 1.505, 1.506, 1.506, 1.507, 1.507, 1.508, 1.508, 1.508, 1.508, 1.508, 1.508, 1.508, 1.508, 1.507, 1.507, 1.507, 1.506, 1.505, 1.504, 1.503, 1.503, 1.503, 1.503, 1.503, 1.502, 1.501, 1.501, 1.501, 1.501, 1.501, 1.501, 1.501, 1.501, 1.501, 1.501, 1.501, 1.502, 1.502, 1.503, 1.503, 1.503, 1.503, 1.503, 1.503, 1.503, 1.502, 1.502, 1.502, 1.501, 1.5, 1.5, 1.5, 1.5, 1.5, 1.5, 1.5, 1.5, 1.501, 1.501, 1.502, 1.502, 1.503, 1.503, 1.503, 1.503, 1.503, 1.502, 1.501, 1.501, 1.501, 1.501, 1.5, 1.5, 1.499, 1.499, 1.499, 1.499, 1.499, 1.499, 1.499, 1.496, 1.496, 1.496, 1.495, 1.494, 1.493, 1.492, 1.491, 1.488, 1.488, 1.487, 1.486, 1.486, 1.485, 1.483, 1.482, 1.481, 1.48, 1.479, 1.478, 1.477, 1.476, 1.476, 1.476, 1.476, 1.477, 1.478, 1.478, 1.479, 1.48, 1.48, 1.48, 1.48, 1.479, 1.479, 1.478, 1.478, 1.478, 1.478, 1.478, 1.478, 1.478, 1.478, 1.477, 1.476, 1.476, 1.475, 1.474, 1.474, 1.474, 1.474, 1.474, 1.473, 1.473, 1.473, 1.472, 1.472, 1.472, 1.472, 1.472, 1.472, 1.472, 1.472, 1.472, 1.472, 1.472, 1.472, 1.473, 1.473, 1.472, 1.472, 1.472, 1.471, 1.47, 1.468, 1.468, 1.466, 1.466, 1.466, 1.468, 1.468, 1.468, 1.471, 1.472, 1.472, 1.473, 1.473, 1.472, 1.471, 1.47, 1.468, 1.464, 1.464, 1.462, 1.462, 1.462, 1.46, 1.46, 1.458, 1.458, 1.458, 1.456, 1.456, 1.456, 1.466, 0, 
1.548, 1.551, 1.552, 1.552, 1.553, 1.553, 1.553, 1.553, 1.552, 1.552, 1.551, 1.551, 1.547, 1.546, 1.544, 1.544, 1.543, 1.543, 1.542, 1.539, 1.539, 1.539, 1.539, 1.538, 1.537, 1.536, 1.535, 1.534, 1.534, 1.533, 1.533, 1.533, 1.534, 1.535, 1.536, 1.537, 1.537, 1.537, 1.537, 1.536, 1.535, 1.534, 1.533, 1.532, 1.528, 1.528, 1.528, 1.528, 1.528, 1.528, 1.531, 1.531, 1.535, 1.536, 1.537, 1.538, 1.539, 1.538, 1.537, 1.536, 1.535, 1.533, 1.532, 1.528, 1.527, 1.526, 1.525, 1.524, 1.524, 1.524, 1.525, 1.526, 1.527, 1.528, 1.528, 1.532, 1.533, 1.533, 1.534, 1.535, 1.536, 1.537, 1.538, 1.539, 1.538, 1.537, 1.537, 1.535, 1.534, 1.533, 1.533, 1.533, 1.533, 1.533, 1.533, 1.533, 1.534, 1.533, 1.533, 1.532, 1.531, 1.528, 1.528, 1.528, 1.528, 1.528, 1.528, 1.531, 1.532, 1.532, 1.532, 1.532, 1.531, 1.526, 1.525, 1.524, 1.521, 1.52, 1.519, 1.518, 1.517, 1.517, 1.516, 1.516, 1.516, 1.516, 1.517, 1.518, 1.518, 1.52, 1.521, 1.522, 1.524, 1.525, 1.525, 1.524, 1.524, 1.522, 1.521, 1.52, 1.518, 1.517, 1.516, 1.516, 1.513, 1.513, 1.512, 1.512, 1.512, 1.511, 1.511, 1.511, 1.512, 1.512, 1.512, 1.513, 1.513, 1.516, 1.516, 1.516, 1.517, 1.518, 1.518, 1.519, 1.52, 1.52, 1.52, 1.52, 1.52, 1.52, 1.519, 1.518, 1.517, 1.517, 1.517, 1.517, 1.518, 1.518, 1.519, 1.519, 1.519, 1.519, 1.518, 1.517, 1.516, 1.513, 1.513, 1.512, 1.511, 1.511, 1.511, 1.511, 1.511, 1.511, 1.511, 1.511, 1.511, 1.512, 1.513, 1.513, 1.513, 1.513, 1.513, 1.512, 1.511, 1.511, 1.51, 1.509, 1.509, 1.509, 1.509, 1.509, 1.509, 1.51, 1.51, 1.511, 1.511, 1.511, 1.511, 1.51, 1.509, 1.508, 1.507, 1.507, 1.507, 1.507, 1.507, 1.508, 1.509, 1.511, 1.512, 1.516, 1.516, 1.517, 1.517, 1.517, 1.517, 1.516, 1.516, 1.513, 1.512, 1.511, 1.511, 1.511, 1.51, 1.509, 1.508, 1.507, 1.506, 1.505, 1.504, 1.503, 1.503, 1.503, 1.503, 1.503, 1.503, 1.504, 1.505, 1.505, 1.506, 1.507, 1.508, 1.509, 1.509, 1.51, 1.51, 1.51, 1.511, 1.511, 1.51, 1.51, 1.51, 1.509, 1.508, 1.507, 1.506, 1.505, 1.505, 1.505, 1.505, 1.505, 1.505, 1.505, 1.505, 1.505, 1.505, 1.505, 1.505, 1.505, 1.505, 1.505, 1.505, 1.505, 1.505, 1.506, 1.507, 1.507, 1.507, 1.508, 1.508, 1.508, 1.508, 1.508, 1.509, 1.509, 1.508, 1.508, 1.507, 1.507, 1.507, 1.506, 1.505, 1.504, 1.503, 1.503, 1.503, 1.503, 1.502, 1.502, 1.501, 1.501, 1.501, 1.501, 1.501, 1.501, 1.501, 1.502, 1.502, 1.502, 1.503, 1.504, 1.504, 1.504, 1.504, 1.504, 1.503, 1.503, 1.503, 1.503, 1.503, 1.502, 1.502, 1.501, 1.501, 1.501, 1.501, 1.501, 1.501, 1.501, 1.501, 1.501, 1.502, 1.503, 1.503, 1.503, 1.503, 1.503, 1.503, 1.502, 1.502, 1.501, 1.501, 1.5, 1.5, 1.5, 1.499, 1.499, 1.499, 1.499, 1.499, 1.499, 1.499, 1.499, 1.499, 1.496, 1.496, 1.495, 1.495, 1.494, 1.492, 1.492, 1.488, 1.488, 1.487, 1.486, 1.485, 1.484, 1.483, 1.482, 1.481, 1.48, 1.478, 1.478, 1.477, 1.476, 1.476, 1.476, 1.476, 1.477, 1.478, 1.478, 1.479, 1.48, 1.48, 1.48, 1.48, 1.479, 1.478, 1.478, 1.478, 1.478, 1.478, 1.478, 1.478, 1.478, 1.478, 1.477, 1.476, 1.476, 1.475, 1.474, 1.474, 1.473, 1.473, 1.473, 1.473, 1.472, 1.472, 1.472, 1.472, 1.471, 1.471, 1.471, 1.471, 1.471, 1.471, 1.472, 1.472, 1.472, 1.472, 1.472, 1.472, 1.472, 1.472, 1.471, 1.471, 1.468, 1.468, 1.466, 1.466, 1.466, 1.466, 1.468, 1.468, 1.471, 1.472, 1.473, 1.474, 1.474, 1.474, 1.473, 1.472, 1.471, 1.468, 1.466, 1.464, 1.462, 1.462, 1.462, 1.46, 1.46, 1.458, 1.458, 1.458, 1.456, 1.456, 1.456, 1.466, 0, 
1.548, 1.551, 1.552, 1.553, 1.553, 1.553, 1.553, 1.552, 1.552, 1.552, 1.548, 1.547, 1.546, 1.544, 1.543, 1.543, 1.538, 1.538, 1.538, 1.538, 1.538, 1.538, 1.538, 1.537, 1.537, 1.535, 1.534, 1.534, 1.533, 1.533, 1.533, 1.533, 1.534, 1.534, 1.535, 1.536, 1.536, 1.536, 1.536, 1.536, 1.535, 1.533, 1.532, 1.532, 1.528, 1.527, 1.527, 1.527, 1.527, 1.528, 1.531, 1.531, 1.535, 1.536, 1.537, 1.538, 1.539, 1.538, 1.537, 1.536, 1.535, 1.533, 1.532, 1.527, 1.526, 1.525, 1.524, 1.524, 1.524, 1.524, 1.524, 1.525, 1.526, 1.527, 1.528, 1.532, 1.533, 1.533, 1.534, 1.535, 1.536, 1.537, 1.538, 1.539, 1.538, 1.537, 1.537, 1.535, 1.535, 1.534, 1.533, 1.533, 1.533, 1.533, 1.533, 1.533, 1.533, 1.533, 1.533, 1.532, 1.528, 1.528, 1.528, 1.527, 1.527, 1.528, 1.528, 1.531, 1.532, 1.532, 1.533, 1.532, 1.531, 1.526, 1.525, 1.524, 1.522, 1.521, 1.519, 1.518, 1.518, 1.518, 1.517, 1.517, 1.516, 1.516, 1.517, 1.518, 1.518, 1.52, 1.521, 1.522, 1.524, 1.525, 1.525, 1.524, 1.523, 1.522, 1.52, 1.519, 1.518, 1.517, 1.516, 1.513, 1.512, 1.512, 1.512, 1.511, 1.511, 1.511, 1.511, 1.511, 1.511, 1.511, 1.512, 1.512, 1.513, 1.516, 1.516, 1.516, 1.517, 1.518, 1.518, 1.519, 1.52, 1.52, 1.52, 1.52, 1.52, 1.519, 1.518, 1.517, 1.516, 1.516, 1.516, 1.517, 1.517, 1.518, 1.518, 1.519, 1.519, 1.518, 1.518, 1.517, 1.516, 1.513, 1.513, 1.512, 1.511, 1.511, 1.511, 1.511, 1.511, 1.511, 1.511, 1.511, 1.511, 1.512, 1.512, 1.513, 1.513, 1.513, 1.513, 1.512, 1.511, 1.511, 1.51, 1.51, 1.509, 1.509, 1.509, 1.509, 1.509, 1.51, 1.511, 1.511, 1.511, 1.511, 1.511, 1.51, 1.51, 1.509, 1.508, 1.507, 1.507, 1.507, 1.507, 1.508, 1.509, 1.51, 1.511, 1.512, 1.516, 1.516, 1.516, 1.516, 1.516, 1.516, 1.513, 1.513, 1.512, 1.511, 1.511, 1.511, 1.51, 1.509, 1.508, 1.507, 1.506, 1.505, 1.504, 1.504, 1.503, 1.503, 1.503, 1.503, 1.503, 1.504, 1.505, 1.505, 1.506, 1.507, 1.508, 1.509, 1.509, 1.509, 1.509, 1.509, 1.509, 1.509, 1.509, 1.509, 1.509, 1.508, 1.507, 1.506, 1.505, 1.505, 1.505, 1.505, 1.505, 1.505, 1.505, 1.505, 1.505, 1.505, 1.505, 1.505, 1.505, 1.505, 1.505, 1.505, 1.505, 1.505, 1.505, 1.506, 1.507, 1.507, 1.508, 1.508, 1.508, 1.508, 1.508, 1.508, 1.508, 1.508, 1.508, 1.508, 1.507, 1.507, 1.507, 1.506, 1.505, 1.504, 1.503, 1.503, 1.503, 1.503, 1.502, 1.501, 1.501, 1.501, 1.501, 1.501, 1.501, 1.502, 1.502, 1.503, 1.503, 1.503, 1.504, 1.505, 1.505, 1.505, 1.505, 1.504, 1.504, 1.503, 1.503, 1.503, 1.503, 1.503, 1.502, 1.502, 1.501, 1.501, 1.501, 1.501, 1.501, 1.501, 1.501, 1.502, 1.503, 1.503, 1.504, 1.504, 1.504, 1.504, 1.503, 1.502, 1.501, 1.5, 1.5, 1.5, 1.499, 1.499, 1.499, 1.499, 1.499, 1.499, 1.499, 1.499, 1.499, 1.499, 1.499, 1.499, 1.496, 1.496, 1.495, 1.494, 1.493, 1.492, 1.489, 1.488, 1.487, 1.486, 1.485, 1.484, 1.482, 1.481, 1.48, 1.48, 1.478, 1.478, 1.477, 1.476, 1.476, 1.476, 1.476, 1.477, 1.478, 1.478, 1.48, 1.48, 1.48, 1.48, 1.48, 1.479, 1.478, 1.478, 1.477, 1.477, 1.477, 1.477, 1.477, 1.478, 1.478, 1.477, 1.476, 1.476, 1.475, 1.474, 1.474, 1.473, 1.472, 1.472, 1.472, 1.472, 1.472, 1.472, 1.472, 1.471, 1.47, 1.47, 1.47, 1.47, 1.471, 1.471, 1.472, 1.472, 1.472, 1.472, 1.472, 1.472, 1.472, 1.471, 1.468, 1.468, 1.468, 1.466, 1.466, 1.466, 1.466, 1.466, 1.468, 1.471, 1.472, 1.474, 1.475, 1.476, 1.476, 1.475, 1.474, 1.471, 1.468, 1.468, 1.464, 1.462, 1.462, 1.462, 1.46, 1.46, 1.458, 1.458, 1.458, 1.456, 1.456, 1.456, 1.466, 0, 
1.548, 1.551, 1.552, 1.552, 1.553, 1.553, 1.552, 1.552, 1.551, 1.548, 1.547, 1.546, 1.545, 1.544, 1.538, 1.537, 1.537, 1.537, 1.537, 1.537, 1.537, 1.537, 1.537, 1.537, 1.536, 1.535, 1.534, 1.533, 1.533, 1.533, 1.533, 1.533, 1.533, 1.534, 1.534, 1.535, 1.535, 1.535, 1.535, 1.535, 1.534, 1.533, 1.532, 1.531, 1.527, 1.527, 1.526, 1.526, 1.527, 1.528, 1.528, 1.531, 1.534, 1.536, 1.537, 1.538, 1.539, 1.538, 1.537, 1.537, 1.534, 1.533, 1.528, 1.528, 1.525, 1.524, 1.524, 1.524, 1.524, 1.524, 1.524, 1.525, 1.526, 1.527, 1.528, 1.532, 1.533, 1.533, 1.534, 1.535, 1.536, 1.537, 1.538, 1.538, 1.538, 1.537, 1.536, 1.535, 1.534, 1.533, 1.533, 1.533, 1.533, 1.533, 1.533, 1.533, 1.533, 1.533, 1.532, 1.532, 1.528, 1.527, 1.527, 1.527, 1.527, 1.527, 1.527, 1.531, 1.532, 1.533, 1.533, 1.533, 1.532, 1.527, 1.526, 1.525, 1.523, 1.522, 1.52, 1.519, 1.518, 1.518, 1.518, 1.517, 1.517, 1.516, 1.517, 1.518, 1.518, 1.52, 1.52, 1.523, 1.524, 1.525, 1.525, 1.524, 1.523, 1.522, 1.52, 1.519, 1.517, 1.516, 1.516, 1.513, 1.512, 1.511, 1.511, 1.511, 1.511, 1.511, 1.511, 1.511, 1.511, 1.511, 1.511, 1.512, 1.512, 1.516, 1.516, 1.516, 1.517, 1.518, 1.518, 1.519, 1.52, 1.52, 1.52, 1.52, 1.519, 1.518, 1.518, 1.517, 1.516, 1.516, 1.516, 1.516, 1.517, 1.517, 1.518, 1.518, 1.518, 1.518, 1.518, 1.517, 1.516, 1.513, 1.513, 1.512, 1.512, 1.512, 1.512, 1.512, 1.511, 1.511, 1.511, 1.511, 1.511, 1.512, 1.513, 1.513, 1.513, 1.513, 1.513, 1.512, 1.511, 1.511, 1.511, 1.51, 1.509, 1.509, 1.509, 1.509, 1.509, 1.51, 1.511, 1.511, 1.511, 1.511, 1.511, 1.511, 1.51, 1.509, 1.508, 1.507, 1.507, 1.507, 1.507, 1.507, 1.508, 1.509, 1.511, 1.512, 1.516, 1.516, 1.516, 1.516, 1.516, 1.516, 1.513, 1.513, 1.512, 1.511, 1.511, 1.511, 1.51, 1.509, 1.509, 1.507, 1.506, 1.505, 1.505, 1.504, 1.503, 1.503, 1.503, 1.503, 1.504, 1.504, 1.505, 1.505, 1.506, 1.507, 1.507, 1.508, 1.509, 1.509, 1.509, 1.509, 1.509, 1.509, 1.509, 1.508, 1.508, 1.507, 1.506, 1.506, 1.505, 1.505, 1.505, 1.504, 1.504, 1.505, 1.505, 1.505, 1.505, 1.505, 1.505, 1.505, 1.505, 1.505, 1.505, 1.505, 1.505, 1.505, 1.505, 1.506, 1.507, 1.507, 1.508, 1.509, 1.508, 1.508, 1.507, 1.507, 1.507, 1.507, 1.507, 1.507, 1.507, 1.507, 1.507, 1.506, 1.505, 1.504, 1.504, 1.503, 1.503, 1.503, 1.502, 1.501, 1.501, 1.501, 1.501, 1.501, 1.501, 1.502, 1.503, 1.503, 1.504, 1.504, 1.505, 1.506, 1.506, 1.506, 1.505, 1.505, 1.504, 1.504, 1.503, 1.503, 1.503, 1.503, 1.503, 1.502, 1.502, 1.502, 1.502, 1.502, 1.502, 1.502, 1.502, 1.502, 1.503, 1.504, 1.505, 1.505, 1.504, 1.503, 1.503, 1.501, 1.501, 1.5, 1.499, 1.499, 1.499, 1.496, 1.496, 1.496, 1.496, 1.499, 1.499, 1.499, 1.499, 1.499, 1.499, 1.499, 1.499, 1.496, 1.495, 1.494, 1.493, 1.492, 1.49, 1.488, 1.487, 1.486, 1.485, 1.484, 1.482, 1.481, 1.48, 1.48, 1.479, 1.478, 1.477, 1.477, 1.476, 1.476, 1.477, 1.477, 1.478, 1.479, 1.48, 1.48, 1.481, 1.48, 1.48, 1.479, 1.478, 1.477, 1.477, 1.476, 1.476, 1.476, 1.477, 1.477, 1.477, 1.477, 1.476, 1.476, 1.475, 1.474, 1.474, 1.473, 1.472, 1.472, 1.472, 1.472, 1.472, 1.472, 1.472, 1.471, 1.47, 1.47, 1.47, 1.47, 1.47, 1.471, 1.472, 1.472, 1.472, 1.472, 1.472, 1.472, 1.471, 1.471, 1.468, 1.468, 1.468, 1.466, 1.466, 1.466, 1.466, 1.466, 1.468, 1.471, 1.473, 1.474, 1.477, 1.477, 1.477, 1.476, 1.475, 1.472, 1.471, 1.468, 1.466, 1.464, 1.462, 1.462, 1.462, 1.46, 1.458, 1.458, 1.458, 1.458, 1.458, 1.458, 1.466, 0, 
1.551, 1.551, 1.551, 1.552, 1.552, 1.552, 1.552, 1.551, 1.551, 1.547, 1.546, 1.545, 1.545, 1.538, 1.537, 1.536, 1.535, 1.535, 1.535, 1.535, 1.535, 1.536, 1.536, 1.536, 1.536, 1.535, 1.534, 1.533, 1.533, 1.533, 1.533, 1.533, 1.533, 1.533, 1.534, 1.534, 1.534, 1.534, 1.534, 1.534, 1.533, 1.532, 1.531, 1.528, 1.528, 1.527, 1.526, 1.526, 1.527, 1.528, 1.528, 1.532, 1.533, 1.537, 1.537, 1.538, 1.539, 1.538, 1.537, 1.537, 1.533, 1.533, 1.528, 1.528, 1.524, 1.524, 1.524, 1.524, 1.524, 1.524, 1.524, 1.525, 1.526, 1.527, 1.528, 1.532, 1.532, 1.533, 1.534, 1.535, 1.535, 1.537, 1.537, 1.538, 1.538, 1.537, 1.536, 1.535, 1.534, 1.533, 1.533, 1.533, 1.533, 1.533, 1.533, 1.533, 1.533, 1.533, 1.532, 1.532, 1.528, 1.527, 1.526, 1.526, 1.526, 1.526, 1.527, 1.531, 1.532, 1.533, 1.534, 1.534, 1.531, 1.531, 1.526, 1.525, 1.524, 1.523, 1.52, 1.519, 1.519, 1.518, 1.518, 1.518, 1.517, 1.517, 1.517, 1.518, 1.519, 1.52, 1.52, 1.524, 1.524, 1.525, 1.525, 1.524, 1.523, 1.522, 1.52, 1.518, 1.517, 1.516, 1.513, 1.512, 1.512, 1.511, 1.511, 1.511, 1.51, 1.51, 1.51, 1.51, 1.51, 1.511, 1.511, 1.511, 1.512, 1.513, 1.516, 1.516, 1.516, 1.517, 1.518, 1.519, 1.52, 1.52, 1.52, 1.519, 1.518, 1.518, 1.517, 1.516, 1.516, 1.516, 1.516, 1.516, 1.516, 1.517, 1.518, 1.518, 1.518, 1.518, 1.518, 1.517, 1.516, 1.516, 1.513, 1.513, 1.513, 1.513, 1.512, 1.512, 1.512, 1.512, 1.512, 1.512, 1.512, 1.512, 1.513, 1.513, 1.513, 1.513, 1.513, 1.512, 1.512, 1.511, 1.511, 1.51, 1.51, 1.509, 1.509, 1.509, 1.509, 1.51, 1.511, 1.511, 1.511, 1.511, 1.511, 1.511, 1.51, 1.509, 1.508, 1.507, 1.507, 1.507, 1.507, 1.507, 1.508, 1.509, 1.51, 1.511, 1.512, 1.516, 1.516, 1.516, 1.516, 1.516, 1.513, 1.513, 1.512, 1.511, 1.511, 1.511, 1.51, 1.509, 1.509, 1.508, 1.507, 1.505, 1.505, 1.504, 1.504, 1.503, 1.503, 1.503, 1.504, 1.505, 1.505, 1.505, 1.506, 1.507, 1.507, 1.508, 1.508, 1.509, 1.509, 1.509, 1.508, 1.508, 1.508, 1.508, 1.507, 1.506, 1.506, 1.505, 1.505, 1.505, 1.504, 1.504, 1.504, 1.505, 1.505, 1.505, 1.505, 1.505, 1.505, 1.505, 1.505, 1.505, 1.505, 1.505, 1.505, 1.505, 1.505, 1.506, 1.507, 1.507, 1.508, 1.509, 1.508, 1.507, 1.507, 1.507, 1.507, 1.507, 1.507, 1.507, 1.507, 1.507, 1.507, 1.506, 1.505, 1.505, 1.504, 1.503, 1.503, 1.503, 1.502, 1.501, 1.501, 1.501, 1.501, 1.501, 1.502, 1.503, 1.503, 1.504, 1.505, 1.505, 1.506, 1.507, 1.507, 1.506, 1.505, 1.505, 1.505, 1.504, 1.503, 1.503, 1.503, 1.503, 1.503, 1.503, 1.503, 1.503, 1.503, 1.503, 1.503, 1.503, 1.503, 1.503, 1.504, 1.504, 1.505, 1.504, 1.504, 1.503, 1.502, 1.501, 1.501, 1.5, 1.499, 1.499, 1.499, 1.496, 1.496, 1.496, 1.496, 1.499, 1.499, 1.499, 1.499, 1.499, 1.499, 1.499, 1.499, 1.499, 1.496, 1.495, 1.493, 1.492, 1.49, 1.488, 1.487, 1.486, 1.485, 1.484, 1.482, 1.481, 1.48, 1.48, 1.479, 1.478, 1.478, 1.477, 1.477, 1.477, 1.478, 1.478, 1.479, 1.479, 1.48, 1.481, 1.481, 1.48, 1.48, 1.478, 1.478, 1.477, 1.476, 1.476, 1.476, 1.476, 1.476, 1.476, 1.476, 1.476, 1.476, 1.476, 1.475, 1.474, 1.474, 1.473, 1.472, 1.472, 1.472, 1.472, 1.472, 1.472, 1.472, 1.471, 1.47, 1.47, 1.47, 1.47, 1.47, 1.471, 1.471, 1.472, 1.472, 1.472, 1.472, 1.472, 1.471, 1.471, 1.468, 1.468, 1.468, 1.466, 1.466, 1.466, 1.466, 1.468, 1.471, 1.472, 1.473, 1.477, 1.478, 1.479, 1.479, 1.478, 1.477, 1.473, 1.471, 1.468, 1.466, 1.464, 1.462, 1.462, 1.462, 1.462, 1.46, 1.46, 1.458, 1.458, 1.458, 1.458, 1.466, 0, 
1.551, 1.551, 1.551, 1.551, 1.551, 1.551, 1.551, 1.551, 1.547, 1.546, 1.545, 1.545, 1.538, 1.537, 1.536, 1.535, 1.534, 1.533, 1.533, 1.534, 1.534, 1.535, 1.535, 1.535, 1.535, 1.535, 1.534, 1.533, 1.533, 1.533, 1.533, 1.533, 1.533, 1.533, 1.533, 1.533, 1.533, 1.533, 1.533, 1.533, 1.532, 1.531, 1.531, 1.528, 1.528, 1.527, 1.527, 1.527, 1.527, 1.528, 1.528, 1.532, 1.533, 1.537, 1.537, 1.538, 1.539, 1.538, 1.537, 1.537, 1.533, 1.532, 1.528, 1.527, 1.524, 1.524, 1.523, 1.523, 1.524, 1.524, 1.524, 1.525, 1.526, 1.527, 1.528, 1.528, 1.533, 1.533, 1.533, 1.535, 1.535, 1.536, 1.537, 1.538, 1.537, 1.537, 1.536, 1.535, 1.534, 1.533, 1.533, 1.533, 1.533, 1.533, 1.533, 1.533, 1.533, 1.533, 1.532, 1.528, 1.527, 1.526, 1.525, 1.525, 1.525, 1.526, 1.527, 1.528, 1.531, 1.532, 1.535, 1.534, 1.531, 1.531, 1.526, 1.525, 1.524, 1.524, 1.52, 1.52, 1.52, 1.519, 1.519, 1.518, 1.518, 1.518, 1.518, 1.518, 1.519, 1.52, 1.521, 1.524, 1.524, 1.525, 1.525, 1.524, 1.523, 1.522, 1.52, 1.518, 1.517, 1.516, 1.513, 1.512, 1.511, 1.511, 1.51, 1.51, 1.509, 1.509, 1.509, 1.509, 1.51, 1.51, 1.511, 1.511, 1.512, 1.513, 1.513, 1.516, 1.516, 1.517, 1.518, 1.518, 1.519, 1.519, 1.519, 1.518, 1.518, 1.517, 1.516, 1.516, 1.516, 1.516, 1.516, 1.516, 1.516, 1.517, 1.518, 1.518, 1.518, 1.518, 1.517, 1.517, 1.516, 1.516, 1.513, 1.513, 1.513, 1.513, 1.513, 1.513, 1.513, 1.513, 1.513, 1.513, 1.513, 1.513, 1.513, 1.513, 1.513, 1.513, 1.513, 1.513, 1.512, 1.512, 1.511, 1.511, 1.51, 1.51, 1.51, 1.509, 1.51, 1.51, 1.511, 1.511, 1.511, 1.511, 1.511, 1.51, 1.509, 1.508, 1.507, 1.507, 1.506, 1.506, 1.506, 1.506, 1.507, 1.508, 1.509, 1.511, 1.512, 1.516, 1.516, 1.516, 1.516, 1.516, 1.513, 1.513, 1.512, 1.512, 1.511, 1.511, 1.51, 1.509, 1.509, 1.508, 1.507, 1.506, 1.505, 1.505, 1.504, 1.504, 1.504, 1.504, 1.504, 1.505, 1.505, 1.505, 1.505, 1.506, 1.507, 1.507, 1.508, 1.508, 1.508, 1.508, 1.508, 1.507, 1.507, 1.507, 1.506, 1.506, 1.505, 1.505, 1.505, 1.504, 1.504, 1.503, 1.504, 1.505, 1.505, 1.505, 1.505, 1.505, 1.505, 1.505, 1.505, 1.505, 1.505, 1.505, 1.505, 1.505, 1.506, 1.506, 1.507, 1.507, 1.508, 1.508, 1.508, 1.507, 1.507, 1.507, 1.507, 1.507, 1.507, 1.507, 1.507, 1.507, 1.507, 1.506, 1.505, 1.505, 1.505, 1.504, 1.503, 1.503, 1.502, 1.501, 1.501, 1.501, 1.501, 1.501, 1.502, 1.503, 1.504, 1.505, 1.505, 1.506, 1.507, 1.507, 1.507, 1.507, 1.506, 1.505, 1.505, 1.504, 1.503, 1.503, 1.503, 1.503, 1.503, 1.503, 1.503, 1.503, 1.503, 1.503, 1.503, 1.503, 1.503, 1.504, 1.504, 1.505, 1.505, 1.504, 1.503, 1.503, 1.502, 1.501, 1.5, 1.499, 1.499, 1.499, 1.499, 1.496, 1.496, 1.496, 1.496, 1.499, 1.499, 1.499, 1.499, 1.499, 1.499, 1.499, 1.499, 1.499, 1.496, 1.495, 1.494, 1.492, 1.49, 1.489, 1.488, 1.486, 1.485, 1.484, 1.482, 1.482, 1.481, 1.48, 1.479, 1.479, 1.478, 1.478, 1.478, 1.478, 1.478, 1.479, 1.479, 1.48, 1.481, 1.481, 1.481, 1.48, 1.48, 1.479, 1.478, 1.477, 1.476, 1.476, 1.476, 1.476, 1.476, 1.476, 1.476, 1.476, 1.476, 1.476, 1.475, 1.474, 1.474, 1.473, 1.472, 1.472, 1.472, 1.472, 1.472, 1.472, 1.472, 1.471, 1.47, 1.47, 1.47, 1.47, 1.47, 1.47, 1.471, 1.472, 1.472, 1.472, 1.472, 1.472, 1.471, 1.47, 1.468, 1.468, 1.468, 1.466, 1.466, 1.466, 1.466, 1.468, 1.47, 1.473, 1.474, 1.479, 1.479, 1.48, 1.48, 1.479, 1.478, 1.474, 1.472, 1.468, 1.466, 1.466, 1.464, 1.462, 1.462, 1.462, 1.462, 1.462, 1.46, 1.46, 1.46, 1.46, 1.466, 0, 
1.551, 1.551, 1.551, 1.551, 1.551, 1.551, 1.551, 1.547, 1.546, 1.545, 1.544, 1.543, 1.538, 1.536, 1.535, 1.533, 1.532, 1.532, 1.532, 1.533, 1.533, 1.533, 1.534, 1.535, 1.535, 1.535, 1.534, 1.533, 1.533, 1.533, 1.533, 1.533, 1.533, 1.533, 1.533, 1.533, 1.532, 1.532, 1.532, 1.532, 1.531, 1.531, 1.531, 1.528, 1.528, 1.528, 1.528, 1.528, 1.528, 1.528, 1.528, 1.533, 1.533, 1.536, 1.537, 1.538, 1.538, 1.538, 1.537, 1.536, 1.533, 1.532, 1.527, 1.526, 1.525, 1.524, 1.523, 1.523, 1.524, 1.524, 1.524, 1.525, 1.526, 1.527, 1.528, 1.528, 1.532, 1.532, 1.533, 1.534, 1.535, 1.536, 1.537, 1.537, 1.537, 1.537, 1.536, 1.535, 1.534, 1.533, 1.533, 1.533, 1.533, 1.533, 1.533, 1.533, 1.533, 1.533, 1.532, 1.527, 1.526, 1.525, 1.524, 1.524, 1.524, 1.525, 1.526, 1.527, 1.531, 1.531, 1.534, 1.534, 1.531, 1.531, 1.527, 1.526, 1.525, 1.524, 1.521, 1.52, 1.52, 1.52, 1.519, 1.519, 1.518, 1.518, 1.518, 1.519, 1.519, 1.52, 1.522, 1.523, 1.524, 1.525, 1.525, 1.524, 1.523, 1.522, 1.52, 1.518, 1.517, 1.516, 1.513, 1.512, 1.511, 1.511, 1.51, 1.509, 1.509, 1.509, 1.509, 1.509, 1.509, 1.51, 1.511, 1.511, 1.512, 1.512, 1.513, 1.516, 1.516, 1.516, 1.517, 1.518, 1.518, 1.518, 1.518, 1.518, 1.517, 1.516, 1.516, 1.516, 1.516, 1.516, 1.516, 1.516, 1.516, 1.517, 1.518, 1.518, 1.518, 1.518, 1.518, 1.517, 1.516, 1.516, 1.516, 1.516, 1.513, 1.513, 1.513, 1.513, 1.513, 1.513, 1.513, 1.513, 1.513, 1.513, 1.513, 1.513, 1.513, 1.513, 1.513, 1.513, 1.513, 1.512, 1.512, 1.511, 1.511, 1.511, 1.51, 1.51, 1.51, 1.511, 1.511, 1.511, 1.511, 1.511, 1.511, 1.51, 1.509, 1.508, 1.507, 1.506, 1.506, 1.505, 1.505, 1.506, 1.507, 1.508, 1.509, 1.511, 1.512, 1.516, 1.516, 1.516, 1.516, 1.516, 1.516, 1.513, 1.513, 1.512, 1.512, 1.511, 1.51, 1.509, 1.509, 1.507, 1.506, 1.505, 1.505, 1.505, 1.505, 1.504, 1.504, 1.504, 1.505, 1.505, 1.505, 1.505, 1.505, 1.506, 1.507, 1.507, 1.507, 1.507, 1.507, 1.507, 1.507, 1.507, 1.506, 1.506, 1.506, 1.505, 1.505, 1.505, 1.505, 1.504, 1.503, 1.503, 1.504, 1.504, 1.505, 1.505, 1.505, 1.505, 1.505, 1.505, 1.505, 1.505, 1.505, 1.505, 1.505, 1.505, 1.506, 1.507, 1.507, 1.507, 1.508, 1.508, 1.507, 1.507, 1.507, 1.506, 1.506, 1.506, 1.506, 1.506, 1.506, 1.506, 1.507, 1.506, 1.505, 1.505, 1.505, 1.504, 1.503, 1.503, 1.502, 1.502, 1.501, 1.501, 1.501, 1.502, 1.502, 1.503, 1.504, 1.505, 1.506, 1.507, 1.508, 1.508, 1.508, 1.507, 1.506, 1.505, 1.505, 1.504, 1.504, 1.503, 1.503, 1.503, 1.504, 1.504, 1.504, 1.504, 1.504, 1.504, 1.504, 1.504, 1.504, 1.504, 1.505, 1.505, 1.504, 1.504, 1.503, 1.502, 1.501, 1.5, 1.5, 1.499, 1.499, 1.499, 1.499, 1.496, 1.496, 1.496, 1.496, 1.499, 1.499, 1.499, 1.499, 1.499, 1.499, 1.499, 1.499, 1.499, 1.496, 1.495, 1.494, 1.492, 1.49, 1.489, 1.488, 1.486, 1.485, 1.484, 1.483, 1.482, 1.481, 1.48, 1.48, 1.479, 1.479, 1.479, 1.479, 1.479, 1.48, 1.48, 1.48, 1.481, 1.481, 1.482, 1.481, 1.481, 1.48, 1.479, 1.478, 1.477, 1.476, 1.476, 1.476, 1.476, 1.476, 1.476, 1.476, 1.476, 1.476, 1.476, 1.475, 1.474, 1.474, 1.473, 1.473, 1.472, 1.472, 1.472, 1.472, 1.472, 1.472, 1.471, 1.47, 1.47, 1.47, 1.47, 1.47, 1.47, 1.47, 1.471, 1.472, 1.472, 1.472, 1.472, 1.471, 1.47, 1.468, 1.468, 1.468, 1.466, 1.466, 1.468, 1.468, 1.468, 1.471, 1.475, 1.475, 1.48, 1.481, 1.481, 1.481, 1.48, 1.479, 1.475, 1.472, 1.47, 1.468, 1.466, 1.464, 1.464, 1.462, 1.462, 1.462, 1.462, 1.462, 1.46, 1.46, 1.462, 1.466, 0, 
1.551, 1.551, 1.551, 1.548, 1.548, 1.548, 1.548, 1.547, 1.546, 1.544, 1.543, 1.538, 1.538, 1.534, 1.533, 1.532, 1.531, 1.531, 1.531, 1.532, 1.532, 1.532, 1.533, 1.534, 1.535, 1.535, 1.534, 1.534, 1.533, 1.533, 1.533, 1.533, 1.533, 1.533, 1.532, 1.532, 1.532, 1.531, 1.531, 1.531, 1.531, 1.531, 1.531, 1.531, 1.528, 1.528, 1.528, 1.528, 1.528, 1.528, 1.532, 1.533, 1.534, 1.535, 1.536, 1.537, 1.538, 1.537, 1.536, 1.535, 1.533, 1.532, 1.527, 1.526, 1.525, 1.524, 1.523, 1.523, 1.524, 1.524, 1.524, 1.525, 1.526, 1.527, 1.528, 1.528, 1.531, 1.532, 1.533, 1.534, 1.535, 1.536, 1.537, 1.537, 1.537, 1.536, 1.535, 1.535, 1.534, 1.533, 1.533, 1.533, 1.533, 1.533, 1.533, 1.533, 1.533, 1.533, 1.528, 1.528, 1.525, 1.524, 1.524, 1.524, 1.524, 1.524, 1.524, 1.527, 1.531, 1.531, 1.533, 1.533, 1.532, 1.531, 1.527, 1.526, 1.525, 1.524, 1.522, 1.521, 1.521, 1.52, 1.52, 1.519, 1.519, 1.519, 1.519, 1.519, 1.52, 1.521, 1.522, 1.524, 1.524, 1.525, 1.525, 1.524, 1.524, 1.522, 1.52, 1.519, 1.516, 1.516, 1.512, 1.512, 1.511, 1.511, 1.509, 1.509, 1.508, 1.508, 1.508, 1.508, 1.509, 1.509, 1.511, 1.511, 1.512, 1.512, 1.513, 1.516, 1.516, 1.516, 1.516, 1.517, 1.517, 1.518, 1.518, 1.518, 1.517, 1.516, 1.516, 1.516, 1.516, 1.516, 1.516, 1.516, 1.516, 1.517, 1.518, 1.518, 1.518, 1.518, 1.518, 1.517, 1.516, 1.516, 1.516, 1.516, 1.516, 1.516, 1.513, 1.513, 1.513, 1.513, 1.513, 1.513, 1.513, 1.513, 1.513, 1.513, 1.513, 1.516, 1.516, 1.516, 1.513, 1.513, 1.512, 1.511, 1.511, 1.511, 1.511, 1.511, 1.511, 1.511, 1.511, 1.511, 1.511, 1.511, 1.511, 1.51, 1.509, 1.508, 1.507, 1.506, 1.505, 1.505, 1.505, 1.505, 1.506, 1.507, 1.509, 1.511, 1.512, 1.512, 1.516, 1.516, 1.516, 1.516, 1.516, 1.513, 1.513, 1.513, 1.512, 1.511, 1.51, 1.509, 1.509, 1.507, 1.506, 1.505, 1.505, 1.505, 1.505, 1.504, 1.504, 1.505, 1.505, 1.505, 1.505, 1.505, 1.505, 1.506, 1.507, 1.507, 1.507, 1.507, 1.507, 1.507, 1.507, 1.506, 1.506, 1.505, 1.505, 1.505, 1.505, 1.505, 1.504, 1.504, 1.503, 1.503, 1.504, 1.504, 1.505, 1.505, 1.505, 1.505, 1.505, 1.506, 1.505, 1.505, 1.505, 1.505, 1.505, 1.505, 1.506, 1.507, 1.507, 1.507, 1.508, 1.507, 1.507, 1.507, 1.506, 1.506, 1.505, 1.505, 1.505, 1.505, 1.505, 1.506, 1.506, 1.506, 1.505, 1.505, 1.505, 1.505, 1.504, 1.503, 1.503, 1.502, 1.502, 1.501, 1.502, 1.502, 1.503, 1.504, 1.505, 1.506, 1.507, 1.508, 1.509, 1.509, 1.509, 1.508, 1.507, 1.506, 1.505, 1.504, 1.504, 1.503, 1.503, 1.503, 1.504, 1.505, 1.505, 1.505, 1.505, 1.505, 1.505, 1.505, 1.505, 1.505, 1.505, 1.505, 1.504, 1.503, 1.503, 1.502, 1.501, 1.5, 1.499, 1.499, 1.499, 1.499, 1.499, 1.499, 1.499, 1.499, 1.499, 1.499, 1.499, 1.499, 1.499, 1.499, 1.499, 1.499, 1.499, 1.499, 1.496, 1.495, 1.494, 1.492, 1.491, 1.489, 1.488, 1.487, 1.486, 1.484, 1.483, 1.482, 1.482, 1.481, 1.481, 1.48, 1.48, 1.48, 1.48, 1.48, 1.48, 1.481, 1.481, 1.482, 1.482, 1.482, 1.482, 1.481, 1.48, 1.479, 1.478, 1.477, 1.476, 1.476, 1.476, 1.476, 1.476, 1.476, 1.476, 1.476, 1.476, 1.476, 1.475, 1.475, 1.474, 1.474, 1.474, 1.473, 1.473, 1.473, 1.472, 1.472, 1.472, 1.471, 1.47, 1.47, 1.47, 1.47, 1.47, 1.47, 1.47, 1.471, 1.472, 1.472, 1.472, 1.472, 1.471, 1.47, 1.468, 1.468, 1.468, 1.468, 1.468, 1.468, 1.468, 1.471, 1.472, 1.476, 1.477, 1.481, 1.482, 1.482, 1.481, 1.48, 1.479, 1.476, 1.473, 1.471, 1.468, 1.466, 1.466, 1.464, 1.464, 1.464, 1.462, 1.462, 1.462, 1.462, 1.462, 1.462, 1.466, 0, 
1.551, 1.548, 1.548, 1.548, 1.548, 1.548, 1.547, 1.546, 1.545, 1.543, 1.539, 1.538, 1.537, 1.533, 1.532, 1.531, 1.531, 1.528, 1.528, 1.528, 1.531, 1.532, 1.533, 1.534, 1.535, 1.535, 1.535, 1.534, 1.534, 1.534, 1.533, 1.533, 1.533, 1.532, 1.532, 1.531, 1.531, 1.528, 1.528, 1.531, 1.531, 1.531, 1.531, 1.531, 1.528, 1.528, 1.528, 1.528, 1.528, 1.531, 1.532, 1.533, 1.534, 1.535, 1.536, 1.537, 1.537, 1.537, 1.536, 1.535, 1.533, 1.532, 1.527, 1.526, 1.525, 1.524, 1.524, 1.524, 1.524, 1.524, 1.524, 1.525, 1.526, 1.527, 1.528, 1.528, 1.532, 1.532, 1.533, 1.534, 1.535, 1.536, 1.537, 1.537, 1.537, 1.536, 1.535, 1.535, 1.534, 1.533, 1.533, 1.533, 1.533, 1.533, 1.533, 1.533, 1.532, 1.532, 1.528, 1.527, 1.524, 1.523, 1.523, 1.522, 1.522, 1.523, 1.524, 1.527, 1.527, 1.531, 1.532, 1.532, 1.531, 1.531, 1.527, 1.526, 1.525, 1.524, 1.523, 1.522, 1.522, 1.521, 1.521, 1.52, 1.52, 1.52, 1.52, 1.52, 1.52, 1.521, 1.522, 1.524, 1.525, 1.525, 1.525, 1.525, 1.524, 1.523, 1.52, 1.52, 1.516, 1.516, 1.512, 1.512, 1.511, 1.51, 1.509, 1.508, 1.507, 1.507, 1.507, 1.508, 1.509, 1.509, 1.511, 1.511, 1.512, 1.512, 1.513, 1.516, 1.516, 1.516, 1.516, 1.516, 1.517, 1.517, 1.518, 1.518, 1.517, 1.516, 1.516, 1.516, 1.516, 1.516, 1.516, 1.516, 1.517, 1.518, 1.518, 1.519, 1.519, 1.519, 1.518, 1.517, 1.517, 1.516, 1.516, 1.516, 1.516, 1.516, 1.516, 1.513, 1.513, 1.513, 1.513, 1.513, 1.513, 1.513, 1.513, 1.513, 1.516, 1.516, 1.516, 1.516, 1.516, 1.513, 1.512, 1.512, 1.511, 1.511, 1.511, 1.511, 1.511, 1.511, 1.511, 1.511, 1.511, 1.511, 1.511, 1.51, 1.509, 1.508, 1.507, 1.506, 1.505, 1.505, 1.505, 1.505, 1.506, 1.507, 1.509, 1.51, 1.511, 1.512, 1.516, 1.516, 1.516, 1.516, 1.516, 1.513, 1.513, 1.513, 1.512, 1.511, 1.51, 1.509, 1.508, 1.507, 1.506, 1.505, 1.505, 1.505, 1.504, 1.504, 1.504, 1.505, 1.505, 1.505, 1.505, 1.505, 1.505, 1.506, 1.506, 1.507, 1.507, 1.507, 1.507, 1.507, 1.507, 1.506, 1.505, 1.505, 1.505, 1.505, 1.505, 1.505, 1.504, 1.503, 1.503, 1.503, 1.504, 1.504, 1.505, 1.505, 1.505, 1.505, 1.506, 1.506, 1.505, 1.505, 1.505, 1.505, 1.505, 1.505, 1.506, 1.507, 1.507, 1.507, 1.507, 1.507, 1.506, 1.506, 1.505, 1.505, 1.505, 1.504, 1.504, 1.505, 1.505, 1.505, 1.505, 1.506, 1.505, 1.505, 1.505, 1.505, 1.504, 1.503, 1.503, 1.503, 1.502, 1.502, 1.502, 1.503, 1.503, 1.504, 1.505, 1.506, 1.507, 1.508, 1.509, 1.509, 1.509, 1.508, 1.507, 1.506, 1.505, 1.504, 1.503, 1.503, 1.503, 1.503, 1.504, 1.505, 1.505, 1.505, 1.505, 1.505, 1.505, 1.505, 1.505, 1.505, 1.505, 1.504, 1.504, 1.503, 1.502, 1.501, 1.501, 1.5, 1.499, 1.496, 1.496, 1.499, 1.499, 1.499, 1.499, 1.499, 1.499, 1.499, 1.499, 1.499, 1.499, 1.499, 1.499, 1.499, 1.499, 1.499, 1.496, 1.495, 1.494, 1.492, 1.491, 1.49, 1.488, 1.488, 1.486, 1.485, 1.484, 1.483, 1.483, 1.482, 1.482, 1.482, 1.481, 1.481, 1.481, 1.481, 1.481, 1.482, 1.482, 1.482, 1.482, 1.482, 1.482, 1.482, 1.481, 1.48, 1.479, 1.478, 1.477, 1.476, 1.476, 1.476, 1.476, 1.476, 1.476, 1.476, 1.476, 1.476, 1.476, 1.475, 1.475, 1.475, 1.474, 1.474, 1.474, 1.474, 1.473, 1.472, 1.472, 1.47, 1.47, 1.469, 1.468, 1.468, 1.468, 1.468, 1.47, 1.471, 1.471, 1.472, 1.472, 1.472, 1.471, 1.471, 1.468, 1.468, 1.468, 1.468, 1.468, 1.47, 1.471, 1.472, 1.473, 1.477, 1.478, 1.482, 1.482, 1.483, 1.482, 1.481, 1.48, 1.476, 1.474, 1.471, 1.468, 1.466, 1.466, 1.466, 1.464, 1.464, 1.464, 1.464, 1.464, 1.464, 1.464, 1.464, 1.466, 0, 
1.548, 1.548, 1.548, 1.548, 1.547, 1.547, 1.546, 1.545, 1.544, 1.543, 1.538, 1.537, 1.536, 1.533, 1.532, 1.528, 1.528, 1.528, 1.528, 1.528, 1.531, 1.532, 1.533, 1.534, 1.535, 1.535, 1.535, 1.535, 1.535, 1.535, 1.534, 1.533, 1.533, 1.532, 1.531, 1.531, 1.528, 1.528, 1.528, 1.528, 1.528, 1.531, 1.531, 1.531, 1.531, 1.528, 1.528, 1.532, 1.532, 1.532, 1.533, 1.533, 1.534, 1.535, 1.536, 1.537, 1.537, 1.536, 1.535, 1.535, 1.532, 1.532, 1.527, 1.526, 1.525, 1.524, 1.524, 1.524, 1.524, 1.524, 1.524, 1.525, 1.526, 1.527, 1.528, 1.528, 1.533, 1.533, 1.533, 1.535, 1.535, 1.536, 1.537, 1.537, 1.537, 1.536, 1.535, 1.535, 1.534, 1.533, 1.533, 1.533, 1.533, 1.532, 1.532, 1.532, 1.532, 1.531, 1.527, 1.526, 1.524, 1.523, 1.522, 1.521, 1.521, 1.521, 1.524, 1.525, 1.528, 1.531, 1.532, 1.532, 1.531, 1.531, 1.527, 1.526, 1.525, 1.524, 1.523, 1.523, 1.522, 1.522, 1.522, 1.521, 1.52, 1.52, 1.52, 1.521, 1.521, 1.522, 1.523, 1.524, 1.525, 1.526, 1.526, 1.525, 1.524, 1.524, 1.52, 1.52, 1.517, 1.517, 1.513, 1.512, 1.511, 1.51, 1.509, 1.508, 1.507, 1.507, 1.507, 1.508, 1.509, 1.509, 1.511, 1.511, 1.512, 1.513, 1.513, 1.516, 1.516, 1.516, 1.516, 1.516, 1.516, 1.517, 1.517, 1.518, 1.517, 1.517, 1.517, 1.516, 1.516, 1.516, 1.516, 1.517, 1.517, 1.518, 1.519, 1.52, 1.52, 1.519, 1.519, 1.518, 1.517, 1.517, 1.517, 1.516, 1.516, 1.516, 1.516, 1.516, 1.513, 1.513, 1.513, 1.513, 1.513, 1.513, 1.513, 1.513, 1.516, 1.516, 1.516, 1.516, 1.516, 1.516, 1.516, 1.512, 1.512, 1.512, 1.511, 1.511, 1.511, 1.511, 1.511, 1.511, 1.511, 1.511, 1.511, 1.51, 1.509, 1.508, 1.507, 1.506, 1.505, 1.505, 1.505, 1.505, 1.506, 1.507, 1.509, 1.51, 1.511, 1.512, 1.516, 1.516, 1.516, 1.516, 1.516, 1.516, 1.513, 1.513, 1.512, 1.511, 1.51, 1.509, 1.508, 1.507, 1.506, 1.505, 1.505, 1.504, 1.504, 1.503, 1.504, 1.504, 1.505, 1.505, 1.505, 1.505, 1.505, 1.506, 1.506, 1.507, 1.507, 1.507, 1.507, 1.507, 1.506, 1.506, 1.505, 1.505, 1.505, 1.505, 1.505, 1.504, 1.504, 1.503, 1.503, 1.503, 1.504, 1.505, 1.505, 1.505, 1.505, 1.505, 1.506, 1.506, 1.505, 1.505, 1.505, 1.505, 1.505, 1.505, 1.506, 1.507, 1.507, 1.507, 1.507, 1.506, 1.505, 1.505, 1.504, 1.504, 1.503, 1.503, 1.503, 1.503, 1.503, 1.504, 1.504, 1.505, 1.505, 1.505, 1.505, 1.505, 1.504, 1.503, 1.503, 1.503, 1.503, 1.503, 1.503, 1.503, 1.504, 1.505, 1.506, 1.507, 1.508, 1.509, 1.509, 1.509, 1.509, 1.508, 1.507, 1.506, 1.505, 1.504, 1.503, 1.503, 1.503, 1.503, 1.504, 1.505, 1.505, 1.505, 1.506, 1.506, 1.506, 1.505, 1.505, 1.505, 1.505, 1.504, 1.503, 1.502, 1.502, 1.501, 1.5, 1.499, 1.499, 1.496, 1.496, 1.499, 1.499, 1.499, 1.499, 1.499, 1.499, 1.499, 1.499, 1.499, 1.499, 1.499, 1.499, 1.499, 1.499, 1.499, 1.496, 1.495, 1.494, 1.493, 1.492, 1.49, 1.489, 1.488, 1.487, 1.486, 1.485, 1.484, 1.484, 1.484, 1.483, 1.483, 1.482, 1.482, 1.482, 1.482, 1.482, 1.482, 1.482, 1.483, 1.483, 1.483, 1.483, 1.482, 1.482, 1.481, 1.479, 1.478, 1.478, 1.477, 1.476, 1.476, 1.476, 1.476, 1.476, 1.476, 1.476, 1.476, 1.476, 1.476, 1.476, 1.476, 1.476, 1.475, 1.475, 1.474, 1.474, 1.473, 1.472, 1.471, 1.47, 1.468, 1.468, 1.468, 1.468, 1.468, 1.47, 1.471, 1.471, 1.472, 1.472, 1.472, 1.472, 1.471, 1.47, 1.468, 1.468, 1.468, 1.468, 1.471, 1.472, 1.473, 1.474, 1.478, 1.479, 1.482, 1.483, 1.483, 1.482, 1.481, 1.48, 1.477, 1.474, 1.471, 1.47, 1.469, 1.466, 1.466, 1.466, 1.466, 1.464, 1.464, 1.466, 1.464, 1.464, 1.466, 1.466, 0, 
1.548, 1.548, 1.548, 1.547, 1.546, 1.546, 1.545, 1.544, 1.544, 1.543, 1.538, 1.537, 1.535, 1.533, 1.532, 1.528, 1.528, 1.528, 1.528, 1.528, 1.528, 1.532, 1.533, 1.534, 1.535, 1.535, 1.535, 1.535, 1.536, 1.535, 1.535, 1.534, 1.533, 1.532, 1.531, 1.531, 1.528, 1.528, 1.528, 1.528, 1.528, 1.531, 1.531, 1.531, 1.531, 1.532, 1.533, 1.533, 1.533, 1.533, 1.533, 1.534, 1.534, 1.535, 1.536, 1.536, 1.536, 1.535, 1.535, 1.535, 1.531, 1.531, 1.527, 1.526, 1.525, 1.524, 1.524, 1.524, 1.524, 1.524, 1.524, 1.525, 1.526, 1.527, 1.528, 1.532, 1.532, 1.533, 1.533, 1.535, 1.535, 1.536, 1.537, 1.537, 1.537, 1.536, 1.535, 1.534, 1.533, 1.533, 1.532, 1.532, 1.532, 1.532, 1.532, 1.531, 1.531, 1.528, 1.527, 1.524, 1.524, 1.522, 1.521, 1.52, 1.52, 1.52, 1.524, 1.524, 1.528, 1.531, 1.531, 1.532, 1.531, 1.531, 1.527, 1.526, 1.525, 1.524, 1.524, 1.524, 1.523, 1.523, 1.523, 1.522, 1.521, 1.521, 1.521, 1.522, 1.522, 1.523, 1.524, 1.525, 1.526, 1.526, 1.526, 1.526, 1.525, 1.524, 1.521, 1.52, 1.518, 1.517, 1.516, 1.512, 1.511, 1.51, 1.509, 1.508, 1.507, 1.507, 1.507, 1.508, 1.509, 1.51, 1.511, 1.512, 1.512, 1.513, 1.516, 1.516, 1.516, 1.516, 1.516, 1.516, 1.516, 1.516, 1.517, 1.518, 1.518, 1.517, 1.517, 1.517, 1.516, 1.516, 1.517, 1.517, 1.518, 1.519, 1.519, 1.52, 1.52, 1.52, 1.519, 1.519, 1.518, 1.518, 1.517, 1.517, 1.517, 1.516, 1.516, 1.516, 1.513, 1.513, 1.513, 1.512, 1.512, 1.512, 1.513, 1.513, 1.516, 1.516, 1.516, 1.516, 1.516, 1.516, 1.516, 1.516, 1.513, 1.512, 1.512, 1.511, 1.511, 1.511, 1.511, 1.511, 1.511, 1.511, 1.511, 1.51, 1.509, 1.507, 1.507, 1.506, 1.505, 1.505, 1.505, 1.505, 1.506, 1.507, 1.509, 1.51, 1.511, 1.512, 1.516, 1.516, 1.516, 1.516, 1.516, 1.516, 1.513, 1.513, 1.512, 1.511, 1.51, 1.509, 1.507, 1.506, 1.505, 1.505, 1.505, 1.504, 1.503, 1.503, 1.504, 1.504, 1.505, 1.505, 1.505, 1.505, 1.505, 1.506, 1.507, 1.507, 1.507, 1.507, 1.507, 1.507, 1.506, 1.506, 1.505, 1.505, 1.505, 1.505, 1.504, 1.504, 1.503, 1.503, 1.503, 1.503, 1.504, 1.505, 1.505, 1.505, 1.505, 1.506, 1.506, 1.506, 1.505, 1.505, 1.505, 1.505, 1.505, 1.505, 1.506, 1.507, 1.507, 1.507, 1.506, 1.506, 1.505, 1.504, 1.503, 1.502, 1.502, 1.502, 1.502, 1.502, 1.503, 1.503, 1.503, 1.504, 1.504, 1.504, 1.505, 1.505, 1.504, 1.503, 1.503, 1.503, 1.503, 1.503, 1.503, 1.503, 1.504, 1.505, 1.506, 1.507, 1.509, 1.509, 1.51, 1.51, 1.509, 1.508, 1.507, 1.506, 1.505, 1.504, 1.503, 1.503, 1.503, 1.503, 1.504, 1.505, 1.505, 1.506, 1.506, 1.506, 1.506, 1.505, 1.505, 1.505, 1.504, 1.503, 1.503, 1.502, 1.501, 1.5, 1.5, 1.499, 1.496, 1.496, 1.496, 1.499, 1.499, 1.499, 1.499, 1.499, 1.5, 1.5, 1.499, 1.499, 1.499, 1.499, 1.499, 1.499, 1.499, 1.499, 1.496, 1.495, 1.494, 1.493, 1.492, 1.491, 1.49, 1.489, 1.488, 1.487, 1.486, 1.486, 1.486, 1.485, 1.485, 1.484, 1.484, 1.484, 1.484, 1.484, 1.484, 1.484, 1.484, 1.484, 1.484, 1.484, 1.484, 1.483, 1.482, 1.481, 1.48, 1.479, 1.478, 1.477, 1.477, 1.477, 1.476, 1.476, 1.476, 1.476, 1.476, 1.476, 1.476, 1.476, 1.476, 1.476, 1.476, 1.476, 1.476, 1.475, 1.474, 1.473, 1.472, 1.471, 1.47, 1.468, 1.468, 1.468, 1.468, 1.468, 1.47, 1.471, 1.471, 1.472, 1.472, 1.472, 1.472, 1.471, 1.471, 1.471, 1.471, 1.471, 1.471, 1.471, 1.472, 1.474, 1.475, 1.478, 1.479, 1.482, 1.483, 1.483, 1.482, 1.481, 1.48, 1.477, 1.473, 1.472, 1.471, 1.468, 1.466, 1.466, 1.466, 1.466, 1.466, 1.466, 1.466, 1.466, 1.466, 1.466, 1.466, 0, 
1.548, 1.548, 1.547, 1.546, 1.546, 1.545, 1.544, 1.544, 1.543, 1.538, 1.537, 1.536, 1.534, 1.533, 1.532, 1.531, 1.528, 1.528, 1.528, 1.528, 1.528, 1.531, 1.532, 1.533, 1.534, 1.535, 1.535, 1.536, 1.536, 1.536, 1.535, 1.534, 1.534, 1.533, 1.532, 1.531, 1.528, 1.528, 1.528, 1.528, 1.528, 1.528, 1.531, 1.531, 1.532, 1.532, 1.533, 1.533, 1.533, 1.533, 1.533, 1.533, 1.534, 1.534, 1.535, 1.535, 1.535, 1.534, 1.534, 1.533, 1.532, 1.531, 1.527, 1.526, 1.525, 1.525, 1.524, 1.524, 1.524, 1.524, 1.525, 1.526, 1.527, 1.528, 1.528, 1.532, 1.533, 1.533, 1.534, 1.535, 1.536, 1.536, 1.537, 1.537, 1.536, 1.535, 1.535, 1.534, 1.533, 1.532, 1.532, 1.531, 1.531, 1.531, 1.531, 1.531, 1.528, 1.527, 1.526, 1.524, 1.523, 1.522, 1.521, 1.52, 1.52, 1.52, 1.524, 1.524, 1.528, 1.528, 1.531, 1.531, 1.531, 1.528, 1.527, 1.526, 1.525, 1.524, 1.524, 1.524, 1.524, 1.524, 1.524, 1.523, 1.523, 1.522, 1.523, 1.523, 1.524, 1.524, 1.525, 1.525, 1.526, 1.527, 1.527, 1.526, 1.525, 1.524, 1.523, 1.52, 1.518, 1.517, 1.516, 1.512, 1.511, 1.511, 1.509, 1.508, 1.507, 1.507, 1.507, 1.508, 1.509, 1.51, 1.511, 1.512, 1.513, 1.516, 1.516, 1.516, 1.516, 1.516, 1.516, 1.516, 1.516, 1.516, 1.517, 1.518, 1.518, 1.518, 1.518, 1.517, 1.517, 1.517, 1.518, 1.518, 1.518, 1.519, 1.52, 1.52, 1.52, 1.52, 1.52, 1.519, 1.518, 1.518, 1.518, 1.518, 1.517, 1.516, 1.516, 1.516, 1.513, 1.513, 1.512, 1.512, 1.511, 1.512, 1.512, 1.513, 1.516, 1.516, 1.516, 1.517, 1.517, 1.517, 1.517, 1.516, 1.516, 1.513, 1.512, 1.512, 1.511, 1.511, 1.511, 1.511, 1.511, 1.511, 1.51, 1.509, 1.508, 1.507, 1.507, 1.506, 1.505, 1.505, 1.505, 1.505, 1.506, 1.507, 1.509, 1.51, 1.511, 1.512, 1.516, 1.516, 1.516, 1.516, 1.516, 1.516, 1.513, 1.513, 1.512, 1.511, 1.509, 1.509, 1.507, 1.506, 1.505, 1.505, 1.505, 1.504, 1.503, 1.503, 1.504, 1.505, 1.505, 1.505, 1.505, 1.505, 1.505, 1.506, 1.507, 1.507, 1.507, 1.507, 1.507, 1.507, 1.506, 1.505, 1.505, 1.505, 1.505, 1.504, 1.504, 1.503, 1.503, 1.503, 1.503, 1.503, 1.504, 1.505, 1.505, 1.505, 1.505, 1.506, 1.507, 1.506, 1.505, 1.505, 1.505, 1.505, 1.505, 1.505, 1.506, 1.506, 1.506, 1.506, 1.506, 1.505, 1.504, 1.503, 1.502, 1.501, 1.501, 1.501, 1.501, 1.501, 1.501, 1.502, 1.502, 1.503, 1.503, 1.504, 1.504, 1.504, 1.504, 1.503, 1.503, 1.503, 1.503, 1.503, 1.503, 1.504, 1.505, 1.506, 1.507, 1.508, 1.509, 1.51, 1.51, 1.51, 1.509, 1.508, 1.507, 1.505, 1.505, 1.503, 1.502, 1.502, 1.502, 1.503, 1.503, 1.504, 1.505, 1.506, 1.506, 1.506, 1.506, 1.505, 1.505, 1.504, 1.503, 1.503, 1.502, 1.501, 1.5, 1.5, 1.499, 1.496, 1.496, 1.496, 1.496, 1.499, 1.499, 1.499, 1.5, 1.5, 1.5, 1.5, 1.5, 1.5, 1.5, 1.499, 1.499, 1.499, 1.499, 1.496, 1.496, 1.495, 1.494, 1.494, 1.492, 1.492, 1.491, 1.49, 1.489, 1.489, 1.488, 1.488, 1.487, 1.487, 1.486, 1.486, 1.486, 1.486, 1.485, 1.485, 1.485, 1.484, 1.484, 1.484, 1.485, 1.485, 1.484, 1.484, 1.483, 1.482, 1.481, 1.48, 1.479, 1.478, 1.478, 1.477, 1.477, 1.477, 1.477, 1.477, 1.477, 1.477, 1.477, 1.477, 1.477, 1.477, 1.477, 1.477, 1.476, 1.476, 1.475, 1.474, 1.472, 1.471, 1.47, 1.468, 1.468, 1.468, 1.468, 1.468, 1.47, 1.471, 1.472, 1.472, 1.472, 1.472, 1.472, 1.472, 1.472, 1.472, 1.472, 1.472, 1.472, 1.473, 1.474, 1.475, 1.476, 1.479, 1.48, 1.482, 1.483, 1.483, 1.482, 1.48, 1.479, 1.477, 1.473, 1.472, 1.471, 1.468, 1.466, 1.466, 1.466, 1.466, 1.466, 1.466, 1.466, 1.466, 1.466, 1.468, 1.468, 0, 
1.548, 1.548, 1.547, 1.546, 1.545, 1.544, 1.544, 1.543, 1.539, 1.538, 1.537, 1.535, 1.534, 1.532, 1.531, 1.531, 1.528, 1.528, 1.528, 1.528, 1.528, 1.531, 1.532, 1.533, 1.534, 1.535, 1.536, 1.536, 1.537, 1.536, 1.536, 1.535, 1.534, 1.534, 1.531, 1.531, 1.528, 1.528, 1.528, 1.528, 1.528, 1.528, 1.531, 1.531, 1.532, 1.533, 1.533, 1.533, 1.533, 1.533, 1.533, 1.533, 1.533, 1.533, 1.533, 1.533, 1.533, 1.533, 1.532, 1.532, 1.531, 1.528, 1.527, 1.526, 1.526, 1.525, 1.525, 1.525, 1.525, 1.525, 1.526, 1.526, 1.527, 1.528, 1.528, 1.532, 1.533, 1.533, 1.534, 1.535, 1.536, 1.537, 1.537, 1.537, 1.536, 1.535, 1.534, 1.533, 1.532, 1.532, 1.531, 1.531, 1.531, 1.531, 1.528, 1.528, 1.527, 1.526, 1.525, 1.524, 1.523, 1.522, 1.521, 1.52, 1.52, 1.52, 1.524, 1.524, 1.528, 1.528, 1.531, 1.531, 1.531, 1.528, 1.527, 1.526, 1.525, 1.524, 1.524, 1.524, 1.524, 1.524, 1.524, 1.524, 1.524, 1.524, 1.524, 1.524, 1.524, 1.525, 1.525, 1.526, 1.526, 1.527, 1.527, 1.526, 1.525, 1.524, 1.524, 1.52, 1.519, 1.518, 1.517, 1.512, 1.512, 1.511, 1.509, 1.508, 1.507, 1.507, 1.507, 1.508, 1.509, 1.511, 1.511, 1.512, 1.516, 1.516, 1.516, 1.516, 1.516, 1.516, 1.516, 1.516, 1.516, 1.516, 1.517, 1.518, 1.518, 1.518, 1.518, 1.518, 1.518, 1.518, 1.518, 1.519, 1.519, 1.52, 1.52, 1.52, 1.52, 1.52, 1.52, 1.519, 1.519, 1.518, 1.518, 1.518, 1.517, 1.516, 1.516, 1.516, 1.513, 1.513, 1.512, 1.511, 1.511, 1.511, 1.512, 1.513, 1.516, 1.516, 1.517, 1.518, 1.518, 1.518, 1.518, 1.517, 1.516, 1.516, 1.513, 1.512, 1.512, 1.511, 1.511, 1.511, 1.511, 1.51, 1.51, 1.509, 1.508, 1.507, 1.507, 1.506, 1.505, 1.505, 1.505, 1.506, 1.506, 1.507, 1.509, 1.51, 1.511, 1.512, 1.516, 1.516, 1.516, 1.516, 1.516, 1.516, 1.516, 1.513, 1.512, 1.511, 1.509, 1.508, 1.507, 1.506, 1.505, 1.505, 1.505, 1.504, 1.503, 1.504, 1.504, 1.505, 1.505, 1.505, 1.505, 1.505, 1.505, 1.506, 1.507, 1.507, 1.507, 1.507, 1.507, 1.507, 1.506, 1.505, 1.505, 1.505, 1.505, 1.504, 1.503, 1.503, 1.503, 1.503, 1.503, 1.503, 1.504, 1.505, 1.505, 1.505, 1.505, 1.506, 1.506, 1.506, 1.505, 1.505, 1.505, 1.505, 1.505, 1.505, 1.505, 1.505, 1.505, 1.505, 1.505, 1.505, 1.503, 1.502, 1.501, 1.5, 1.5, 1.5, 1.5, 1.5, 1.5, 1.501, 1.501, 1.502, 1.503, 1.503, 1.503, 1.503, 1.503, 1.503, 1.503, 1.503, 1.503, 1.503, 1.503, 1.504, 1.505, 1.506, 1.507, 1.508, 1.509, 1.51, 1.511, 1.51, 1.509, 1.508, 1.507, 1.505, 1.505, 1.503, 1.502, 1.502, 1.502, 1.502, 1.503, 1.504, 1.504, 1.505, 1.506, 1.506, 1.505, 1.505, 1.504, 1.503, 1.503, 1.502, 1.501, 1.5, 1.5, 1.499, 1.499, 1.496, 1.496, 1.496, 1.496, 1.499, 1.5, 1.5, 1.501, 1.501, 1.501, 1.501, 1.501, 1.501, 1.5, 1.5, 1.499, 1.499, 1.499, 1.496, 1.496, 1.495, 1.494, 1.494, 1.493, 1.492, 1.492, 1.491, 1.491, 1.49, 1.489, 1.489, 1.489, 1.488, 1.488, 1.487, 1.487, 1.486, 1.486, 1.486, 1.486, 1.485, 1.485, 1.485, 1.485, 1.486, 1.485, 1.485, 1.484, 1.483, 1.482, 1.481, 1.48, 1.479, 1.479, 1.478, 1.478, 1.478, 1.478, 1.478, 1.478, 1.478, 1.478, 1.478, 1.478, 1.478, 1.478, 1.478, 1.477, 1.476, 1.475, 1.474, 1.472, 1.471, 1.47, 1.468, 1.468, 1.468, 1.468, 1.468, 1.47, 1.471, 1.472, 1.472, 1.473, 1.473, 1.473, 1.473, 1.473, 1.472, 1.473, 1.473, 1.473, 1.474, 1.475, 1.476, 1.478, 1.479, 1.48, 1.482, 1.482, 1.482, 1.481, 1.479, 1.478, 1.476, 1.474, 1.472, 1.471, 1.468, 1.468, 1.466, 1.466, 1.466, 1.466, 1.466, 1.468, 1.466, 1.466, 1.468, 1.468, 0, 
1.548, 1.547, 1.546, 1.545, 1.544, 1.544, 1.543, 1.542, 1.538, 1.537, 1.536, 1.535, 1.533, 1.532, 1.531, 1.531, 1.528, 1.528, 1.528, 1.531, 1.531, 1.531, 1.532, 1.533, 1.534, 1.535, 1.536, 1.537, 1.537, 1.537, 1.536, 1.536, 1.535, 1.535, 1.531, 1.531, 1.531, 1.528, 1.528, 1.531, 1.531, 1.531, 1.531, 1.532, 1.533, 1.534, 1.534, 1.535, 1.535, 1.534, 1.534, 1.534, 1.533, 1.533, 1.532, 1.532, 1.532, 1.532, 1.531, 1.531, 1.528, 1.528, 1.527, 1.527, 1.526, 1.526, 1.526, 1.526, 1.526, 1.526, 1.527, 1.527, 1.528, 1.528, 1.528, 1.532, 1.533, 1.533, 1.534, 1.535, 1.536, 1.536, 1.536, 1.536, 1.535, 1.534, 1.534, 1.533, 1.532, 1.531, 1.531, 1.531, 1.528, 1.528, 1.528, 1.527, 1.526, 1.525, 1.524, 1.523, 1.522, 1.522, 1.521, 1.52, 1.52, 1.52, 1.524, 1.524, 1.527, 1.527, 1.531, 1.531, 1.528, 1.527, 1.527, 1.525, 1.525, 1.524, 1.524, 1.524, 1.524, 1.525, 1.525, 1.525, 1.525, 1.525, 1.525, 1.525, 1.525, 1.526, 1.526, 1.526, 1.526, 1.527, 1.526, 1.526, 1.525, 1.524, 1.524, 1.521, 1.52, 1.518, 1.517, 1.516, 1.512, 1.511, 1.51, 1.509, 1.508, 1.507, 1.508, 1.509, 1.509, 1.511, 1.512, 1.512, 1.516, 1.516, 1.516, 1.516, 1.516, 1.516, 1.516, 1.516, 1.516, 1.516, 1.517, 1.518, 1.518, 1.519, 1.519, 1.519, 1.519, 1.519, 1.519, 1.519, 1.52, 1.52, 1.52, 1.52, 1.52, 1.52, 1.52, 1.52, 1.519, 1.518, 1.518, 1.518, 1.517, 1.517, 1.516, 1.516, 1.513, 1.512, 1.512, 1.511, 1.511, 1.511, 1.512, 1.512, 1.516, 1.516, 1.517, 1.518, 1.519, 1.519, 1.519, 1.518, 1.517, 1.516, 1.516, 1.513, 1.512, 1.511, 1.511, 1.511, 1.511, 1.51, 1.509, 1.509, 1.508, 1.507, 1.507, 1.506, 1.505, 1.505, 1.505, 1.506, 1.507, 1.508, 1.509, 1.511, 1.512, 1.512, 1.516, 1.516, 1.516, 1.516, 1.516, 1.516, 1.516, 1.513, 1.512, 1.511, 1.509, 1.508, 1.507, 1.506, 1.505, 1.505, 1.505, 1.504, 1.504, 1.504, 1.505, 1.505, 1.505, 1.505, 1.505, 1.505, 1.506, 1.506, 1.507, 1.507, 1.507, 1.507, 1.507, 1.506, 1.505, 1.505, 1.505, 1.505, 1.504, 1.504, 1.503, 1.503, 1.503, 1.503, 1.503, 1.504, 1.504, 1.505, 1.505, 1.505, 1.505, 1.506, 1.506, 1.506, 1.505, 1.505, 1.505, 1.505, 1.505, 1.505, 1.505, 1.505, 1.505, 1.505, 1.505, 1.504, 1.503, 1.501, 1.5, 1.5, 1.496, 1.496, 1.496, 1.496, 1.499, 1.5, 1.501, 1.501, 1.502, 1.503, 1.503, 1.503, 1.503, 1.503, 1.503, 1.503, 1.503, 1.503, 1.504, 1.504, 1.505, 1.507, 1.508, 1.509, 1.51, 1.51, 1.51, 1.51, 1.509, 1.508, 1.507, 1.505, 1.504, 1.503, 1.502, 1.501, 1.501, 1.502, 1.503, 1.503, 1.504, 1.504, 1.505, 1.505, 1.505, 1.504, 1.503, 1.503, 1.502, 1.501, 1.5, 1.5, 1.499, 1.499, 1.499, 1.496, 1.496, 1.496, 1.499, 1.499, 1.5, 1.501, 1.501, 1.502, 1.502, 1.502, 1.501, 1.501, 1.501, 1.5, 1.499, 1.499, 1.496, 1.496, 1.496, 1.495, 1.494, 1.494, 1.494, 1.493, 1.493, 1.492, 1.492, 1.491, 1.491, 1.49, 1.49, 1.49, 1.489, 1.488, 1.488, 1.487, 1.487, 1.486, 1.486, 1.486, 1.486, 1.486, 1.486, 1.486, 1.486, 1.486, 1.485, 1.484, 1.484, 1.483, 1.482, 1.481, 1.48, 1.48, 1.479, 1.479, 1.479, 1.479, 1.479, 1.479, 1.479, 1.479, 1.479, 1.479, 1.479, 1.478, 1.478, 1.477, 1.476, 1.474, 1.473, 1.472, 1.471, 1.468, 1.468, 1.468, 1.468, 1.468, 1.47, 1.471, 1.472, 1.473, 1.473, 1.474, 1.474, 1.474, 1.474, 1.474, 1.474, 1.474, 1.475, 1.475, 1.476, 1.477, 1.478, 1.48, 1.481, 1.482, 1.482, 1.481, 1.48, 1.478, 1.477, 1.475, 1.474, 1.472, 1.471, 1.468, 1.468, 1.468, 1.468, 1.468, 1.468, 1.468, 1.468, 1.468, 1.468, 1.468, 1.468, 0, 
1.548, 1.547, 1.546, 1.545, 1.544, 1.543, 1.542, 1.538, 1.537, 1.537, 1.535, 1.534, 1.533, 1.533, 1.532, 1.532, 1.531, 1.531, 1.531, 1.531, 1.531, 1.531, 1.532, 1.533, 1.535, 1.535, 1.536, 1.537, 1.537, 1.537, 1.537, 1.536, 1.535, 1.535, 1.532, 1.531, 1.531, 1.531, 1.531, 1.531, 1.531, 1.531, 1.531, 1.532, 1.533, 1.535, 1.535, 1.535, 1.535, 1.535, 1.535, 1.534, 1.533, 1.532, 1.531, 1.531, 1.531, 1.528, 1.527, 1.527, 1.527, 1.527, 1.527, 1.527, 1.527, 1.526, 1.526, 1.526, 1.527, 1.527, 1.528, 1.528, 1.528, 1.528, 1.532, 1.532, 1.533, 1.533, 1.534, 1.535, 1.536, 1.536, 1.535, 1.535, 1.534, 1.534, 1.533, 1.532, 1.532, 1.531, 1.531, 1.528, 1.527, 1.527, 1.527, 1.526, 1.525, 1.525, 1.524, 1.523, 1.522, 1.522, 1.521, 1.52, 1.521, 1.521, 1.524, 1.525, 1.526, 1.527, 1.528, 1.528, 1.528, 1.527, 1.526, 1.525, 1.524, 1.524, 1.524, 1.524, 1.524, 1.525, 1.525, 1.526, 1.526, 1.526, 1.526, 1.526, 1.526, 1.526, 1.526, 1.526, 1.526, 1.526, 1.526, 1.526, 1.525, 1.524, 1.523, 1.522, 1.52, 1.519, 1.518, 1.517, 1.512, 1.511, 1.51, 1.509, 1.508, 1.508, 1.508, 1.509, 1.51, 1.511, 1.512, 1.516, 1.516, 1.516, 1.516, 1.516, 1.516, 1.516, 1.516, 1.516, 1.516, 1.516, 1.517, 1.518, 1.519, 1.519, 1.52, 1.52, 1.52, 1.52, 1.52, 1.52, 1.52, 1.52, 1.52, 1.521, 1.521, 1.52, 1.52, 1.52, 1.519, 1.519, 1.518, 1.518, 1.517, 1.517, 1.516, 1.516, 1.513, 1.512, 1.511, 1.511, 1.511, 1.511, 1.511, 1.512, 1.513, 1.516, 1.517, 1.518, 1.519, 1.52, 1.519, 1.519, 1.518, 1.517, 1.516, 1.516, 1.512, 1.512, 1.511, 1.511, 1.51, 1.51, 1.509, 1.508, 1.507, 1.507, 1.507, 1.506, 1.506, 1.506, 1.506, 1.506, 1.507, 1.508, 1.509, 1.511, 1.512, 1.516, 1.516, 1.516, 1.517, 1.517, 1.517, 1.516, 1.516, 1.512, 1.511, 1.51, 1.509, 1.507, 1.506, 1.505, 1.505, 1.505, 1.505, 1.505, 1.505, 1.505, 1.505, 1.505, 1.505, 1.505, 1.505, 1.505, 1.506, 1.506, 1.507, 1.507, 1.507, 1.507, 1.507, 1.506, 1.505, 1.505, 1.505, 1.505, 1.504, 1.503, 1.503, 1.503, 1.503, 1.503, 1.503, 1.504, 1.505, 1.505, 1.505, 1.505, 1.505, 1.505, 1.505, 1.505, 1.505, 1.505, 1.505, 1.505, 1.505, 1.505, 1.505, 1.505, 1.505, 1.505, 1.504, 1.503, 1.502, 1.501, 1.5, 1.496, 1.496, 1.496, 1.495, 1.495, 1.495, 1.496, 1.5, 1.501, 1.501, 1.502, 1.502, 1.503, 1.503, 1.503, 1.503, 1.503, 1.503, 1.503, 1.504, 1.505, 1.506, 1.507, 1.508, 1.509, 1.51, 1.511, 1.51, 1.509, 1.509, 1.507, 1.506, 1.505, 1.504, 1.503, 1.502, 1.501, 1.501, 1.501, 1.502, 1.502, 1.503, 1.503, 1.504, 1.504, 1.504, 1.503, 1.503, 1.502, 1.501, 1.5, 1.5, 1.499, 1.499, 1.499, 1.499, 1.499, 1.499, 1.499, 1.499, 1.5, 1.501, 1.501, 1.502, 1.502, 1.503, 1.503, 1.502, 1.502, 1.501, 1.5, 1.5, 1.499, 1.496, 1.496, 1.496, 1.495, 1.494, 1.494, 1.494, 1.494, 1.494, 1.494, 1.493, 1.493, 1.492, 1.492, 1.492, 1.491, 1.49, 1.489, 1.488, 1.488, 1.487, 1.487, 1.486, 1.486, 1.486, 1.486, 1.486, 1.486, 1.486, 1.486, 1.486, 1.486, 1.485, 1.484, 1.483, 1.482, 1.481, 1.481, 1.48, 1.48, 1.48, 1.48, 1.48, 1.48, 1.48, 1.48, 1.48, 1.48, 1.48, 1.479, 1.479, 1.478, 1.476, 1.475, 1.473, 1.472, 1.471, 1.47, 1.468, 1.468, 1.468, 1.468, 1.471, 1.472, 1.472, 1.473, 1.474, 1.475, 1.475, 1.475, 1.475, 1.474, 1.474, 1.475, 1.475, 1.476, 1.477, 1.478, 1.478, 1.48, 1.481, 1.481, 1.482, 1.481, 1.48, 1.478, 1.476, 1.475, 1.474, 1.472, 1.471, 1.47, 1.468, 1.468, 1.468, 1.468, 1.468, 1.468, 1.468, 1.468, 1.468, 1.469, 1.469, 0, 
1.547, 1.547, 1.546, 1.544, 1.543, 1.542, 1.539, 1.538, 1.537, 1.536, 1.535, 1.534, 1.533, 1.533, 1.533, 1.532, 1.532, 1.532, 1.531, 1.531, 1.531, 1.532, 1.533, 1.533, 1.535, 1.535, 1.536, 1.537, 1.537, 1.537, 1.537, 1.536, 1.535, 1.534, 1.533, 1.532, 1.531, 1.531, 1.531, 1.531, 1.531, 1.531, 1.532, 1.533, 1.534, 1.535, 1.536, 1.536, 1.536, 1.536, 1.535, 1.534, 1.533, 1.532, 1.531, 1.528, 1.527, 1.527, 1.527, 1.526, 1.526, 1.526, 1.526, 1.527, 1.527, 1.527, 1.527, 1.527, 1.528, 1.528, 1.528, 1.528, 1.528, 1.532, 1.532, 1.533, 1.533, 1.534, 1.535, 1.535, 1.535, 1.535, 1.535, 1.534, 1.533, 1.533, 1.532, 1.532, 1.531, 1.531, 1.528, 1.527, 1.527, 1.526, 1.526, 1.525, 1.524, 1.524, 1.523, 1.522, 1.522, 1.522, 1.521, 1.521, 1.521, 1.522, 1.524, 1.524, 1.526, 1.527, 1.528, 1.528, 1.528, 1.527, 1.526, 1.525, 1.524, 1.524, 1.524, 1.524, 1.524, 1.525, 1.525, 1.526, 1.526, 1.526, 1.526, 1.526, 1.526, 1.526, 1.526, 1.526, 1.526, 1.526, 1.526, 1.525, 1.524, 1.524, 1.523, 1.522, 1.52, 1.519, 1.518, 1.517, 1.512, 1.511, 1.511, 1.509, 1.509, 1.508, 1.508, 1.509, 1.51, 1.511, 1.512, 1.516, 1.516, 1.516, 1.516, 1.516, 1.516, 1.516, 1.516, 1.516, 1.516, 1.517, 1.518, 1.518, 1.519, 1.52, 1.52, 1.52, 1.52, 1.52, 1.52, 1.52, 1.52, 1.52, 1.52, 1.521, 1.521, 1.52, 1.52, 1.52, 1.52, 1.519, 1.518, 1.518, 1.518, 1.517, 1.516, 1.513, 1.512, 1.511, 1.511, 1.51, 1.51, 1.51, 1.511, 1.511, 1.512, 1.516, 1.517, 1.518, 1.519, 1.52, 1.52, 1.52, 1.519, 1.518, 1.517, 1.516, 1.513, 1.512, 1.511, 1.51, 1.51, 1.509, 1.509, 1.508, 1.507, 1.507, 1.507, 1.507, 1.507, 1.507, 1.507, 1.507, 1.508, 1.509, 1.51, 1.511, 1.512, 1.516, 1.516, 1.516, 1.517, 1.517, 1.517, 1.516, 1.516, 1.512, 1.511, 1.51, 1.508, 1.507, 1.506, 1.505, 1.505, 1.505, 1.505, 1.505, 1.505, 1.505, 1.505, 1.505, 1.505, 1.505, 1.505, 1.506, 1.506, 1.507, 1.507, 1.507, 1.507, 1.507, 1.507, 1.506, 1.505, 1.505, 1.505, 1.505, 1.504, 1.503, 1.503, 1.503, 1.503, 1.503, 1.503, 1.504, 1.505, 1.505, 1.505, 1.505, 1.505, 1.505, 1.505, 1.505, 1.505, 1.505, 1.505, 1.505, 1.505, 1.505, 1.505, 1.505, 1.505, 1.505, 1.504, 1.503, 1.501, 1.5, 1.499, 1.496, 1.495, 1.495, 1.494, 1.494, 1.494, 1.495, 1.495, 1.5, 1.501, 1.501, 1.502, 1.502, 1.503, 1.503, 1.503, 1.503, 1.503, 1.504, 1.505, 1.506, 1.507, 1.508, 1.509, 1.51, 1.51, 1.511, 1.51, 1.509, 1.508, 1.507, 1.506, 1.505, 1.504, 1.502, 1.501, 1.501, 1.501, 1.501, 1.501, 1.501, 1.502, 1.502, 1.503, 1.503, 1.503, 1.502, 1.501, 1.501, 1.5, 1.5, 1.499, 1.499, 1.499, 1.499, 1.499, 1.499, 1.499, 1.499, 1.5, 1.5, 1.501, 1.502, 1.502, 1.503, 1.503, 1.503, 1.503, 1.502, 1.501, 1.501, 1.5, 1.499, 1.496, 1.496, 1.495, 1.495, 1.494, 1.494, 1.494, 1.494, 1.494, 1.494, 1.494, 1.494, 1.494, 1.494, 1.493, 1.492, 1.491, 1.49, 1.489, 1.488, 1.488, 1.487, 1.487, 1.486, 1.486, 1.486, 1.486, 1.486, 1.487, 1.487, 1.487, 1.487, 1.486, 1.486, 1.484, 1.484, 1.483, 1.482, 1.482, 1.481, 1.481, 1.481, 1.481, 1.481, 1.481, 1.482, 1.482, 1.481, 1.481, 1.48, 1.48, 1.479, 1.477, 1.476, 1.474, 1.472, 1.471, 1.47, 1.47, 1.47, 1.468, 1.468, 1.471, 1.472, 1.473, 1.474, 1.474, 1.475, 1.476, 1.476, 1.476, 1.476, 1.476, 1.476, 1.476, 1.477, 1.478, 1.478, 1.479, 1.48, 1.48, 1.481, 1.481, 1.481, 1.48, 1.478, 1.476, 1.475, 1.474, 1.472, 1.471, 1.47, 1.47, 1.47, 1.47, 1.47, 1.47, 1.47, 1.469, 1.469, 1.468, 1.469, 1.469, 0, 
1.547, 1.546, 1.546, 1.544, 1.543, 1.542, 1.538, 1.537, 1.536, 1.535, 1.534, 1.534, 1.533, 1.533, 1.533, 1.533, 1.533, 1.533, 1.532, 1.532, 1.532, 1.532, 1.533, 1.534, 1.535, 1.535, 1.536, 1.536, 1.537, 1.537, 1.537, 1.536, 1.535, 1.534, 1.533, 1.532, 1.531, 1.531, 1.531, 1.531, 1.531, 1.531, 1.532, 1.533, 1.535, 1.536, 1.537, 1.537, 1.537, 1.536, 1.536, 1.535, 1.533, 1.532, 1.528, 1.527, 1.526, 1.524, 1.524, 1.524, 1.524, 1.525, 1.526, 1.526, 1.527, 1.528, 1.528, 1.528, 1.528, 1.528, 1.532, 1.532, 1.532, 1.532, 1.533, 1.533, 1.534, 1.534, 1.535, 1.535, 1.535, 1.534, 1.534, 1.533, 1.533, 1.532, 1.532, 1.531, 1.528, 1.528, 1.527, 1.526, 1.526, 1.525, 1.525, 1.524, 1.524, 1.523, 1.522, 1.522, 1.522, 1.522, 1.522, 1.522, 1.522, 1.522, 1.524, 1.524, 1.526, 1.527, 1.528, 1.528, 1.527, 1.526, 1.525, 1.524, 1.524, 1.524, 1.523, 1.524, 1.524, 1.524, 1.525, 1.526, 1.526, 1.526, 1.526, 1.526, 1.526, 1.526, 1.526, 1.526, 1.526, 1.525, 1.525, 1.525, 1.524, 1.524, 1.523, 1.522, 1.521, 1.52, 1.519, 1.516, 1.516, 1.511, 1.511, 1.51, 1.509, 1.509, 1.509, 1.509, 1.51, 1.511, 1.512, 1.516, 1.516, 1.517, 1.517, 1.516, 1.516, 1.516, 1.516, 1.516, 1.517, 1.517, 1.518, 1.519, 1.52, 1.52, 1.52, 1.52, 1.52, 1.52, 1.52, 1.52, 1.52, 1.52, 1.52, 1.52, 1.52, 1.52, 1.52, 1.52, 1.52, 1.519, 1.518, 1.518, 1.518, 1.517, 1.516, 1.513, 1.512, 1.511, 1.511, 1.51, 1.509, 1.509, 1.51, 1.511, 1.512, 1.516, 1.516, 1.52, 1.52, 1.52, 1.52, 1.52, 1.52, 1.518, 1.517, 1.517, 1.513, 1.512, 1.511, 1.51, 1.509, 1.509, 1.509, 1.508, 1.507, 1.507, 1.507, 1.507, 1.507, 1.507, 1.507, 1.508, 1.509, 1.51, 1.511, 1.511, 1.512, 1.516, 1.516, 1.517, 1.517, 1.518, 1.517, 1.516, 1.516, 1.512, 1.511, 1.509, 1.508, 1.507, 1.506, 1.505, 1.505, 1.505, 1.505, 1.505, 1.505, 1.505, 1.505, 1.505, 1.505, 1.505, 1.506, 1.506, 1.507, 1.507, 1.507, 1.507, 1.507, 1.507, 1.507, 1.506, 1.505, 1.505, 1.505, 1.504, 1.503, 1.503, 1.503, 1.503, 1.503, 1.503, 1.503, 1.504, 1.505, 1.505, 1.505, 1.505, 1.505, 1.505, 1.505, 1.505, 1.505, 1.505, 1.505, 1.505, 1.505, 1.505, 1.505, 1.505, 1.505, 1.504, 1.503, 1.502, 1.501, 1.5, 1.496, 1.495, 1.494, 1.494, 1.493, 1.492, 1.493, 1.494, 1.495, 1.495, 1.5, 1.5, 1.501, 1.501, 1.502, 1.503, 1.503, 1.503, 1.504, 1.504, 1.505, 1.507, 1.508, 1.509, 1.509, 1.51, 1.511, 1.511, 1.51, 1.509, 1.508, 1.506, 1.505, 1.504, 1.503, 1.502, 1.501, 1.501, 1.501, 1.501, 1.501, 1.501, 1.501, 1.501, 1.501, 1.501, 1.501, 1.501, 1.5, 1.5, 1.5, 1.499, 1.499, 1.499, 1.499, 1.499, 1.499, 1.499, 1.499, 1.5, 1.5, 1.501, 1.501, 1.502, 1.503, 1.503, 1.504, 1.504, 1.503, 1.502, 1.501, 1.501, 1.5, 1.499, 1.496, 1.496, 1.495, 1.494, 1.494, 1.494, 1.494, 1.494, 1.495, 1.495, 1.495, 1.495, 1.495, 1.495, 1.494, 1.493, 1.492, 1.491, 1.49, 1.489, 1.488, 1.488, 1.487, 1.487, 1.487, 1.487, 1.487, 1.487, 1.488, 1.488, 1.488, 1.488, 1.488, 1.487, 1.486, 1.486, 1.485, 1.484, 1.483, 1.483, 1.482, 1.482, 1.482, 1.482, 1.482, 1.482, 1.482, 1.482, 1.482, 1.481, 1.481, 1.48, 1.478, 1.476, 1.475, 1.473, 1.472, 1.471, 1.471, 1.471, 1.47, 1.471, 1.472, 1.472, 1.473, 1.474, 1.475, 1.475, 1.476, 1.476, 1.476, 1.476, 1.476, 1.476, 1.477, 1.477, 1.478, 1.478, 1.479, 1.48, 1.48, 1.481, 1.481, 1.48, 1.48, 1.478, 1.476, 1.475, 1.474, 1.472, 1.471, 1.471, 1.471, 1.471, 1.47, 1.47, 1.47, 1.47, 1.469, 1.469, 1.468, 1.468, 1.469, 0, 
1.547, 1.546, 1.545, 1.544, 1.543, 1.539, 1.538, 1.537, 1.536, 1.535, 1.534, 1.533, 1.533, 1.533, 1.533, 1.533, 1.533, 1.533, 1.533, 1.533, 1.533, 1.533, 1.533, 1.533, 1.534, 1.535, 1.535, 1.536, 1.536, 1.537, 1.537, 1.536, 1.535, 1.535, 1.533, 1.532, 1.531, 1.531, 1.531, 1.531, 1.531, 1.532, 1.533, 1.534, 1.536, 1.537, 1.538, 1.538, 1.537, 1.537, 1.536, 1.535, 1.533, 1.532, 1.527, 1.526, 1.525, 1.523, 1.523, 1.523, 1.523, 1.524, 1.525, 1.526, 1.527, 1.528, 1.528, 1.531, 1.532, 1.532, 1.532, 1.533, 1.533, 1.533, 1.533, 1.533, 1.534, 1.535, 1.535, 1.535, 1.534, 1.534, 1.533, 1.532, 1.532, 1.531, 1.531, 1.527, 1.527, 1.527, 1.527, 1.526, 1.525, 1.524, 1.524, 1.523, 1.523, 1.522, 1.522, 1.522, 1.522, 1.522, 1.522, 1.522, 1.522, 1.523, 1.524, 1.524, 1.526, 1.526, 1.527, 1.527, 1.526, 1.525, 1.524, 1.524, 1.523, 1.523, 1.522, 1.523, 1.523, 1.524, 1.525, 1.526, 1.526, 1.526, 1.526, 1.526, 1.526, 1.526, 1.526, 1.525, 1.525, 1.525, 1.524, 1.524, 1.524, 1.523, 1.523, 1.522, 1.521, 1.52, 1.52, 1.516, 1.516, 1.512, 1.511, 1.51, 1.51, 1.51, 1.51, 1.51, 1.511, 1.511, 1.512, 1.516, 1.516, 1.517, 1.517, 1.517, 1.516, 1.516, 1.516, 1.516, 1.517, 1.518, 1.519, 1.52, 1.521, 1.521, 1.521, 1.521, 1.52, 1.52, 1.52, 1.52, 1.52, 1.52, 1.52, 1.52, 1.52, 1.52, 1.52, 1.52, 1.52, 1.52, 1.519, 1.519, 1.518, 1.517, 1.516, 1.516, 1.512, 1.511, 1.511, 1.509, 1.509, 1.509, 1.509, 1.51, 1.511, 1.516, 1.516, 1.52, 1.52, 1.521, 1.521, 1.521, 1.52, 1.519, 1.518, 1.517, 1.513, 1.512, 1.511, 1.51, 1.509, 1.509, 1.509, 1.508, 1.507, 1.507, 1.507, 1.507, 1.507, 1.508, 1.508, 1.509, 1.509, 1.51, 1.511, 1.511, 1.512, 1.516, 1.516, 1.517, 1.518, 1.518, 1.517, 1.517, 1.516, 1.512, 1.511, 1.509, 1.508, 1.506, 1.505, 1.505, 1.505, 1.505, 1.505, 1.505, 1.505, 1.505, 1.505, 1.505, 1.506, 1.506, 1.507, 1.507, 1.507, 1.507, 1.507, 1.507, 1.507, 1.507, 1.507, 1.506, 1.505, 1.505, 1.505, 1.504, 1.503, 1.503, 1.502, 1.502, 1.503, 1.503, 1.503, 1.504, 1.505, 1.505, 1.506, 1.506, 1.506, 1.506, 1.506, 1.505, 1.505, 1.505, 1.505, 1.505, 1.505, 1.505, 1.505, 1.505, 1.505, 1.504, 1.503, 1.502, 1.501, 1.5, 1.495, 1.494, 1.493, 1.492, 1.492, 1.491, 1.491, 1.492, 1.494, 1.495, 1.495, 1.5, 1.5, 1.501, 1.501, 1.502, 1.503, 1.503, 1.504, 1.505, 1.506, 1.507, 1.508, 1.509, 1.51, 1.51, 1.511, 1.51, 1.509, 1.508, 1.507, 1.506, 1.505, 1.504, 1.503, 1.501, 1.5, 1.5, 1.5, 1.5, 1.5, 1.5, 1.5, 1.5, 1.5, 1.501, 1.5, 1.5, 1.5, 1.499, 1.499, 1.499, 1.499, 1.499, 1.499, 1.499, 1.5, 1.5, 1.5, 1.5, 1.501, 1.501, 1.502, 1.503, 1.503, 1.504, 1.504, 1.503, 1.503, 1.502, 1.501, 1.501, 1.5, 1.499, 1.496, 1.495, 1.495, 1.494, 1.494, 1.495, 1.495, 1.495, 1.495, 1.496, 1.499, 1.499, 1.499, 1.496, 1.495, 1.494, 1.493, 1.492, 1.49, 1.489, 1.488, 1.488, 1.488, 1.488, 1.488, 1.488, 1.488, 1.488, 1.488, 1.489, 1.489, 1.489, 1.489, 1.488, 1.488, 1.487, 1.486, 1.486, 1.485, 1.484, 1.484, 1.484, 1.484, 1.484, 1.484, 1.484, 1.484, 1.484, 1.483, 1.482, 1.482, 1.481, 1.479, 1.478, 1.476, 1.474, 1.473, 1.473, 1.472, 1.472, 1.471, 1.471, 1.472, 1.473, 1.474, 1.474, 1.475, 1.476, 1.476, 1.476, 1.476, 1.477, 1.477, 1.477, 1.477, 1.478, 1.478, 1.478, 1.479, 1.48, 1.48, 1.481, 1.481, 1.48, 1.48, 1.478, 1.477, 1.476, 1.474, 1.473, 1.472, 1.472, 1.472, 1.472, 1.471, 1.471, 1.47, 1.47, 1.469, 1.468, 1.468, 1.468, 1.469, 0, 
1.547, 1.546, 1.545, 1.544, 1.543, 1.538, 1.537, 1.536, 1.535, 1.534, 1.533, 1.533, 1.533, 1.533, 1.534, 1.534, 1.534, 1.534, 1.534, 1.533, 1.533, 1.533, 1.533, 1.533, 1.533, 1.534, 1.535, 1.535, 1.536, 1.537, 1.537, 1.536, 1.536, 1.535, 1.533, 1.532, 1.531, 1.531, 1.531, 1.531, 1.531, 1.532, 1.534, 1.535, 1.537, 1.538, 1.542, 1.542, 1.538, 1.537, 1.537, 1.536, 1.533, 1.532, 1.528, 1.524, 1.523, 1.522, 1.521, 1.521, 1.522, 1.523, 1.524, 1.526, 1.527, 1.528, 1.531, 1.532, 1.532, 1.533, 1.533, 1.533, 1.533, 1.533, 1.534, 1.534, 1.534, 1.535, 1.535, 1.535, 1.534, 1.533, 1.532, 1.532, 1.531, 1.528, 1.527, 1.527, 1.527, 1.526, 1.526, 1.525, 1.524, 1.524, 1.523, 1.523, 1.522, 1.522, 1.522, 1.522, 1.522, 1.522, 1.522, 1.522, 1.523, 1.523, 1.524, 1.524, 1.526, 1.526, 1.526, 1.526, 1.526, 1.525, 1.524, 1.523, 1.522, 1.522, 1.522, 1.522, 1.523, 1.523, 1.524, 1.525, 1.526, 1.526, 1.526, 1.526, 1.526, 1.525, 1.525, 1.524, 1.524, 1.524, 1.524, 1.523, 1.523, 1.522, 1.522, 1.521, 1.52, 1.52, 1.52, 1.517, 1.517, 1.512, 1.511, 1.511, 1.511, 1.511, 1.511, 1.511, 1.511, 1.511, 1.516, 1.516, 1.517, 1.518, 1.518, 1.517, 1.517, 1.517, 1.517, 1.517, 1.518, 1.519, 1.52, 1.52, 1.521, 1.522, 1.522, 1.522, 1.521, 1.52, 1.52, 1.52, 1.52, 1.52, 1.52, 1.52, 1.52, 1.52, 1.52, 1.52, 1.52, 1.52, 1.52, 1.519, 1.518, 1.517, 1.517, 1.516, 1.512, 1.511, 1.511, 1.509, 1.508, 1.508, 1.509, 1.51, 1.511, 1.512, 1.516, 1.52, 1.52, 1.522, 1.522, 1.522, 1.521, 1.52, 1.518, 1.517, 1.513, 1.512, 1.511, 1.51, 1.509, 1.509, 1.509, 1.508, 1.508, 1.508, 1.508, 1.508, 1.508, 1.509, 1.509, 1.51, 1.51, 1.511, 1.511, 1.512, 1.512, 1.516, 1.516, 1.517, 1.518, 1.518, 1.518, 1.517, 1.516, 1.512, 1.511, 1.509, 1.507, 1.506, 1.505, 1.505, 1.505, 1.505, 1.505, 1.505, 1.505, 1.505, 1.506, 1.506, 1.506, 1.507, 1.507, 1.507, 1.507, 1.507, 1.507, 1.507, 1.507, 1.507, 1.507, 1.506, 1.505, 1.505, 1.504, 1.504, 1.503, 1.502, 1.502, 1.502, 1.503, 1.503, 1.504, 1.505, 1.505, 1.506, 1.506, 1.507, 1.507, 1.507, 1.506, 1.506, 1.505, 1.505, 1.505, 1.505, 1.505, 1.505, 1.505, 1.505, 1.505, 1.504, 1.503, 1.501, 1.5, 1.496, 1.495, 1.494, 1.492, 1.491, 1.491, 1.49, 1.49, 1.491, 1.492, 1.494, 1.495, 1.495, 1.5, 1.5, 1.501, 1.502, 1.503, 1.504, 1.505, 1.506, 1.507, 1.508, 1.509, 1.51, 1.51, 1.511, 1.511, 1.51, 1.509, 1.508, 1.506, 1.505, 1.504, 1.503, 1.502, 1.501, 1.5, 1.499, 1.499, 1.499, 1.499, 1.499, 1.499, 1.499, 1.499, 1.5, 1.499, 1.499, 1.499, 1.499, 1.499, 1.499, 1.499, 1.499, 1.5, 1.5, 1.5, 1.501, 1.501, 1.501, 1.501, 1.502, 1.502, 1.503, 1.503, 1.504, 1.503, 1.503, 1.503, 1.502, 1.501, 1.501, 1.5, 1.499, 1.496, 1.495, 1.495, 1.495, 1.495, 1.495, 1.496, 1.496, 1.496, 1.499, 1.499, 1.499, 1.499, 1.499, 1.496, 1.495, 1.494, 1.492, 1.491, 1.49, 1.489, 1.488, 1.488, 1.488, 1.488, 1.488, 1.488, 1.489, 1.489, 1.49, 1.49, 1.49, 1.49, 1.49, 1.489, 1.489, 1.488, 1.487, 1.486, 1.486, 1.486, 1.485, 1.485, 1.484, 1.484, 1.484, 1.485, 1.485, 1.484, 1.483, 1.482, 1.482, 1.48, 1.478, 1.477, 1.476, 1.475, 1.474, 1.474, 1.473, 1.472, 1.473, 1.473, 1.474, 1.474, 1.474, 1.475, 1.476, 1.476, 1.476, 1.477, 1.477, 1.477, 1.478, 1.478, 1.478, 1.478, 1.479, 1.48, 1.48, 1.481, 1.481, 1.481, 1.48, 1.48, 1.478, 1.478, 1.476, 1.475, 1.474, 1.473, 1.473, 1.472, 1.472, 1.472, 1.471, 1.47, 1.47, 1.469, 1.468, 1.468, 1.468, 1.469, 0, 
1.546, 1.546, 1.545, 1.544, 1.543, 1.538, 1.537, 1.536, 1.535, 1.534, 1.533, 1.533, 1.533, 1.533, 1.534, 1.535, 1.535, 1.535, 1.535, 1.534, 1.533, 1.532, 1.532, 1.532, 1.532, 1.533, 1.534, 1.534, 1.535, 1.536, 1.537, 1.537, 1.536, 1.535, 1.533, 1.533, 1.532, 1.531, 1.531, 1.531, 1.532, 1.533, 1.534, 1.536, 1.537, 1.538, 1.542, 1.542, 1.542, 1.538, 1.537, 1.537, 1.533, 1.532, 1.528, 1.524, 1.522, 1.521, 1.521, 1.521, 1.521, 1.522, 1.524, 1.526, 1.527, 1.531, 1.532, 1.533, 1.533, 1.534, 1.534, 1.534, 1.534, 1.534, 1.534, 1.535, 1.535, 1.535, 1.535, 1.534, 1.533, 1.533, 1.532, 1.531, 1.528, 1.527, 1.527, 1.526, 1.526, 1.526, 1.526, 1.525, 1.524, 1.523, 1.523, 1.522, 1.522, 1.522, 1.522, 1.522, 1.522, 1.522, 1.522, 1.523, 1.523, 1.524, 1.524, 1.524, 1.525, 1.526, 1.526, 1.526, 1.526, 1.524, 1.524, 1.522, 1.521, 1.521, 1.521, 1.521, 1.522, 1.523, 1.524, 1.525, 1.526, 1.526, 1.526, 1.526, 1.526, 1.525, 1.524, 1.523, 1.523, 1.523, 1.523, 1.522, 1.522, 1.522, 1.522, 1.521, 1.52, 1.52, 1.519, 1.518, 1.517, 1.512, 1.512, 1.511, 1.511, 1.511, 1.511, 1.511, 1.511, 1.512, 1.516, 1.517, 1.517, 1.518, 1.518, 1.518, 1.518, 1.518, 1.518, 1.518, 1.519, 1.519, 1.52, 1.521, 1.522, 1.523, 1.523, 1.522, 1.521, 1.52, 1.52, 1.52, 1.52, 1.52, 1.52, 1.52, 1.52, 1.52, 1.52, 1.52, 1.52, 1.52, 1.52, 1.52, 1.519, 1.518, 1.517, 1.516, 1.512, 1.511, 1.511, 1.509, 1.508, 1.508, 1.508, 1.509, 1.511, 1.512, 1.516, 1.519, 1.52, 1.522, 1.523, 1.522, 1.521, 1.52, 1.518, 1.517, 1.513, 1.512, 1.511, 1.51, 1.509, 1.509, 1.509, 1.509, 1.509, 1.509, 1.509, 1.509, 1.509, 1.51, 1.51, 1.511, 1.511, 1.511, 1.512, 1.512, 1.516, 1.516, 1.517, 1.518, 1.518, 1.518, 1.518, 1.517, 1.516, 1.512, 1.51, 1.509, 1.507, 1.506, 1.505, 1.505, 1.505, 1.505, 1.505, 1.505, 1.505, 1.506, 1.506, 1.507, 1.507, 1.507, 1.507, 1.507, 1.507, 1.507, 1.507, 1.507, 1.507, 1.507, 1.507, 1.506, 1.505, 1.505, 1.504, 1.503, 1.503, 1.502, 1.501, 1.502, 1.503, 1.503, 1.504, 1.505, 1.506, 1.506, 1.507, 1.507, 1.507, 1.507, 1.507, 1.506, 1.505, 1.505, 1.505, 1.505, 1.505, 1.505, 1.505, 1.505, 1.504, 1.503, 1.503, 1.501, 1.5, 1.495, 1.494, 1.493, 1.491, 1.49, 1.49, 1.489, 1.489, 1.489, 1.49, 1.492, 1.494, 1.495, 1.495, 1.5, 1.501, 1.501, 1.503, 1.504, 1.505, 1.506, 1.507, 1.509, 1.509, 1.51, 1.511, 1.511, 1.51, 1.509, 1.508, 1.507, 1.506, 1.504, 1.503, 1.502, 1.502, 1.501, 1.5, 1.499, 1.499, 1.499, 1.499, 1.499, 1.499, 1.499, 1.499, 1.499, 1.499, 1.499, 1.499, 1.499, 1.499, 1.499, 1.499, 1.5, 1.5, 1.501, 1.501, 1.501, 1.501, 1.501, 1.502, 1.502, 1.503, 1.503, 1.503, 1.503, 1.503, 1.503, 1.502, 1.501, 1.501, 1.5, 1.499, 1.499, 1.495, 1.495, 1.494, 1.495, 1.495, 1.496, 1.496, 1.496, 1.499, 1.499, 1.5, 1.5, 1.5, 1.5, 1.499, 1.495, 1.494, 1.492, 1.491, 1.49, 1.489, 1.488, 1.488, 1.488, 1.488, 1.488, 1.489, 1.489, 1.49, 1.49, 1.491, 1.491, 1.491, 1.491, 1.491, 1.49, 1.489, 1.489, 1.488, 1.487, 1.487, 1.486, 1.486, 1.486, 1.485, 1.485, 1.485, 1.485, 1.485, 1.484, 1.483, 1.482, 1.481, 1.48, 1.478, 1.477, 1.476, 1.476, 1.475, 1.474, 1.474, 1.474, 1.474, 1.474, 1.474, 1.475, 1.475, 1.476, 1.476, 1.476, 1.477, 1.477, 1.477, 1.478, 1.478, 1.478, 1.478, 1.479, 1.48, 1.48, 1.481, 1.482, 1.482, 1.481, 1.48, 1.479, 1.478, 1.477, 1.476, 1.475, 1.474, 1.474, 1.473, 1.473, 1.472, 1.472, 1.47, 1.47, 1.469, 1.468, 1.466, 1.466, 1.469, 0, 
1.546, 1.545, 1.545, 1.544, 1.543, 1.538, 1.537, 1.536, 1.535, 1.534, 1.533, 1.533, 1.533, 1.534, 1.535, 1.535, 1.535, 1.535, 1.535, 1.534, 1.533, 1.532, 1.531, 1.531, 1.531, 1.532, 1.533, 1.533, 1.534, 1.535, 1.536, 1.536, 1.536, 1.535, 1.533, 1.533, 1.532, 1.531, 1.531, 1.531, 1.532, 1.533, 1.533, 1.537, 1.537, 1.538, 1.542, 1.542, 1.542, 1.539, 1.538, 1.537, 1.533, 1.532, 1.528, 1.523, 1.522, 1.521, 1.52, 1.52, 1.521, 1.522, 1.524, 1.526, 1.527, 1.532, 1.532, 1.533, 1.534, 1.535, 1.535, 1.535, 1.535, 1.535, 1.535, 1.535, 1.535, 1.535, 1.535, 1.534, 1.533, 1.533, 1.532, 1.528, 1.528, 1.527, 1.526, 1.526, 1.526, 1.526, 1.526, 1.525, 1.524, 1.523, 1.522, 1.522, 1.521, 1.521, 1.521, 1.522, 1.522, 1.523, 1.523, 1.523, 1.524, 1.524, 1.524, 1.524, 1.525, 1.526, 1.526, 1.526, 1.525, 1.524, 1.524, 1.522, 1.521, 1.52, 1.52, 1.521, 1.522, 1.523, 1.524, 1.525, 1.526, 1.526, 1.526, 1.526, 1.526, 1.525, 1.524, 1.523, 1.522, 1.522, 1.522, 1.522, 1.522, 1.521, 1.521, 1.52, 1.52, 1.52, 1.519, 1.518, 1.517, 1.513, 1.512, 1.511, 1.511, 1.511, 1.511, 1.511, 1.512, 1.512, 1.516, 1.517, 1.518, 1.519, 1.519, 1.519, 1.519, 1.519, 1.519, 1.519, 1.519, 1.52, 1.52, 1.521, 1.522, 1.523, 1.523, 1.522, 1.521, 1.52, 1.52, 1.52, 1.52, 1.52, 1.52, 1.52, 1.52, 1.52, 1.52, 1.52, 1.52, 1.52, 1.52, 1.52, 1.519, 1.518, 1.517, 1.516, 1.512, 1.511, 1.511, 1.509, 1.508, 1.507, 1.508, 1.509, 1.51, 1.511, 1.517, 1.518, 1.52, 1.522, 1.523, 1.522, 1.521, 1.52, 1.519, 1.518, 1.517, 1.512, 1.511, 1.51, 1.509, 1.509, 1.509, 1.509, 1.509, 1.509, 1.51, 1.51, 1.51, 1.511, 1.511, 1.511, 1.511, 1.512, 1.512, 1.513, 1.516, 1.516, 1.517, 1.518, 1.518, 1.518, 1.518, 1.517, 1.516, 1.511, 1.509, 1.508, 1.506, 1.505, 1.505, 1.505, 1.505, 1.505, 1.505, 1.505, 1.506, 1.507, 1.507, 1.507, 1.508, 1.508, 1.508, 1.508, 1.508, 1.508, 1.507, 1.507, 1.507, 1.507, 1.507, 1.506, 1.505, 1.504, 1.504, 1.503, 1.503, 1.502, 1.502, 1.502, 1.503, 1.503, 1.504, 1.505, 1.506, 1.507, 1.507, 1.507, 1.507, 1.507, 1.507, 1.506, 1.505, 1.505, 1.505, 1.505, 1.505, 1.505, 1.505, 1.505, 1.504, 1.503, 1.502, 1.501, 1.5, 1.495, 1.494, 1.492, 1.49, 1.489, 1.488, 1.488, 1.488, 1.488, 1.489, 1.491, 1.492, 1.494, 1.495, 1.499, 1.5, 1.501, 1.503, 1.504, 1.505, 1.507, 1.508, 1.509, 1.51, 1.511, 1.511, 1.511, 1.51, 1.509, 1.507, 1.506, 1.505, 1.504, 1.503, 1.502, 1.501, 1.5, 1.499, 1.499, 1.496, 1.496, 1.496, 1.496, 1.496, 1.496, 1.496, 1.496, 1.499, 1.499, 1.499, 1.499, 1.499, 1.499, 1.5, 1.5, 1.501, 1.501, 1.501, 1.501, 1.502, 1.502, 1.502, 1.503, 1.503, 1.503, 1.503, 1.503, 1.502, 1.502, 1.501, 1.501, 1.5, 1.5, 1.499, 1.496, 1.495, 1.494, 1.494, 1.494, 1.495, 1.495, 1.496, 1.499, 1.499, 1.499, 1.5, 1.501, 1.501, 1.5, 1.5, 1.495, 1.494, 1.492, 1.491, 1.49, 1.489, 1.489, 1.488, 1.488, 1.488, 1.489, 1.489, 1.49, 1.49, 1.491, 1.492, 1.492, 1.492, 1.492, 1.492, 1.491, 1.49, 1.49, 1.489, 1.488, 1.488, 1.487, 1.486, 1.486, 1.486, 1.486, 1.486, 1.486, 1.485, 1.485, 1.484, 1.483, 1.482, 1.48, 1.479, 1.478, 1.477, 1.477, 1.476, 1.476, 1.475, 1.475, 1.475, 1.475, 1.475, 1.475, 1.475, 1.476, 1.476, 1.476, 1.476, 1.476, 1.477, 1.477, 1.478, 1.478, 1.478, 1.479, 1.48, 1.481, 1.482, 1.482, 1.482, 1.482, 1.481, 1.48, 1.479, 1.478, 1.477, 1.476, 1.475, 1.475, 1.474, 1.474, 1.473, 1.472, 1.47, 1.469, 1.469, 1.466, 1.466, 1.466, 1.469, 0, 
1.545, 1.544, 1.544, 1.543, 1.543, 1.538, 1.537, 1.535, 1.534, 1.533, 1.533, 1.533, 1.533, 1.534, 1.535, 1.535, 1.536, 1.535, 1.535, 1.534, 1.533, 1.532, 1.531, 1.531, 1.531, 1.531, 1.532, 1.532, 1.533, 1.534, 1.535, 1.536, 1.536, 1.535, 1.533, 1.533, 1.532, 1.531, 1.531, 1.531, 1.532, 1.533, 1.533, 1.537, 1.537, 1.542, 1.542, 1.542, 1.542, 1.542, 1.538, 1.538, 1.533, 1.532, 1.528, 1.523, 1.522, 1.521, 1.52, 1.52, 1.521, 1.522, 1.524, 1.526, 1.527, 1.532, 1.533, 1.534, 1.535, 1.536, 1.536, 1.536, 1.535, 1.535, 1.535, 1.535, 1.535, 1.535, 1.535, 1.534, 1.533, 1.533, 1.532, 1.528, 1.528, 1.527, 1.526, 1.526, 1.526, 1.526, 1.526, 1.524, 1.524, 1.523, 1.522, 1.521, 1.521, 1.52, 1.521, 1.522, 1.522, 1.523, 1.524, 1.524, 1.524, 1.524, 1.524, 1.524, 1.525, 1.525, 1.526, 1.526, 1.525, 1.524, 1.524, 1.522, 1.521, 1.52, 1.52, 1.521, 1.522, 1.522, 1.524, 1.525, 1.526, 1.526, 1.527, 1.526, 1.526, 1.525, 1.524, 1.523, 1.522, 1.522, 1.522, 1.522, 1.521, 1.521, 1.52, 1.52, 1.52, 1.52, 1.519, 1.518, 1.517, 1.516, 1.512, 1.512, 1.512, 1.512, 1.512, 1.512, 1.512, 1.516, 1.517, 1.518, 1.519, 1.52, 1.52, 1.52, 1.52, 1.52, 1.52, 1.52, 1.52, 1.52, 1.521, 1.522, 1.523, 1.523, 1.523, 1.522, 1.521, 1.52, 1.52, 1.52, 1.519, 1.519, 1.519, 1.519, 1.519, 1.519, 1.519, 1.519, 1.52, 1.52, 1.52, 1.52, 1.52, 1.519, 1.518, 1.517, 1.516, 1.511, 1.511, 1.509, 1.508, 1.507, 1.507, 1.508, 1.509, 1.51, 1.516, 1.517, 1.521, 1.522, 1.522, 1.522, 1.521, 1.52, 1.519, 1.518, 1.513, 1.512, 1.511, 1.51, 1.509, 1.509, 1.509, 1.509, 1.509, 1.51, 1.51, 1.511, 1.511, 1.512, 1.512, 1.512, 1.512, 1.512, 1.513, 1.513, 1.516, 1.516, 1.517, 1.518, 1.518, 1.518, 1.518, 1.517, 1.512, 1.511, 1.509, 1.507, 1.506, 1.505, 1.505, 1.505, 1.505, 1.505, 1.505, 1.506, 1.507, 1.507, 1.508, 1.508, 1.509, 1.509, 1.509, 1.509, 1.509, 1.508, 1.508, 1.507, 1.507, 1.507, 1.507, 1.506, 1.505, 1.504, 1.503, 1.503, 1.503, 1.503, 1.503, 1.503, 1.503, 1.504, 1.505, 1.506, 1.507, 1.507, 1.507, 1.507, 1.507, 1.507, 1.507, 1.506, 1.505, 1.505, 1.505, 1.505, 1.505, 1.505, 1.505, 1.505, 1.504, 1.503, 1.502, 1.501, 1.5, 1.495, 1.494, 1.492, 1.49, 1.489, 1.488, 1.487, 1.487, 1.488, 1.489, 1.49, 1.492, 1.493, 1.494, 1.495, 1.5, 1.501, 1.502, 1.504, 1.505, 1.507, 1.508, 1.509, 1.51, 1.511, 1.511, 1.51, 1.509, 1.508, 1.507, 1.505, 1.504, 1.503, 1.502, 1.501, 1.5, 1.5, 1.499, 1.496, 1.496, 1.496, 1.496, 1.496, 1.496, 1.496, 1.496, 1.496, 1.496, 1.496, 1.499, 1.499, 1.499, 1.5, 1.5, 1.501, 1.501, 1.501, 1.502, 1.502, 1.503, 1.503, 1.503, 1.503, 1.503, 1.503, 1.503, 1.502, 1.501, 1.501, 1.5, 1.5, 1.5, 1.499, 1.496, 1.495, 1.495, 1.494, 1.494, 1.494, 1.494, 1.495, 1.495, 1.499, 1.499, 1.5, 1.5, 1.501, 1.501, 1.5, 1.5, 1.495, 1.494, 1.493, 1.492, 1.49, 1.49, 1.489, 1.489, 1.488, 1.489, 1.489, 1.49, 1.49, 1.491, 1.492, 1.492, 1.493, 1.493, 1.493, 1.493, 1.492, 1.492, 1.491, 1.49, 1.489, 1.488, 1.487, 1.486, 1.486, 1.486, 1.486, 1.486, 1.486, 1.486, 1.485, 1.484, 1.484, 1.483, 1.482, 1.48, 1.479, 1.479, 1.478, 1.478, 1.477, 1.476, 1.476, 1.476, 1.475, 1.475, 1.475, 1.475, 1.475, 1.476, 1.476, 1.476, 1.476, 1.476, 1.477, 1.477, 1.478, 1.478, 1.48, 1.48, 1.481, 1.482, 1.482, 1.482, 1.482, 1.482, 1.481, 1.48, 1.479, 1.478, 1.477, 1.476, 1.475, 1.474, 1.474, 1.473, 1.472, 1.469, 1.469, 1.468, 1.466, 1.466, 1.466, 1.469, 0, 
1.544, 1.544, 1.544, 1.543, 1.538, 1.537, 1.536, 1.535, 1.534, 1.533, 1.533, 1.533, 1.533, 1.534, 1.535, 1.536, 1.536, 1.536, 1.535, 1.535, 1.532, 1.532, 1.528, 1.528, 1.528, 1.528, 1.528, 1.532, 1.533, 1.534, 1.535, 1.535, 1.535, 1.535, 1.533, 1.533, 1.532, 1.531, 1.531, 1.531, 1.532, 1.533, 1.534, 1.537, 1.538, 1.542, 1.543, 1.543, 1.543, 1.542, 1.538, 1.538, 1.534, 1.531, 1.528, 1.523, 1.522, 1.521, 1.52, 1.52, 1.521, 1.522, 1.524, 1.526, 1.527, 1.533, 1.534, 1.535, 1.536, 1.537, 1.537, 1.536, 1.536, 1.536, 1.536, 1.536, 1.535, 1.535, 1.535, 1.534, 1.533, 1.533, 1.532, 1.528, 1.528, 1.527, 1.527, 1.526, 1.526, 1.526, 1.526, 1.525, 1.524, 1.523, 1.522, 1.521, 1.521, 1.521, 1.521, 1.522, 1.523, 1.523, 1.524, 1.524, 1.524, 1.524, 1.524, 1.524, 1.524, 1.525, 1.525, 1.525, 1.525, 1.524, 1.524, 1.522, 1.521, 1.52, 1.52, 1.521, 1.522, 1.523, 1.524, 1.525, 1.526, 1.527, 1.527, 1.527, 1.526, 1.525, 1.524, 1.523, 1.523, 1.522, 1.522, 1.521, 1.521, 1.52, 1.52, 1.52, 1.519, 1.519, 1.518, 1.518, 1.517, 1.516, 1.513, 1.513, 1.512, 1.512, 1.512, 1.513, 1.513, 1.517, 1.518, 1.519, 1.52, 1.521, 1.522, 1.522, 1.521, 1.521, 1.52, 1.52, 1.521, 1.521, 1.521, 1.522, 1.523, 1.524, 1.523, 1.522, 1.521, 1.52, 1.519, 1.519, 1.518, 1.518, 1.518, 1.518, 1.518, 1.518, 1.518, 1.519, 1.519, 1.519, 1.519, 1.52, 1.52, 1.519, 1.518, 1.517, 1.516, 1.512, 1.511, 1.509, 1.508, 1.507, 1.507, 1.508, 1.509, 1.511, 1.512, 1.516, 1.52, 1.521, 1.522, 1.522, 1.521, 1.52, 1.519, 1.518, 1.513, 1.512, 1.511, 1.51, 1.509, 1.509, 1.509, 1.509, 1.51, 1.51, 1.511, 1.512, 1.512, 1.512, 1.516, 1.516, 1.516, 1.516, 1.516, 1.516, 1.516, 1.516, 1.517, 1.518, 1.518, 1.518, 1.517, 1.517, 1.512, 1.511, 1.509, 1.507, 1.506, 1.505, 1.505, 1.505, 1.505, 1.505, 1.506, 1.506, 1.507, 1.508, 1.509, 1.509, 1.509, 1.509, 1.509, 1.509, 1.509, 1.509, 1.508, 1.507, 1.507, 1.507, 1.507, 1.506, 1.505, 1.504, 1.503, 1.503, 1.503, 1.503, 1.503, 1.503, 1.503, 1.504, 1.505, 1.506, 1.507, 1.508, 1.508, 1.508, 1.507, 1.507, 1.507, 1.506, 1.505, 1.505, 1.505, 1.505, 1.505, 1.505, 1.505, 1.504, 1.504, 1.503, 1.502, 1.501, 1.5, 1.495, 1.494, 1.492, 1.49, 1.488, 1.487, 1.486, 1.486, 1.487, 1.488, 1.489, 1.491, 1.492, 1.494, 1.495, 1.496, 1.5, 1.501, 1.505, 1.505, 1.507, 1.508, 1.509, 1.51, 1.51, 1.51, 1.509, 1.508, 1.507, 1.506, 1.504, 1.503, 1.502, 1.501, 1.5, 1.5, 1.499, 1.496, 1.496, 1.496, 1.496, 1.496, 1.496, 1.496, 1.496, 1.496, 1.496, 1.496, 1.496, 1.499, 1.499, 1.499, 1.5, 1.501, 1.501, 1.502, 1.502, 1.503, 1.503, 1.503, 1.503, 1.503, 1.503, 1.503, 1.502, 1.502, 1.501, 1.501, 1.5, 1.5, 1.499, 1.496, 1.496, 1.495, 1.494, 1.494, 1.494, 1.494, 1.494, 1.494, 1.495, 1.495, 1.496, 1.499, 1.5, 1.501, 1.501, 1.501, 1.5, 1.5, 1.495, 1.494, 1.493, 1.492, 1.491, 1.49, 1.49, 1.489, 1.489, 1.489, 1.49, 1.49, 1.491, 1.492, 1.492, 1.493, 1.493, 1.494, 1.494, 1.494, 1.493, 1.493, 1.492, 1.491, 1.49, 1.488, 1.488, 1.486, 1.486, 1.486, 1.485, 1.485, 1.486, 1.486, 1.485, 1.485, 1.484, 1.484, 1.483, 1.482, 1.481, 1.48, 1.479, 1.479, 1.478, 1.477, 1.477, 1.476, 1.476, 1.475, 1.474, 1.474, 1.475, 1.475, 1.475, 1.476, 1.476, 1.476, 1.476, 1.477, 1.478, 1.478, 1.48, 1.481, 1.482, 1.483, 1.483, 1.483, 1.483, 1.483, 1.482, 1.481, 1.48, 1.478, 1.478, 1.477, 1.476, 1.474, 1.474, 1.472, 1.471, 1.468, 1.468, 1.466, 1.466, 1.464, 1.464, 1.469, 0, 
1.539, 1.539, 1.538, 1.538, 1.538, 1.536, 1.535, 1.534, 1.533, 1.532, 1.532, 1.532, 1.533, 1.533, 1.535, 1.536, 1.536, 1.536, 1.535, 1.535, 1.531, 1.531, 1.528, 1.528, 1.528, 1.528, 1.528, 1.528, 1.532, 1.533, 1.534, 1.535, 1.535, 1.534, 1.533, 1.533, 1.532, 1.531, 1.531, 1.532, 1.533, 1.534, 1.535, 1.537, 1.538, 1.542, 1.542, 1.542, 1.542, 1.542, 1.538, 1.538, 1.533, 1.532, 1.528, 1.523, 1.522, 1.521, 1.52, 1.52, 1.521, 1.522, 1.523, 1.527, 1.527, 1.533, 1.534, 1.535, 1.536, 1.537, 1.537, 1.536, 1.536, 1.536, 1.536, 1.536, 1.535, 1.535, 1.535, 1.534, 1.533, 1.533, 1.532, 1.528, 1.528, 1.528, 1.527, 1.527, 1.527, 1.526, 1.526, 1.525, 1.524, 1.524, 1.523, 1.522, 1.522, 1.522, 1.522, 1.522, 1.523, 1.524, 1.524, 1.524, 1.524, 1.524, 1.524, 1.524, 1.524, 1.524, 1.524, 1.525, 1.525, 1.524, 1.524, 1.523, 1.522, 1.521, 1.521, 1.521, 1.522, 1.523, 1.524, 1.525, 1.526, 1.527, 1.528, 1.528, 1.527, 1.526, 1.525, 1.524, 1.523, 1.522, 1.522, 1.521, 1.52, 1.52, 1.52, 1.519, 1.519, 1.518, 1.518, 1.517, 1.517, 1.516, 1.513, 1.513, 1.513, 1.513, 1.513, 1.513, 1.516, 1.516, 1.52, 1.521, 1.522, 1.522, 1.523, 1.523, 1.522, 1.522, 1.522, 1.522, 1.522, 1.522, 1.522, 1.522, 1.523, 1.523, 1.523, 1.522, 1.52, 1.52, 1.519, 1.518, 1.518, 1.517, 1.517, 1.517, 1.517, 1.517, 1.518, 1.518, 1.518, 1.518, 1.519, 1.519, 1.52, 1.52, 1.519, 1.518, 1.517, 1.512, 1.511, 1.51, 1.509, 1.508, 1.508, 1.508, 1.509, 1.511, 1.512, 1.516, 1.52, 1.521, 1.522, 1.522, 1.521, 1.52, 1.518, 1.517, 1.513, 1.512, 1.511, 1.51, 1.509, 1.509, 1.509, 1.51, 1.51, 1.511, 1.512, 1.512, 1.516, 1.516, 1.516, 1.516, 1.516, 1.516, 1.516, 1.516, 1.516, 1.516, 1.517, 1.518, 1.518, 1.518, 1.517, 1.516, 1.512, 1.511, 1.509, 1.507, 1.506, 1.505, 1.505, 1.505, 1.505, 1.505, 1.506, 1.507, 1.508, 1.509, 1.509, 1.509, 1.509, 1.509, 1.509, 1.509, 1.509, 1.509, 1.508, 1.507, 1.507, 1.507, 1.506, 1.505, 1.504, 1.503, 1.503, 1.503, 1.503, 1.503, 1.503, 1.503, 1.504, 1.505, 1.506, 1.507, 1.508, 1.508, 1.508, 1.508, 1.507, 1.507, 1.507, 1.506, 1.505, 1.505, 1.505, 1.505, 1.505, 1.505, 1.505, 1.504, 1.503, 1.503, 1.501, 1.501, 1.5, 1.495, 1.494, 1.492, 1.49, 1.488, 1.487, 1.486, 1.486, 1.487, 1.488, 1.489, 1.49, 1.492, 1.493, 1.494, 1.495, 1.5, 1.501, 1.504, 1.505, 1.507, 1.507, 1.509, 1.509, 1.51, 1.51, 1.509, 1.508, 1.507, 1.505, 1.504, 1.502, 1.501, 1.501, 1.5, 1.499, 1.496, 1.496, 1.496, 1.496, 1.495, 1.495, 1.495, 1.495, 1.496, 1.496, 1.496, 1.496, 1.496, 1.499, 1.499, 1.5, 1.501, 1.501, 1.502, 1.502, 1.503, 1.503, 1.503, 1.503, 1.503, 1.503, 1.503, 1.502, 1.502, 1.501, 1.5, 1.5, 1.499, 1.496, 1.496, 1.495, 1.495, 1.494, 1.494, 1.493, 1.493, 1.493, 1.494, 1.494, 1.494, 1.495, 1.495, 1.499, 1.5, 1.5, 1.501, 1.501, 1.5, 1.5, 1.495, 1.494, 1.493, 1.492, 1.491, 1.49, 1.49, 1.49, 1.49, 1.49, 1.49, 1.491, 1.492, 1.492, 1.493, 1.493, 1.494, 1.494, 1.495, 1.495, 1.494, 1.493, 1.492, 1.491, 1.49, 1.488, 1.487, 1.486, 1.485, 1.485, 1.485, 1.485, 1.485, 1.485, 1.485, 1.485, 1.485, 1.484, 1.483, 1.483, 1.482, 1.481, 1.48, 1.48, 1.479, 1.478, 1.477, 1.477, 1.476, 1.475, 1.475, 1.474, 1.474, 1.474, 1.475, 1.475, 1.475, 1.476, 1.476, 1.477, 1.478, 1.478, 1.48, 1.481, 1.482, 1.483, 1.484, 1.484, 1.484, 1.483, 1.483, 1.482, 1.48, 1.48, 1.478, 1.477, 1.476, 1.475, 1.474, 1.472, 1.471, 1.468, 1.468, 1.466, 1.464, 1.464, 1.464, 1.469, 0, 
1.538, 1.538, 1.537, 1.537, 1.536, 1.535, 1.533, 1.532, 1.532, 1.532, 1.531, 1.531, 1.532, 1.533, 1.534, 1.535, 1.536, 1.536, 1.535, 1.534, 1.531, 1.528, 1.527, 1.527, 1.527, 1.527, 1.528, 1.528, 1.532, 1.533, 1.534, 1.534, 1.535, 1.534, 1.533, 1.533, 1.532, 1.532, 1.532, 1.532, 1.533, 1.534, 1.535, 1.537, 1.538, 1.542, 1.542, 1.542, 1.542, 1.542, 1.538, 1.537, 1.533, 1.532, 1.528, 1.523, 1.522, 1.521, 1.521, 1.521, 1.522, 1.523, 1.524, 1.527, 1.532, 1.533, 1.534, 1.535, 1.536, 1.537, 1.536, 1.536, 1.536, 1.535, 1.535, 1.535, 1.535, 1.535, 1.534, 1.534, 1.533, 1.533, 1.532, 1.531, 1.528, 1.528, 1.528, 1.528, 1.527, 1.527, 1.527, 1.526, 1.525, 1.524, 1.523, 1.523, 1.522, 1.522, 1.522, 1.523, 1.524, 1.524, 1.524, 1.524, 1.524, 1.524, 1.524, 1.524, 1.524, 1.524, 1.524, 1.524, 1.524, 1.524, 1.524, 1.523, 1.523, 1.522, 1.522, 1.522, 1.523, 1.524, 1.525, 1.526, 1.527, 1.531, 1.531, 1.531, 1.531, 1.527, 1.526, 1.525, 1.524, 1.523, 1.522, 1.521, 1.52, 1.52, 1.519, 1.518, 1.518, 1.518, 1.517, 1.517, 1.516, 1.516, 1.516, 1.516, 1.516, 1.516, 1.516, 1.516, 1.517, 1.52, 1.521, 1.522, 1.523, 1.524, 1.524, 1.524, 1.524, 1.523, 1.523, 1.523, 1.522, 1.522, 1.522, 1.522, 1.523, 1.523, 1.522, 1.521, 1.52, 1.519, 1.518, 1.518, 1.517, 1.516, 1.516, 1.516, 1.516, 1.517, 1.518, 1.518, 1.518, 1.518, 1.518, 1.519, 1.52, 1.52, 1.519, 1.518, 1.517, 1.516, 1.512, 1.511, 1.509, 1.508, 1.508, 1.509, 1.509, 1.511, 1.512, 1.516, 1.52, 1.521, 1.521, 1.522, 1.521, 1.519, 1.518, 1.517, 1.512, 1.511, 1.51, 1.509, 1.509, 1.509, 1.509, 1.51, 1.511, 1.512, 1.512, 1.516, 1.516, 1.516, 1.516, 1.516, 1.516, 1.516, 1.516, 1.516, 1.516, 1.516, 1.517, 1.518, 1.518, 1.518, 1.517, 1.516, 1.512, 1.511, 1.509, 1.507, 1.506, 1.505, 1.505, 1.505, 1.505, 1.506, 1.507, 1.508, 1.509, 1.509, 1.51, 1.51, 1.51, 1.509, 1.509, 1.509, 1.509, 1.509, 1.508, 1.507, 1.507, 1.507, 1.506, 1.505, 1.504, 1.503, 1.503, 1.502, 1.502, 1.502, 1.503, 1.503, 1.504, 1.505, 1.506, 1.507, 1.508, 1.509, 1.509, 1.508, 1.507, 1.507, 1.506, 1.506, 1.505, 1.505, 1.505, 1.504, 1.504, 1.504, 1.504, 1.504, 1.503, 1.502, 1.501, 1.501, 1.5, 1.495, 1.494, 1.492, 1.49, 1.488, 1.487, 1.486, 1.486, 1.487, 1.488, 1.489, 1.49, 1.491, 1.492, 1.494, 1.495, 1.5, 1.501, 1.504, 1.505, 1.506, 1.507, 1.508, 1.509, 1.509, 1.509, 1.508, 1.507, 1.506, 1.504, 1.503, 1.502, 1.501, 1.5, 1.499, 1.496, 1.496, 1.496, 1.496, 1.495, 1.495, 1.494, 1.494, 1.495, 1.496, 1.496, 1.496, 1.496, 1.496, 1.499, 1.499, 1.5, 1.501, 1.502, 1.502, 1.503, 1.504, 1.504, 1.504, 1.503, 1.503, 1.503, 1.502, 1.501, 1.501, 1.5, 1.5, 1.499, 1.496, 1.495, 1.495, 1.495, 1.494, 1.494, 1.493, 1.492, 1.492, 1.493, 1.494, 1.494, 1.494, 1.494, 1.495, 1.496, 1.499, 1.5, 1.5, 1.5, 1.5, 1.499, 1.495, 1.494, 1.494, 1.492, 1.491, 1.49, 1.49, 1.49, 1.49, 1.49, 1.491, 1.492, 1.492, 1.493, 1.494, 1.494, 1.495, 1.495, 1.495, 1.495, 1.494, 1.493, 1.492, 1.491, 1.489, 1.488, 1.487, 1.486, 1.485, 1.484, 1.484, 1.484, 1.484, 1.485, 1.485, 1.485, 1.485, 1.485, 1.484, 1.484, 1.483, 1.482, 1.481, 1.48, 1.479, 1.478, 1.478, 1.477, 1.476, 1.476, 1.475, 1.475, 1.474, 1.474, 1.474, 1.474, 1.475, 1.475, 1.476, 1.476, 1.478, 1.478, 1.48, 1.482, 1.483, 1.484, 1.485, 1.485, 1.485, 1.484, 1.484, 1.483, 1.482, 1.48, 1.479, 1.478, 1.477, 1.475, 1.474, 1.472, 1.471, 1.468, 1.468, 1.466, 1.464, 1.464, 1.464, 1.469, 0, 
1.537, 1.537, 1.536, 1.536, 1.535, 1.533, 1.532, 1.532, 1.528, 1.528, 1.528, 1.531, 1.531, 1.532, 1.533, 1.535, 1.536, 1.535, 1.535, 1.533, 1.532, 1.528, 1.527, 1.526, 1.526, 1.527, 1.527, 1.528, 1.528, 1.533, 1.533, 1.534, 1.534, 1.534, 1.533, 1.533, 1.533, 1.533, 1.533, 1.533, 1.534, 1.534, 1.535, 1.537, 1.538, 1.542, 1.542, 1.542, 1.542, 1.538, 1.537, 1.536, 1.533, 1.532, 1.528, 1.524, 1.523, 1.522, 1.522, 1.522, 1.523, 1.524, 1.525, 1.528, 1.531, 1.534, 1.535, 1.535, 1.536, 1.536, 1.536, 1.535, 1.535, 1.535, 1.535, 1.535, 1.535, 1.535, 1.534, 1.533, 1.533, 1.533, 1.532, 1.531, 1.531, 1.531, 1.528, 1.528, 1.528, 1.528, 1.528, 1.527, 1.526, 1.525, 1.524, 1.524, 1.523, 1.523, 1.523, 1.523, 1.524, 1.524, 1.524, 1.524, 1.524, 1.524, 1.524, 1.524, 1.524, 1.524, 1.524, 1.524, 1.524, 1.524, 1.524, 1.524, 1.523, 1.523, 1.523, 1.523, 1.524, 1.524, 1.525, 1.526, 1.531, 1.532, 1.532, 1.532, 1.532, 1.531, 1.527, 1.526, 1.524, 1.523, 1.522, 1.521, 1.52, 1.519, 1.518, 1.517, 1.517, 1.517, 1.517, 1.516, 1.516, 1.516, 1.516, 1.516, 1.516, 1.517, 1.517, 1.517, 1.518, 1.52, 1.522, 1.523, 1.524, 1.525, 1.526, 1.526, 1.525, 1.525, 1.524, 1.524, 1.523, 1.523, 1.522, 1.522, 1.522, 1.522, 1.521, 1.52, 1.52, 1.519, 1.518, 1.517, 1.517, 1.516, 1.516, 1.516, 1.516, 1.516, 1.517, 1.517, 1.517, 1.518, 1.518, 1.518, 1.519, 1.52, 1.52, 1.519, 1.518, 1.517, 1.512, 1.511, 1.51, 1.509, 1.509, 1.509, 1.51, 1.511, 1.512, 1.516, 1.52, 1.521, 1.521, 1.521, 1.52, 1.519, 1.518, 1.513, 1.512, 1.511, 1.51, 1.509, 1.509, 1.509, 1.509, 1.51, 1.511, 1.512, 1.516, 1.516, 1.517, 1.517, 1.517, 1.517, 1.516, 1.516, 1.516, 1.516, 1.516, 1.517, 1.517, 1.518, 1.518, 1.517, 1.517, 1.516, 1.512, 1.511, 1.508, 1.507, 1.506, 1.505, 1.505, 1.505, 1.506, 1.507, 1.507, 1.508, 1.509, 1.51, 1.51, 1.51, 1.51, 1.509, 1.509, 1.509, 1.509, 1.509, 1.508, 1.507, 1.507, 1.507, 1.506, 1.505, 1.504, 1.503, 1.502, 1.502, 1.501, 1.502, 1.503, 1.503, 1.504, 1.505, 1.506, 1.507, 1.508, 1.509, 1.509, 1.508, 1.507, 1.507, 1.506, 1.505, 1.504, 1.504, 1.504, 1.503, 1.503, 1.503, 1.503, 1.503, 1.502, 1.502, 1.501, 1.501, 1.5, 1.495, 1.494, 1.492, 1.49, 1.488, 1.487, 1.486, 1.486, 1.487, 1.488, 1.489, 1.49, 1.491, 1.492, 1.494, 1.495, 1.5, 1.501, 1.503, 1.505, 1.506, 1.507, 1.508, 1.509, 1.509, 1.508, 1.507, 1.507, 1.505, 1.504, 1.502, 1.501, 1.5, 1.499, 1.496, 1.495, 1.495, 1.495, 1.495, 1.495, 1.495, 1.494, 1.494, 1.495, 1.496, 1.496, 1.496, 1.496, 1.496, 1.499, 1.5, 1.5, 1.501, 1.502, 1.503, 1.504, 1.505, 1.505, 1.504, 1.503, 1.503, 1.502, 1.501, 1.501, 1.5, 1.499, 1.499, 1.496, 1.495, 1.495, 1.494, 1.494, 1.493, 1.493, 1.492, 1.492, 1.492, 1.492, 1.493, 1.494, 1.494, 1.494, 1.495, 1.495, 1.496, 1.499, 1.499, 1.499, 1.499, 1.499, 1.495, 1.494, 1.494, 1.493, 1.492, 1.491, 1.49, 1.49, 1.49, 1.491, 1.492, 1.492, 1.493, 1.494, 1.494, 1.495, 1.495, 1.496, 1.496, 1.495, 1.494, 1.493, 1.492, 1.49, 1.489, 1.487, 1.486, 1.485, 1.484, 1.483, 1.483, 1.483, 1.484, 1.484, 1.485, 1.486, 1.486, 1.486, 1.485, 1.485, 1.484, 1.483, 1.482, 1.481, 1.48, 1.479, 1.478, 1.478, 1.477, 1.476, 1.476, 1.475, 1.474, 1.474, 1.474, 1.474, 1.474, 1.475, 1.475, 1.476, 1.477, 1.478, 1.479, 1.483, 1.484, 1.485, 1.486, 1.486, 1.486, 1.486, 1.485, 1.484, 1.483, 1.482, 1.48, 1.479, 1.477, 1.476, 1.474, 1.472, 1.471, 1.468, 1.468, 1.466, 1.464, 1.464, 1.464, 1.469, 0, 
1.535, 1.535, 1.535, 1.534, 1.534, 1.533, 1.532, 1.531, 1.528, 1.528, 1.528, 1.531, 1.531, 1.532, 1.533, 1.535, 1.536, 1.535, 1.534, 1.533, 1.532, 1.527, 1.527, 1.526, 1.526, 1.526, 1.527, 1.527, 1.528, 1.528, 1.533, 1.533, 1.534, 1.533, 1.533, 1.533, 1.533, 1.533, 1.533, 1.533, 1.534, 1.535, 1.536, 1.537, 1.538, 1.539, 1.542, 1.542, 1.539, 1.538, 1.537, 1.535, 1.533, 1.532, 1.528, 1.524, 1.524, 1.523, 1.523, 1.523, 1.524, 1.525, 1.526, 1.527, 1.531, 1.535, 1.535, 1.535, 1.535, 1.535, 1.535, 1.535, 1.535, 1.535, 1.535, 1.534, 1.534, 1.534, 1.534, 1.533, 1.533, 1.533, 1.532, 1.531, 1.531, 1.531, 1.531, 1.531, 1.531, 1.531, 1.531, 1.528, 1.527, 1.526, 1.525, 1.524, 1.524, 1.524, 1.524, 1.524, 1.524, 1.524, 1.524, 1.524, 1.524, 1.524, 1.524, 1.524, 1.524, 1.524, 1.524, 1.525, 1.525, 1.525, 1.524, 1.524, 1.524, 1.524, 1.524, 1.524, 1.525, 1.525, 1.526, 1.527, 1.532, 1.532, 1.533, 1.533, 1.533, 1.532, 1.531, 1.526, 1.525, 1.524, 1.522, 1.521, 1.52, 1.518, 1.517, 1.516, 1.516, 1.516, 1.516, 1.516, 1.516, 1.517, 1.517, 1.517, 1.517, 1.517, 1.518, 1.518, 1.52, 1.521, 1.522, 1.524, 1.525, 1.527, 1.527, 1.527, 1.527, 1.526, 1.525, 1.525, 1.524, 1.524, 1.523, 1.522, 1.522, 1.522, 1.521, 1.52, 1.52, 1.518, 1.517, 1.517, 1.516, 1.516, 1.516, 1.516, 1.516, 1.516, 1.516, 1.516, 1.517, 1.517, 1.517, 1.518, 1.518, 1.519, 1.519, 1.519, 1.518, 1.517, 1.512, 1.511, 1.51, 1.509, 1.509, 1.509, 1.51, 1.511, 1.512, 1.516, 1.52, 1.52, 1.521, 1.521, 1.52, 1.518, 1.517, 1.512, 1.511, 1.51, 1.509, 1.509, 1.509, 1.509, 1.51, 1.511, 1.512, 1.512, 1.516, 1.517, 1.518, 1.518, 1.518, 1.517, 1.516, 1.516, 1.516, 1.516, 1.516, 1.516, 1.517, 1.518, 1.518, 1.517, 1.517, 1.516, 1.512, 1.511, 1.508, 1.507, 1.506, 1.506, 1.505, 1.506, 1.507, 1.507, 1.508, 1.509, 1.51, 1.51, 1.511, 1.51, 1.51, 1.509, 1.509, 1.509, 1.509, 1.508, 1.508, 1.507, 1.507, 1.507, 1.506, 1.505, 1.504, 1.503, 1.502, 1.501, 1.501, 1.502, 1.503, 1.503, 1.504, 1.505, 1.507, 1.508, 1.508, 1.509, 1.508, 1.508, 1.507, 1.506, 1.505, 1.505, 1.504, 1.503, 1.503, 1.503, 1.503, 1.503, 1.503, 1.502, 1.502, 1.501, 1.501, 1.501, 1.5, 1.495, 1.494, 1.492, 1.49, 1.489, 1.488, 1.487, 1.487, 1.487, 1.488, 1.489, 1.49, 1.491, 1.492, 1.494, 1.495, 1.5, 1.501, 1.503, 1.504, 1.506, 1.507, 1.508, 1.509, 1.509, 1.508, 1.507, 1.506, 1.505, 1.503, 1.501, 1.5, 1.496, 1.496, 1.495, 1.495, 1.494, 1.494, 1.495, 1.495, 1.495, 1.495, 1.495, 1.495, 1.496, 1.496, 1.496, 1.499, 1.499, 1.499, 1.5, 1.501, 1.502, 1.503, 1.504, 1.504, 1.505, 1.505, 1.504, 1.503, 1.503, 1.502, 1.501, 1.5, 1.499, 1.496, 1.495, 1.495, 1.494, 1.494, 1.493, 1.493, 1.492, 1.492, 1.492, 1.492, 1.492, 1.492, 1.493, 1.493, 1.494, 1.494, 1.494, 1.495, 1.496, 1.496, 1.499, 1.499, 1.499, 1.496, 1.495, 1.494, 1.494, 1.493, 1.492, 1.491, 1.49, 1.49, 1.491, 1.492, 1.492, 1.493, 1.494, 1.494, 1.495, 1.496, 1.496, 1.496, 1.496, 1.495, 1.494, 1.493, 1.492, 1.49, 1.488, 1.487, 1.486, 1.484, 1.483, 1.483, 1.482, 1.483, 1.484, 1.484, 1.485, 1.486, 1.486, 1.486, 1.486, 1.485, 1.485, 1.484, 1.483, 1.482, 1.48, 1.479, 1.478, 1.478, 1.477, 1.476, 1.476, 1.475, 1.474, 1.474, 1.474, 1.474, 1.474, 1.474, 1.475, 1.476, 1.477, 1.478, 1.479, 1.484, 1.485, 1.486, 1.487, 1.488, 1.488, 1.487, 1.486, 1.485, 1.484, 1.483, 1.481, 1.48, 1.478, 1.476, 1.474, 1.472, 1.471, 1.468, 1.468, 1.466, 1.464, 1.464, 1.464, 1.469, 0, 
1.533, 1.533, 1.533, 1.533, 1.533, 1.532, 1.528, 1.528, 1.528, 1.528, 1.528, 1.528, 1.531, 1.532, 1.533, 1.535, 1.536, 1.535, 1.534, 1.533, 1.532, 1.527, 1.527, 1.526, 1.526, 1.526, 1.526, 1.527, 1.527, 1.527, 1.532, 1.532, 1.533, 1.533, 1.533, 1.533, 1.533, 1.533, 1.533, 1.534, 1.534, 1.535, 1.536, 1.537, 1.538, 1.538, 1.539, 1.539, 1.538, 1.537, 1.536, 1.535, 1.533, 1.532, 1.527, 1.526, 1.525, 1.524, 1.524, 1.524, 1.525, 1.526, 1.526, 1.527, 1.531, 1.535, 1.535, 1.535, 1.535, 1.535, 1.535, 1.534, 1.534, 1.534, 1.534, 1.534, 1.533, 1.533, 1.533, 1.533, 1.533, 1.533, 1.532, 1.531, 1.531, 1.532, 1.532, 1.532, 1.531, 1.531, 1.532, 1.532, 1.527, 1.527, 1.526, 1.526, 1.525, 1.524, 1.524, 1.524, 1.524, 1.524, 1.524, 1.524, 1.524, 1.524, 1.524, 1.524, 1.524, 1.524, 1.524, 1.525, 1.526, 1.526, 1.525, 1.525, 1.524, 1.524, 1.524, 1.525, 1.526, 1.526, 1.527, 1.531, 1.532, 1.533, 1.534, 1.534, 1.533, 1.533, 1.532, 1.527, 1.526, 1.524, 1.523, 1.521, 1.52, 1.518, 1.517, 1.516, 1.516, 1.516, 1.516, 1.516, 1.517, 1.518, 1.518, 1.518, 1.518, 1.519, 1.519, 1.52, 1.521, 1.522, 1.523, 1.525, 1.526, 1.527, 1.528, 1.528, 1.528, 1.527, 1.526, 1.525, 1.525, 1.524, 1.523, 1.522, 1.522, 1.522, 1.521, 1.52, 1.519, 1.518, 1.517, 1.516, 1.516, 1.516, 1.516, 1.516, 1.516, 1.516, 1.516, 1.516, 1.516, 1.516, 1.516, 1.517, 1.518, 1.518, 1.519, 1.518, 1.518, 1.517, 1.516, 1.512, 1.511, 1.51, 1.509, 1.509, 1.51, 1.511, 1.512, 1.516, 1.52, 1.521, 1.521, 1.521, 1.52, 1.517, 1.517, 1.512, 1.511, 1.51, 1.509, 1.509, 1.509, 1.509, 1.51, 1.511, 1.512, 1.516, 1.517, 1.518, 1.519, 1.519, 1.518, 1.518, 1.517, 1.516, 1.516, 1.516, 1.516, 1.516, 1.517, 1.518, 1.518, 1.517, 1.516, 1.516, 1.511, 1.511, 1.507, 1.507, 1.507, 1.506, 1.506, 1.507, 1.507, 1.508, 1.509, 1.51, 1.51, 1.511, 1.511, 1.51, 1.509, 1.508, 1.508, 1.508, 1.508, 1.508, 1.508, 1.508, 1.507, 1.507, 1.506, 1.505, 1.504, 1.503, 1.502, 1.501, 1.501, 1.502, 1.503, 1.503, 1.504, 1.505, 1.507, 1.508, 1.509, 1.509, 1.508, 1.507, 1.507, 1.506, 1.505, 1.504, 1.503, 1.503, 1.503, 1.502, 1.502, 1.502, 1.502, 1.501, 1.501, 1.501, 1.501, 1.501, 1.5, 1.495, 1.494, 1.492, 1.49, 1.489, 1.488, 1.488, 1.488, 1.488, 1.488, 1.489, 1.49, 1.492, 1.493, 1.494, 1.495, 1.5, 1.501, 1.502, 1.504, 1.505, 1.506, 1.507, 1.508, 1.508, 1.507, 1.507, 1.505, 1.504, 1.503, 1.501, 1.5, 1.496, 1.495, 1.495, 1.494, 1.494, 1.494, 1.494, 1.495, 1.495, 1.496, 1.496, 1.496, 1.496, 1.496, 1.499, 1.499, 1.499, 1.5, 1.5, 1.501, 1.502, 1.503, 1.504, 1.505, 1.505, 1.505, 1.504, 1.503, 1.502, 1.501, 1.5, 1.5, 1.496, 1.495, 1.495, 1.494, 1.493, 1.493, 1.492, 1.492, 1.492, 1.492, 1.492, 1.492, 1.492, 1.492, 1.492, 1.493, 1.494, 1.494, 1.494, 1.495, 1.495, 1.495, 1.496, 1.496, 1.496, 1.495, 1.495, 1.494, 1.493, 1.493, 1.492, 1.491, 1.491, 1.491, 1.492, 1.492, 1.493, 1.494, 1.494, 1.494, 1.495, 1.496, 1.496, 1.496, 1.496, 1.495, 1.494, 1.493, 1.491, 1.49, 1.488, 1.486, 1.485, 1.484, 1.483, 1.482, 1.482, 1.482, 1.483, 1.484, 1.485, 1.485, 1.486, 1.486, 1.486, 1.486, 1.485, 1.484, 1.483, 1.482, 1.48, 1.48, 1.478, 1.478, 1.477, 1.476, 1.476, 1.475, 1.474, 1.474, 1.474, 1.474, 1.474, 1.474, 1.475, 1.476, 1.477, 1.478, 1.479, 1.484, 1.485, 1.486, 1.49, 1.49, 1.49, 1.489, 1.488, 1.487, 1.486, 1.483, 1.482, 1.48, 1.478, 1.476, 1.474, 1.473, 1.471, 1.47, 1.468, 1.468, 1.466, 1.464, 1.464, 1.469, 0, 
1.532, 1.532, 1.532, 1.532, 1.532, 1.528, 1.528, 1.527, 1.527, 1.528, 1.528, 1.528, 1.531, 1.532, 1.533, 1.535, 1.536, 1.535, 1.534, 1.533, 1.532, 1.527, 1.527, 1.526, 1.526, 1.526, 1.526, 1.526, 1.526, 1.527, 1.531, 1.532, 1.532, 1.533, 1.533, 1.533, 1.533, 1.533, 1.533, 1.534, 1.535, 1.535, 1.536, 1.537, 1.537, 1.538, 1.538, 1.538, 1.538, 1.537, 1.536, 1.535, 1.533, 1.532, 1.531, 1.527, 1.526, 1.525, 1.525, 1.525, 1.526, 1.526, 1.527, 1.531, 1.532, 1.535, 1.535, 1.535, 1.535, 1.534, 1.534, 1.533, 1.533, 1.533, 1.533, 1.533, 1.533, 1.533, 1.533, 1.533, 1.533, 1.533, 1.532, 1.532, 1.532, 1.533, 1.533, 1.533, 1.534, 1.535, 1.534, 1.533, 1.533, 1.532, 1.527, 1.527, 1.526, 1.525, 1.525, 1.524, 1.524, 1.524, 1.523, 1.523, 1.523, 1.523, 1.523, 1.524, 1.524, 1.524, 1.525, 1.525, 1.526, 1.526, 1.526, 1.526, 1.525, 1.525, 1.525, 1.526, 1.526, 1.527, 1.528, 1.532, 1.533, 1.534, 1.535, 1.535, 1.535, 1.534, 1.533, 1.532, 1.527, 1.526, 1.524, 1.522, 1.52, 1.518, 1.517, 1.516, 1.516, 1.516, 1.516, 1.517, 1.518, 1.518, 1.519, 1.519, 1.52, 1.52, 1.52, 1.521, 1.522, 1.523, 1.525, 1.526, 1.527, 1.528, 1.531, 1.531, 1.531, 1.527, 1.527, 1.526, 1.525, 1.525, 1.524, 1.523, 1.522, 1.522, 1.521, 1.52, 1.519, 1.518, 1.517, 1.516, 1.516, 1.516, 1.516, 1.516, 1.516, 1.516, 1.516, 1.516, 1.516, 1.516, 1.516, 1.516, 1.517, 1.518, 1.518, 1.518, 1.518, 1.517, 1.516, 1.512, 1.511, 1.51, 1.509, 1.51, 1.51, 1.511, 1.516, 1.516, 1.52, 1.521, 1.521, 1.52, 1.52, 1.517, 1.512, 1.511, 1.51, 1.509, 1.509, 1.509, 1.509, 1.509, 1.51, 1.511, 1.512, 1.517, 1.517, 1.518, 1.519, 1.519, 1.519, 1.518, 1.517, 1.516, 1.516, 1.516, 1.516, 1.516, 1.517, 1.517, 1.518, 1.517, 1.516, 1.516, 1.511, 1.511, 1.507, 1.507, 1.507, 1.507, 1.507, 1.507, 1.508, 1.509, 1.51, 1.51, 1.511, 1.511, 1.511, 1.51, 1.509, 1.508, 1.507, 1.507, 1.508, 1.508, 1.509, 1.508, 1.508, 1.507, 1.507, 1.505, 1.504, 1.503, 1.502, 1.502, 1.502, 1.502, 1.503, 1.503, 1.505, 1.506, 1.507, 1.508, 1.509, 1.509, 1.508, 1.507, 1.507, 1.506, 1.505, 1.504, 1.503, 1.502, 1.502, 1.502, 1.501, 1.501, 1.501, 1.501, 1.501, 1.501, 1.501, 1.501, 1.5, 1.495, 1.494, 1.493, 1.491, 1.49, 1.489, 1.489, 1.489, 1.489, 1.489, 1.49, 1.491, 1.492, 1.493, 1.494, 1.495, 1.5, 1.501, 1.502, 1.503, 1.505, 1.506, 1.507, 1.507, 1.507, 1.507, 1.506, 1.505, 1.503, 1.502, 1.5, 1.496, 1.495, 1.494, 1.494, 1.494, 1.494, 1.494, 1.494, 1.495, 1.495, 1.496, 1.496, 1.496, 1.496, 1.496, 1.499, 1.499, 1.5, 1.5, 1.501, 1.502, 1.503, 1.504, 1.505, 1.505, 1.505, 1.505, 1.504, 1.503, 1.502, 1.501, 1.5, 1.499, 1.495, 1.495, 1.494, 1.493, 1.492, 1.492, 1.492, 1.491, 1.491, 1.491, 1.491, 1.491, 1.492, 1.492, 1.492, 1.493, 1.494, 1.494, 1.494, 1.494, 1.494, 1.495, 1.495, 1.495, 1.495, 1.495, 1.494, 1.494, 1.493, 1.492, 1.492, 1.492, 1.492, 1.492, 1.492, 1.492, 1.493, 1.494, 1.494, 1.495, 1.495, 1.496, 1.496, 1.496, 1.495, 1.494, 1.493, 1.492, 1.49, 1.489, 1.487, 1.485, 1.484, 1.482, 1.482, 1.481, 1.481, 1.482, 1.483, 1.484, 1.484, 1.485, 1.486, 1.486, 1.486, 1.486, 1.485, 1.484, 1.483, 1.482, 1.481, 1.48, 1.479, 1.478, 1.477, 1.476, 1.476, 1.475, 1.474, 1.474, 1.473, 1.473, 1.474, 1.474, 1.475, 1.476, 1.477, 1.478, 1.48, 1.484, 1.487, 1.487, 1.49, 1.491, 1.491, 1.491, 1.49, 1.488, 1.487, 1.486, 1.482, 1.48, 1.477, 1.476, 1.475, 1.473, 1.472, 1.471, 1.468, 1.468, 1.466, 1.466, 1.466, 1.469, 0, 
1.528, 1.528, 1.528, 1.531, 1.527, 1.527, 1.527, 1.526, 1.526, 1.527, 1.528, 1.528, 1.531, 1.532, 1.533, 1.535, 1.536, 1.535, 1.534, 1.533, 1.532, 1.527, 1.527, 1.526, 1.526, 1.526, 1.526, 1.526, 1.526, 1.527, 1.527, 1.531, 1.532, 1.532, 1.532, 1.533, 1.533, 1.533, 1.533, 1.534, 1.535, 1.535, 1.535, 1.536, 1.537, 1.537, 1.537, 1.537, 1.537, 1.536, 1.535, 1.535, 1.534, 1.533, 1.532, 1.528, 1.527, 1.526, 1.526, 1.526, 1.527, 1.527, 1.528, 1.532, 1.533, 1.534, 1.535, 1.534, 1.534, 1.533, 1.533, 1.533, 1.533, 1.533, 1.533, 1.533, 1.533, 1.533, 1.533, 1.533, 1.533, 1.533, 1.533, 1.533, 1.533, 1.534, 1.534, 1.535, 1.535, 1.535, 1.535, 1.535, 1.533, 1.533, 1.532, 1.527, 1.527, 1.526, 1.525, 1.524, 1.524, 1.524, 1.523, 1.522, 1.522, 1.522, 1.523, 1.524, 1.524, 1.524, 1.525, 1.526, 1.526, 1.527, 1.527, 1.527, 1.526, 1.526, 1.526, 1.527, 1.527, 1.528, 1.532, 1.533, 1.534, 1.535, 1.536, 1.536, 1.536, 1.535, 1.534, 1.533, 1.532, 1.527, 1.525, 1.524, 1.52, 1.519, 1.518, 1.517, 1.516, 1.516, 1.516, 1.517, 1.518, 1.519, 1.52, 1.52, 1.521, 1.522, 1.522, 1.522, 1.523, 1.524, 1.526, 1.527, 1.528, 1.528, 1.531, 1.532, 1.531, 1.531, 1.527, 1.527, 1.526, 1.525, 1.524, 1.523, 1.522, 1.522, 1.521, 1.52, 1.519, 1.518, 1.517, 1.516, 1.516, 1.516, 1.516, 1.516, 1.516, 1.516, 1.516, 1.516, 1.516, 1.516, 1.516, 1.516, 1.516, 1.517, 1.518, 1.518, 1.517, 1.517, 1.516, 1.512, 1.511, 1.51, 1.51, 1.51, 1.511, 1.512, 1.516, 1.517, 1.52, 1.521, 1.521, 1.52, 1.519, 1.516, 1.513, 1.51, 1.509, 1.509, 1.509, 1.509, 1.509, 1.51, 1.511, 1.512, 1.513, 1.517, 1.518, 1.519, 1.52, 1.519, 1.518, 1.517, 1.516, 1.516, 1.516, 1.516, 1.516, 1.516, 1.516, 1.517, 1.517, 1.517, 1.516, 1.512, 1.511, 1.511, 1.507, 1.507, 1.507, 1.507, 1.507, 1.507, 1.509, 1.51, 1.511, 1.511, 1.511, 1.511, 1.51, 1.51, 1.509, 1.508, 1.508, 1.508, 1.508, 1.509, 1.509, 1.509, 1.508, 1.508, 1.507, 1.506, 1.505, 1.503, 1.503, 1.503, 1.503, 1.503, 1.503, 1.504, 1.505, 1.506, 1.507, 1.508, 1.509, 1.509, 1.508, 1.507, 1.507, 1.506, 1.505, 1.503, 1.503, 1.502, 1.501, 1.501, 1.501, 1.501, 1.501, 1.501, 1.501, 1.501, 1.501, 1.501, 1.5, 1.496, 1.495, 1.493, 1.492, 1.491, 1.49, 1.49, 1.49, 1.49, 1.49, 1.491, 1.492, 1.493, 1.494, 1.495, 1.496, 1.5, 1.501, 1.502, 1.503, 1.505, 1.505, 1.506, 1.507, 1.507, 1.506, 1.505, 1.504, 1.503, 1.501, 1.5, 1.495, 1.495, 1.494, 1.493, 1.493, 1.493, 1.493, 1.494, 1.494, 1.495, 1.496, 1.496, 1.496, 1.496, 1.499, 1.499, 1.5, 1.5, 1.501, 1.501, 1.502, 1.503, 1.504, 1.505, 1.505, 1.505, 1.504, 1.503, 1.502, 1.501, 1.5, 1.5, 1.496, 1.495, 1.494, 1.493, 1.492, 1.492, 1.491, 1.491, 1.491, 1.49, 1.49, 1.49, 1.491, 1.492, 1.492, 1.492, 1.493, 1.494, 1.494, 1.494, 1.494, 1.494, 1.494, 1.494, 1.494, 1.494, 1.494, 1.494, 1.493, 1.492, 1.492, 1.492, 1.492, 1.492, 1.492, 1.492, 1.493, 1.494, 1.494, 1.494, 1.495, 1.496, 1.496, 1.496, 1.496, 1.495, 1.494, 1.493, 1.491, 1.49, 1.488, 1.486, 1.484, 1.482, 1.481, 1.481, 1.48, 1.481, 1.481, 1.482, 1.483, 1.484, 1.485, 1.486, 1.486, 1.486, 1.486, 1.485, 1.484, 1.483, 1.482, 1.481, 1.48, 1.479, 1.478, 1.477, 1.476, 1.476, 1.475, 1.474, 1.474, 1.473, 1.473, 1.474, 1.474, 1.475, 1.476, 1.477, 1.48, 1.481, 1.484, 1.488, 1.488, 1.491, 1.492, 1.492, 1.492, 1.491, 1.49, 1.488, 1.487, 1.483, 1.481, 1.477, 1.476, 1.475, 1.474, 1.472, 1.471, 1.47, 1.468, 1.466, 1.466, 1.466, 1.469, 0, 
1.527, 1.527, 1.527, 1.527, 1.526, 1.526, 1.526, 1.525, 1.525, 1.526, 1.527, 1.527, 1.531, 1.532, 1.533, 1.535, 1.536, 1.535, 1.534, 1.533, 1.532, 1.527, 1.527, 1.526, 1.526, 1.526, 1.526, 1.526, 1.527, 1.527, 1.528, 1.531, 1.531, 1.531, 1.532, 1.532, 1.533, 1.533, 1.533, 1.534, 1.535, 1.535, 1.535, 1.536, 1.536, 1.537, 1.537, 1.536, 1.536, 1.535, 1.535, 1.535, 1.534, 1.533, 1.532, 1.531, 1.528, 1.527, 1.527, 1.527, 1.528, 1.528, 1.531, 1.532, 1.533, 1.534, 1.534, 1.533, 1.533, 1.533, 1.532, 1.532, 1.532, 1.532, 1.532, 1.532, 1.533, 1.533, 1.533, 1.533, 1.533, 1.533, 1.533, 1.534, 1.534, 1.535, 1.535, 1.535, 1.536, 1.537, 1.537, 1.536, 1.536, 1.535, 1.533, 1.532, 1.528, 1.527, 1.527, 1.524, 1.524, 1.524, 1.523, 1.522, 1.522, 1.522, 1.523, 1.524, 1.524, 1.525, 1.525, 1.526, 1.527, 1.528, 1.528, 1.527, 1.527, 1.527, 1.527, 1.528, 1.531, 1.532, 1.533, 1.534, 1.535, 1.536, 1.537, 1.537, 1.537, 1.536, 1.535, 1.534, 1.533, 1.532, 1.525, 1.525, 1.521, 1.52, 1.518, 1.517, 1.516, 1.516, 1.517, 1.518, 1.519, 1.52, 1.52, 1.522, 1.522, 1.523, 1.523, 1.524, 1.525, 1.526, 1.526, 1.527, 1.528, 1.532, 1.532, 1.532, 1.532, 1.532, 1.531, 1.531, 1.527, 1.526, 1.525, 1.524, 1.523, 1.522, 1.521, 1.52, 1.519, 1.518, 1.517, 1.516, 1.516, 1.516, 1.516, 1.516, 1.516, 1.516, 1.516, 1.516, 1.516, 1.516, 1.516, 1.516, 1.516, 1.516, 1.517, 1.517, 1.517, 1.516, 1.516, 1.513, 1.512, 1.511, 1.511, 1.511, 1.512, 1.512, 1.516, 1.519, 1.52, 1.521, 1.52, 1.519, 1.518, 1.517, 1.512, 1.509, 1.509, 1.508, 1.508, 1.508, 1.509, 1.51, 1.511, 1.512, 1.517, 1.518, 1.518, 1.519, 1.52, 1.519, 1.518, 1.517, 1.516, 1.516, 1.513, 1.513, 1.513, 1.516, 1.516, 1.516, 1.516, 1.516, 1.516, 1.512, 1.511, 1.51, 1.508, 1.507, 1.507, 1.507, 1.507, 1.507, 1.51, 1.51, 1.511, 1.511, 1.511, 1.511, 1.51, 1.509, 1.509, 1.509, 1.508, 1.508, 1.508, 1.509, 1.509, 1.509, 1.509, 1.508, 1.507, 1.506, 1.505, 1.504, 1.503, 1.503, 1.503, 1.503, 1.503, 1.504, 1.505, 1.507, 1.507, 1.508, 1.509, 1.508, 1.508, 1.507, 1.506, 1.505, 1.504, 1.503, 1.503, 1.502, 1.501, 1.501, 1.501, 1.501, 1.501, 1.501, 1.501, 1.501, 1.501, 1.5, 1.5, 1.496, 1.495, 1.494, 1.493, 1.492, 1.491, 1.491, 1.491, 1.491, 1.491, 1.492, 1.492, 1.493, 1.494, 1.495, 1.496, 1.5, 1.501, 1.502, 1.503, 1.504, 1.505, 1.506, 1.507, 1.507, 1.506, 1.505, 1.503, 1.502, 1.501, 1.5, 1.495, 1.494, 1.493, 1.492, 1.492, 1.492, 1.493, 1.494, 1.494, 1.495, 1.496, 1.496, 1.496, 1.496, 1.499, 1.5, 1.5, 1.501, 1.501, 1.502, 1.503, 1.504, 1.504, 1.505, 1.505, 1.505, 1.504, 1.503, 1.502, 1.501, 1.5, 1.499, 1.496, 1.495, 1.494, 1.493, 1.492, 1.491, 1.49, 1.49, 1.49, 1.49, 1.49, 1.49, 1.491, 1.492, 1.492, 1.493, 1.493, 1.494, 1.494, 1.494, 1.494, 1.494, 1.494, 1.493, 1.493, 1.493, 1.493, 1.492, 1.492, 1.492, 1.492, 1.492, 1.492, 1.492, 1.492, 1.493, 1.493, 1.494, 1.494, 1.495, 1.495, 1.496, 1.496, 1.496, 1.495, 1.494, 1.493, 1.492, 1.49, 1.488, 1.486, 1.485, 1.483, 1.482, 1.48, 1.48, 1.48, 1.48, 1.481, 1.482, 1.483, 1.484, 1.485, 1.486, 1.487, 1.487, 1.486, 1.485, 1.484, 1.483, 1.482, 1.481, 1.48, 1.479, 1.478, 1.477, 1.476, 1.476, 1.475, 1.474, 1.474, 1.474, 1.474, 1.474, 1.474, 1.475, 1.476, 1.477, 1.481, 1.481, 1.485, 1.488, 1.488, 1.492, 1.492, 1.493, 1.493, 1.492, 1.491, 1.488, 1.486, 1.484, 1.481, 1.478, 1.476, 1.475, 1.474, 1.472, 1.471, 1.47, 1.47, 1.468, 1.468, 1.468, 1.469, 0, 
1.526, 1.526, 1.526, 1.526, 1.525, 1.525, 1.525, 1.524, 1.525, 1.526, 1.527, 1.527, 1.531, 1.531, 1.534, 1.535, 1.536, 1.535, 1.534, 1.533, 1.532, 1.531, 1.526, 1.526, 1.526, 1.526, 1.526, 1.526, 1.527, 1.528, 1.528, 1.528, 1.528, 1.531, 1.531, 1.532, 1.532, 1.533, 1.533, 1.534, 1.535, 1.535, 1.535, 1.535, 1.535, 1.536, 1.535, 1.535, 1.535, 1.535, 1.535, 1.534, 1.534, 1.533, 1.533, 1.532, 1.532, 1.532, 1.532, 1.532, 1.532, 1.532, 1.532, 1.532, 1.533, 1.533, 1.533, 1.533, 1.532, 1.532, 1.531, 1.531, 1.531, 1.531, 1.531, 1.532, 1.532, 1.533, 1.533, 1.533, 1.533, 1.533, 1.534, 1.534, 1.535, 1.535, 1.535, 1.536, 1.537, 1.538, 1.538, 1.537, 1.537, 1.536, 1.534, 1.533, 1.532, 1.528, 1.528, 1.524, 1.524, 1.524, 1.523, 1.522, 1.522, 1.522, 1.523, 1.524, 1.524, 1.525, 1.526, 1.527, 1.527, 1.528, 1.528, 1.528, 1.528, 1.528, 1.531, 1.531, 1.532, 1.533, 1.534, 1.535, 1.536, 1.537, 1.537, 1.537, 1.537, 1.536, 1.535, 1.534, 1.533, 1.532, 1.526, 1.525, 1.523, 1.52, 1.518, 1.517, 1.517, 1.517, 1.517, 1.518, 1.519, 1.52, 1.52, 1.523, 1.524, 1.524, 1.525, 1.525, 1.526, 1.526, 1.527, 1.528, 1.528, 1.532, 1.533, 1.533, 1.533, 1.532, 1.532, 1.531, 1.527, 1.526, 1.525, 1.524, 1.523, 1.522, 1.521, 1.52, 1.519, 1.518, 1.517, 1.516, 1.516, 1.516, 1.516, 1.516, 1.516, 1.516, 1.516, 1.516, 1.516, 1.516, 1.516, 1.516, 1.516, 1.516, 1.516, 1.516, 1.516, 1.516, 1.516, 1.513, 1.512, 1.512, 1.512, 1.512, 1.512, 1.516, 1.516, 1.52, 1.52, 1.52, 1.519, 1.518, 1.517, 1.512, 1.511, 1.509, 1.508, 1.508, 1.507, 1.508, 1.509, 1.51, 1.511, 1.512, 1.517, 1.518, 1.519, 1.52, 1.52, 1.52, 1.517, 1.516, 1.516, 1.513, 1.513, 1.513, 1.513, 1.513, 1.516, 1.516, 1.516, 1.516, 1.516, 1.512, 1.511, 1.51, 1.509, 1.508, 1.507, 1.507, 1.508, 1.508, 1.511, 1.511, 1.511, 1.511, 1.511, 1.511, 1.51, 1.509, 1.509, 1.509, 1.508, 1.508, 1.508, 1.509, 1.509, 1.509, 1.509, 1.509, 1.508, 1.507, 1.505, 1.504, 1.503, 1.503, 1.503, 1.503, 1.504, 1.505, 1.506, 1.507, 1.507, 1.508, 1.508, 1.508, 1.507, 1.507, 1.506, 1.505, 1.504, 1.503, 1.503, 1.502, 1.501, 1.501, 1.501, 1.5, 1.5, 1.5, 1.5, 1.5, 1.5, 1.5, 1.499, 1.499, 1.495, 1.495, 1.494, 1.493, 1.492, 1.492, 1.492, 1.492, 1.492, 1.493, 1.493, 1.494, 1.495, 1.495, 1.499, 1.5, 1.501, 1.502, 1.503, 1.504, 1.505, 1.506, 1.506, 1.506, 1.505, 1.504, 1.503, 1.501, 1.5, 1.499, 1.495, 1.494, 1.493, 1.492, 1.492, 1.492, 1.493, 1.494, 1.494, 1.495, 1.496, 1.496, 1.499, 1.499, 1.5, 1.5, 1.501, 1.501, 1.502, 1.503, 1.503, 1.504, 1.505, 1.505, 1.505, 1.504, 1.503, 1.502, 1.501, 1.5, 1.5, 1.499, 1.495, 1.495, 1.494, 1.492, 1.491, 1.49, 1.49, 1.49, 1.49, 1.49, 1.49, 1.49, 1.491, 1.492, 1.493, 1.493, 1.494, 1.494, 1.494, 1.494, 1.494, 1.493, 1.493, 1.493, 1.492, 1.492, 1.492, 1.492, 1.492, 1.492, 1.492, 1.492, 1.492, 1.492, 1.493, 1.493, 1.494, 1.494, 1.494, 1.495, 1.495, 1.496, 1.496, 1.496, 1.495, 1.494, 1.493, 1.491, 1.49, 1.488, 1.485, 1.484, 1.482, 1.481, 1.479, 1.479, 1.479, 1.479, 1.48, 1.481, 1.482, 1.484, 1.485, 1.486, 1.487, 1.487, 1.486, 1.486, 1.484, 1.484, 1.482, 1.481, 1.48, 1.479, 1.478, 1.478, 1.476, 1.476, 1.475, 1.474, 1.474, 1.474, 1.474, 1.474, 1.475, 1.476, 1.477, 1.478, 1.482, 1.482, 1.485, 1.488, 1.489, 1.492, 1.493, 1.493, 1.493, 1.492, 1.492, 1.489, 1.485, 1.485, 1.482, 1.478, 1.477, 1.476, 1.474, 1.472, 1.471, 1.471, 1.471, 1.468, 1.468, 1.47, 1.47, 0, 
1.526, 1.525, 1.525, 1.525, 1.524, 1.524, 1.524, 1.524, 1.525, 1.526, 1.527, 1.527, 1.531, 1.532, 1.535, 1.535, 1.536, 1.535, 1.535, 1.533, 1.532, 1.531, 1.527, 1.527, 1.526, 1.526, 1.526, 1.527, 1.527, 1.528, 1.528, 1.528, 1.528, 1.531, 1.531, 1.531, 1.532, 1.532, 1.533, 1.533, 1.534, 1.535, 1.535, 1.535, 1.535, 1.535, 1.535, 1.535, 1.535, 1.534, 1.534, 1.534, 1.533, 1.533, 1.533, 1.533, 1.533, 1.533, 1.533, 1.533, 1.533, 1.533, 1.533, 1.532, 1.532, 1.532, 1.532, 1.532, 1.531, 1.527, 1.527, 1.527, 1.527, 1.528, 1.528, 1.531, 1.532, 1.533, 1.533, 1.533, 1.533, 1.534, 1.534, 1.535, 1.535, 1.535, 1.536, 1.537, 1.538, 1.538, 1.539, 1.538, 1.537, 1.537, 1.535, 1.534, 1.533, 1.528, 1.528, 1.525, 1.524, 1.524, 1.523, 1.523, 1.523, 1.523, 1.523, 1.524, 1.525, 1.526, 1.526, 1.527, 1.528, 1.528, 1.528, 1.531, 1.531, 1.531, 1.531, 1.532, 1.533, 1.534, 1.535, 1.536, 1.536, 1.537, 1.537, 1.537, 1.537, 1.537, 1.536, 1.535, 1.533, 1.532, 1.527, 1.526, 1.524, 1.52, 1.519, 1.519, 1.518, 1.518, 1.519, 1.52, 1.521, 1.522, 1.524, 1.524, 1.525, 1.526, 1.526, 1.526, 1.527, 1.527, 1.528, 1.528, 1.532, 1.533, 1.533, 1.534, 1.534, 1.533, 1.532, 1.531, 1.531, 1.526, 1.526, 1.525, 1.524, 1.522, 1.521, 1.52, 1.52, 1.518, 1.517, 1.516, 1.516, 1.516, 1.516, 1.516, 1.516, 1.516, 1.516, 1.516, 1.516, 1.513, 1.513, 1.513, 1.516, 1.516, 1.516, 1.516, 1.516, 1.516, 1.516, 1.513, 1.513, 1.513, 1.513, 1.513, 1.513, 1.516, 1.516, 1.52, 1.52, 1.52, 1.519, 1.517, 1.516, 1.511, 1.51, 1.509, 1.508, 1.507, 1.507, 1.508, 1.509, 1.51, 1.511, 1.512, 1.517, 1.518, 1.519, 1.52, 1.52, 1.52, 1.516, 1.516, 1.516, 1.513, 1.513, 1.513, 1.513, 1.513, 1.513, 1.516, 1.516, 1.516, 1.513, 1.512, 1.511, 1.51, 1.509, 1.508, 1.508, 1.508, 1.509, 1.509, 1.51, 1.511, 1.511, 1.511, 1.511, 1.51, 1.51, 1.509, 1.509, 1.508, 1.508, 1.507, 1.508, 1.509, 1.509, 1.509, 1.509, 1.509, 1.508, 1.507, 1.506, 1.505, 1.504, 1.504, 1.504, 1.504, 1.505, 1.506, 1.507, 1.507, 1.508, 1.508, 1.508, 1.508, 1.507, 1.507, 1.506, 1.505, 1.504, 1.503, 1.503, 1.502, 1.501, 1.501, 1.5, 1.5, 1.499, 1.499, 1.499, 1.499, 1.5, 1.5, 1.499, 1.499, 1.496, 1.495, 1.494, 1.494, 1.493, 1.493, 1.493, 1.493, 1.493, 1.493, 1.494, 1.495, 1.495, 1.496, 1.5, 1.5, 1.501, 1.502, 1.503, 1.504, 1.505, 1.505, 1.505, 1.505, 1.504, 1.504, 1.503, 1.501, 1.5, 1.499, 1.495, 1.494, 1.493, 1.492, 1.492, 1.492, 1.493, 1.494, 1.494, 1.495, 1.496, 1.499, 1.499, 1.5, 1.5, 1.501, 1.502, 1.502, 1.503, 1.504, 1.504, 1.505, 1.505, 1.505, 1.504, 1.503, 1.502, 1.501, 1.501, 1.5, 1.499, 1.496, 1.495, 1.494, 1.494, 1.492, 1.491, 1.49, 1.49, 1.49, 1.49, 1.49, 1.49, 1.491, 1.492, 1.492, 1.493, 1.494, 1.494, 1.494, 1.494, 1.494, 1.493, 1.493, 1.492, 1.492, 1.491, 1.491, 1.491, 1.492, 1.492, 1.492, 1.492, 1.492, 1.492, 1.492, 1.493, 1.493, 1.494, 1.494, 1.494, 1.495, 1.495, 1.496, 1.496, 1.495, 1.494, 1.493, 1.492, 1.49, 1.489, 1.487, 1.484, 1.482, 1.481, 1.48, 1.479, 1.478, 1.478, 1.479, 1.48, 1.481, 1.482, 1.484, 1.485, 1.486, 1.487, 1.487, 1.486, 1.486, 1.484, 1.484, 1.482, 1.482, 1.48, 1.48, 1.478, 1.478, 1.476, 1.476, 1.475, 1.474, 1.474, 1.474, 1.474, 1.475, 1.475, 1.476, 1.478, 1.479, 1.482, 1.483, 1.486, 1.489, 1.489, 1.493, 1.493, 1.494, 1.493, 1.493, 1.492, 1.49, 1.485, 1.484, 1.483, 1.479, 1.477, 1.476, 1.474, 1.473, 1.472, 1.472, 1.471, 1.471, 1.471, 1.471, 1.471, 0, 
1.524, 1.524, 1.524, 1.524, 1.524, 1.524, 1.524, 1.524, 1.525, 1.526, 1.527, 1.528, 1.532, 1.533, 1.535, 1.536, 1.536, 1.536, 1.535, 1.534, 1.533, 1.532, 1.528, 1.527, 1.527, 1.527, 1.527, 1.527, 1.528, 1.528, 1.528, 1.531, 1.531, 1.531, 1.531, 1.531, 1.531, 1.532, 1.532, 1.533, 1.533, 1.534, 1.535, 1.535, 1.535, 1.535, 1.535, 1.534, 1.534, 1.533, 1.533, 1.533, 1.533, 1.533, 1.534, 1.534, 1.533, 1.533, 1.533, 1.533, 1.533, 1.533, 1.533, 1.533, 1.532, 1.532, 1.531, 1.527, 1.527, 1.526, 1.526, 1.526, 1.526, 1.527, 1.527, 1.528, 1.532, 1.532, 1.533, 1.533, 1.534, 1.534, 1.535, 1.535, 1.536, 1.536, 1.537, 1.538, 1.538, 1.539, 1.539, 1.539, 1.538, 1.537, 1.536, 1.535, 1.533, 1.532, 1.528, 1.527, 1.524, 1.524, 1.524, 1.524, 1.524, 1.524, 1.524, 1.525, 1.525, 1.526, 1.527, 1.527, 1.528, 1.528, 1.531, 1.531, 1.531, 1.531, 1.532, 1.533, 1.534, 1.535, 1.536, 1.537, 1.537, 1.538, 1.538, 1.537, 1.537, 1.537, 1.536, 1.535, 1.534, 1.532, 1.532, 1.526, 1.525, 1.521, 1.52, 1.52, 1.52, 1.519, 1.52, 1.521, 1.522, 1.523, 1.524, 1.525, 1.526, 1.527, 1.527, 1.527, 1.528, 1.528, 1.531, 1.532, 1.532, 1.533, 1.534, 1.535, 1.535, 1.534, 1.533, 1.532, 1.531, 1.527, 1.526, 1.525, 1.524, 1.523, 1.522, 1.521, 1.52, 1.519, 1.518, 1.517, 1.516, 1.516, 1.516, 1.516, 1.516, 1.516, 1.516, 1.516, 1.513, 1.513, 1.513, 1.513, 1.516, 1.516, 1.516, 1.516, 1.516, 1.516, 1.516, 1.513, 1.513, 1.513, 1.513, 1.513, 1.513, 1.517, 1.517, 1.519, 1.519, 1.519, 1.518, 1.517, 1.512, 1.511, 1.508, 1.508, 1.507, 1.507, 1.507, 1.508, 1.509, 1.51, 1.512, 1.517, 1.518, 1.519, 1.52, 1.52, 1.52, 1.519, 1.516, 1.516, 1.513, 1.513, 1.512, 1.512, 1.512, 1.512, 1.513, 1.513, 1.516, 1.513, 1.512, 1.512, 1.511, 1.511, 1.51, 1.509, 1.509, 1.509, 1.51, 1.51, 1.511, 1.511, 1.511, 1.511, 1.511, 1.51, 1.509, 1.509, 1.509, 1.508, 1.507, 1.507, 1.508, 1.508, 1.509, 1.509, 1.509, 1.509, 1.509, 1.508, 1.507, 1.506, 1.505, 1.505, 1.505, 1.505, 1.506, 1.506, 1.507, 1.508, 1.508, 1.509, 1.508, 1.507, 1.507, 1.506, 1.505, 1.505, 1.504, 1.503, 1.502, 1.501, 1.501, 1.501, 1.5, 1.499, 1.499, 1.499, 1.499, 1.499, 1.499, 1.5, 1.499, 1.499, 1.499, 1.496, 1.495, 1.495, 1.494, 1.494, 1.494, 1.494, 1.494, 1.494, 1.495, 1.495, 1.496, 1.499, 1.5, 1.501, 1.501, 1.502, 1.503, 1.503, 1.504, 1.504, 1.504, 1.504, 1.504, 1.503, 1.502, 1.501, 1.5, 1.499, 1.495, 1.494, 1.493, 1.492, 1.492, 1.492, 1.493, 1.494, 1.494, 1.495, 1.499, 1.499, 1.5, 1.5, 1.501, 1.502, 1.503, 1.503, 1.504, 1.505, 1.505, 1.505, 1.505, 1.504, 1.503, 1.503, 1.502, 1.501, 1.5, 1.499, 1.499, 1.496, 1.495, 1.494, 1.493, 1.492, 1.491, 1.49, 1.49, 1.49, 1.49, 1.49, 1.491, 1.491, 1.492, 1.492, 1.493, 1.494, 1.494, 1.494, 1.494, 1.493, 1.492, 1.492, 1.491, 1.491, 1.49, 1.49, 1.49, 1.49, 1.491, 1.491, 1.491, 1.491, 1.492, 1.492, 1.492, 1.493, 1.493, 1.494, 1.494, 1.494, 1.495, 1.495, 1.495, 1.494, 1.494, 1.493, 1.491, 1.49, 1.488, 1.487, 1.483, 1.482, 1.481, 1.48, 1.479, 1.478, 1.478, 1.479, 1.48, 1.481, 1.482, 1.484, 1.485, 1.486, 1.487, 1.487, 1.486, 1.486, 1.484, 1.484, 1.482, 1.482, 1.48, 1.48, 1.478, 1.478, 1.477, 1.476, 1.475, 1.475, 1.475, 1.475, 1.475, 1.476, 1.476, 1.477, 1.479, 1.48, 1.481, 1.485, 1.486, 1.489, 1.49, 1.493, 1.494, 1.494, 1.493, 1.493, 1.492, 1.49, 1.485, 1.484, 1.483, 1.479, 1.478, 1.476, 1.475, 1.474, 1.473, 1.472, 1.472, 1.472, 1.472, 1.472, 1.472, 0, 
1.524, 1.523, 1.523, 1.523, 1.523, 1.523, 1.524, 1.524, 1.525, 1.526, 1.527, 1.531, 1.531, 1.535, 1.535, 1.536, 1.537, 1.536, 1.536, 1.535, 1.533, 1.532, 1.531, 1.531, 1.528, 1.527, 1.528, 1.528, 1.528, 1.528, 1.528, 1.531, 1.531, 1.531, 1.531, 1.531, 1.531, 1.531, 1.531, 1.532, 1.533, 1.534, 1.534, 1.535, 1.535, 1.535, 1.534, 1.533, 1.533, 1.533, 1.533, 1.533, 1.533, 1.533, 1.534, 1.534, 1.535, 1.535, 1.535, 1.535, 1.535, 1.534, 1.533, 1.533, 1.532, 1.531, 1.527, 1.526, 1.526, 1.525, 1.525, 1.525, 1.525, 1.526, 1.526, 1.527, 1.531, 1.532, 1.533, 1.533, 1.534, 1.535, 1.536, 1.536, 1.537, 1.537, 1.537, 1.538, 1.539, 1.539, 1.539, 1.542, 1.542, 1.538, 1.537, 1.537, 1.533, 1.532, 1.528, 1.528, 1.524, 1.524, 1.524, 1.524, 1.524, 1.524, 1.524, 1.525, 1.526, 1.527, 1.527, 1.531, 1.531, 1.531, 1.531, 1.531, 1.531, 1.531, 1.532, 1.533, 1.535, 1.535, 1.536, 1.537, 1.538, 1.538, 1.538, 1.538, 1.537, 1.537, 1.536, 1.535, 1.534, 1.533, 1.532, 1.527, 1.526, 1.525, 1.524, 1.521, 1.52, 1.52, 1.52, 1.522, 1.523, 1.524, 1.525, 1.526, 1.527, 1.528, 1.528, 1.528, 1.528, 1.531, 1.532, 1.532, 1.533, 1.534, 1.535, 1.535, 1.535, 1.535, 1.534, 1.533, 1.532, 1.531, 1.527, 1.526, 1.525, 1.524, 1.522, 1.521, 1.521, 1.52, 1.518, 1.517, 1.516, 1.516, 1.516, 1.516, 1.516, 1.516, 1.516, 1.513, 1.513, 1.513, 1.513, 1.513, 1.513, 1.516, 1.516, 1.516, 1.516, 1.516, 1.516, 1.513, 1.513, 1.513, 1.513, 1.513, 1.516, 1.516, 1.517, 1.518, 1.519, 1.518, 1.517, 1.512, 1.511, 1.511, 1.507, 1.507, 1.507, 1.507, 1.507, 1.508, 1.509, 1.511, 1.512, 1.516, 1.519, 1.519, 1.52, 1.52, 1.519, 1.518, 1.517, 1.516, 1.513, 1.512, 1.512, 1.511, 1.511, 1.512, 1.512, 1.513, 1.513, 1.513, 1.512, 1.511, 1.511, 1.511, 1.511, 1.51, 1.51, 1.51, 1.511, 1.511, 1.512, 1.512, 1.512, 1.511, 1.511, 1.51, 1.509, 1.509, 1.509, 1.508, 1.507, 1.507, 1.508, 1.508, 1.509, 1.509, 1.509, 1.509, 1.509, 1.508, 1.507, 1.506, 1.506, 1.506, 1.506, 1.506, 1.507, 1.507, 1.508, 1.508, 1.509, 1.509, 1.508, 1.507, 1.507, 1.506, 1.505, 1.505, 1.503, 1.503, 1.502, 1.501, 1.501, 1.5, 1.5, 1.499, 1.499, 1.499, 1.499, 1.499, 1.499, 1.5, 1.5, 1.5, 1.499, 1.499, 1.496, 1.495, 1.495, 1.494, 1.494, 1.494, 1.495, 1.495, 1.495, 1.496, 1.499, 1.499, 1.5, 1.501, 1.501, 1.502, 1.503, 1.503, 1.503, 1.503, 1.503, 1.503, 1.503, 1.503, 1.502, 1.501, 1.5, 1.499, 1.495, 1.494, 1.494, 1.493, 1.493, 1.493, 1.493, 1.494, 1.495, 1.495, 1.499, 1.5, 1.5, 1.501, 1.502, 1.503, 1.503, 1.504, 1.505, 1.505, 1.505, 1.505, 1.505, 1.504, 1.503, 1.502, 1.501, 1.5, 1.5, 1.499, 1.496, 1.496, 1.495, 1.494, 1.493, 1.492, 1.491, 1.49, 1.49, 1.49, 1.49, 1.491, 1.491, 1.492, 1.492, 1.493, 1.494, 1.494, 1.494, 1.494, 1.493, 1.492, 1.492, 1.491, 1.49, 1.49, 1.489, 1.489, 1.49, 1.49, 1.49, 1.49, 1.49, 1.491, 1.492, 1.492, 1.492, 1.492, 1.493, 1.493, 1.494, 1.494, 1.494, 1.494, 1.494, 1.494, 1.493, 1.492, 1.49, 1.489, 1.487, 1.486, 1.482, 1.482, 1.48, 1.479, 1.478, 1.478, 1.479, 1.479, 1.48, 1.482, 1.483, 1.484, 1.485, 1.486, 1.487, 1.487, 1.486, 1.485, 1.484, 1.484, 1.482, 1.482, 1.48, 1.48, 1.479, 1.478, 1.477, 1.477, 1.476, 1.476, 1.476, 1.476, 1.476, 1.476, 1.477, 1.478, 1.48, 1.481, 1.482, 1.486, 1.487, 1.488, 1.491, 1.492, 1.493, 1.493, 1.493, 1.492, 1.491, 1.49, 1.485, 1.484, 1.482, 1.48, 1.478, 1.476, 1.475, 1.474, 1.474, 1.474, 1.473, 1.473, 1.473, 1.473, 1.473, 0, 
1.522, 1.522, 1.522, 1.522, 1.522, 1.522, 1.523, 1.524, 1.525, 1.526, 1.531, 1.531, 1.532, 1.535, 1.536, 1.537, 1.538, 1.537, 1.536, 1.535, 1.534, 1.533, 1.532, 1.531, 1.531, 1.531, 1.528, 1.528, 1.528, 1.528, 1.531, 1.531, 1.531, 1.531, 1.531, 1.531, 1.531, 1.531, 1.531, 1.532, 1.533, 1.533, 1.534, 1.535, 1.535, 1.534, 1.533, 1.533, 1.532, 1.532, 1.532, 1.532, 1.533, 1.533, 1.534, 1.535, 1.535, 1.535, 1.536, 1.536, 1.535, 1.535, 1.534, 1.533, 1.532, 1.527, 1.526, 1.526, 1.525, 1.524, 1.524, 1.524, 1.524, 1.524, 1.525, 1.526, 1.527, 1.532, 1.532, 1.533, 1.534, 1.535, 1.536, 1.537, 1.537, 1.537, 1.538, 1.538, 1.539, 1.539, 1.542, 1.542, 1.542, 1.542, 1.538, 1.537, 1.534, 1.533, 1.532, 1.528, 1.525, 1.525, 1.524, 1.524, 1.524, 1.525, 1.525, 1.526, 1.527, 1.527, 1.528, 1.531, 1.531, 1.531, 1.531, 1.531, 1.531, 1.532, 1.533, 1.534, 1.535, 1.535, 1.537, 1.538, 1.539, 1.539, 1.539, 1.538, 1.538, 1.537, 1.537, 1.536, 1.535, 1.534, 1.533, 1.532, 1.527, 1.526, 1.525, 1.524, 1.524, 1.524, 1.524, 1.524, 1.525, 1.526, 1.526, 1.527, 1.528, 1.531, 1.531, 1.531, 1.531, 1.532, 1.532, 1.533, 1.534, 1.534, 1.535, 1.536, 1.536, 1.535, 1.535, 1.534, 1.533, 1.532, 1.531, 1.526, 1.526, 1.524, 1.523, 1.522, 1.521, 1.52, 1.519, 1.517, 1.516, 1.516, 1.516, 1.516, 1.516, 1.516, 1.516, 1.513, 1.513, 1.513, 1.513, 1.513, 1.513, 1.513, 1.513, 1.513, 1.513, 1.513, 1.513, 1.513, 1.513, 1.513, 1.513, 1.513, 1.516, 1.516, 1.517, 1.517, 1.516, 1.517, 1.516, 1.511, 1.51, 1.509, 1.508, 1.507, 1.507, 1.507, 1.507, 1.508, 1.509, 1.51, 1.516, 1.516, 1.52, 1.52, 1.52, 1.52, 1.519, 1.518, 1.517, 1.513, 1.513, 1.512, 1.511, 1.511, 1.511, 1.511, 1.512, 1.512, 1.513, 1.512, 1.512, 1.511, 1.511, 1.511, 1.511, 1.511, 1.511, 1.511, 1.511, 1.512, 1.512, 1.513, 1.512, 1.511, 1.511, 1.51, 1.509, 1.509, 1.508, 1.507, 1.507, 1.507, 1.507, 1.508, 1.509, 1.509, 1.509, 1.509, 1.509, 1.508, 1.507, 1.507, 1.507, 1.507, 1.507, 1.507, 1.507, 1.508, 1.508, 1.509, 1.509, 1.509, 1.508, 1.507, 1.507, 1.506, 1.505, 1.504, 1.503, 1.503, 1.502, 1.501, 1.501, 1.5, 1.499, 1.499, 1.499, 1.499, 1.499, 1.499, 1.5, 1.5, 1.5, 1.5, 1.5, 1.499, 1.499, 1.496, 1.496, 1.495, 1.495, 1.495, 1.495, 1.496, 1.496, 1.499, 1.499, 1.5, 1.5, 1.501, 1.502, 1.503, 1.503, 1.503, 1.503, 1.503, 1.503, 1.503, 1.503, 1.502, 1.502, 1.501, 1.5, 1.499, 1.495, 1.494, 1.494, 1.494, 1.494, 1.494, 1.494, 1.494, 1.495, 1.496, 1.499, 1.5, 1.501, 1.502, 1.502, 1.503, 1.504, 1.505, 1.505, 1.506, 1.506, 1.505, 1.505, 1.503, 1.502, 1.501, 1.501, 1.5, 1.499, 1.496, 1.496, 1.496, 1.495, 1.494, 1.493, 1.492, 1.491, 1.491, 1.49, 1.49, 1.491, 1.491, 1.492, 1.492, 1.492, 1.493, 1.494, 1.494, 1.494, 1.494, 1.493, 1.492, 1.492, 1.491, 1.49, 1.49, 1.489, 1.489, 1.489, 1.489, 1.49, 1.49, 1.49, 1.491, 1.492, 1.492, 1.492, 1.492, 1.492, 1.493, 1.493, 1.494, 1.494, 1.494, 1.494, 1.493, 1.492, 1.491, 1.49, 1.488, 1.487, 1.485, 1.482, 1.481, 1.48, 1.479, 1.479, 1.478, 1.479, 1.48, 1.481, 1.482, 1.483, 1.484, 1.485, 1.486, 1.486, 1.486, 1.486, 1.485, 1.484, 1.484, 1.483, 1.482, 1.48, 1.48, 1.479, 1.478, 1.478, 1.477, 1.476, 1.476, 1.476, 1.476, 1.477, 1.477, 1.478, 1.479, 1.48, 1.482, 1.483, 1.486, 1.487, 1.488, 1.49, 1.491, 1.492, 1.492, 1.492, 1.492, 1.49, 1.489, 1.485, 1.484, 1.482, 1.48, 1.478, 1.477, 1.476, 1.475, 1.474, 1.474, 1.474, 1.474, 1.474, 1.474, 1.474, 0, 
1.522, 1.522, 1.521, 1.521, 1.521, 1.521, 1.522, 1.524, 1.525, 1.526, 1.531, 1.531, 1.534, 1.535, 1.537, 1.538, 1.538, 1.538, 1.537, 1.536, 1.535, 1.534, 1.533, 1.532, 1.532, 1.531, 1.531, 1.528, 1.528, 1.528, 1.531, 1.531, 1.531, 1.531, 1.531, 1.531, 1.531, 1.531, 1.531, 1.532, 1.533, 1.533, 1.534, 1.535, 1.534, 1.533, 1.533, 1.532, 1.531, 1.531, 1.531, 1.531, 1.532, 1.533, 1.534, 1.535, 1.536, 1.537, 1.537, 1.537, 1.537, 1.535, 1.534, 1.533, 1.532, 1.527, 1.526, 1.525, 1.524, 1.523, 1.522, 1.522, 1.522, 1.523, 1.524, 1.526, 1.527, 1.531, 1.532, 1.533, 1.534, 1.536, 1.537, 1.537, 1.538, 1.538, 1.538, 1.538, 1.538, 1.539, 1.539, 1.542, 1.542, 1.542, 1.538, 1.537, 1.536, 1.533, 1.532, 1.527, 1.526, 1.526, 1.525, 1.525, 1.525, 1.525, 1.526, 1.526, 1.527, 1.528, 1.531, 1.531, 1.531, 1.531, 1.531, 1.531, 1.531, 1.532, 1.533, 1.534, 1.535, 1.535, 1.537, 1.538, 1.538, 1.539, 1.538, 1.538, 1.538, 1.537, 1.537, 1.536, 1.535, 1.535, 1.534, 1.531, 1.527, 1.527, 1.526, 1.525, 1.525, 1.525, 1.525, 1.525, 1.526, 1.527, 1.527, 1.528, 1.531, 1.531, 1.532, 1.532, 1.532, 1.532, 1.533, 1.533, 1.534, 1.535, 1.535, 1.536, 1.537, 1.536, 1.535, 1.534, 1.533, 1.532, 1.531, 1.527, 1.526, 1.525, 1.524, 1.523, 1.522, 1.52, 1.519, 1.518, 1.517, 1.516, 1.516, 1.516, 1.516, 1.516, 1.516, 1.513, 1.513, 1.513, 1.512, 1.512, 1.512, 1.512, 1.512, 1.513, 1.513, 1.513, 1.513, 1.513, 1.513, 1.513, 1.513, 1.516, 1.516, 1.516, 1.516, 1.516, 1.516, 1.512, 1.511, 1.51, 1.509, 1.508, 1.507, 1.507, 1.506, 1.507, 1.507, 1.508, 1.509, 1.51, 1.516, 1.517, 1.52, 1.52, 1.52, 1.519, 1.518, 1.517, 1.516, 1.513, 1.512, 1.511, 1.511, 1.511, 1.511, 1.511, 1.511, 1.512, 1.512, 1.512, 1.511, 1.511, 1.511, 1.511, 1.511, 1.511, 1.512, 1.512, 1.512, 1.512, 1.513, 1.513, 1.512, 1.511, 1.511, 1.509, 1.509, 1.508, 1.508, 1.507, 1.507, 1.507, 1.507, 1.508, 1.508, 1.509, 1.509, 1.509, 1.509, 1.509, 1.508, 1.507, 1.507, 1.507, 1.507, 1.507, 1.508, 1.508, 1.509, 1.509, 1.509, 1.509, 1.508, 1.507, 1.507, 1.506, 1.505, 1.504, 1.503, 1.503, 1.502, 1.501, 1.501, 1.5, 1.499, 1.499, 1.499, 1.499, 1.499, 1.499, 1.5, 1.501, 1.501, 1.501, 1.501, 1.5, 1.499, 1.499, 1.496, 1.496, 1.496, 1.496, 1.499, 1.499, 1.499, 1.5, 1.5, 1.5, 1.501, 1.501, 1.502, 1.503, 1.503, 1.503, 1.503, 1.503, 1.503, 1.503, 1.503, 1.502, 1.501, 1.501, 1.5, 1.499, 1.495, 1.495, 1.494, 1.494, 1.494, 1.494, 1.494, 1.495, 1.495, 1.496, 1.5, 1.5, 1.501, 1.502, 1.503, 1.504, 1.505, 1.506, 1.506, 1.506, 1.506, 1.505, 1.504, 1.503, 1.502, 1.501, 1.5, 1.5, 1.499, 1.496, 1.496, 1.496, 1.495, 1.494, 1.494, 1.492, 1.492, 1.491, 1.491, 1.491, 1.491, 1.492, 1.492, 1.492, 1.493, 1.493, 1.494, 1.494, 1.494, 1.494, 1.493, 1.492, 1.492, 1.491, 1.49, 1.49, 1.489, 1.488, 1.488, 1.489, 1.49, 1.49, 1.491, 1.491, 1.492, 1.492, 1.492, 1.492, 1.492, 1.492, 1.492, 1.493, 1.493, 1.493, 1.493, 1.493, 1.492, 1.491, 1.49, 1.488, 1.486, 1.484, 1.483, 1.482, 1.481, 1.48, 1.479, 1.479, 1.479, 1.48, 1.481, 1.482, 1.483, 1.484, 1.485, 1.486, 1.486, 1.486, 1.486, 1.485, 1.484, 1.484, 1.483, 1.482, 1.481, 1.48, 1.479, 1.479, 1.478, 1.478, 1.477, 1.477, 1.477, 1.477, 1.478, 1.478, 1.479, 1.48, 1.481, 1.483, 1.484, 1.485, 1.486, 1.489, 1.49, 1.49, 1.491, 1.492, 1.492, 1.491, 1.49, 1.487, 1.486, 1.484, 1.482, 1.48, 1.478, 1.477, 1.476, 1.476, 1.475, 1.475, 1.475, 1.475, 1.475, 1.475, 1.475, 0, 
1.521, 1.521, 1.52, 1.52, 1.52, 1.521, 1.522, 1.524, 1.525, 1.526, 1.531, 1.531, 1.535, 1.535, 1.537, 1.538, 1.539, 1.539, 1.538, 1.537, 1.536, 1.535, 1.534, 1.533, 1.532, 1.532, 1.531, 1.531, 1.528, 1.528, 1.531, 1.531, 1.531, 1.531, 1.531, 1.531, 1.531, 1.531, 1.531, 1.532, 1.533, 1.533, 1.534, 1.534, 1.534, 1.533, 1.532, 1.531, 1.531, 1.531, 1.531, 1.531, 1.532, 1.533, 1.535, 1.535, 1.537, 1.538, 1.538, 1.538, 1.538, 1.535, 1.535, 1.531, 1.531, 1.526, 1.525, 1.524, 1.523, 1.521, 1.521, 1.521, 1.521, 1.522, 1.524, 1.525, 1.526, 1.531, 1.532, 1.533, 1.533, 1.536, 1.537, 1.537, 1.537, 1.537, 1.537, 1.537, 1.538, 1.538, 1.538, 1.539, 1.539, 1.539, 1.538, 1.537, 1.537, 1.533, 1.533, 1.528, 1.527, 1.527, 1.526, 1.526, 1.526, 1.526, 1.527, 1.527, 1.528, 1.531, 1.531, 1.531, 1.531, 1.531, 1.531, 1.531, 1.531, 1.532, 1.532, 1.533, 1.534, 1.535, 1.536, 1.537, 1.538, 1.538, 1.538, 1.538, 1.538, 1.537, 1.537, 1.536, 1.535, 1.535, 1.535, 1.531, 1.531, 1.528, 1.527, 1.527, 1.526, 1.526, 1.526, 1.527, 1.527, 1.528, 1.528, 1.532, 1.532, 1.532, 1.532, 1.532, 1.533, 1.533, 1.533, 1.534, 1.535, 1.535, 1.536, 1.537, 1.537, 1.537, 1.536, 1.535, 1.534, 1.533, 1.532, 1.531, 1.527, 1.526, 1.525, 1.524, 1.522, 1.521, 1.519, 1.518, 1.517, 1.516, 1.516, 1.516, 1.516, 1.516, 1.516, 1.513, 1.513, 1.512, 1.512, 1.511, 1.511, 1.511, 1.512, 1.512, 1.512, 1.513, 1.513, 1.513, 1.513, 1.513, 1.513, 1.516, 1.516, 1.516, 1.516, 1.516, 1.512, 1.511, 1.51, 1.509, 1.508, 1.507, 1.506, 1.505, 1.505, 1.506, 1.506, 1.507, 1.509, 1.51, 1.517, 1.518, 1.519, 1.52, 1.52, 1.519, 1.518, 1.517, 1.513, 1.513, 1.512, 1.511, 1.511, 1.511, 1.511, 1.511, 1.511, 1.511, 1.511, 1.511, 1.511, 1.511, 1.511, 1.512, 1.512, 1.512, 1.512, 1.512, 1.516, 1.516, 1.516, 1.513, 1.512, 1.511, 1.51, 1.509, 1.509, 1.508, 1.507, 1.507, 1.507, 1.507, 1.507, 1.507, 1.508, 1.509, 1.509, 1.509, 1.509, 1.509, 1.508, 1.508, 1.508, 1.508, 1.508, 1.508, 1.508, 1.509, 1.509, 1.509, 1.509, 1.509, 1.508, 1.507, 1.506, 1.505, 1.505, 1.504, 1.503, 1.503, 1.502, 1.501, 1.501, 1.5, 1.499, 1.499, 1.499, 1.499, 1.499, 1.499, 1.5, 1.501, 1.501, 1.501, 1.501, 1.5, 1.5, 1.5, 1.499, 1.499, 1.499, 1.499, 1.499, 1.499, 1.5, 1.5, 1.501, 1.501, 1.502, 1.502, 1.503, 1.503, 1.503, 1.503, 1.503, 1.502, 1.502, 1.502, 1.502, 1.502, 1.501, 1.501, 1.5, 1.499, 1.495, 1.495, 1.494, 1.494, 1.494, 1.494, 1.495, 1.495, 1.496, 1.499, 1.5, 1.501, 1.502, 1.503, 1.504, 1.505, 1.505, 1.506, 1.507, 1.506, 1.506, 1.505, 1.503, 1.502, 1.501, 1.501, 1.5, 1.499, 1.499, 1.496, 1.496, 1.496, 1.495, 1.494, 1.494, 1.493, 1.492, 1.492, 1.492, 1.492, 1.492, 1.492, 1.492, 1.492, 1.493, 1.494, 1.494, 1.494, 1.494, 1.494, 1.493, 1.492, 1.492, 1.491, 1.49, 1.49, 1.489, 1.488, 1.488, 1.489, 1.49, 1.49, 1.491, 1.492, 1.492, 1.492, 1.492, 1.492, 1.492, 1.492, 1.492, 1.492, 1.492, 1.492, 1.492, 1.492, 1.491, 1.49, 1.489, 1.488, 1.486, 1.485, 1.483, 1.482, 1.481, 1.48, 1.48, 1.48, 1.48, 1.481, 1.482, 1.482, 1.484, 1.484, 1.485, 1.486, 1.486, 1.486, 1.485, 1.484, 1.484, 1.483, 1.483, 1.482, 1.481, 1.48, 1.48, 1.479, 1.479, 1.478, 1.478, 1.478, 1.478, 1.478, 1.479, 1.479, 1.48, 1.481, 1.482, 1.483, 1.484, 1.486, 1.487, 1.488, 1.489, 1.489, 1.49, 1.491, 1.491, 1.49, 1.49, 1.486, 1.485, 1.484, 1.482, 1.48, 1.479, 1.478, 1.477, 1.476, 1.476, 1.476, 1.476, 1.476, 1.476, 1.476, 1.476, 0, 
1.52, 1.52, 1.52, 1.52, 1.52, 1.521, 1.522, 1.524, 1.526, 1.527, 1.531, 1.532, 1.535, 1.536, 1.537, 1.538, 1.539, 1.539, 1.539, 1.538, 1.537, 1.536, 1.535, 1.533, 1.533, 1.532, 1.531, 1.531, 1.528, 1.528, 1.531, 1.531, 1.531, 1.531, 1.531, 1.531, 1.531, 1.531, 1.531, 1.532, 1.533, 1.533, 1.534, 1.534, 1.533, 1.533, 1.532, 1.531, 1.531, 1.531, 1.531, 1.531, 1.532, 1.533, 1.535, 1.536, 1.537, 1.538, 1.539, 1.539, 1.539, 1.536, 1.535, 1.531, 1.527, 1.526, 1.525, 1.523, 1.522, 1.521, 1.52, 1.52, 1.521, 1.522, 1.524, 1.525, 1.526, 1.531, 1.532, 1.533, 1.533, 1.536, 1.536, 1.536, 1.536, 1.536, 1.536, 1.537, 1.537, 1.537, 1.538, 1.538, 1.539, 1.539, 1.538, 1.537, 1.537, 1.534, 1.533, 1.532, 1.528, 1.528, 1.527, 1.527, 1.527, 1.527, 1.527, 1.531, 1.531, 1.531, 1.531, 1.531, 1.528, 1.528, 1.528, 1.528, 1.528, 1.528, 1.532, 1.533, 1.533, 1.534, 1.535, 1.536, 1.537, 1.537, 1.537, 1.537, 1.537, 1.537, 1.537, 1.536, 1.535, 1.535, 1.535, 1.532, 1.531, 1.531, 1.528, 1.528, 1.527, 1.527, 1.527, 1.528, 1.528, 1.532, 1.532, 1.532, 1.533, 1.533, 1.533, 1.533, 1.533, 1.533, 1.534, 1.534, 1.535, 1.536, 1.536, 1.537, 1.538, 1.537, 1.536, 1.535, 1.534, 1.533, 1.532, 1.532, 1.531, 1.526, 1.525, 1.524, 1.522, 1.521, 1.52, 1.518, 1.517, 1.516, 1.516, 1.516, 1.516, 1.516, 1.516, 1.513, 1.513, 1.512, 1.511, 1.511, 1.511, 1.511, 1.511, 1.511, 1.512, 1.512, 1.512, 1.512, 1.513, 1.513, 1.513, 1.513, 1.516, 1.516, 1.512, 1.512, 1.511, 1.51, 1.509, 1.508, 1.507, 1.506, 1.505, 1.504, 1.504, 1.505, 1.506, 1.507, 1.509, 1.51, 1.517, 1.518, 1.519, 1.52, 1.52, 1.519, 1.518, 1.517, 1.513, 1.513, 1.512, 1.511, 1.511, 1.511, 1.511, 1.511, 1.511, 1.511, 1.511, 1.511, 1.511, 1.512, 1.512, 1.512, 1.513, 1.513, 1.516, 1.516, 1.516, 1.516, 1.516, 1.516, 1.512, 1.511, 1.51, 1.509, 1.509, 1.508, 1.507, 1.507, 1.507, 1.507, 1.507, 1.507, 1.508, 1.508, 1.509, 1.509, 1.509, 1.509, 1.509, 1.509, 1.509, 1.509, 1.509, 1.509, 1.509, 1.509, 1.509, 1.509, 1.509, 1.508, 1.507, 1.506, 1.506, 1.505, 1.504, 1.503, 1.503, 1.503, 1.501, 1.501, 1.501, 1.5, 1.499, 1.499, 1.499, 1.499, 1.499, 1.499, 1.5, 1.501, 1.502, 1.502, 1.502, 1.501, 1.501, 1.5, 1.5, 1.5, 1.5, 1.5, 1.5, 1.5, 1.5, 1.501, 1.501, 1.502, 1.502, 1.503, 1.503, 1.503, 1.503, 1.503, 1.503, 1.502, 1.502, 1.502, 1.502, 1.501, 1.501, 1.501, 1.5, 1.499, 1.496, 1.495, 1.495, 1.495, 1.495, 1.495, 1.495, 1.496, 1.496, 1.5, 1.5, 1.501, 1.503, 1.504, 1.505, 1.505, 1.506, 1.507, 1.507, 1.506, 1.505, 1.504, 1.503, 1.502, 1.501, 1.501, 1.5, 1.499, 1.499, 1.496, 1.496, 1.496, 1.496, 1.495, 1.494, 1.494, 1.493, 1.493, 1.492, 1.492, 1.493, 1.493, 1.493, 1.493, 1.493, 1.494, 1.494, 1.494, 1.494, 1.494, 1.493, 1.492, 1.492, 1.491, 1.49, 1.49, 1.489, 1.488, 1.488, 1.489, 1.49, 1.49, 1.491, 1.492, 1.492, 1.492, 1.492, 1.492, 1.492, 1.492, 1.492, 1.492, 1.492, 1.492, 1.492, 1.491, 1.491, 1.49, 1.489, 1.488, 1.486, 1.485, 1.484, 1.482, 1.482, 1.481, 1.481, 1.481, 1.481, 1.482, 1.482, 1.483, 1.484, 1.484, 1.485, 1.486, 1.486, 1.486, 1.485, 1.484, 1.484, 1.483, 1.482, 1.482, 1.481, 1.48, 1.48, 1.48, 1.479, 1.479, 1.479, 1.478, 1.479, 1.479, 1.479, 1.48, 1.48, 1.481, 1.482, 1.483, 1.484, 1.485, 1.486, 1.487, 1.487, 1.488, 1.489, 1.489, 1.489, 1.488, 1.487, 1.486, 1.484, 1.483, 1.482, 1.48, 1.479, 1.478, 1.478, 1.477, 1.477, 1.476, 1.476, 1.476, 1.476, 1.476, 1.476, 0, 
1.52, 1.52, 1.52, 1.52, 1.52, 1.521, 1.523, 1.524, 1.526, 1.527, 1.532, 1.533, 1.535, 1.535, 1.537, 1.538, 1.539, 1.539, 1.539, 1.538, 1.537, 1.537, 1.535, 1.534, 1.533, 1.532, 1.532, 1.531, 1.528, 1.528, 1.531, 1.528, 1.528, 1.528, 1.528, 1.531, 1.531, 1.531, 1.531, 1.531, 1.532, 1.533, 1.534, 1.534, 1.533, 1.533, 1.532, 1.531, 1.531, 1.531, 1.531, 1.531, 1.532, 1.533, 1.535, 1.536, 1.538, 1.539, 1.539, 1.539, 1.538, 1.537, 1.536, 1.531, 1.527, 1.526, 1.524, 1.523, 1.522, 1.521, 1.52, 1.52, 1.521, 1.522, 1.524, 1.525, 1.526, 1.531, 1.532, 1.533, 1.533, 1.535, 1.535, 1.535, 1.535, 1.535, 1.535, 1.535, 1.536, 1.537, 1.537, 1.537, 1.538, 1.539, 1.538, 1.537, 1.536, 1.535, 1.533, 1.532, 1.532, 1.528, 1.528, 1.528, 1.528, 1.528, 1.531, 1.531, 1.531, 1.531, 1.531, 1.531, 1.528, 1.528, 1.528, 1.528, 1.528, 1.528, 1.528, 1.532, 1.533, 1.533, 1.534, 1.535, 1.535, 1.535, 1.535, 1.536, 1.536, 1.536, 1.536, 1.536, 1.535, 1.535, 1.534, 1.533, 1.532, 1.531, 1.531, 1.528, 1.528, 1.528, 1.528, 1.532, 1.532, 1.532, 1.533, 1.533, 1.533, 1.533, 1.533, 1.533, 1.533, 1.533, 1.534, 1.535, 1.536, 1.537, 1.537, 1.538, 1.538, 1.537, 1.537, 1.536, 1.535, 1.534, 1.533, 1.532, 1.531, 1.527, 1.526, 1.525, 1.522, 1.521, 1.52, 1.517, 1.516, 1.516, 1.516, 1.516, 1.516, 1.516, 1.516, 1.513, 1.512, 1.512, 1.511, 1.511, 1.511, 1.511, 1.511, 1.511, 1.511, 1.511, 1.511, 1.511, 1.512, 1.512, 1.512, 1.512, 1.512, 1.512, 1.511, 1.511, 1.51, 1.509, 1.508, 1.507, 1.506, 1.505, 1.504, 1.503, 1.503, 1.504, 1.505, 1.507, 1.509, 1.51, 1.517, 1.518, 1.519, 1.52, 1.52, 1.519, 1.518, 1.517, 1.513, 1.513, 1.512, 1.511, 1.511, 1.511, 1.511, 1.511, 1.511, 1.511, 1.512, 1.512, 1.512, 1.512, 1.513, 1.513, 1.513, 1.516, 1.516, 1.517, 1.516, 1.516, 1.516, 1.516, 1.512, 1.511, 1.51, 1.509, 1.509, 1.508, 1.507, 1.507, 1.507, 1.507, 1.507, 1.507, 1.508, 1.508, 1.509, 1.509, 1.509, 1.509, 1.509, 1.509, 1.509, 1.509, 1.509, 1.51, 1.51, 1.51, 1.51, 1.509, 1.509, 1.508, 1.507, 1.506, 1.505, 1.505, 1.504, 1.503, 1.503, 1.502, 1.501, 1.501, 1.501, 1.5, 1.499, 1.499, 1.499, 1.499, 1.499, 1.5, 1.501, 1.502, 1.502, 1.503, 1.502, 1.501, 1.501, 1.501, 1.501, 1.501, 1.5, 1.5, 1.501, 1.501, 1.501, 1.501, 1.502, 1.502, 1.503, 1.503, 1.503, 1.503, 1.503, 1.503, 1.503, 1.502, 1.502, 1.502, 1.501, 1.501, 1.501, 1.501, 1.5, 1.499, 1.496, 1.496, 1.496, 1.495, 1.496, 1.496, 1.496, 1.496, 1.499, 1.5, 1.501, 1.502, 1.503, 1.504, 1.505, 1.506, 1.507, 1.507, 1.507, 1.506, 1.505, 1.504, 1.503, 1.502, 1.501, 1.501, 1.5, 1.499, 1.499, 1.496, 1.496, 1.496, 1.496, 1.495, 1.495, 1.494, 1.494, 1.494, 1.494, 1.494, 1.494, 1.494, 1.494, 1.494, 1.494, 1.494, 1.494, 1.494, 1.494, 1.493, 1.493, 1.492, 1.492, 1.491, 1.491, 1.49, 1.489, 1.489, 1.489, 1.489, 1.49, 1.49, 1.491, 1.492, 1.492, 1.492, 1.492, 1.492, 1.491, 1.491, 1.49, 1.49, 1.491, 1.491, 1.491, 1.49, 1.49, 1.489, 1.488, 1.487, 1.486, 1.485, 1.484, 1.483, 1.482, 1.482, 1.482, 1.482, 1.482, 1.482, 1.483, 1.483, 1.484, 1.485, 1.485, 1.486, 1.486, 1.485, 1.484, 1.484, 1.483, 1.482, 1.482, 1.482, 1.481, 1.48, 1.48, 1.48, 1.48, 1.48, 1.48, 1.479, 1.48, 1.48, 1.48, 1.48, 1.481, 1.482, 1.482, 1.483, 1.484, 1.484, 1.485, 1.485, 1.486, 1.487, 1.488, 1.488, 1.488, 1.487, 1.486, 1.485, 1.484, 1.482, 1.481, 1.48, 1.48, 1.479, 1.478, 1.478, 1.478, 1.478, 1.478, 1.477, 1.477, 1.477, 1.477, 0, 
1.521, 1.521, 1.52, 1.52, 1.521, 1.522, 1.523, 1.524, 1.526, 1.527, 1.531, 1.532, 1.535, 1.536, 1.537, 1.538, 1.539, 1.539, 1.539, 1.539, 1.538, 1.537, 1.536, 1.535, 1.533, 1.533, 1.532, 1.531, 1.528, 1.528, 1.531, 1.528, 1.528, 1.528, 1.528, 1.528, 1.531, 1.531, 1.531, 1.531, 1.532, 1.533, 1.534, 1.534, 1.533, 1.533, 1.532, 1.531, 1.531, 1.531, 1.531, 1.531, 1.532, 1.533, 1.535, 1.537, 1.538, 1.539, 1.542, 1.542, 1.538, 1.537, 1.536, 1.531, 1.527, 1.526, 1.524, 1.523, 1.522, 1.521, 1.521, 1.521, 1.521, 1.522, 1.524, 1.526, 1.527, 1.532, 1.532, 1.533, 1.533, 1.534, 1.534, 1.534, 1.534, 1.533, 1.533, 1.533, 1.533, 1.533, 1.536, 1.536, 1.537, 1.538, 1.538, 1.537, 1.536, 1.535, 1.533, 1.533, 1.532, 1.531, 1.531, 1.531, 1.531, 1.531, 1.531, 1.531, 1.531, 1.531, 1.531, 1.531, 1.528, 1.527, 1.527, 1.527, 1.527, 1.527, 1.528, 1.528, 1.532, 1.533, 1.533, 1.534, 1.534, 1.535, 1.535, 1.535, 1.535, 1.535, 1.535, 1.535, 1.535, 1.535, 1.534, 1.533, 1.532, 1.531, 1.531, 1.531, 1.531, 1.531, 1.532, 1.532, 1.533, 1.533, 1.533, 1.533, 1.533, 1.533, 1.533, 1.533, 1.533, 1.534, 1.535, 1.535, 1.536, 1.537, 1.537, 1.538, 1.538, 1.537, 1.537, 1.536, 1.535, 1.535, 1.533, 1.532, 1.532, 1.531, 1.526, 1.526, 1.522, 1.522, 1.521, 1.516, 1.516, 1.516, 1.516, 1.513, 1.513, 1.513, 1.513, 1.513, 1.512, 1.511, 1.511, 1.51, 1.51, 1.51, 1.509, 1.509, 1.509, 1.51, 1.51, 1.51, 1.511, 1.511, 1.511, 1.511, 1.511, 1.511, 1.511, 1.51, 1.509, 1.508, 1.507, 1.506, 1.505, 1.504, 1.503, 1.503, 1.503, 1.504, 1.505, 1.507, 1.509, 1.51, 1.517, 1.518, 1.519, 1.52, 1.52, 1.519, 1.518, 1.517, 1.513, 1.513, 1.512, 1.511, 1.511, 1.511, 1.511, 1.511, 1.512, 1.512, 1.512, 1.512, 1.513, 1.513, 1.513, 1.516, 1.516, 1.517, 1.517, 1.518, 1.517, 1.516, 1.516, 1.516, 1.512, 1.511, 1.51, 1.509, 1.509, 1.508, 1.507, 1.507, 1.507, 1.507, 1.507, 1.507, 1.507, 1.508, 1.508, 1.509, 1.509, 1.509, 1.509, 1.509, 1.509, 1.509, 1.51, 1.51, 1.511, 1.511, 1.51, 1.51, 1.509, 1.508, 1.507, 1.506, 1.505, 1.505, 1.504, 1.503, 1.503, 1.502, 1.501, 1.501, 1.501, 1.5, 1.499, 1.499, 1.499, 1.499, 1.499, 1.5, 1.501, 1.502, 1.503, 1.503, 1.503, 1.502, 1.501, 1.501, 1.501, 1.501, 1.501, 1.501, 1.501, 1.501, 1.501, 1.502, 1.502, 1.503, 1.503, 1.503, 1.503, 1.503, 1.503, 1.503, 1.503, 1.503, 1.502, 1.502, 1.501, 1.501, 1.501, 1.501, 1.5, 1.499, 1.496, 1.496, 1.496, 1.496, 1.496, 1.496, 1.496, 1.499, 1.499, 1.5, 1.501, 1.503, 1.504, 1.505, 1.506, 1.506, 1.507, 1.507, 1.506, 1.506, 1.505, 1.504, 1.503, 1.502, 1.501, 1.501, 1.5, 1.499, 1.499, 1.499, 1.499, 1.499, 1.496, 1.496, 1.496, 1.495, 1.495, 1.494, 1.494, 1.494, 1.494, 1.494, 1.494, 1.494, 1.494, 1.494, 1.494, 1.494, 1.494, 1.494, 1.493, 1.492, 1.492, 1.492, 1.491, 1.49, 1.49, 1.49, 1.49, 1.49, 1.49, 1.491, 1.492, 1.492, 1.492, 1.492, 1.492, 1.492, 1.491, 1.49, 1.49, 1.49, 1.49, 1.49, 1.49, 1.489, 1.489, 1.488, 1.488, 1.487, 1.486, 1.486, 1.485, 1.484, 1.483, 1.482, 1.482, 1.482, 1.483, 1.483, 1.484, 1.484, 1.484, 1.485, 1.485, 1.485, 1.485, 1.485, 1.484, 1.483, 1.483, 1.482, 1.482, 1.482, 1.481, 1.48, 1.48, 1.48, 1.48, 1.48, 1.48, 1.48, 1.48, 1.48, 1.48, 1.48, 1.481, 1.481, 1.482, 1.482, 1.483, 1.483, 1.484, 1.484, 1.484, 1.485, 1.486, 1.486, 1.486, 1.485, 1.484, 1.484, 1.483, 1.482, 1.481, 1.48, 1.48, 1.48, 1.479, 1.479, 1.478, 1.478, 1.478, 1.478, 1.478, 1.478, 1.478, 0, 
1.522, 1.521, 1.521, 1.521, 1.521, 1.522, 1.524, 1.525, 1.526, 1.527, 1.531, 1.531, 1.535, 1.536, 1.537, 1.538, 1.539, 1.539, 1.539, 1.539, 1.538, 1.537, 1.536, 1.535, 1.534, 1.533, 1.532, 1.531, 1.531, 1.531, 1.531, 1.528, 1.528, 1.528, 1.528, 1.528, 1.531, 1.531, 1.531, 1.531, 1.532, 1.533, 1.534, 1.534, 1.533, 1.533, 1.532, 1.531, 1.531, 1.531, 1.531, 1.531, 1.532, 1.533, 1.534, 1.538, 1.538, 1.542, 1.542, 1.542, 1.542, 1.537, 1.536, 1.531, 1.527, 1.526, 1.524, 1.523, 1.522, 1.522, 1.522, 1.522, 1.522, 1.523, 1.525, 1.526, 1.527, 1.532, 1.533, 1.533, 1.533, 1.534, 1.533, 1.533, 1.532, 1.532, 1.532, 1.532, 1.532, 1.532, 1.532, 1.536, 1.535, 1.535, 1.536, 1.536, 1.536, 1.535, 1.533, 1.533, 1.532, 1.532, 1.531, 1.531, 1.532, 1.532, 1.532, 1.532, 1.532, 1.532, 1.532, 1.528, 1.528, 1.527, 1.526, 1.526, 1.526, 1.526, 1.527, 1.528, 1.528, 1.532, 1.533, 1.533, 1.533, 1.533, 1.534, 1.534, 1.534, 1.535, 1.535, 1.535, 1.535, 1.535, 1.534, 1.533, 1.532, 1.531, 1.531, 1.531, 1.531, 1.532, 1.532, 1.533, 1.533, 1.533, 1.533, 1.533, 1.533, 1.533, 1.533, 1.533, 1.533, 1.534, 1.535, 1.535, 1.536, 1.537, 1.537, 1.537, 1.537, 1.537, 1.537, 1.536, 1.535, 1.535, 1.534, 1.533, 1.532, 1.531, 1.527, 1.526, 1.523, 1.522, 1.521, 1.516, 1.516, 1.516, 1.513, 1.513, 1.513, 1.513, 1.513, 1.512, 1.512, 1.511, 1.51, 1.51, 1.509, 1.509, 1.509, 1.509, 1.509, 1.509, 1.509, 1.509, 1.509, 1.51, 1.51, 1.51, 1.51, 1.51, 1.509, 1.509, 1.508, 1.507, 1.506, 1.505, 1.504, 1.503, 1.503, 1.503, 1.503, 1.504, 1.505, 1.507, 1.509, 1.51, 1.517, 1.518, 1.519, 1.52, 1.519, 1.519, 1.518, 1.517, 1.513, 1.513, 1.512, 1.511, 1.511, 1.511, 1.511, 1.512, 1.512, 1.513, 1.513, 1.513, 1.513, 1.513, 1.516, 1.516, 1.517, 1.518, 1.518, 1.518, 1.518, 1.517, 1.516, 1.512, 1.512, 1.511, 1.51, 1.509, 1.509, 1.508, 1.507, 1.507, 1.507, 1.507, 1.507, 1.507, 1.507, 1.507, 1.508, 1.508, 1.509, 1.509, 1.509, 1.509, 1.509, 1.51, 1.51, 1.511, 1.511, 1.511, 1.511, 1.51, 1.509, 1.508, 1.507, 1.506, 1.505, 1.505, 1.504, 1.503, 1.503, 1.502, 1.502, 1.501, 1.501, 1.5, 1.5, 1.499, 1.499, 1.499, 1.5, 1.501, 1.502, 1.503, 1.503, 1.503, 1.503, 1.503, 1.502, 1.501, 1.501, 1.501, 1.501, 1.501, 1.501, 1.501, 1.501, 1.502, 1.503, 1.503, 1.503, 1.503, 1.503, 1.503, 1.503, 1.503, 1.503, 1.503, 1.502, 1.502, 1.501, 1.501, 1.501, 1.501, 1.5, 1.499, 1.499, 1.499, 1.496, 1.496, 1.496, 1.496, 1.499, 1.499, 1.499, 1.5, 1.501, 1.503, 1.504, 1.505, 1.506, 1.507, 1.507, 1.507, 1.506, 1.505, 1.504, 1.503, 1.502, 1.501, 1.501, 1.501, 1.5, 1.499, 1.499, 1.499, 1.499, 1.499, 1.499, 1.499, 1.496, 1.496, 1.496, 1.495, 1.495, 1.495, 1.495, 1.495, 1.494, 1.494, 1.494, 1.494, 1.494, 1.494, 1.494, 1.494, 1.493, 1.492, 1.492, 1.492, 1.491, 1.491, 1.49, 1.49, 1.49, 1.49, 1.491, 1.492, 1.492, 1.493, 1.493, 1.492, 1.492, 1.491, 1.49, 1.489, 1.489, 1.488, 1.488, 1.488, 1.488, 1.488, 1.488, 1.488, 1.487, 1.487, 1.486, 1.486, 1.485, 1.484, 1.484, 1.483, 1.482, 1.483, 1.483, 1.484, 1.484, 1.484, 1.484, 1.484, 1.485, 1.485, 1.484, 1.484, 1.483, 1.483, 1.482, 1.482, 1.482, 1.482, 1.481, 1.481, 1.48, 1.48, 1.481, 1.481, 1.48, 1.48, 1.48, 1.48, 1.48, 1.48, 1.48, 1.48, 1.481, 1.481, 1.482, 1.482, 1.482, 1.482, 1.483, 1.484, 1.484, 1.484, 1.484, 1.484, 1.483, 1.482, 1.482, 1.481, 1.481, 1.48, 1.48, 1.48, 1.48, 1.479, 1.479, 1.479, 1.478, 1.478, 1.478, 1.478, 1.478, 0, 
1.522, 1.522, 1.522, 1.522, 1.522, 1.523, 1.524, 1.525, 1.526, 1.527, 1.531, 1.531, 1.535, 1.535, 1.536, 1.537, 1.538, 1.539, 1.539, 1.539, 1.538, 1.537, 1.536, 1.535, 1.534, 1.533, 1.532, 1.531, 1.531, 1.531, 1.531, 1.528, 1.528, 1.528, 1.528, 1.528, 1.531, 1.531, 1.531, 1.531, 1.532, 1.533, 1.533, 1.534, 1.533, 1.533, 1.532, 1.531, 1.531, 1.531, 1.531, 1.531, 1.532, 1.533, 1.534, 1.539, 1.539, 1.542, 1.543, 1.543, 1.542, 1.537, 1.535, 1.532, 1.532, 1.526, 1.525, 1.524, 1.523, 1.522, 1.522, 1.522, 1.523, 1.524, 1.525, 1.526, 1.532, 1.532, 1.533, 1.533, 1.533, 1.533, 1.533, 1.532, 1.527, 1.526, 1.526, 1.525, 1.525, 1.528, 1.532, 1.532, 1.533, 1.534, 1.535, 1.535, 1.535, 1.534, 1.533, 1.533, 1.533, 1.532, 1.532, 1.532, 1.532, 1.533, 1.533, 1.533, 1.533, 1.533, 1.532, 1.528, 1.527, 1.526, 1.526, 1.525, 1.525, 1.525, 1.526, 1.527, 1.528, 1.528, 1.532, 1.532, 1.532, 1.533, 1.533, 1.533, 1.534, 1.534, 1.534, 1.535, 1.534, 1.534, 1.533, 1.532, 1.531, 1.531, 1.531, 1.531, 1.532, 1.532, 1.533, 1.533, 1.533, 1.533, 1.533, 1.533, 1.533, 1.533, 1.533, 1.533, 1.533, 1.534, 1.535, 1.535, 1.536, 1.536, 1.537, 1.537, 1.537, 1.537, 1.536, 1.536, 1.535, 1.535, 1.534, 1.533, 1.532, 1.531, 1.527, 1.526, 1.523, 1.522, 1.521, 1.516, 1.516, 1.513, 1.513, 1.513, 1.513, 1.513, 1.513, 1.512, 1.511, 1.511, 1.51, 1.509, 1.509, 1.509, 1.508, 1.508, 1.508, 1.508, 1.508, 1.508, 1.508, 1.509, 1.509, 1.509, 1.509, 1.509, 1.508, 1.507, 1.506, 1.506, 1.505, 1.504, 1.503, 1.503, 1.503, 1.503, 1.503, 1.503, 1.504, 1.507, 1.508, 1.511, 1.516, 1.517, 1.52, 1.52, 1.519, 1.518, 1.518, 1.517, 1.513, 1.513, 1.512, 1.512, 1.511, 1.511, 1.512, 1.512, 1.513, 1.513, 1.513, 1.513, 1.513, 1.516, 1.516, 1.517, 1.518, 1.518, 1.519, 1.519, 1.518, 1.517, 1.516, 1.512, 1.511, 1.511, 1.51, 1.509, 1.509, 1.508, 1.508, 1.508, 1.507, 1.507, 1.507, 1.507, 1.507, 1.507, 1.507, 1.507, 1.508, 1.508, 1.509, 1.509, 1.509, 1.51, 1.511, 1.511, 1.511, 1.511, 1.511, 1.51, 1.509, 1.508, 1.507, 1.506, 1.505, 1.505, 1.504, 1.503, 1.503, 1.502, 1.502, 1.501, 1.501, 1.501, 1.5, 1.5, 1.5, 1.5, 1.501, 1.501, 1.502, 1.503, 1.504, 1.504, 1.503, 1.503, 1.502, 1.502, 1.501, 1.501, 1.501, 1.501, 1.501, 1.501, 1.502, 1.502, 1.503, 1.503, 1.503, 1.503, 1.504, 1.504, 1.504, 1.503, 1.503, 1.503, 1.503, 1.502, 1.501, 1.501, 1.501, 1.501, 1.5, 1.5, 1.499, 1.499, 1.499, 1.499, 1.499, 1.499, 1.499, 1.499, 1.5, 1.501, 1.502, 1.503, 1.504, 1.505, 1.506, 1.507, 1.507, 1.507, 1.506, 1.505, 1.504, 1.503, 1.502, 1.501, 1.501, 1.501, 1.5, 1.5, 1.5, 1.5, 1.5, 1.499, 1.499, 1.499, 1.499, 1.496, 1.496, 1.496, 1.496, 1.496, 1.496, 1.495, 1.495, 1.495, 1.494, 1.494, 1.494, 1.494, 1.494, 1.494, 1.493, 1.493, 1.492, 1.492, 1.492, 1.491, 1.491, 1.49, 1.491, 1.491, 1.492, 1.492, 1.493, 1.494, 1.493, 1.493, 1.492, 1.491, 1.49, 1.489, 1.488, 1.487, 1.486, 1.486, 1.486, 1.486, 1.486, 1.486, 1.486, 1.486, 1.486, 1.486, 1.485, 1.484, 1.484, 1.483, 1.482, 1.483, 1.483, 1.483, 1.484, 1.484, 1.484, 1.484, 1.484, 1.484, 1.484, 1.484, 1.483, 1.482, 1.482, 1.482, 1.482, 1.482, 1.481, 1.481, 1.48, 1.48, 1.481, 1.481, 1.48, 1.48, 1.48, 1.48, 1.48, 1.48, 1.479, 1.479, 1.48, 1.48, 1.48, 1.48, 1.48, 1.48, 1.48, 1.482, 1.482, 1.482, 1.482, 1.482, 1.482, 1.481, 1.481, 1.48, 1.48, 1.48, 1.48, 1.48, 1.48, 1.48, 1.48, 1.479, 1.478, 1.478, 1.478, 1.478, 1.478, 0, 
1.523, 1.523, 1.523, 1.523, 1.523, 1.524, 1.525, 1.526, 1.527, 1.531, 1.531, 1.532, 1.535, 1.535, 1.536, 1.537, 1.537, 1.538, 1.539, 1.539, 1.538, 1.537, 1.536, 1.535, 1.534, 1.533, 1.533, 1.532, 1.531, 1.531, 1.531, 1.531, 1.528, 1.528, 1.528, 1.528, 1.531, 1.531, 1.531, 1.531, 1.532, 1.533, 1.533, 1.533, 1.533, 1.533, 1.532, 1.531, 1.531, 1.531, 1.531, 1.531, 1.532, 1.533, 1.534, 1.539, 1.539, 1.543, 1.543, 1.543, 1.543, 1.538, 1.536, 1.532, 1.532, 1.526, 1.525, 1.524, 1.523, 1.523, 1.523, 1.523, 1.524, 1.525, 1.526, 1.527, 1.532, 1.533, 1.533, 1.533, 1.533, 1.533, 1.532, 1.527, 1.526, 1.525, 1.525, 1.525, 1.525, 1.524, 1.526, 1.527, 1.532, 1.532, 1.533, 1.534, 1.534, 1.533, 1.533, 1.533, 1.533, 1.533, 1.533, 1.533, 1.533, 1.533, 1.533, 1.533, 1.533, 1.533, 1.533, 1.528, 1.527, 1.526, 1.525, 1.525, 1.524, 1.524, 1.525, 1.526, 1.527, 1.527, 1.528, 1.531, 1.532, 1.532, 1.532, 1.532, 1.533, 1.533, 1.534, 1.534, 1.534, 1.533, 1.533, 1.532, 1.531, 1.531, 1.531, 1.531, 1.532, 1.533, 1.533, 1.533, 1.533, 1.533, 1.533, 1.533, 1.533, 1.533, 1.533, 1.533, 1.533, 1.534, 1.535, 1.535, 1.535, 1.536, 1.537, 1.537, 1.537, 1.536, 1.536, 1.535, 1.534, 1.534, 1.533, 1.533, 1.532, 1.531, 1.527, 1.526, 1.523, 1.522, 1.52, 1.516, 1.516, 1.513, 1.512, 1.512, 1.512, 1.512, 1.512, 1.511, 1.511, 1.51, 1.509, 1.509, 1.509, 1.508, 1.508, 1.507, 1.507, 1.507, 1.507, 1.507, 1.508, 1.508, 1.508, 1.508, 1.508, 1.507, 1.507, 1.506, 1.505, 1.505, 1.504, 1.503, 1.503, 1.502, 1.502, 1.502, 1.502, 1.503, 1.503, 1.507, 1.507, 1.511, 1.512, 1.516, 1.52, 1.52, 1.519, 1.518, 1.518, 1.517, 1.513, 1.513, 1.513, 1.512, 1.512, 1.512, 1.512, 1.513, 1.513, 1.513, 1.513, 1.513, 1.513, 1.516, 1.517, 1.518, 1.518, 1.519, 1.519, 1.519, 1.518, 1.517, 1.516, 1.512, 1.511, 1.511, 1.51, 1.509, 1.509, 1.509, 1.509, 1.508, 1.508, 1.508, 1.507, 1.507, 1.507, 1.507, 1.507, 1.507, 1.507, 1.508, 1.508, 1.509, 1.509, 1.51, 1.511, 1.511, 1.511, 1.511, 1.511, 1.51, 1.509, 1.508, 1.507, 1.506, 1.505, 1.505, 1.504, 1.503, 1.503, 1.503, 1.502, 1.501, 1.501, 1.501, 1.501, 1.501, 1.501, 1.501, 1.501, 1.502, 1.503, 1.504, 1.504, 1.504, 1.504, 1.503, 1.503, 1.502, 1.501, 1.501, 1.501, 1.501, 1.501, 1.501, 1.502, 1.502, 1.503, 1.503, 1.503, 1.503, 1.504, 1.505, 1.504, 1.504, 1.504, 1.503, 1.503, 1.502, 1.501, 1.501, 1.501, 1.501, 1.501, 1.5, 1.5, 1.5, 1.5, 1.5, 1.5, 1.5, 1.5, 1.5, 1.5, 1.501, 1.502, 1.503, 1.504, 1.505, 1.506, 1.507, 1.507, 1.506, 1.506, 1.505, 1.503, 1.503, 1.502, 1.501, 1.501, 1.501, 1.501, 1.501, 1.501, 1.501, 1.5, 1.5, 1.5, 1.5, 1.499, 1.499, 1.496, 1.496, 1.496, 1.496, 1.496, 1.496, 1.496, 1.495, 1.495, 1.495, 1.494, 1.494, 1.494, 1.494, 1.494, 1.493, 1.493, 1.492, 1.492, 1.492, 1.491, 1.491, 1.492, 1.492, 1.493, 1.493, 1.494, 1.494, 1.494, 1.493, 1.492, 1.492, 1.491, 1.487, 1.486, 1.486, 1.485, 1.484, 1.484, 1.485, 1.485, 1.485, 1.485, 1.485, 1.486, 1.486, 1.485, 1.484, 1.484, 1.483, 1.482, 1.482, 1.482, 1.483, 1.483, 1.483, 1.484, 1.484, 1.484, 1.484, 1.484, 1.483, 1.483, 1.482, 1.482, 1.482, 1.482, 1.482, 1.481, 1.48, 1.48, 1.48, 1.481, 1.481, 1.48, 1.48, 1.48, 1.48, 1.479, 1.479, 1.478, 1.478, 1.478, 1.478, 1.478, 1.478, 1.478, 1.478, 1.478, 1.481, 1.481, 1.48, 1.48, 1.48, 1.48, 1.48, 1.479, 1.479, 1.479, 1.479, 1.479, 1.479, 1.479, 1.479, 1.479, 1.479, 1.478, 1.478, 1.478, 1.478, 1.478, 0, 
1.524, 1.524, 1.524, 1.524, 1.525, 1.525, 1.526, 1.527, 1.527, 1.531, 1.532, 1.533, 1.534, 1.535, 1.535, 1.536, 1.537, 1.538, 1.538, 1.538, 1.537, 1.537, 1.536, 1.535, 1.534, 1.533, 1.533, 1.532, 1.531, 1.531, 1.531, 1.531, 1.531, 1.531, 1.531, 1.531, 1.531, 1.531, 1.531, 1.531, 1.532, 1.533, 1.533, 1.533, 1.533, 1.533, 1.532, 1.531, 1.531, 1.531, 1.531, 1.531, 1.532, 1.533, 1.534, 1.539, 1.543, 1.543, 1.544, 1.544, 1.543, 1.539, 1.537, 1.533, 1.532, 1.527, 1.526, 1.525, 1.524, 1.524, 1.524, 1.524, 1.525, 1.526, 1.527, 1.532, 1.532, 1.533, 1.534, 1.533, 1.533, 1.532, 1.527, 1.526, 1.525, 1.523, 1.519, 1.519, 1.519, 1.522, 1.525, 1.526, 1.526, 1.527, 1.532, 1.533, 1.533, 1.533, 1.533, 1.533, 1.533, 1.533, 1.533, 1.533, 1.533, 1.533, 1.534, 1.534, 1.534, 1.533, 1.533, 1.528, 1.528, 1.525, 1.525, 1.524, 1.524, 1.524, 1.524, 1.525, 1.526, 1.526, 1.527, 1.528, 1.528, 1.528, 1.531, 1.532, 1.532, 1.533, 1.533, 1.533, 1.533, 1.533, 1.532, 1.531, 1.531, 1.531, 1.531, 1.531, 1.532, 1.533, 1.533, 1.533, 1.533, 1.533, 1.533, 1.533, 1.533, 1.533, 1.533, 1.533, 1.533, 1.534, 1.534, 1.535, 1.535, 1.536, 1.537, 1.537, 1.536, 1.536, 1.535, 1.534, 1.534, 1.533, 1.533, 1.532, 1.531, 1.531, 1.527, 1.526, 1.522, 1.521, 1.519, 1.516, 1.513, 1.512, 1.512, 1.511, 1.511, 1.511, 1.511, 1.51, 1.51, 1.509, 1.509, 1.509, 1.508, 1.508, 1.507, 1.507, 1.507, 1.507, 1.507, 1.507, 1.507, 1.507, 1.507, 1.507, 1.507, 1.506, 1.506, 1.505, 1.505, 1.504, 1.503, 1.502, 1.502, 1.502, 1.501, 1.501, 1.502, 1.502, 1.503, 1.506, 1.507, 1.51, 1.513, 1.516, 1.519, 1.519, 1.519, 1.518, 1.518, 1.517, 1.513, 1.513, 1.513, 1.513, 1.513, 1.513, 1.513, 1.513, 1.513, 1.513, 1.513, 1.513, 1.516, 1.517, 1.518, 1.519, 1.519, 1.52, 1.52, 1.519, 1.518, 1.517, 1.516, 1.511, 1.511, 1.511, 1.51, 1.509, 1.509, 1.509, 1.509, 1.509, 1.509, 1.508, 1.507, 1.507, 1.507, 1.507, 1.507, 1.507, 1.507, 1.507, 1.508, 1.508, 1.509, 1.51, 1.511, 1.511, 1.511, 1.511, 1.511, 1.51, 1.509, 1.508, 1.507, 1.506, 1.505, 1.505, 1.504, 1.503, 1.503, 1.503, 1.502, 1.501, 1.501, 1.501, 1.501, 1.501, 1.501, 1.501, 1.501, 1.502, 1.503, 1.504, 1.505, 1.505, 1.504, 1.503, 1.503, 1.502, 1.502, 1.501, 1.501, 1.501, 1.501, 1.501, 1.502, 1.502, 1.502, 1.503, 1.503, 1.503, 1.504, 1.505, 1.505, 1.505, 1.504, 1.504, 1.503, 1.502, 1.502, 1.501, 1.501, 1.501, 1.501, 1.501, 1.501, 1.501, 1.501, 1.501, 1.501, 1.501, 1.501, 1.501, 1.501, 1.501, 1.502, 1.503, 1.505, 1.505, 1.506, 1.507, 1.507, 1.507, 1.506, 1.505, 1.504, 1.503, 1.502, 1.501, 1.501, 1.501, 1.501, 1.501, 1.501, 1.501, 1.501, 1.501, 1.501, 1.5, 1.5, 1.5, 1.499, 1.499, 1.496, 1.496, 1.496, 1.496, 1.496, 1.496, 1.496, 1.495, 1.495, 1.495, 1.494, 1.494, 1.494, 1.494, 1.493, 1.493, 1.493, 1.492, 1.492, 1.492, 1.493, 1.493, 1.494, 1.494, 1.495, 1.495, 1.494, 1.494, 1.493, 1.492, 1.491, 1.486, 1.485, 1.485, 1.484, 1.483, 1.483, 1.483, 1.484, 1.484, 1.484, 1.484, 1.485, 1.485, 1.485, 1.484, 1.484, 1.483, 1.482, 1.482, 1.482, 1.482, 1.482, 1.482, 1.483, 1.483, 1.483, 1.483, 1.483, 1.483, 1.482, 1.482, 1.482, 1.482, 1.482, 1.482, 1.481, 1.48, 1.48, 1.48, 1.481, 1.481, 1.48, 1.48, 1.48, 1.479, 1.478, 1.478, 1.477, 1.476, 1.476, 1.476, 1.477, 1.477, 1.477, 1.476, 1.476, 1.475, 1.478, 1.478, 1.478, 1.478, 1.478, 1.478, 1.478, 1.478, 1.478, 1.478, 1.478, 1.478, 1.478, 1.478, 1.478, 1.478, 1.478, 1.478, 1.478, 1.478, 1.478, 0, 
1.526, 1.526, 1.526, 1.526, 1.526, 1.526, 1.527, 1.527, 1.531, 1.532, 1.532, 1.533, 1.534, 1.535, 1.535, 1.535, 1.536, 1.537, 1.537, 1.537, 1.537, 1.536, 1.535, 1.534, 1.533, 1.533, 1.532, 1.531, 1.531, 1.531, 1.531, 1.531, 1.531, 1.531, 1.531, 1.531, 1.531, 1.531, 1.531, 1.531, 1.532, 1.533, 1.533, 1.533, 1.533, 1.532, 1.532, 1.531, 1.531, 1.531, 1.531, 1.531, 1.531, 1.534, 1.534, 1.539, 1.543, 1.544, 1.545, 1.544, 1.544, 1.538, 1.537, 1.533, 1.531, 1.527, 1.526, 1.525, 1.524, 1.524, 1.524, 1.525, 1.526, 1.527, 1.527, 1.532, 1.533, 1.533, 1.534, 1.533, 1.532, 1.532, 1.526, 1.525, 1.521, 1.52, 1.519, 1.518, 1.519, 1.519, 1.52, 1.525, 1.525, 1.526, 1.527, 1.532, 1.532, 1.532, 1.533, 1.533, 1.533, 1.533, 1.533, 1.533, 1.533, 1.534, 1.534, 1.535, 1.534, 1.533, 1.533, 1.528, 1.528, 1.524, 1.524, 1.524, 1.524, 1.524, 1.524, 1.524, 1.525, 1.526, 1.527, 1.527, 1.528, 1.528, 1.528, 1.531, 1.532, 1.533, 1.533, 1.533, 1.533, 1.532, 1.532, 1.531, 1.531, 1.531, 1.531, 1.531, 1.532, 1.533, 1.533, 1.533, 1.533, 1.533, 1.533, 1.533, 1.533, 1.533, 1.533, 1.533, 1.533, 1.533, 1.534, 1.535, 1.535, 1.536, 1.537, 1.537, 1.536, 1.535, 1.535, 1.534, 1.533, 1.533, 1.533, 1.532, 1.531, 1.531, 1.526, 1.525, 1.521, 1.521, 1.517, 1.516, 1.513, 1.512, 1.511, 1.511, 1.511, 1.51, 1.51, 1.51, 1.509, 1.509, 1.509, 1.508, 1.508, 1.507, 1.507, 1.507, 1.507, 1.507, 1.507, 1.507, 1.507, 1.507, 1.507, 1.506, 1.506, 1.505, 1.505, 1.504, 1.504, 1.503, 1.502, 1.502, 1.501, 1.501, 1.501, 1.501, 1.501, 1.502, 1.503, 1.504, 1.507, 1.509, 1.512, 1.517, 1.518, 1.519, 1.519, 1.518, 1.518, 1.517, 1.513, 1.513, 1.513, 1.513, 1.513, 1.513, 1.513, 1.513, 1.513, 1.513, 1.513, 1.513, 1.516, 1.517, 1.518, 1.519, 1.52, 1.52, 1.52, 1.519, 1.518, 1.517, 1.516, 1.511, 1.511, 1.511, 1.51, 1.509, 1.509, 1.509, 1.509, 1.509, 1.509, 1.508, 1.507, 1.507, 1.507, 1.507, 1.507, 1.507, 1.507, 1.507, 1.507, 1.508, 1.508, 1.509, 1.51, 1.511, 1.511, 1.511, 1.511, 1.51, 1.509, 1.508, 1.507, 1.506, 1.505, 1.505, 1.504, 1.503, 1.503, 1.503, 1.502, 1.502, 1.501, 1.501, 1.501, 1.501, 1.501, 1.501, 1.502, 1.503, 1.503, 1.504, 1.505, 1.505, 1.504, 1.504, 1.503, 1.503, 1.502, 1.502, 1.501, 1.501, 1.501, 1.501, 1.501, 1.501, 1.502, 1.502, 1.503, 1.503, 1.504, 1.505, 1.505, 1.505, 1.505, 1.504, 1.504, 1.503, 1.502, 1.501, 1.501, 1.501, 1.501, 1.501, 1.501, 1.501, 1.501, 1.501, 1.501, 1.501, 1.501, 1.501, 1.501, 1.501, 1.502, 1.503, 1.505, 1.506, 1.507, 1.507, 1.507, 1.507, 1.506, 1.505, 1.504, 1.503, 1.502, 1.502, 1.501, 1.501, 1.501, 1.501, 1.501, 1.502, 1.502, 1.502, 1.501, 1.501, 1.501, 1.5, 1.5, 1.499, 1.496, 1.496, 1.496, 1.496, 1.496, 1.496, 1.496, 1.496, 1.496, 1.495, 1.495, 1.494, 1.494, 1.494, 1.494, 1.494, 1.493, 1.493, 1.493, 1.493, 1.494, 1.494, 1.494, 1.495, 1.496, 1.495, 1.495, 1.494, 1.493, 1.492, 1.491, 1.486, 1.485, 1.484, 1.483, 1.482, 1.482, 1.482, 1.482, 1.482, 1.483, 1.483, 1.484, 1.484, 1.484, 1.484, 1.483, 1.483, 1.482, 1.482, 1.482, 1.482, 1.482, 1.482, 1.482, 1.482, 1.482, 1.482, 1.482, 1.482, 1.482, 1.482, 1.482, 1.482, 1.482, 1.482, 1.481, 1.48, 1.48, 1.48, 1.48, 1.48, 1.48, 1.48, 1.479, 1.478, 1.478, 1.477, 1.476, 1.475, 1.474, 1.474, 1.473, 1.472, 1.472, 1.473, 1.474, 1.474, 1.475, 1.476, 1.476, 1.476, 1.476, 1.476, 1.476, 1.476, 1.477, 1.477, 1.478, 1.478, 1.478, 1.478, 1.478, 1.478, 1.478, 1.478, 1.478, 1.478, 1.478, 0, 
1.526, 1.526, 1.527, 1.527, 1.527, 1.527, 1.531, 1.532, 1.532, 1.532, 1.533, 1.533, 1.534, 1.534, 1.535, 1.535, 1.536, 1.536, 1.537, 1.537, 1.536, 1.535, 1.534, 1.533, 1.533, 1.533, 1.532, 1.531, 1.531, 1.531, 1.532, 1.532, 1.532, 1.532, 1.532, 1.532, 1.531, 1.531, 1.531, 1.531, 1.532, 1.533, 1.533, 1.533, 1.533, 1.532, 1.532, 1.531, 1.531, 1.531, 1.531, 1.531, 1.531, 1.534, 1.535, 1.538, 1.543, 1.544, 1.545, 1.545, 1.544, 1.543, 1.537, 1.534, 1.531, 1.527, 1.527, 1.526, 1.525, 1.525, 1.525, 1.526, 1.526, 1.527, 1.532, 1.533, 1.533, 1.534, 1.534, 1.533, 1.532, 1.527, 1.526, 1.525, 1.52, 1.518, 1.518, 1.517, 1.517, 1.518, 1.519, 1.52, 1.524, 1.524, 1.528, 1.528, 1.531, 1.532, 1.533, 1.533, 1.533, 1.533, 1.533, 1.533, 1.534, 1.534, 1.535, 1.535, 1.534, 1.533, 1.532, 1.528, 1.527, 1.524, 1.524, 1.523, 1.523, 1.523, 1.523, 1.524, 1.524, 1.525, 1.526, 1.527, 1.528, 1.528, 1.528, 1.531, 1.532, 1.532, 1.533, 1.533, 1.532, 1.532, 1.531, 1.531, 1.531, 1.531, 1.531, 1.531, 1.532, 1.532, 1.533, 1.533, 1.533, 1.533, 1.533, 1.533, 1.533, 1.533, 1.533, 1.533, 1.533, 1.533, 1.534, 1.534, 1.535, 1.535, 1.536, 1.536, 1.535, 1.535, 1.534, 1.533, 1.533, 1.533, 1.532, 1.531, 1.531, 1.527, 1.526, 1.525, 1.521, 1.52, 1.516, 1.516, 1.512, 1.511, 1.511, 1.51, 1.51, 1.51, 1.509, 1.509, 1.509, 1.509, 1.509, 1.508, 1.507, 1.507, 1.507, 1.507, 1.507, 1.507, 1.507, 1.507, 1.507, 1.507, 1.507, 1.506, 1.505, 1.505, 1.504, 1.504, 1.503, 1.503, 1.502, 1.501, 1.501, 1.501, 1.5, 1.5, 1.5, 1.501, 1.502, 1.503, 1.507, 1.508, 1.512, 1.516, 1.517, 1.518, 1.518, 1.518, 1.517, 1.517, 1.513, 1.513, 1.513, 1.513, 1.513, 1.513, 1.513, 1.513, 1.513, 1.513, 1.513, 1.513, 1.517, 1.518, 1.519, 1.52, 1.52, 1.52, 1.52, 1.519, 1.518, 1.517, 1.516, 1.511, 1.511, 1.511, 1.51, 1.509, 1.509, 1.509, 1.509, 1.509, 1.508, 1.508, 1.507, 1.507, 1.507, 1.507, 1.507, 1.507, 1.507, 1.507, 1.507, 1.507, 1.508, 1.509, 1.51, 1.511, 1.511, 1.511, 1.511, 1.51, 1.509, 1.508, 1.507, 1.506, 1.505, 1.505, 1.504, 1.503, 1.503, 1.503, 1.503, 1.502, 1.501, 1.501, 1.501, 1.501, 1.501, 1.501, 1.502, 1.503, 1.503, 1.504, 1.505, 1.505, 1.505, 1.504, 1.503, 1.503, 1.503, 1.502, 1.502, 1.502, 1.502, 1.501, 1.501, 1.501, 1.501, 1.502, 1.503, 1.503, 1.504, 1.505, 1.505, 1.505, 1.505, 1.505, 1.504, 1.503, 1.502, 1.502, 1.502, 1.502, 1.502, 1.502, 1.503, 1.503, 1.503, 1.502, 1.502, 1.501, 1.501, 1.501, 1.501, 1.502, 1.503, 1.504, 1.505, 1.506, 1.507, 1.507, 1.507, 1.507, 1.506, 1.505, 1.504, 1.503, 1.503, 1.502, 1.501, 1.501, 1.502, 1.502, 1.502, 1.503, 1.503, 1.503, 1.503, 1.503, 1.502, 1.501, 1.501, 1.5, 1.499, 1.496, 1.496, 1.496, 1.496, 1.496, 1.496, 1.496, 1.496, 1.496, 1.495, 1.494, 1.494, 1.494, 1.494, 1.494, 1.494, 1.494, 1.494, 1.494, 1.494, 1.494, 1.495, 1.495, 1.496, 1.496, 1.495, 1.494, 1.493, 1.492, 1.491, 1.486, 1.483, 1.482, 1.482, 1.481, 1.48, 1.48, 1.48, 1.481, 1.482, 1.482, 1.483, 1.483, 1.484, 1.484, 1.483, 1.482, 1.482, 1.482, 1.481, 1.481, 1.481, 1.481, 1.481, 1.482, 1.482, 1.482, 1.482, 1.482, 1.482, 1.482, 1.482, 1.482, 1.482, 1.482, 1.481, 1.48, 1.48, 1.48, 1.48, 1.48, 1.48, 1.479, 1.479, 1.478, 1.477, 1.476, 1.475, 1.474, 1.473, 1.472, 1.472, 1.472, 1.472, 1.472, 1.472, 1.473, 1.474, 1.474, 1.474, 1.474, 1.474, 1.474, 1.475, 1.475, 1.476, 1.476, 1.477, 1.477, 1.478, 1.478, 1.478, 1.478, 1.478, 1.478, 1.478, 1.478, 1.478, 0, 
1.527, 1.527, 1.528, 1.528, 1.531, 1.531, 1.532, 1.532, 1.533, 1.533, 1.533, 1.533, 1.533, 1.534, 1.534, 1.535, 1.535, 1.536, 1.536, 1.536, 1.535, 1.535, 1.534, 1.533, 1.532, 1.532, 1.531, 1.531, 1.531, 1.532, 1.533, 1.533, 1.533, 1.533, 1.533, 1.533, 1.533, 1.532, 1.532, 1.532, 1.532, 1.533, 1.533, 1.533, 1.533, 1.532, 1.532, 1.531, 1.531, 1.531, 1.531, 1.531, 1.531, 1.534, 1.534, 1.537, 1.543, 1.544, 1.544, 1.544, 1.544, 1.543, 1.537, 1.535, 1.532, 1.528, 1.527, 1.526, 1.526, 1.526, 1.526, 1.526, 1.527, 1.532, 1.532, 1.533, 1.534, 1.534, 1.534, 1.533, 1.532, 1.526, 1.525, 1.521, 1.52, 1.517, 1.513, 1.513, 1.513, 1.517, 1.518, 1.519, 1.523, 1.524, 1.527, 1.528, 1.528, 1.532, 1.532, 1.533, 1.533, 1.533, 1.533, 1.534, 1.535, 1.535, 1.536, 1.536, 1.535, 1.533, 1.532, 1.527, 1.526, 1.525, 1.524, 1.523, 1.522, 1.522, 1.523, 1.524, 1.524, 1.525, 1.526, 1.527, 1.528, 1.528, 1.528, 1.531, 1.531, 1.532, 1.533, 1.532, 1.532, 1.531, 1.531, 1.531, 1.531, 1.531, 1.531, 1.531, 1.531, 1.532, 1.533, 1.533, 1.534, 1.533, 1.533, 1.533, 1.533, 1.533, 1.533, 1.533, 1.533, 1.533, 1.533, 1.533, 1.534, 1.534, 1.533, 1.533, 1.533, 1.533, 1.533, 1.533, 1.533, 1.532, 1.532, 1.531, 1.531, 1.527, 1.526, 1.524, 1.52, 1.519, 1.516, 1.513, 1.512, 1.511, 1.51, 1.51, 1.509, 1.509, 1.509, 1.509, 1.509, 1.509, 1.509, 1.508, 1.507, 1.507, 1.507, 1.507, 1.507, 1.507, 1.507, 1.507, 1.507, 1.507, 1.507, 1.506, 1.505, 1.505, 1.504, 1.503, 1.503, 1.503, 1.502, 1.501, 1.501, 1.501, 1.5, 1.499, 1.5, 1.5, 1.501, 1.502, 1.506, 1.507, 1.511, 1.512, 1.517, 1.517, 1.517, 1.517, 1.517, 1.516, 1.513, 1.513, 1.513, 1.513, 1.513, 1.513, 1.513, 1.513, 1.513, 1.513, 1.513, 1.516, 1.517, 1.518, 1.519, 1.52, 1.52, 1.52, 1.52, 1.519, 1.518, 1.517, 1.512, 1.511, 1.511, 1.511, 1.51, 1.509, 1.509, 1.509, 1.509, 1.509, 1.508, 1.507, 1.507, 1.507, 1.507, 1.507, 1.507, 1.507, 1.507, 1.507, 1.507, 1.507, 1.508, 1.508, 1.509, 1.51, 1.511, 1.511, 1.51, 1.509, 1.508, 1.507, 1.507, 1.506, 1.505, 1.505, 1.504, 1.503, 1.503, 1.503, 1.503, 1.502, 1.502, 1.501, 1.501, 1.501, 1.501, 1.501, 1.502, 1.503, 1.503, 1.504, 1.505, 1.505, 1.505, 1.504, 1.504, 1.503, 1.503, 1.503, 1.503, 1.502, 1.502, 1.501, 1.501, 1.501, 1.501, 1.502, 1.503, 1.503, 1.505, 1.505, 1.506, 1.506, 1.505, 1.505, 1.504, 1.503, 1.503, 1.503, 1.503, 1.503, 1.503, 1.503, 1.503, 1.503, 1.503, 1.503, 1.503, 1.502, 1.502, 1.502, 1.502, 1.503, 1.504, 1.505, 1.506, 1.507, 1.507, 1.508, 1.507, 1.507, 1.506, 1.505, 1.504, 1.503, 1.503, 1.502, 1.501, 1.502, 1.502, 1.503, 1.503, 1.503, 1.503, 1.504, 1.504, 1.503, 1.503, 1.502, 1.501, 1.501, 1.5, 1.499, 1.496, 1.496, 1.496, 1.496, 1.496, 1.496, 1.496, 1.496, 1.495, 1.495, 1.494, 1.494, 1.494, 1.494, 1.493, 1.493, 1.494, 1.494, 1.494, 1.495, 1.495, 1.499, 1.499, 1.499, 1.495, 1.495, 1.494, 1.493, 1.49, 1.486, 1.482, 1.481, 1.481, 1.48, 1.479, 1.479, 1.479, 1.48, 1.48, 1.481, 1.482, 1.482, 1.482, 1.483, 1.482, 1.482, 1.482, 1.481, 1.481, 1.48, 1.48, 1.48, 1.48, 1.481, 1.481, 1.481, 1.482, 1.482, 1.483, 1.483, 1.483, 1.483, 1.482, 1.482, 1.481, 1.48, 1.48, 1.48, 1.48, 1.48, 1.479, 1.479, 1.478, 1.477, 1.476, 1.475, 1.473, 1.472, 1.471, 1.471, 1.471, 1.471, 1.471, 1.471, 1.471, 1.472, 1.472, 1.472, 1.472, 1.472, 1.473, 1.473, 1.474, 1.474, 1.474, 1.475, 1.476, 1.477, 1.478, 1.478, 1.478, 1.478, 1.478, 1.478, 1.478, 1.478, 1.478, 0, 
1.528, 1.528, 1.528, 1.528, 1.532, 1.532, 1.533, 1.533, 1.534, 1.534, 1.534, 1.533, 1.533, 1.533, 1.534, 1.534, 1.535, 1.535, 1.535, 1.535, 1.535, 1.534, 1.533, 1.532, 1.532, 1.531, 1.531, 1.531, 1.532, 1.533, 1.534, 1.534, 1.534, 1.534, 1.534, 1.534, 1.534, 1.533, 1.533, 1.533, 1.533, 1.533, 1.533, 1.533, 1.533, 1.532, 1.532, 1.531, 1.531, 1.531, 1.531, 1.531, 1.532, 1.533, 1.535, 1.536, 1.542, 1.543, 1.544, 1.544, 1.543, 1.543, 1.538, 1.535, 1.533, 1.528, 1.527, 1.527, 1.526, 1.526, 1.526, 1.527, 1.531, 1.532, 1.532, 1.533, 1.533, 1.533, 1.533, 1.532, 1.527, 1.526, 1.524, 1.52, 1.519, 1.516, 1.513, 1.513, 1.513, 1.513, 1.517, 1.518, 1.52, 1.524, 1.525, 1.528, 1.528, 1.531, 1.532, 1.533, 1.533, 1.533, 1.534, 1.534, 1.535, 1.536, 1.536, 1.536, 1.535, 1.533, 1.532, 1.527, 1.526, 1.524, 1.524, 1.522, 1.521, 1.521, 1.522, 1.523, 1.524, 1.525, 1.526, 1.526, 1.527, 1.528, 1.528, 1.531, 1.531, 1.532, 1.532, 1.532, 1.531, 1.531, 1.531, 1.531, 1.531, 1.528, 1.528, 1.531, 1.531, 1.532, 1.532, 1.533, 1.533, 1.533, 1.533, 1.533, 1.533, 1.533, 1.532, 1.532, 1.532, 1.532, 1.532, 1.532, 1.532, 1.532, 1.533, 1.533, 1.533, 1.533, 1.533, 1.532, 1.532, 1.532, 1.531, 1.531, 1.527, 1.526, 1.525, 1.522, 1.519, 1.518, 1.517, 1.512, 1.511, 1.51, 1.51, 1.509, 1.509, 1.509, 1.509, 1.509, 1.509, 1.509, 1.509, 1.508, 1.507, 1.507, 1.507, 1.507, 1.507, 1.507, 1.507, 1.507, 1.507, 1.507, 1.507, 1.506, 1.505, 1.505, 1.504, 1.503, 1.503, 1.503, 1.502, 1.501, 1.501, 1.501, 1.5, 1.499, 1.499, 1.5, 1.501, 1.502, 1.505, 1.506, 1.511, 1.512, 1.516, 1.516, 1.517, 1.517, 1.516, 1.516, 1.516, 1.513, 1.513, 1.513, 1.513, 1.513, 1.513, 1.513, 1.513, 1.513, 1.513, 1.516, 1.516, 1.517, 1.518, 1.519, 1.52, 1.52, 1.519, 1.518, 1.517, 1.516, 1.512, 1.512, 1.511, 1.511, 1.51, 1.51, 1.509, 1.509, 1.509, 1.508, 1.507, 1.507, 1.507, 1.507, 1.507, 1.507, 1.507, 1.506, 1.507, 1.507, 1.507, 1.507, 1.507, 1.508, 1.509, 1.51, 1.51, 1.51, 1.51, 1.509, 1.508, 1.507, 1.506, 1.505, 1.505, 1.505, 1.504, 1.504, 1.503, 1.503, 1.503, 1.503, 1.502, 1.501, 1.501, 1.501, 1.501, 1.501, 1.502, 1.503, 1.503, 1.504, 1.505, 1.505, 1.505, 1.505, 1.504, 1.504, 1.503, 1.503, 1.503, 1.503, 1.502, 1.502, 1.501, 1.501, 1.501, 1.501, 1.502, 1.503, 1.505, 1.505, 1.506, 1.506, 1.506, 1.505, 1.504, 1.503, 1.503, 1.503, 1.503, 1.503, 1.503, 1.504, 1.504, 1.505, 1.505, 1.504, 1.504, 1.503, 1.503, 1.503, 1.503, 1.503, 1.504, 1.505, 1.507, 1.507, 1.508, 1.508, 1.508, 1.507, 1.506, 1.505, 1.504, 1.503, 1.502, 1.502, 1.501, 1.502, 1.503, 1.503, 1.504, 1.504, 1.505, 1.505, 1.505, 1.504, 1.504, 1.503, 1.502, 1.501, 1.5, 1.5, 1.499, 1.499, 1.499, 1.499, 1.499, 1.499, 1.499, 1.496, 1.496, 1.495, 1.494, 1.494, 1.493, 1.493, 1.493, 1.493, 1.493, 1.494, 1.494, 1.495, 1.495, 1.499, 1.499, 1.499, 1.499, 1.495, 1.494, 1.493, 1.489, 1.486, 1.482, 1.481, 1.48, 1.479, 1.478, 1.478, 1.478, 1.478, 1.479, 1.48, 1.48, 1.481, 1.482, 1.482, 1.482, 1.481, 1.481, 1.48, 1.48, 1.48, 1.48, 1.48, 1.48, 1.48, 1.48, 1.481, 1.482, 1.482, 1.483, 1.484, 1.484, 1.483, 1.483, 1.482, 1.481, 1.48, 1.48, 1.48, 1.479, 1.479, 1.479, 1.478, 1.478, 1.476, 1.475, 1.474, 1.472, 1.471, 1.471, 1.468, 1.468, 1.468, 1.468, 1.468, 1.468, 1.471, 1.471, 1.471, 1.471, 1.471, 1.471, 1.472, 1.472, 1.473, 1.474, 1.475, 1.476, 1.476, 1.477, 1.478, 1.478, 1.478, 1.478, 1.478, 1.478, 1.478, 1.478, 0, 
1.528, 1.528, 1.528, 1.531, 1.532, 1.533, 1.533, 1.534, 1.535, 1.535, 1.534, 1.534, 1.533, 1.533, 1.533, 1.534, 1.534, 1.535, 1.535, 1.535, 1.534, 1.533, 1.533, 1.532, 1.531, 1.531, 1.531, 1.531, 1.532, 1.533, 1.534, 1.535, 1.535, 1.535, 1.535, 1.535, 1.535, 1.535, 1.534, 1.534, 1.533, 1.533, 1.533, 1.533, 1.533, 1.532, 1.532, 1.531, 1.531, 1.531, 1.531, 1.531, 1.532, 1.533, 1.534, 1.537, 1.538, 1.543, 1.543, 1.544, 1.544, 1.539, 1.538, 1.534, 1.533, 1.528, 1.528, 1.527, 1.527, 1.527, 1.527, 1.527, 1.531, 1.532, 1.532, 1.533, 1.533, 1.533, 1.532, 1.532, 1.526, 1.525, 1.522, 1.519, 1.518, 1.517, 1.513, 1.513, 1.513, 1.513, 1.517, 1.518, 1.519, 1.524, 1.524, 1.528, 1.528, 1.531, 1.532, 1.533, 1.533, 1.533, 1.534, 1.535, 1.536, 1.536, 1.537, 1.536, 1.535, 1.533, 1.532, 1.527, 1.526, 1.524, 1.523, 1.522, 1.521, 1.521, 1.522, 1.523, 1.524, 1.524, 1.526, 1.526, 1.527, 1.528, 1.531, 1.531, 1.531, 1.532, 1.532, 1.531, 1.531, 1.531, 1.528, 1.528, 1.527, 1.527, 1.528, 1.528, 1.531, 1.531, 1.532, 1.532, 1.533, 1.533, 1.533, 1.533, 1.533, 1.533, 1.532, 1.531, 1.531, 1.531, 1.531, 1.531, 1.531, 1.532, 1.532, 1.532, 1.528, 1.528, 1.532, 1.532, 1.531, 1.531, 1.531, 1.531, 1.527, 1.526, 1.525, 1.52, 1.519, 1.517, 1.513, 1.512, 1.51, 1.509, 1.509, 1.509, 1.509, 1.509, 1.509, 1.509, 1.509, 1.509, 1.509, 1.508, 1.507, 1.507, 1.507, 1.507, 1.507, 1.507, 1.507, 1.508, 1.507, 1.507, 1.507, 1.506, 1.506, 1.505, 1.505, 1.504, 1.503, 1.503, 1.502, 1.502, 1.501, 1.501, 1.5, 1.5, 1.499, 1.5, 1.501, 1.503, 1.504, 1.506, 1.51, 1.511, 1.512, 1.516, 1.516, 1.516, 1.516, 1.516, 1.513, 1.513, 1.513, 1.513, 1.513, 1.513, 1.513, 1.513, 1.513, 1.513, 1.513, 1.513, 1.516, 1.517, 1.517, 1.518, 1.519, 1.519, 1.518, 1.518, 1.517, 1.516, 1.512, 1.512, 1.511, 1.511, 1.511, 1.51, 1.509, 1.509, 1.508, 1.508, 1.507, 1.507, 1.507, 1.507, 1.506, 1.506, 1.506, 1.506, 1.506, 1.506, 1.506, 1.507, 1.507, 1.508, 1.508, 1.509, 1.51, 1.51, 1.509, 1.508, 1.507, 1.507, 1.506, 1.505, 1.505, 1.505, 1.505, 1.504, 1.504, 1.503, 1.503, 1.503, 1.502, 1.502, 1.501, 1.501, 1.501, 1.501, 1.501, 1.502, 1.503, 1.504, 1.505, 1.505, 1.505, 1.505, 1.505, 1.504, 1.504, 1.503, 1.503, 1.503, 1.502, 1.502, 1.501, 1.501, 1.501, 1.501, 1.502, 1.503, 1.505, 1.505, 1.506, 1.506, 1.506, 1.505, 1.504, 1.503, 1.503, 1.503, 1.503, 1.503, 1.503, 1.504, 1.505, 1.506, 1.506, 1.505, 1.505, 1.504, 1.503, 1.503, 1.503, 1.504, 1.505, 1.506, 1.507, 1.508, 1.509, 1.509, 1.508, 1.507, 1.506, 1.505, 1.503, 1.503, 1.502, 1.501, 1.501, 1.502, 1.503, 1.504, 1.504, 1.505, 1.505, 1.506, 1.505, 1.505, 1.505, 1.504, 1.503, 1.502, 1.501, 1.5, 1.499, 1.499, 1.499, 1.499, 1.499, 1.499, 1.499, 1.496, 1.496, 1.495, 1.494, 1.494, 1.493, 1.492, 1.492, 1.492, 1.492, 1.493, 1.494, 1.494, 1.495, 1.496, 1.499, 1.499, 1.499, 1.495, 1.494, 1.493, 1.489, 1.486, 1.481, 1.48, 1.479, 1.478, 1.477, 1.477, 1.477, 1.477, 1.478, 1.478, 1.479, 1.48, 1.48, 1.481, 1.481, 1.481, 1.48, 1.48, 1.48, 1.48, 1.48, 1.48, 1.48, 1.48, 1.48, 1.481, 1.482, 1.483, 1.484, 1.484, 1.484, 1.484, 1.483, 1.482, 1.481, 1.48, 1.479, 1.479, 1.479, 1.478, 1.478, 1.478, 1.477, 1.476, 1.474, 1.473, 1.471, 1.468, 1.468, 1.468, 1.466, 1.466, 1.466, 1.468, 1.468, 1.468, 1.47, 1.47, 1.47, 1.47, 1.47, 1.471, 1.472, 1.472, 1.473, 1.474, 1.476, 1.476, 1.477, 1.478, 1.478, 1.478, 1.479, 1.479, 1.479, 1.479, 1.479, 0, 
1.528, 1.528, 1.528, 1.532, 1.533, 1.533, 1.534, 1.535, 1.535, 1.535, 1.535, 1.534, 1.534, 1.533, 1.533, 1.533, 1.534, 1.535, 1.535, 1.534, 1.534, 1.533, 1.532, 1.532, 1.531, 1.531, 1.531, 1.531, 1.532, 1.533, 1.534, 1.535, 1.535, 1.536, 1.537, 1.537, 1.536, 1.536, 1.535, 1.535, 1.534, 1.534, 1.533, 1.533, 1.533, 1.533, 1.532, 1.531, 1.531, 1.531, 1.531, 1.531, 1.531, 1.532, 1.533, 1.537, 1.537, 1.542, 1.543, 1.543, 1.543, 1.538, 1.537, 1.535, 1.533, 1.532, 1.528, 1.528, 1.528, 1.528, 1.528, 1.528, 1.532, 1.532, 1.532, 1.532, 1.532, 1.532, 1.532, 1.526, 1.525, 1.524, 1.52, 1.519, 1.517, 1.513, 1.513, 1.513, 1.513, 1.513, 1.517, 1.518, 1.519, 1.524, 1.524, 1.528, 1.528, 1.531, 1.532, 1.533, 1.533, 1.534, 1.534, 1.535, 1.536, 1.537, 1.537, 1.536, 1.535, 1.533, 1.532, 1.527, 1.526, 1.524, 1.523, 1.522, 1.521, 1.521, 1.522, 1.523, 1.524, 1.524, 1.525, 1.526, 1.527, 1.528, 1.531, 1.531, 1.531, 1.531, 1.531, 1.531, 1.531, 1.527, 1.527, 1.527, 1.527, 1.527, 1.527, 1.527, 1.528, 1.531, 1.531, 1.532, 1.532, 1.533, 1.533, 1.533, 1.533, 1.532, 1.532, 1.531, 1.531, 1.528, 1.528, 1.528, 1.525, 1.525, 1.525, 1.526, 1.527, 1.527, 1.527, 1.528, 1.531, 1.531, 1.531, 1.531, 1.526, 1.525, 1.524, 1.519, 1.518, 1.517, 1.512, 1.511, 1.51, 1.509, 1.509, 1.509, 1.509, 1.509, 1.509, 1.509, 1.509, 1.509, 1.509, 1.509, 1.508, 1.507, 1.507, 1.508, 1.508, 1.508, 1.508, 1.509, 1.509, 1.508, 1.508, 1.507, 1.507, 1.506, 1.505, 1.505, 1.504, 1.504, 1.503, 1.503, 1.502, 1.501, 1.501, 1.5, 1.499, 1.5, 1.501, 1.502, 1.503, 1.505, 1.509, 1.511, 1.512, 1.516, 1.516, 1.516, 1.516, 1.516, 1.513, 1.513, 1.513, 1.513, 1.513, 1.513, 1.513, 1.513, 1.513, 1.513, 1.513, 1.513, 1.516, 1.516, 1.517, 1.517, 1.518, 1.518, 1.517, 1.517, 1.516, 1.513, 1.513, 1.512, 1.511, 1.511, 1.511, 1.51, 1.509, 1.509, 1.508, 1.507, 1.507, 1.507, 1.507, 1.506, 1.506, 1.505, 1.505, 1.505, 1.505, 1.505, 1.506, 1.506, 1.507, 1.507, 1.508, 1.508, 1.509, 1.509, 1.508, 1.508, 1.507, 1.507, 1.506, 1.505, 1.505, 1.505, 1.505, 1.505, 1.505, 1.504, 1.503, 1.503, 1.503, 1.502, 1.501, 1.501, 1.501, 1.501, 1.501, 1.502, 1.503, 1.504, 1.505, 1.505, 1.505, 1.505, 1.505, 1.505, 1.504, 1.504, 1.503, 1.503, 1.503, 1.502, 1.501, 1.501, 1.501, 1.501, 1.502, 1.503, 1.505, 1.505, 1.506, 1.507, 1.506, 1.505, 1.504, 1.503, 1.503, 1.503, 1.503, 1.503, 1.504, 1.505, 1.506, 1.507, 1.507, 1.506, 1.505, 1.505, 1.504, 1.503, 1.503, 1.504, 1.505, 1.506, 1.507, 1.509, 1.509, 1.509, 1.508, 1.507, 1.505, 1.504, 1.503, 1.502, 1.502, 1.501, 1.501, 1.502, 1.503, 1.504, 1.505, 1.505, 1.506, 1.506, 1.506, 1.506, 1.505, 1.504, 1.503, 1.502, 1.502, 1.501, 1.5, 1.5, 1.5, 1.5, 1.5, 1.499, 1.499, 1.499, 1.496, 1.495, 1.494, 1.494, 1.493, 1.492, 1.492, 1.492, 1.492, 1.493, 1.493, 1.494, 1.494, 1.495, 1.499, 1.499, 1.499, 1.495, 1.494, 1.493, 1.488, 1.486, 1.481, 1.48, 1.479, 1.478, 1.477, 1.476, 1.476, 1.477, 1.477, 1.477, 1.478, 1.478, 1.479, 1.48, 1.48, 1.48, 1.48, 1.48, 1.48, 1.479, 1.479, 1.479, 1.479, 1.479, 1.48, 1.481, 1.482, 1.483, 1.484, 1.484, 1.484, 1.484, 1.483, 1.482, 1.481, 1.48, 1.479, 1.478, 1.478, 1.478, 1.478, 1.477, 1.476, 1.475, 1.474, 1.472, 1.471, 1.468, 1.466, 1.466, 1.466, 1.466, 1.466, 1.466, 1.468, 1.468, 1.468, 1.468, 1.468, 1.468, 1.47, 1.47, 1.471, 1.472, 1.473, 1.474, 1.476, 1.476, 1.477, 1.478, 1.478, 1.479, 1.479, 1.48, 1.48, 1.48, 1.48, 0, 
1.528, 1.528, 1.528, 1.532, 1.533, 1.533, 1.535, 1.535, 1.535, 1.535, 1.535, 1.535, 1.534, 1.533, 1.533, 1.533, 1.534, 1.535, 1.535, 1.534, 1.533, 1.533, 1.532, 1.531, 1.531, 1.531, 1.531, 1.531, 1.532, 1.533, 1.534, 1.535, 1.536, 1.537, 1.538, 1.538, 1.537, 1.537, 1.536, 1.536, 1.535, 1.535, 1.534, 1.533, 1.533, 1.533, 1.532, 1.531, 1.531, 1.531, 1.528, 1.528, 1.531, 1.532, 1.533, 1.535, 1.537, 1.538, 1.542, 1.542, 1.539, 1.539, 1.536, 1.534, 1.533, 1.532, 1.528, 1.528, 1.528, 1.528, 1.528, 1.531, 1.532, 1.532, 1.532, 1.532, 1.531, 1.528, 1.528, 1.525, 1.525, 1.521, 1.52, 1.518, 1.517, 1.513, 1.513, 1.513, 1.513, 1.513, 1.517, 1.518, 1.519, 1.524, 1.525, 1.528, 1.528, 1.532, 1.532, 1.533, 1.533, 1.534, 1.535, 1.536, 1.537, 1.537, 1.537, 1.537, 1.534, 1.533, 1.528, 1.528, 1.525, 1.524, 1.523, 1.522, 1.521, 1.521, 1.522, 1.523, 1.524, 1.524, 1.525, 1.526, 1.527, 1.528, 1.528, 1.531, 1.531, 1.531, 1.531, 1.531, 1.527, 1.527, 1.526, 1.526, 1.526, 1.526, 1.526, 1.526, 1.527, 1.528, 1.531, 1.531, 1.532, 1.532, 1.533, 1.533, 1.533, 1.532, 1.531, 1.531, 1.528, 1.527, 1.527, 1.524, 1.524, 1.524, 1.524, 1.524, 1.525, 1.526, 1.527, 1.527, 1.531, 1.531, 1.531, 1.531, 1.526, 1.524, 1.523, 1.519, 1.518, 1.512, 1.511, 1.51, 1.509, 1.509, 1.509, 1.509, 1.509, 1.51, 1.51, 1.51, 1.51, 1.51, 1.51, 1.509, 1.509, 1.508, 1.508, 1.508, 1.509, 1.509, 1.509, 1.509, 1.509, 1.509, 1.509, 1.508, 1.508, 1.507, 1.507, 1.506, 1.505, 1.505, 1.504, 1.503, 1.503, 1.502, 1.501, 1.5, 1.5, 1.5, 1.501, 1.502, 1.503, 1.504, 1.508, 1.511, 1.512, 1.512, 1.516, 1.516, 1.516, 1.516, 1.513, 1.513, 1.513, 1.513, 1.513, 1.513, 1.513, 1.513, 1.513, 1.513, 1.513, 1.513, 1.516, 1.516, 1.516, 1.516, 1.517, 1.517, 1.517, 1.516, 1.513, 1.513, 1.513, 1.512, 1.511, 1.511, 1.511, 1.51, 1.509, 1.509, 1.508, 1.507, 1.507, 1.507, 1.507, 1.506, 1.505, 1.505, 1.505, 1.505, 1.505, 1.505, 1.505, 1.506, 1.507, 1.507, 1.507, 1.508, 1.508, 1.508, 1.508, 1.507, 1.507, 1.506, 1.506, 1.505, 1.505, 1.505, 1.505, 1.506, 1.505, 1.505, 1.504, 1.503, 1.503, 1.502, 1.501, 1.501, 1.501, 1.501, 1.501, 1.502, 1.503, 1.504, 1.505, 1.505, 1.505, 1.505, 1.505, 1.505, 1.505, 1.504, 1.504, 1.503, 1.503, 1.502, 1.501, 1.501, 1.501, 1.501, 1.502, 1.503, 1.505, 1.506, 1.507, 1.507, 1.506, 1.505, 1.504, 1.503, 1.503, 1.503, 1.503, 1.503, 1.504, 1.505, 1.506, 1.507, 1.507, 1.507, 1.506, 1.505, 1.505, 1.504, 1.504, 1.505, 1.506, 1.507, 1.507, 1.508, 1.509, 1.509, 1.508, 1.506, 1.505, 1.503, 1.502, 1.502, 1.501, 1.501, 1.501, 1.502, 1.503, 1.504, 1.505, 1.505, 1.506, 1.507, 1.507, 1.506, 1.506, 1.505, 1.504, 1.503, 1.502, 1.502, 1.501, 1.501, 1.501, 1.501, 1.501, 1.5, 1.5, 1.499, 1.496, 1.496, 1.495, 1.494, 1.493, 1.492, 1.492, 1.492, 1.492, 1.492, 1.492, 1.493, 1.494, 1.495, 1.495, 1.499, 1.496, 1.495, 1.494, 1.493, 1.488, 1.486, 1.482, 1.481, 1.479, 1.478, 1.477, 1.476, 1.476, 1.476, 1.476, 1.476, 1.477, 1.477, 1.478, 1.479, 1.479, 1.479, 1.479, 1.479, 1.479, 1.479, 1.478, 1.478, 1.478, 1.479, 1.48, 1.481, 1.482, 1.483, 1.484, 1.485, 1.485, 1.485, 1.484, 1.482, 1.48, 1.479, 1.478, 1.478, 1.478, 1.478, 1.477, 1.476, 1.476, 1.474, 1.473, 1.471, 1.468, 1.466, 1.466, 1.466, 1.466, 1.466, 1.466, 1.466, 1.466, 1.468, 1.468, 1.468, 1.468, 1.468, 1.47, 1.47, 1.471, 1.472, 1.473, 1.474, 1.476, 1.476, 1.478, 1.478, 1.479, 1.48, 1.48, 1.48, 1.48, 1.48, 1.48, 0, 
1.528, 1.528, 1.528, 1.532, 1.533, 1.534, 1.535, 1.536, 1.536, 1.536, 1.535, 1.535, 1.534, 1.534, 1.533, 1.534, 1.534, 1.535, 1.535, 1.534, 1.533, 1.533, 1.532, 1.531, 1.531, 1.531, 1.531, 1.531, 1.532, 1.533, 1.534, 1.535, 1.536, 1.537, 1.538, 1.538, 1.538, 1.538, 1.537, 1.537, 1.536, 1.535, 1.535, 1.534, 1.533, 1.533, 1.532, 1.531, 1.531, 1.531, 1.528, 1.528, 1.531, 1.531, 1.532, 1.533, 1.537, 1.537, 1.538, 1.539, 1.539, 1.539, 1.535, 1.534, 1.533, 1.532, 1.528, 1.528, 1.531, 1.531, 1.531, 1.532, 1.532, 1.532, 1.532, 1.531, 1.528, 1.528, 1.527, 1.524, 1.524, 1.52, 1.519, 1.518, 1.517, 1.513, 1.513, 1.513, 1.513, 1.516, 1.517, 1.518, 1.52, 1.525, 1.526, 1.527, 1.528, 1.532, 1.533, 1.533, 1.534, 1.535, 1.536, 1.536, 1.537, 1.537, 1.537, 1.537, 1.533, 1.533, 1.528, 1.528, 1.524, 1.524, 1.522, 1.521, 1.521, 1.52, 1.521, 1.522, 1.523, 1.524, 1.525, 1.526, 1.527, 1.528, 1.528, 1.531, 1.531, 1.531, 1.531, 1.527, 1.527, 1.526, 1.526, 1.526, 1.525, 1.525, 1.525, 1.526, 1.526, 1.527, 1.528, 1.531, 1.531, 1.532, 1.533, 1.533, 1.533, 1.532, 1.531, 1.531, 1.527, 1.526, 1.524, 1.523, 1.519, 1.519, 1.523, 1.523, 1.524, 1.525, 1.526, 1.527, 1.531, 1.532, 1.531, 1.531, 1.526, 1.525, 1.522, 1.518, 1.517, 1.512, 1.511, 1.51, 1.509, 1.509, 1.509, 1.509, 1.51, 1.51, 1.511, 1.511, 1.511, 1.511, 1.511, 1.511, 1.51, 1.51, 1.509, 1.509, 1.509, 1.51, 1.51, 1.51, 1.51, 1.51, 1.51, 1.509, 1.509, 1.508, 1.508, 1.507, 1.507, 1.506, 1.505, 1.504, 1.503, 1.502, 1.502, 1.501, 1.501, 1.501, 1.501, 1.502, 1.503, 1.505, 1.506, 1.51, 1.511, 1.512, 1.513, 1.516, 1.516, 1.516, 1.513, 1.513, 1.513, 1.513, 1.513, 1.513, 1.513, 1.513, 1.513, 1.513, 1.513, 1.513, 1.513, 1.513, 1.516, 1.516, 1.516, 1.512, 1.512, 1.512, 1.512, 1.512, 1.512, 1.512, 1.511, 1.511, 1.511, 1.51, 1.509, 1.509, 1.508, 1.507, 1.507, 1.507, 1.507, 1.506, 1.506, 1.505, 1.505, 1.505, 1.505, 1.505, 1.505, 1.505, 1.506, 1.507, 1.507, 1.507, 1.507, 1.507, 1.507, 1.507, 1.507, 1.506, 1.505, 1.505, 1.505, 1.505, 1.506, 1.506, 1.506, 1.506, 1.505, 1.504, 1.503, 1.502, 1.501, 1.5, 1.5, 1.501, 1.501, 1.502, 1.503, 1.503, 1.504, 1.505, 1.505, 1.505, 1.505, 1.505, 1.505, 1.505, 1.504, 1.504, 1.503, 1.502, 1.501, 1.501, 1.501, 1.501, 1.502, 1.503, 1.505, 1.505, 1.506, 1.506, 1.506, 1.505, 1.504, 1.503, 1.503, 1.503, 1.503, 1.504, 1.505, 1.506, 1.507, 1.507, 1.508, 1.507, 1.507, 1.506, 1.505, 1.505, 1.505, 1.505, 1.506, 1.507, 1.507, 1.508, 1.509, 1.508, 1.507, 1.505, 1.504, 1.503, 1.501, 1.501, 1.501, 1.501, 1.501, 1.501, 1.503, 1.504, 1.505, 1.505, 1.506, 1.507, 1.507, 1.507, 1.506, 1.505, 1.504, 1.504, 1.503, 1.503, 1.503, 1.502, 1.502, 1.502, 1.501, 1.501, 1.501, 1.5, 1.499, 1.496, 1.495, 1.494, 1.493, 1.492, 1.491, 1.491, 1.491, 1.491, 1.491, 1.492, 1.493, 1.494, 1.495, 1.496, 1.496, 1.495, 1.494, 1.493, 1.489, 1.486, 1.483, 1.481, 1.48, 1.478, 1.477, 1.476, 1.476, 1.476, 1.476, 1.476, 1.476, 1.476, 1.477, 1.477, 1.478, 1.478, 1.478, 1.478, 1.478, 1.478, 1.478, 1.478, 1.478, 1.479, 1.48, 1.481, 1.482, 1.484, 1.485, 1.486, 1.486, 1.485, 1.484, 1.482, 1.48, 1.479, 1.478, 1.478, 1.478, 1.477, 1.476, 1.476, 1.475, 1.474, 1.472, 1.471, 1.468, 1.466, 1.466, 1.466, 1.466, 1.466, 1.466, 1.466, 1.466, 1.466, 1.468, 1.468, 1.468, 1.468, 1.468, 1.468, 1.471, 1.472, 1.473, 1.474, 1.476, 1.477, 1.478, 1.478, 1.479, 1.48, 1.48, 1.481, 1.481, 1.482, 1.482, 0, 
1.527, 1.527, 1.528, 1.532, 1.533, 1.535, 1.536, 1.537, 1.537, 1.536, 1.535, 1.535, 1.535, 1.534, 1.534, 1.534, 1.534, 1.535, 1.535, 1.534, 1.533, 1.533, 1.532, 1.532, 1.531, 1.531, 1.531, 1.531, 1.531, 1.532, 1.533, 1.535, 1.536, 1.537, 1.538, 1.539, 1.539, 1.538, 1.538, 1.537, 1.537, 1.536, 1.535, 1.535, 1.534, 1.533, 1.532, 1.531, 1.531, 1.528, 1.528, 1.528, 1.528, 1.531, 1.532, 1.532, 1.535, 1.536, 1.537, 1.538, 1.538, 1.538, 1.535, 1.533, 1.533, 1.532, 1.531, 1.531, 1.531, 1.532, 1.532, 1.532, 1.533, 1.532, 1.532, 1.531, 1.527, 1.527, 1.526, 1.523, 1.522, 1.52, 1.519, 1.518, 1.517, 1.513, 1.513, 1.513, 1.513, 1.517, 1.518, 1.519, 1.522, 1.525, 1.526, 1.527, 1.531, 1.532, 1.533, 1.534, 1.535, 1.535, 1.536, 1.537, 1.537, 1.537, 1.537, 1.537, 1.533, 1.533, 1.528, 1.527, 1.524, 1.523, 1.522, 1.521, 1.52, 1.52, 1.521, 1.522, 1.523, 1.524, 1.525, 1.526, 1.527, 1.527, 1.528, 1.528, 1.528, 1.528, 1.527, 1.527, 1.526, 1.526, 1.525, 1.525, 1.524, 1.524, 1.524, 1.525, 1.526, 1.526, 1.527, 1.528, 1.531, 1.532, 1.532, 1.533, 1.532, 1.532, 1.531, 1.527, 1.526, 1.525, 1.521, 1.52, 1.519, 1.519, 1.52, 1.521, 1.522, 1.524, 1.525, 1.527, 1.531, 1.532, 1.532, 1.531, 1.525, 1.525, 1.521, 1.518, 1.512, 1.511, 1.51, 1.509, 1.509, 1.509, 1.509, 1.509, 1.51, 1.511, 1.512, 1.512, 1.512, 1.512, 1.512, 1.512, 1.512, 1.511, 1.511, 1.511, 1.511, 1.511, 1.511, 1.511, 1.511, 1.511, 1.511, 1.511, 1.51, 1.509, 1.509, 1.509, 1.508, 1.507, 1.507, 1.506, 1.505, 1.503, 1.503, 1.502, 1.502, 1.501, 1.502, 1.502, 1.503, 1.505, 1.507, 1.509, 1.511, 1.512, 1.512, 1.513, 1.516, 1.516, 1.513, 1.513, 1.513, 1.513, 1.513, 1.513, 1.513, 1.513, 1.513, 1.513, 1.513, 1.512, 1.512, 1.512, 1.512, 1.511, 1.511, 1.511, 1.511, 1.511, 1.511, 1.511, 1.511, 1.511, 1.511, 1.511, 1.511, 1.51, 1.509, 1.509, 1.508, 1.507, 1.507, 1.507, 1.507, 1.507, 1.506, 1.506, 1.505, 1.505, 1.505, 1.505, 1.505, 1.505, 1.506, 1.506, 1.507, 1.507, 1.507, 1.507, 1.507, 1.507, 1.507, 1.506, 1.505, 1.505, 1.505, 1.506, 1.506, 1.507, 1.507, 1.507, 1.506, 1.505, 1.503, 1.502, 1.501, 1.5, 1.5, 1.501, 1.501, 1.502, 1.503, 1.503, 1.505, 1.505, 1.506, 1.506, 1.506, 1.505, 1.505, 1.505, 1.505, 1.504, 1.504, 1.503, 1.502, 1.501, 1.501, 1.501, 1.502, 1.503, 1.505, 1.505, 1.506, 1.506, 1.505, 1.504, 1.503, 1.503, 1.503, 1.503, 1.503, 1.504, 1.505, 1.506, 1.507, 1.508, 1.508, 1.508, 1.507, 1.507, 1.506, 1.506, 1.506, 1.506, 1.507, 1.507, 1.507, 1.508, 1.508, 1.508, 1.505, 1.504, 1.503, 1.501, 1.5, 1.5, 1.5, 1.5, 1.5, 1.501, 1.503, 1.504, 1.505, 1.505, 1.506, 1.507, 1.507, 1.507, 1.506, 1.506, 1.505, 1.504, 1.504, 1.504, 1.503, 1.503, 1.503, 1.503, 1.503, 1.502, 1.501, 1.501, 1.5, 1.496, 1.495, 1.494, 1.493, 1.492, 1.491, 1.49, 1.49, 1.49, 1.491, 1.491, 1.492, 1.493, 1.494, 1.495, 1.495, 1.495, 1.494, 1.493, 1.49, 1.486, 1.483, 1.482, 1.48, 1.479, 1.477, 1.476, 1.476, 1.476, 1.475, 1.475, 1.475, 1.475, 1.476, 1.476, 1.477, 1.478, 1.478, 1.478, 1.478, 1.478, 1.478, 1.478, 1.478, 1.479, 1.48, 1.48, 1.481, 1.485, 1.485, 1.486, 1.486, 1.485, 1.484, 1.482, 1.48, 1.479, 1.478, 1.478, 1.478, 1.477, 1.476, 1.476, 1.475, 1.474, 1.472, 1.471, 1.468, 1.466, 1.466, 1.466, 1.466, 1.466, 1.466, 1.466, 1.466, 1.466, 1.468, 1.468, 1.468, 1.468, 1.468, 1.468, 1.471, 1.472, 1.473, 1.474, 1.476, 1.477, 1.478, 1.479, 1.48, 1.481, 1.482, 1.482, 1.482, 1.483, 1.483, 0, 
1.527, 1.527, 1.528, 1.533, 1.534, 1.535, 1.536, 1.537, 1.537, 1.537, 1.536, 1.535, 1.535, 1.535, 1.535, 1.535, 1.534, 1.534, 1.534, 1.534, 1.533, 1.533, 1.533, 1.532, 1.531, 1.531, 1.531, 1.531, 1.531, 1.532, 1.533, 1.535, 1.535, 1.537, 1.538, 1.539, 1.539, 1.539, 1.538, 1.537, 1.537, 1.536, 1.535, 1.535, 1.534, 1.533, 1.533, 1.532, 1.531, 1.528, 1.528, 1.528, 1.528, 1.528, 1.531, 1.532, 1.534, 1.535, 1.536, 1.537, 1.537, 1.536, 1.535, 1.534, 1.533, 1.532, 1.531, 1.531, 1.532, 1.532, 1.533, 1.533, 1.533, 1.532, 1.532, 1.527, 1.526, 1.526, 1.526, 1.522, 1.521, 1.52, 1.518, 1.517, 1.517, 1.513, 1.513, 1.513, 1.516, 1.517, 1.518, 1.52, 1.524, 1.525, 1.527, 1.531, 1.532, 1.533, 1.534, 1.534, 1.535, 1.536, 1.537, 1.537, 1.537, 1.537, 1.537, 1.536, 1.533, 1.532, 1.528, 1.525, 1.524, 1.523, 1.522, 1.521, 1.521, 1.521, 1.522, 1.523, 1.524, 1.524, 1.525, 1.526, 1.526, 1.527, 1.527, 1.528, 1.527, 1.527, 1.526, 1.526, 1.525, 1.525, 1.524, 1.524, 1.524, 1.524, 1.524, 1.524, 1.525, 1.526, 1.526, 1.527, 1.531, 1.531, 1.532, 1.533, 1.532, 1.532, 1.531, 1.528, 1.525, 1.524, 1.519, 1.518, 1.518, 1.518, 1.518, 1.519, 1.52, 1.521, 1.525, 1.526, 1.531, 1.532, 1.532, 1.531, 1.525, 1.525, 1.52, 1.519, 1.512, 1.511, 1.51, 1.509, 1.508, 1.508, 1.509, 1.51, 1.511, 1.512, 1.512, 1.517, 1.517, 1.517, 1.516, 1.517, 1.517, 1.512, 1.512, 1.512, 1.512, 1.512, 1.512, 1.512, 1.512, 1.512, 1.512, 1.512, 1.511, 1.511, 1.51, 1.51, 1.509, 1.509, 1.508, 1.507, 1.506, 1.505, 1.504, 1.503, 1.503, 1.503, 1.503, 1.503, 1.504, 1.505, 1.507, 1.509, 1.51, 1.511, 1.512, 1.513, 1.513, 1.513, 1.513, 1.513, 1.513, 1.513, 1.513, 1.513, 1.513, 1.513, 1.513, 1.512, 1.512, 1.511, 1.511, 1.511, 1.511, 1.51, 1.51, 1.51, 1.51, 1.511, 1.511, 1.511, 1.511, 1.511, 1.511, 1.511, 1.511, 1.51, 1.509, 1.509, 1.508, 1.507, 1.507, 1.507, 1.507, 1.507, 1.507, 1.506, 1.506, 1.506, 1.505, 1.505, 1.505, 1.505, 1.505, 1.506, 1.507, 1.507, 1.507, 1.507, 1.507, 1.507, 1.507, 1.506, 1.505, 1.505, 1.506, 1.506, 1.507, 1.508, 1.508, 1.508, 1.507, 1.505, 1.504, 1.503, 1.501, 1.5, 1.5, 1.501, 1.501, 1.502, 1.503, 1.503, 1.505, 1.505, 1.506, 1.507, 1.506, 1.506, 1.506, 1.505, 1.505, 1.505, 1.504, 1.503, 1.502, 1.501, 1.501, 1.502, 1.502, 1.503, 1.505, 1.505, 1.506, 1.506, 1.505, 1.504, 1.503, 1.502, 1.502, 1.502, 1.503, 1.503, 1.505, 1.506, 1.507, 1.508, 1.509, 1.508, 1.508, 1.507, 1.507, 1.507, 1.507, 1.507, 1.507, 1.507, 1.507, 1.507, 1.508, 1.507, 1.504, 1.503, 1.502, 1.5, 1.499, 1.499, 1.499, 1.499, 1.5, 1.501, 1.502, 1.503, 1.505, 1.505, 1.506, 1.507, 1.507, 1.507, 1.507, 1.506, 1.506, 1.505, 1.505, 1.505, 1.505, 1.504, 1.504, 1.504, 1.503, 1.503, 1.502, 1.501, 1.501, 1.5, 1.495, 1.494, 1.493, 1.492, 1.49, 1.49, 1.489, 1.489, 1.49, 1.49, 1.491, 1.492, 1.493, 1.494, 1.494, 1.494, 1.493, 1.492, 1.491, 1.486, 1.484, 1.483, 1.481, 1.479, 1.478, 1.477, 1.476, 1.475, 1.474, 1.474, 1.474, 1.474, 1.474, 1.475, 1.476, 1.477, 1.477, 1.478, 1.478, 1.478, 1.478, 1.478, 1.478, 1.479, 1.48, 1.481, 1.482, 1.485, 1.486, 1.486, 1.486, 1.485, 1.484, 1.482, 1.48, 1.479, 1.478, 1.478, 1.477, 1.476, 1.476, 1.476, 1.475, 1.474, 1.472, 1.471, 1.468, 1.466, 1.466, 1.466, 1.466, 1.466, 1.466, 1.466, 1.466, 1.466, 1.468, 1.468, 1.468, 1.468, 1.468, 1.468, 1.471, 1.472, 1.473, 1.474, 1.476, 1.477, 1.478, 1.479, 1.48, 1.482, 1.482, 1.483, 1.484, 1.484, 1.484, 0, 
1.528, 1.528, 1.528, 1.533, 1.534, 1.535, 1.538, 1.538, 1.538, 1.537, 1.536, 1.536, 1.535, 1.535, 1.535, 1.535, 1.534, 1.534, 1.533, 1.533, 1.533, 1.533, 1.533, 1.532, 1.532, 1.531, 1.531, 1.531, 1.531, 1.532, 1.533, 1.534, 1.535, 1.537, 1.537, 1.538, 1.539, 1.539, 1.538, 1.537, 1.537, 1.536, 1.535, 1.535, 1.534, 1.533, 1.533, 1.532, 1.531, 1.528, 1.528, 1.528, 1.528, 1.528, 1.528, 1.532, 1.533, 1.534, 1.535, 1.536, 1.536, 1.536, 1.535, 1.534, 1.533, 1.532, 1.532, 1.532, 1.532, 1.533, 1.533, 1.533, 1.533, 1.532, 1.531, 1.527, 1.525, 1.524, 1.524, 1.521, 1.52, 1.519, 1.518, 1.517, 1.516, 1.513, 1.513, 1.513, 1.517, 1.518, 1.519, 1.521, 1.525, 1.526, 1.527, 1.531, 1.532, 1.533, 1.534, 1.535, 1.536, 1.537, 1.537, 1.537, 1.537, 1.537, 1.536, 1.535, 1.533, 1.528, 1.527, 1.524, 1.524, 1.523, 1.522, 1.521, 1.521, 1.521, 1.522, 1.523, 1.524, 1.524, 1.525, 1.526, 1.526, 1.526, 1.527, 1.527, 1.527, 1.526, 1.526, 1.525, 1.524, 1.524, 1.524, 1.524, 1.523, 1.523, 1.523, 1.523, 1.524, 1.525, 1.526, 1.527, 1.528, 1.531, 1.532, 1.532, 1.532, 1.531, 1.531, 1.527, 1.525, 1.522, 1.518, 1.517, 1.513, 1.513, 1.513, 1.518, 1.519, 1.52, 1.525, 1.525, 1.532, 1.532, 1.532, 1.532, 1.526, 1.525, 1.52, 1.519, 1.513, 1.51, 1.509, 1.509, 1.508, 1.508, 1.509, 1.51, 1.511, 1.512, 1.517, 1.518, 1.518, 1.518, 1.521, 1.518, 1.518, 1.517, 1.517, 1.513, 1.512, 1.512, 1.513, 1.513, 1.513, 1.513, 1.513, 1.513, 1.512, 1.512, 1.511, 1.511, 1.511, 1.51, 1.509, 1.508, 1.507, 1.506, 1.505, 1.504, 1.503, 1.503, 1.503, 1.503, 1.504, 1.506, 1.507, 1.509, 1.51, 1.511, 1.512, 1.513, 1.513, 1.513, 1.513, 1.513, 1.513, 1.513, 1.513, 1.513, 1.513, 1.513, 1.513, 1.512, 1.511, 1.511, 1.51, 1.509, 1.509, 1.509, 1.509, 1.509, 1.509, 1.509, 1.509, 1.51, 1.511, 1.511, 1.511, 1.511, 1.511, 1.51, 1.509, 1.509, 1.508, 1.507, 1.507, 1.507, 1.507, 1.507, 1.507, 1.507, 1.507, 1.506, 1.506, 1.506, 1.505, 1.505, 1.505, 1.506, 1.506, 1.507, 1.507, 1.507, 1.507, 1.507, 1.507, 1.506, 1.506, 1.506, 1.506, 1.507, 1.508, 1.508, 1.509, 1.509, 1.507, 1.506, 1.505, 1.503, 1.502, 1.501, 1.501, 1.501, 1.501, 1.502, 1.503, 1.503, 1.505, 1.505, 1.506, 1.507, 1.507, 1.507, 1.506, 1.506, 1.506, 1.505, 1.505, 1.504, 1.503, 1.502, 1.502, 1.502, 1.503, 1.503, 1.505, 1.505, 1.506, 1.505, 1.504, 1.503, 1.502, 1.502, 1.501, 1.502, 1.502, 1.503, 1.504, 1.507, 1.507, 1.508, 1.509, 1.509, 1.508, 1.507, 1.507, 1.507, 1.507, 1.507, 1.507, 1.507, 1.507, 1.507, 1.506, 1.505, 1.503, 1.502, 1.501, 1.5, 1.499, 1.499, 1.496, 1.496, 1.5, 1.5, 1.501, 1.503, 1.504, 1.505, 1.506, 1.507, 1.507, 1.507, 1.507, 1.507, 1.506, 1.506, 1.506, 1.505, 1.505, 1.505, 1.505, 1.505, 1.504, 1.504, 1.503, 1.502, 1.501, 1.5, 1.495, 1.494, 1.493, 1.492, 1.49, 1.489, 1.488, 1.488, 1.488, 1.489, 1.49, 1.491, 1.491, 1.492, 1.493, 1.493, 1.493, 1.492, 1.491, 1.487, 1.485, 1.484, 1.482, 1.48, 1.479, 1.477, 1.476, 1.475, 1.474, 1.473, 1.472, 1.472, 1.473, 1.474, 1.475, 1.476, 1.477, 1.478, 1.478, 1.478, 1.478, 1.478, 1.478, 1.479, 1.48, 1.481, 1.482, 1.486, 1.486, 1.487, 1.487, 1.486, 1.484, 1.482, 1.48, 1.479, 1.478, 1.478, 1.477, 1.476, 1.476, 1.476, 1.475, 1.474, 1.472, 1.471, 1.47, 1.468, 1.468, 1.468, 1.468, 1.466, 1.466, 1.468, 1.468, 1.468, 1.468, 1.468, 1.468, 1.468, 1.468, 1.471, 1.471, 1.472, 1.473, 1.474, 1.476, 1.477, 1.478, 1.48, 1.481, 1.482, 1.483, 1.484, 1.485, 1.485, 1.485, 0, 
1.528, 1.528, 1.528, 1.533, 1.535, 1.535, 1.539, 1.539, 1.538, 1.538, 1.537, 1.536, 1.535, 1.535, 1.535, 1.535, 1.534, 1.533, 1.533, 1.533, 1.533, 1.533, 1.533, 1.533, 1.532, 1.532, 1.531, 1.531, 1.532, 1.532, 1.533, 1.534, 1.535, 1.536, 1.537, 1.538, 1.538, 1.538, 1.538, 1.538, 1.537, 1.537, 1.535, 1.535, 1.535, 1.534, 1.533, 1.532, 1.531, 1.528, 1.527, 1.527, 1.527, 1.527, 1.528, 1.528, 1.532, 1.533, 1.534, 1.535, 1.535, 1.535, 1.535, 1.534, 1.533, 1.533, 1.533, 1.533, 1.533, 1.533, 1.533, 1.533, 1.532, 1.532, 1.527, 1.526, 1.525, 1.524, 1.524, 1.52, 1.52, 1.518, 1.518, 1.517, 1.516, 1.513, 1.513, 1.516, 1.517, 1.518, 1.519, 1.523, 1.524, 1.526, 1.531, 1.532, 1.533, 1.534, 1.535, 1.536, 1.537, 1.537, 1.537, 1.537, 1.537, 1.536, 1.535, 1.534, 1.532, 1.527, 1.526, 1.524, 1.523, 1.522, 1.522, 1.521, 1.521, 1.522, 1.523, 1.523, 1.524, 1.525, 1.525, 1.526, 1.526, 1.526, 1.526, 1.526, 1.526, 1.525, 1.525, 1.524, 1.524, 1.524, 1.523, 1.523, 1.523, 1.522, 1.522, 1.523, 1.523, 1.524, 1.525, 1.526, 1.527, 1.531, 1.532, 1.532, 1.532, 1.531, 1.531, 1.526, 1.524, 1.521, 1.518, 1.512, 1.512, 1.512, 1.512, 1.517, 1.518, 1.519, 1.525, 1.525, 1.532, 1.532, 1.532, 1.532, 1.526, 1.525, 1.519, 1.519, 1.513, 1.509, 1.509, 1.509, 1.509, 1.509, 1.509, 1.511, 1.512, 1.517, 1.518, 1.519, 1.519, 1.519, 1.522, 1.519, 1.519, 1.518, 1.518, 1.517, 1.517, 1.517, 1.513, 1.513, 1.513, 1.513, 1.513, 1.516, 1.516, 1.516, 1.516, 1.512, 1.512, 1.511, 1.51, 1.509, 1.508, 1.507, 1.506, 1.505, 1.504, 1.504, 1.504, 1.504, 1.505, 1.506, 1.507, 1.51, 1.511, 1.511, 1.512, 1.513, 1.513, 1.513, 1.513, 1.513, 1.513, 1.513, 1.513, 1.513, 1.513, 1.513, 1.512, 1.511, 1.511, 1.51, 1.509, 1.508, 1.508, 1.508, 1.507, 1.508, 1.508, 1.508, 1.509, 1.509, 1.51, 1.511, 1.511, 1.511, 1.511, 1.51, 1.509, 1.509, 1.508, 1.507, 1.507, 1.507, 1.507, 1.507, 1.507, 1.507, 1.507, 1.507, 1.507, 1.506, 1.506, 1.505, 1.505, 1.505, 1.506, 1.507, 1.507, 1.507, 1.507, 1.507, 1.507, 1.507, 1.507, 1.507, 1.507, 1.508, 1.509, 1.51, 1.51, 1.509, 1.508, 1.507, 1.506, 1.503, 1.502, 1.501, 1.501, 1.501, 1.501, 1.502, 1.503, 1.503, 1.505, 1.505, 1.506, 1.507, 1.507, 1.507, 1.507, 1.507, 1.506, 1.506, 1.505, 1.504, 1.504, 1.503, 1.503, 1.503, 1.503, 1.504, 1.505, 1.505, 1.505, 1.504, 1.504, 1.503, 1.502, 1.501, 1.501, 1.501, 1.502, 1.503, 1.503, 1.507, 1.507, 1.508, 1.509, 1.509, 1.508, 1.507, 1.507, 1.507, 1.507, 1.507, 1.507, 1.507, 1.506, 1.506, 1.505, 1.504, 1.503, 1.501, 1.5, 1.499, 1.496, 1.496, 1.496, 1.496, 1.496, 1.5, 1.501, 1.502, 1.504, 1.505, 1.506, 1.507, 1.507, 1.507, 1.507, 1.507, 1.507, 1.507, 1.507, 1.507, 1.506, 1.506, 1.506, 1.506, 1.505, 1.505, 1.504, 1.503, 1.502, 1.5, 1.499, 1.495, 1.494, 1.492, 1.49, 1.489, 1.488, 1.488, 1.488, 1.488, 1.489, 1.489, 1.49, 1.491, 1.492, 1.492, 1.492, 1.492, 1.491, 1.488, 1.486, 1.484, 1.483, 1.482, 1.48, 1.478, 1.476, 1.474, 1.473, 1.472, 1.471, 1.471, 1.472, 1.473, 1.474, 1.475, 1.476, 1.478, 1.478, 1.478, 1.479, 1.479, 1.479, 1.48, 1.481, 1.482, 1.483, 1.486, 1.487, 1.487, 1.487, 1.486, 1.484, 1.482, 1.48, 1.479, 1.478, 1.478, 1.477, 1.476, 1.476, 1.476, 1.475, 1.474, 1.472, 1.471, 1.471, 1.468, 1.468, 1.468, 1.468, 1.468, 1.468, 1.468, 1.468, 1.468, 1.468, 1.468, 1.468, 1.468, 1.47, 1.471, 1.472, 1.472, 1.474, 1.474, 1.476, 1.477, 1.478, 1.48, 1.481, 1.482, 1.484, 1.485, 1.486, 1.487, 1.487, 0, 
1.528, 1.528, 1.532, 1.533, 1.535, 1.536, 1.539, 1.539, 1.539, 1.538, 1.537, 1.537, 1.536, 1.535, 1.535, 1.535, 1.534, 1.533, 1.534, 1.534, 1.534, 1.534, 1.534, 1.534, 1.533, 1.532, 1.531, 1.531, 1.531, 1.532, 1.533, 1.533, 1.534, 1.535, 1.536, 1.537, 1.537, 1.537, 1.538, 1.538, 1.537, 1.537, 1.536, 1.535, 1.535, 1.534, 1.533, 1.532, 1.531, 1.528, 1.527, 1.526, 1.526, 1.527, 1.527, 1.528, 1.532, 1.532, 1.533, 1.534, 1.535, 1.535, 1.535, 1.534, 1.533, 1.533, 1.533, 1.533, 1.533, 1.533, 1.533, 1.532, 1.532, 1.528, 1.528, 1.524, 1.524, 1.523, 1.523, 1.52, 1.519, 1.518, 1.517, 1.516, 1.516, 1.516, 1.516, 1.517, 1.518, 1.519, 1.52, 1.524, 1.525, 1.527, 1.531, 1.532, 1.533, 1.535, 1.535, 1.536, 1.537, 1.537, 1.538, 1.538, 1.537, 1.537, 1.534, 1.533, 1.532, 1.527, 1.524, 1.523, 1.522, 1.522, 1.521, 1.521, 1.521, 1.522, 1.523, 1.524, 1.524, 1.525, 1.526, 1.526, 1.526, 1.526, 1.526, 1.526, 1.525, 1.525, 1.524, 1.524, 1.524, 1.523, 1.523, 1.522, 1.522, 1.522, 1.522, 1.522, 1.523, 1.524, 1.524, 1.526, 1.527, 1.531, 1.531, 1.532, 1.532, 1.531, 1.531, 1.526, 1.524, 1.52, 1.518, 1.512, 1.512, 1.511, 1.512, 1.512, 1.519, 1.519, 1.525, 1.525, 1.532, 1.532, 1.532, 1.532, 1.526, 1.524, 1.519, 1.519, 1.513, 1.509, 1.509, 1.509, 1.509, 1.509, 1.51, 1.511, 1.512, 1.517, 1.518, 1.52, 1.521, 1.525, 1.524, 1.525, 1.522, 1.519, 1.519, 1.518, 1.518, 1.517, 1.517, 1.517, 1.517, 1.517, 1.517, 1.517, 1.516, 1.516, 1.516, 1.516, 1.516, 1.512, 1.511, 1.51, 1.509, 1.508, 1.507, 1.506, 1.505, 1.505, 1.505, 1.505, 1.506, 1.507, 1.507, 1.511, 1.511, 1.511, 1.512, 1.513, 1.513, 1.513, 1.513, 1.513, 1.513, 1.513, 1.513, 1.513, 1.513, 1.513, 1.512, 1.511, 1.51, 1.509, 1.508, 1.507, 1.507, 1.507, 1.507, 1.507, 1.507, 1.507, 1.508, 1.509, 1.51, 1.511, 1.511, 1.511, 1.511, 1.51, 1.509, 1.508, 1.507, 1.507, 1.507, 1.507, 1.507, 1.508, 1.508, 1.508, 1.508, 1.508, 1.508, 1.507, 1.507, 1.506, 1.506, 1.506, 1.506, 1.507, 1.507, 1.507, 1.507, 1.507, 1.507, 1.507, 1.508, 1.508, 1.509, 1.51, 1.51, 1.511, 1.511, 1.511, 1.509, 1.508, 1.507, 1.503, 1.503, 1.502, 1.501, 1.501, 1.502, 1.502, 1.503, 1.504, 1.505, 1.505, 1.506, 1.507, 1.507, 1.507, 1.507, 1.507, 1.507, 1.506, 1.506, 1.505, 1.505, 1.504, 1.504, 1.504, 1.504, 1.504, 1.505, 1.505, 1.505, 1.504, 1.503, 1.502, 1.502, 1.501, 1.501, 1.501, 1.502, 1.502, 1.503, 1.506, 1.507, 1.508, 1.508, 1.509, 1.508, 1.507, 1.507, 1.507, 1.507, 1.507, 1.507, 1.506, 1.506, 1.505, 1.504, 1.503, 1.502, 1.5, 1.5, 1.496, 1.496, 1.496, 1.496, 1.496, 1.496, 1.5, 1.501, 1.502, 1.503, 1.505, 1.506, 1.507, 1.507, 1.507, 1.507, 1.507, 1.507, 1.507, 1.507, 1.507, 1.507, 1.507, 1.507, 1.506, 1.505, 1.505, 1.505, 1.504, 1.502, 1.501, 1.5, 1.495, 1.494, 1.492, 1.49, 1.489, 1.488, 1.487, 1.487, 1.487, 1.488, 1.488, 1.489, 1.49, 1.491, 1.492, 1.492, 1.492, 1.491, 1.489, 1.488, 1.486, 1.484, 1.483, 1.482, 1.479, 1.476, 1.474, 1.472, 1.472, 1.471, 1.471, 1.471, 1.472, 1.473, 1.474, 1.477, 1.478, 1.479, 1.479, 1.48, 1.48, 1.48, 1.48, 1.481, 1.483, 1.484, 1.486, 1.487, 1.488, 1.487, 1.486, 1.485, 1.482, 1.48, 1.479, 1.478, 1.478, 1.477, 1.476, 1.476, 1.475, 1.474, 1.474, 1.472, 1.472, 1.471, 1.468, 1.468, 1.468, 1.468, 1.468, 1.468, 1.468, 1.468, 1.468, 1.47, 1.47, 1.47, 1.47, 1.47, 1.471, 1.472, 1.472, 1.474, 1.475, 1.476, 1.478, 1.479, 1.48, 1.482, 1.483, 1.485, 1.486, 1.487, 1.488, 1.488, 0, 
1.528, 1.528, 1.532, 1.533, 1.535, 1.537, 1.538, 1.539, 1.542, 1.539, 1.538, 1.537, 1.536, 1.535, 1.535, 1.535, 1.534, 1.534, 1.534, 1.535, 1.535, 1.535, 1.535, 1.534, 1.534, 1.533, 1.532, 1.531, 1.531, 1.532, 1.533, 1.533, 1.533, 1.534, 1.535, 1.536, 1.537, 1.537, 1.537, 1.537, 1.537, 1.536, 1.535, 1.535, 1.535, 1.534, 1.533, 1.532, 1.528, 1.527, 1.527, 1.526, 1.526, 1.526, 1.526, 1.527, 1.528, 1.532, 1.532, 1.533, 1.534, 1.535, 1.535, 1.534, 1.534, 1.533, 1.533, 1.534, 1.533, 1.533, 1.532, 1.532, 1.531, 1.527, 1.527, 1.524, 1.523, 1.522, 1.521, 1.52, 1.519, 1.518, 1.517, 1.516, 1.516, 1.516, 1.516, 1.517, 1.518, 1.52, 1.521, 1.525, 1.526, 1.527, 1.532, 1.533, 1.534, 1.535, 1.536, 1.537, 1.537, 1.538, 1.538, 1.538, 1.537, 1.537, 1.533, 1.533, 1.527, 1.526, 1.524, 1.522, 1.521, 1.521, 1.52, 1.52, 1.521, 1.522, 1.523, 1.524, 1.524, 1.525, 1.526, 1.526, 1.526, 1.526, 1.526, 1.525, 1.525, 1.524, 1.524, 1.524, 1.524, 1.523, 1.522, 1.522, 1.522, 1.522, 1.522, 1.522, 1.522, 1.523, 1.524, 1.525, 1.526, 1.527, 1.531, 1.532, 1.532, 1.531, 1.527, 1.526, 1.523, 1.52, 1.517, 1.511, 1.511, 1.511, 1.512, 1.512, 1.519, 1.519, 1.525, 1.526, 1.532, 1.532, 1.533, 1.532, 1.527, 1.524, 1.519, 1.519, 1.513, 1.509, 1.509, 1.509, 1.509, 1.509, 1.51, 1.511, 1.512, 1.518, 1.519, 1.524, 1.525, 1.525, 1.526, 1.525, 1.525, 1.524, 1.52, 1.519, 1.519, 1.518, 1.518, 1.518, 1.518, 1.517, 1.517, 1.517, 1.517, 1.517, 1.517, 1.516, 1.516, 1.516, 1.512, 1.511, 1.51, 1.509, 1.508, 1.507, 1.507, 1.507, 1.507, 1.507, 1.507, 1.508, 1.509, 1.51, 1.511, 1.512, 1.513, 1.513, 1.513, 1.513, 1.513, 1.513, 1.513, 1.513, 1.516, 1.516, 1.513, 1.513, 1.512, 1.511, 1.509, 1.508, 1.507, 1.505, 1.505, 1.505, 1.505, 1.505, 1.506, 1.507, 1.508, 1.509, 1.51, 1.511, 1.511, 1.511, 1.51, 1.509, 1.509, 1.508, 1.507, 1.507, 1.507, 1.507, 1.508, 1.508, 1.509, 1.509, 1.509, 1.509, 1.508, 1.508, 1.507, 1.507, 1.507, 1.507, 1.507, 1.507, 1.508, 1.508, 1.508, 1.508, 1.508, 1.508, 1.509, 1.509, 1.51, 1.511, 1.512, 1.512, 1.512, 1.512, 1.51, 1.509, 1.508, 1.504, 1.503, 1.502, 1.502, 1.502, 1.502, 1.503, 1.503, 1.504, 1.505, 1.505, 1.506, 1.507, 1.507, 1.507, 1.507, 1.507, 1.507, 1.507, 1.507, 1.506, 1.506, 1.505, 1.505, 1.505, 1.505, 1.505, 1.505, 1.505, 1.504, 1.503, 1.503, 1.502, 1.501, 1.501, 1.501, 1.501, 1.501, 1.502, 1.503, 1.505, 1.506, 1.507, 1.508, 1.508, 1.508, 1.507, 1.507, 1.507, 1.507, 1.507, 1.506, 1.506, 1.505, 1.504, 1.503, 1.502, 1.501, 1.5, 1.499, 1.496, 1.496, 1.496, 1.496, 1.496, 1.496, 1.5, 1.501, 1.502, 1.503, 1.504, 1.505, 1.506, 1.507, 1.507, 1.508, 1.508, 1.508, 1.508, 1.508, 1.508, 1.507, 1.507, 1.507, 1.507, 1.506, 1.505, 1.505, 1.504, 1.503, 1.501, 1.5, 1.496, 1.495, 1.491, 1.49, 1.489, 1.488, 1.487, 1.486, 1.486, 1.487, 1.487, 1.488, 1.49, 1.491, 1.491, 1.492, 1.492, 1.491, 1.49, 1.488, 1.487, 1.485, 1.484, 1.483, 1.48, 1.477, 1.474, 1.472, 1.472, 1.471, 1.47, 1.471, 1.472, 1.473, 1.474, 1.478, 1.478, 1.479, 1.48, 1.48, 1.48, 1.48, 1.481, 1.482, 1.484, 1.485, 1.486, 1.487, 1.488, 1.487, 1.486, 1.485, 1.481, 1.48, 1.479, 1.478, 1.478, 1.477, 1.476, 1.476, 1.475, 1.474, 1.474, 1.472, 1.472, 1.471, 1.471, 1.471, 1.471, 1.471, 1.471, 1.471, 1.471, 1.47, 1.47, 1.47, 1.47, 1.47, 1.47, 1.47, 1.471, 1.472, 1.473, 1.474, 1.475, 1.476, 1.478, 1.479, 1.48, 1.482, 1.484, 1.485, 1.486, 1.488, 1.489, 1.489, 0, 
1.528, 1.528, 1.532, 1.533, 1.535, 1.537, 1.538, 1.539, 1.542, 1.539, 1.538, 1.537, 1.536, 1.535, 1.535, 1.535, 1.535, 1.535, 1.535, 1.535, 1.535, 1.535, 1.535, 1.535, 1.534, 1.533, 1.532, 1.531, 1.531, 1.532, 1.532, 1.533, 1.533, 1.533, 1.534, 1.535, 1.536, 1.536, 1.537, 1.537, 1.537, 1.536, 1.535, 1.535, 1.535, 1.534, 1.533, 1.532, 1.528, 1.527, 1.526, 1.526, 1.525, 1.525, 1.526, 1.527, 1.527, 1.531, 1.532, 1.533, 1.534, 1.535, 1.535, 1.535, 1.534, 1.534, 1.534, 1.534, 1.533, 1.532, 1.532, 1.531, 1.531, 1.526, 1.525, 1.523, 1.522, 1.521, 1.52, 1.519, 1.518, 1.518, 1.517, 1.516, 1.516, 1.516, 1.517, 1.517, 1.518, 1.521, 1.522, 1.524, 1.527, 1.527, 1.532, 1.533, 1.535, 1.535, 1.536, 1.537, 1.538, 1.539, 1.538, 1.538, 1.537, 1.537, 1.533, 1.532, 1.527, 1.524, 1.524, 1.521, 1.52, 1.52, 1.52, 1.52, 1.521, 1.521, 1.522, 1.524, 1.524, 1.525, 1.526, 1.526, 1.526, 1.526, 1.526, 1.525, 1.524, 1.524, 1.524, 1.524, 1.524, 1.523, 1.522, 1.522, 1.522, 1.521, 1.521, 1.521, 1.521, 1.522, 1.523, 1.524, 1.526, 1.527, 1.531, 1.532, 1.532, 1.531, 1.528, 1.526, 1.522, 1.519, 1.512, 1.511, 1.511, 1.511, 1.511, 1.512, 1.519, 1.519, 1.524, 1.526, 1.531, 1.533, 1.533, 1.531, 1.528, 1.524, 1.519, 1.519, 1.513, 1.509, 1.509, 1.508, 1.508, 1.509, 1.509, 1.511, 1.512, 1.519, 1.52, 1.525, 1.526, 1.527, 1.527, 1.527, 1.525, 1.525, 1.524, 1.52, 1.52, 1.519, 1.518, 1.518, 1.518, 1.518, 1.518, 1.518, 1.518, 1.518, 1.517, 1.517, 1.516, 1.516, 1.512, 1.512, 1.511, 1.51, 1.509, 1.508, 1.508, 1.508, 1.508, 1.508, 1.508, 1.509, 1.51, 1.511, 1.512, 1.512, 1.513, 1.513, 1.513, 1.513, 1.513, 1.513, 1.513, 1.513, 1.516, 1.516, 1.516, 1.513, 1.512, 1.512, 1.508, 1.507, 1.505, 1.504, 1.503, 1.503, 1.503, 1.504, 1.505, 1.506, 1.507, 1.509, 1.51, 1.511, 1.511, 1.511, 1.51, 1.509, 1.509, 1.508, 1.507, 1.507, 1.507, 1.508, 1.509, 1.509, 1.509, 1.509, 1.509, 1.509, 1.509, 1.509, 1.508, 1.508, 1.507, 1.507, 1.507, 1.507, 1.508, 1.508, 1.509, 1.509, 1.509, 1.509, 1.509, 1.51, 1.511, 1.512, 1.512, 1.516, 1.516, 1.512, 1.511, 1.509, 1.508, 1.505, 1.504, 1.503, 1.503, 1.503, 1.503, 1.503, 1.503, 1.504, 1.505, 1.506, 1.507, 1.507, 1.507, 1.507, 1.508, 1.508, 1.508, 1.508, 1.508, 1.507, 1.507, 1.506, 1.506, 1.505, 1.505, 1.505, 1.505, 1.505, 1.504, 1.503, 1.503, 1.502, 1.501, 1.501, 1.501, 1.501, 1.501, 1.502, 1.503, 1.504, 1.505, 1.506, 1.507, 1.507, 1.507, 1.507, 1.507, 1.507, 1.507, 1.506, 1.506, 1.505, 1.504, 1.503, 1.503, 1.501, 1.5, 1.499, 1.496, 1.496, 1.496, 1.496, 1.496, 1.496, 1.496, 1.5, 1.501, 1.501, 1.503, 1.504, 1.505, 1.506, 1.507, 1.507, 1.508, 1.508, 1.509, 1.509, 1.509, 1.509, 1.508, 1.508, 1.507, 1.507, 1.506, 1.506, 1.505, 1.505, 1.503, 1.502, 1.501, 1.5, 1.496, 1.492, 1.489, 1.488, 1.488, 1.487, 1.486, 1.486, 1.486, 1.487, 1.488, 1.489, 1.49, 1.491, 1.491, 1.492, 1.491, 1.49, 1.489, 1.488, 1.487, 1.485, 1.484, 1.48, 1.478, 1.475, 1.472, 1.472, 1.471, 1.47, 1.471, 1.472, 1.473, 1.473, 1.478, 1.479, 1.48, 1.48, 1.481, 1.481, 1.481, 1.482, 1.483, 1.484, 1.486, 1.487, 1.488, 1.488, 1.487, 1.486, 1.485, 1.482, 1.48, 1.479, 1.478, 1.478, 1.477, 1.477, 1.476, 1.476, 1.474, 1.474, 1.473, 1.472, 1.472, 1.472, 1.472, 1.472, 1.472, 1.472, 1.472, 1.471, 1.471, 1.471, 1.471, 1.471, 1.47, 1.47, 1.47, 1.471, 1.472, 1.473, 1.474, 1.475, 1.476, 1.478, 1.479, 1.481, 1.483, 1.484, 1.486, 1.487, 1.488, 1.489, 1.489, 0, 
1.531, 1.531, 1.532, 1.533, 1.535, 1.537, 1.538, 1.539, 1.542, 1.539, 1.539, 1.538, 1.537, 1.536, 1.535, 1.535, 1.535, 1.535, 1.535, 1.535, 1.535, 1.535, 1.535, 1.535, 1.535, 1.534, 1.533, 1.532, 1.532, 1.531, 1.532, 1.532, 1.532, 1.533, 1.533, 1.534, 1.535, 1.535, 1.536, 1.536, 1.537, 1.536, 1.535, 1.535, 1.535, 1.534, 1.533, 1.532, 1.528, 1.527, 1.526, 1.525, 1.524, 1.524, 1.525, 1.526, 1.527, 1.528, 1.531, 1.532, 1.533, 1.534, 1.535, 1.535, 1.535, 1.535, 1.534, 1.534, 1.533, 1.532, 1.531, 1.531, 1.527, 1.526, 1.525, 1.522, 1.521, 1.52, 1.52, 1.519, 1.518, 1.517, 1.517, 1.516, 1.517, 1.517, 1.517, 1.518, 1.518, 1.522, 1.523, 1.524, 1.527, 1.532, 1.533, 1.534, 1.535, 1.536, 1.537, 1.538, 1.538, 1.538, 1.538, 1.537, 1.537, 1.536, 1.533, 1.527, 1.527, 1.523, 1.522, 1.521, 1.52, 1.52, 1.52, 1.52, 1.52, 1.521, 1.522, 1.523, 1.524, 1.525, 1.526, 1.526, 1.526, 1.526, 1.526, 1.525, 1.524, 1.524, 1.524, 1.524, 1.524, 1.523, 1.522, 1.522, 1.522, 1.521, 1.52, 1.52, 1.521, 1.522, 1.522, 1.524, 1.525, 1.528, 1.531, 1.532, 1.531, 1.531, 1.528, 1.525, 1.521, 1.518, 1.512, 1.511, 1.51, 1.51, 1.511, 1.512, 1.519, 1.519, 1.524, 1.527, 1.531, 1.534, 1.534, 1.531, 1.528, 1.524, 1.519, 1.519, 1.513, 1.509, 1.509, 1.508, 1.508, 1.508, 1.509, 1.51, 1.516, 1.52, 1.521, 1.526, 1.527, 1.531, 1.531, 1.531, 1.531, 1.526, 1.525, 1.521, 1.521, 1.52, 1.519, 1.518, 1.518, 1.518, 1.518, 1.518, 1.518, 1.517, 1.517, 1.517, 1.516, 1.516, 1.516, 1.512, 1.511, 1.511, 1.51, 1.509, 1.509, 1.509, 1.509, 1.509, 1.509, 1.511, 1.511, 1.512, 1.512, 1.513, 1.513, 1.513, 1.513, 1.513, 1.513, 1.513, 1.513, 1.513, 1.516, 1.516, 1.516, 1.513, 1.513, 1.512, 1.507, 1.507, 1.503, 1.503, 1.502, 1.502, 1.502, 1.503, 1.504, 1.506, 1.507, 1.509, 1.51, 1.511, 1.511, 1.511, 1.51, 1.509, 1.509, 1.508, 1.507, 1.507, 1.508, 1.508, 1.509, 1.509, 1.51, 1.51, 1.511, 1.51, 1.51, 1.51, 1.509, 1.508, 1.508, 1.507, 1.507, 1.508, 1.508, 1.509, 1.509, 1.509, 1.509, 1.51, 1.51, 1.511, 1.512, 1.512, 1.517, 1.517, 1.517, 1.513, 1.512, 1.51, 1.509, 1.507, 1.505, 1.504, 1.503, 1.503, 1.503, 1.503, 1.504, 1.505, 1.505, 1.506, 1.507, 1.507, 1.508, 1.508, 1.509, 1.509, 1.509, 1.509, 1.509, 1.508, 1.507, 1.507, 1.507, 1.506, 1.506, 1.506, 1.505, 1.505, 1.504, 1.503, 1.503, 1.502, 1.501, 1.501, 1.501, 1.501, 1.501, 1.502, 1.503, 1.504, 1.505, 1.506, 1.506, 1.507, 1.507, 1.507, 1.507, 1.506, 1.506, 1.506, 1.505, 1.504, 1.503, 1.503, 1.502, 1.501, 1.5, 1.496, 1.496, 1.496, 1.496, 1.496, 1.496, 1.496, 1.499, 1.5, 1.501, 1.501, 1.503, 1.503, 1.505, 1.505, 1.506, 1.507, 1.507, 1.508, 1.509, 1.509, 1.509, 1.509, 1.509, 1.508, 1.507, 1.507, 1.507, 1.506, 1.505, 1.505, 1.504, 1.503, 1.501, 1.5, 1.496, 1.493, 1.489, 1.488, 1.487, 1.486, 1.486, 1.486, 1.486, 1.486, 1.488, 1.489, 1.49, 1.49, 1.491, 1.491, 1.491, 1.49, 1.49, 1.489, 1.488, 1.486, 1.485, 1.482, 1.478, 1.476, 1.472, 1.472, 1.471, 1.471, 1.471, 1.472, 1.473, 1.474, 1.479, 1.48, 1.481, 1.482, 1.482, 1.482, 1.483, 1.483, 1.484, 1.486, 1.487, 1.488, 1.489, 1.489, 1.488, 1.487, 1.486, 1.482, 1.481, 1.48, 1.479, 1.478, 1.478, 1.477, 1.476, 1.476, 1.475, 1.474, 1.473, 1.472, 1.472, 1.472, 1.472, 1.472, 1.472, 1.472, 1.472, 1.472, 1.472, 1.472, 1.472, 1.471, 1.471, 1.471, 1.471, 1.472, 1.472, 1.473, 1.474, 1.475, 1.476, 1.478, 1.48, 1.482, 1.483, 1.485, 1.487, 1.488, 1.489, 1.49, 1.49, 0, 
1.531, 1.531, 1.532, 1.533, 1.535, 1.536, 1.538, 1.539, 1.542, 1.539, 1.538, 1.538, 1.537, 1.536, 1.535, 1.535, 1.535, 1.535, 1.535, 1.535, 1.535, 1.535, 1.535, 1.535, 1.535, 1.534, 1.533, 1.533, 1.532, 1.531, 1.531, 1.532, 1.532, 1.532, 1.532, 1.533, 1.533, 1.534, 1.535, 1.535, 1.536, 1.536, 1.535, 1.535, 1.535, 1.534, 1.533, 1.532, 1.528, 1.527, 1.526, 1.525, 1.524, 1.524, 1.525, 1.526, 1.527, 1.527, 1.531, 1.532, 1.533, 1.534, 1.535, 1.535, 1.535, 1.535, 1.535, 1.534, 1.533, 1.532, 1.531, 1.527, 1.526, 1.525, 1.524, 1.52, 1.52, 1.52, 1.519, 1.518, 1.518, 1.517, 1.517, 1.517, 1.517, 1.518, 1.518, 1.519, 1.52, 1.523, 1.524, 1.526, 1.527, 1.532, 1.533, 1.534, 1.535, 1.536, 1.537, 1.538, 1.538, 1.538, 1.538, 1.537, 1.537, 1.533, 1.532, 1.527, 1.524, 1.522, 1.521, 1.52, 1.52, 1.519, 1.519, 1.519, 1.52, 1.521, 1.522, 1.523, 1.524, 1.525, 1.525, 1.526, 1.526, 1.526, 1.526, 1.525, 1.525, 1.524, 1.524, 1.524, 1.524, 1.523, 1.523, 1.522, 1.522, 1.521, 1.52, 1.52, 1.52, 1.521, 1.522, 1.523, 1.524, 1.527, 1.531, 1.532, 1.531, 1.531, 1.528, 1.524, 1.52, 1.519, 1.512, 1.511, 1.51, 1.51, 1.511, 1.512, 1.519, 1.519, 1.524, 1.528, 1.531, 1.534, 1.534, 1.531, 1.528, 1.524, 1.519, 1.519, 1.513, 1.509, 1.509, 1.508, 1.507, 1.508, 1.509, 1.51, 1.516, 1.52, 1.521, 1.526, 1.527, 1.531, 1.532, 1.532, 1.531, 1.527, 1.525, 1.523, 1.522, 1.52, 1.519, 1.518, 1.518, 1.518, 1.517, 1.517, 1.517, 1.517, 1.517, 1.517, 1.516, 1.516, 1.516, 1.513, 1.512, 1.512, 1.511, 1.511, 1.511, 1.511, 1.511, 1.511, 1.511, 1.512, 1.512, 1.516, 1.516, 1.516, 1.513, 1.513, 1.513, 1.513, 1.513, 1.513, 1.513, 1.513, 1.516, 1.516, 1.516, 1.516, 1.512, 1.512, 1.507, 1.506, 1.503, 1.502, 1.501, 1.501, 1.501, 1.502, 1.504, 1.505, 1.507, 1.509, 1.51, 1.511, 1.511, 1.511, 1.51, 1.509, 1.509, 1.508, 1.508, 1.508, 1.508, 1.509, 1.51, 1.51, 1.511, 1.511, 1.511, 1.511, 1.511, 1.511, 1.51, 1.509, 1.508, 1.508, 1.508, 1.508, 1.509, 1.509, 1.509, 1.509, 1.51, 1.511, 1.511, 1.512, 1.513, 1.517, 1.517, 1.518, 1.517, 1.517, 1.512, 1.511, 1.51, 1.508, 1.505, 1.504, 1.503, 1.503, 1.503, 1.504, 1.504, 1.505, 1.506, 1.507, 1.507, 1.508, 1.508, 1.509, 1.509, 1.509, 1.51, 1.51, 1.51, 1.509, 1.509, 1.508, 1.507, 1.507, 1.507, 1.506, 1.506, 1.505, 1.504, 1.503, 1.503, 1.502, 1.501, 1.501, 1.501, 1.501, 1.501, 1.502, 1.503, 1.503, 1.504, 1.505, 1.505, 1.506, 1.506, 1.506, 1.506, 1.506, 1.505, 1.505, 1.504, 1.503, 1.502, 1.502, 1.501, 1.5, 1.499, 1.496, 1.496, 1.496, 1.496, 1.496, 1.496, 1.496, 1.499, 1.5, 1.501, 1.501, 1.503, 1.503, 1.504, 1.505, 1.506, 1.506, 1.507, 1.508, 1.508, 1.509, 1.509, 1.509, 1.508, 1.508, 1.507, 1.507, 1.506, 1.506, 1.505, 1.505, 1.504, 1.503, 1.501, 1.5, 1.496, 1.494, 1.489, 1.488, 1.487, 1.486, 1.485, 1.485, 1.485, 1.485, 1.487, 1.488, 1.489, 1.49, 1.49, 1.491, 1.491, 1.491, 1.49, 1.49, 1.489, 1.488, 1.486, 1.482, 1.479, 1.476, 1.473, 1.473, 1.471, 1.471, 1.472, 1.472, 1.474, 1.475, 1.479, 1.482, 1.483, 1.483, 1.484, 1.484, 1.484, 1.485, 1.486, 1.487, 1.488, 1.488, 1.489, 1.488, 1.488, 1.487, 1.486, 1.483, 1.482, 1.481, 1.479, 1.478, 1.478, 1.477, 1.476, 1.476, 1.475, 1.475, 1.474, 1.473, 1.473, 1.473, 1.473, 1.473, 1.473, 1.473, 1.473, 1.472, 1.472, 1.472, 1.472, 1.472, 1.472, 1.472, 1.472, 1.472, 1.472, 1.473, 1.474, 1.475, 1.476, 1.478, 1.48, 1.482, 1.483, 1.486, 1.487, 1.489, 1.49, 1.491, 1.491, 0, 
1.531, 1.531, 1.532, 1.533, 1.535, 1.536, 1.537, 1.538, 1.542, 1.539, 1.538, 1.537, 1.537, 1.536, 1.535, 1.535, 1.535, 1.535, 1.535, 1.535, 1.536, 1.536, 1.536, 1.536, 1.536, 1.535, 1.534, 1.533, 1.532, 1.532, 1.531, 1.528, 1.528, 1.528, 1.528, 1.532, 1.532, 1.533, 1.533, 1.534, 1.535, 1.535, 1.535, 1.535, 1.534, 1.533, 1.533, 1.532, 1.528, 1.527, 1.526, 1.525, 1.524, 1.524, 1.524, 1.525, 1.526, 1.527, 1.528, 1.532, 1.533, 1.534, 1.535, 1.536, 1.536, 1.536, 1.535, 1.534, 1.533, 1.532, 1.531, 1.527, 1.526, 1.524, 1.523, 1.52, 1.52, 1.519, 1.518, 1.518, 1.517, 1.517, 1.516, 1.517, 1.517, 1.518, 1.519, 1.52, 1.521, 1.523, 1.526, 1.527, 1.528, 1.533, 1.534, 1.535, 1.536, 1.537, 1.537, 1.537, 1.538, 1.537, 1.537, 1.536, 1.535, 1.533, 1.527, 1.527, 1.523, 1.522, 1.521, 1.52, 1.52, 1.519, 1.518, 1.519, 1.52, 1.52, 1.522, 1.523, 1.524, 1.524, 1.525, 1.526, 1.526, 1.526, 1.526, 1.526, 1.525, 1.525, 1.525, 1.524, 1.524, 1.524, 1.523, 1.523, 1.522, 1.521, 1.52, 1.52, 1.52, 1.52, 1.521, 1.522, 1.523, 1.526, 1.531, 1.531, 1.531, 1.531, 1.528, 1.524, 1.521, 1.518, 1.512, 1.511, 1.51, 1.51, 1.511, 1.512, 1.519, 1.519, 1.524, 1.528, 1.531, 1.533, 1.533, 1.532, 1.528, 1.524, 1.52, 1.519, 1.513, 1.509, 1.509, 1.508, 1.507, 1.508, 1.509, 1.51, 1.516, 1.519, 1.522, 1.525, 1.528, 1.531, 1.532, 1.532, 1.531, 1.527, 1.526, 1.524, 1.523, 1.52, 1.519, 1.518, 1.518, 1.517, 1.517, 1.516, 1.516, 1.516, 1.516, 1.516, 1.516, 1.516, 1.516, 1.516, 1.513, 1.512, 1.512, 1.512, 1.512, 1.512, 1.512, 1.512, 1.517, 1.517, 1.516, 1.517, 1.516, 1.516, 1.516, 1.513, 1.513, 1.513, 1.513, 1.513, 1.513, 1.513, 1.516, 1.516, 1.516, 1.516, 1.512, 1.512, 1.506, 1.505, 1.503, 1.502, 1.501, 1.501, 1.501, 1.502, 1.503, 1.505, 1.507, 1.509, 1.51, 1.511, 1.511, 1.511, 1.511, 1.51, 1.509, 1.509, 1.509, 1.509, 1.509, 1.51, 1.51, 1.511, 1.512, 1.512, 1.512, 1.512, 1.512, 1.511, 1.511, 1.51, 1.509, 1.509, 1.509, 1.509, 1.509, 1.509, 1.51, 1.51, 1.511, 1.512, 1.512, 1.513, 1.517, 1.518, 1.518, 1.519, 1.518, 1.517, 1.517, 1.512, 1.511, 1.509, 1.505, 1.505, 1.504, 1.504, 1.504, 1.505, 1.505, 1.506, 1.506, 1.507, 1.507, 1.508, 1.509, 1.509, 1.509, 1.51, 1.51, 1.511, 1.511, 1.51, 1.51, 1.509, 1.508, 1.508, 1.507, 1.507, 1.506, 1.505, 1.504, 1.503, 1.503, 1.502, 1.501, 1.501, 1.501, 1.501, 1.501, 1.502, 1.503, 1.503, 1.504, 1.504, 1.505, 1.505, 1.505, 1.505, 1.505, 1.505, 1.505, 1.504, 1.503, 1.503, 1.502, 1.501, 1.5, 1.5, 1.499, 1.496, 1.496, 1.496, 1.496, 1.496, 1.496, 1.496, 1.499, 1.5, 1.501, 1.501, 1.503, 1.503, 1.504, 1.505, 1.505, 1.506, 1.506, 1.507, 1.508, 1.508, 1.509, 1.509, 1.508, 1.507, 1.507, 1.506, 1.506, 1.505, 1.505, 1.505, 1.504, 1.503, 1.501, 1.5, 1.495, 1.494, 1.489, 1.488, 1.486, 1.485, 1.484, 1.484, 1.484, 1.485, 1.486, 1.488, 1.489, 1.49, 1.49, 1.49, 1.491, 1.491, 1.491, 1.49, 1.49, 1.489, 1.486, 1.484, 1.48, 1.477, 1.474, 1.474, 1.472, 1.472, 1.472, 1.473, 1.474, 1.476, 1.48, 1.483, 1.484, 1.485, 1.485, 1.486, 1.486, 1.486, 1.487, 1.488, 1.488, 1.488, 1.489, 1.488, 1.488, 1.487, 1.486, 1.483, 1.482, 1.481, 1.48, 1.479, 1.478, 1.478, 1.477, 1.476, 1.476, 1.475, 1.475, 1.474, 1.474, 1.474, 1.474, 1.474, 1.474, 1.474, 1.474, 1.473, 1.473, 1.473, 1.472, 1.472, 1.472, 1.472, 1.472, 1.472, 1.472, 1.473, 1.474, 1.475, 1.476, 1.478, 1.48, 1.482, 1.483, 1.487, 1.488, 1.489, 1.49, 1.491, 1.491, 0, 
1.532, 1.532, 1.532, 1.533, 1.534, 1.535, 1.537, 1.538, 1.538, 1.538, 1.538, 1.537, 1.537, 1.536, 1.536, 1.535, 1.535, 1.535, 1.535, 1.536, 1.536, 1.537, 1.537, 1.537, 1.536, 1.535, 1.534, 1.533, 1.533, 1.532, 1.531, 1.528, 1.528, 1.527, 1.527, 1.527, 1.527, 1.532, 1.532, 1.533, 1.534, 1.534, 1.535, 1.535, 1.534, 1.533, 1.533, 1.532, 1.527, 1.526, 1.525, 1.524, 1.524, 1.524, 1.524, 1.524, 1.525, 1.526, 1.527, 1.532, 1.533, 1.534, 1.535, 1.536, 1.536, 1.536, 1.536, 1.535, 1.534, 1.531, 1.531, 1.527, 1.526, 1.524, 1.522, 1.521, 1.52, 1.519, 1.518, 1.518, 1.517, 1.516, 1.516, 1.517, 1.518, 1.518, 1.519, 1.52, 1.523, 1.524, 1.527, 1.528, 1.532, 1.533, 1.534, 1.535, 1.536, 1.537, 1.537, 1.537, 1.537, 1.537, 1.536, 1.535, 1.534, 1.532, 1.527, 1.524, 1.522, 1.521, 1.52, 1.52, 1.52, 1.519, 1.518, 1.519, 1.52, 1.52, 1.522, 1.522, 1.523, 1.524, 1.525, 1.525, 1.526, 1.526, 1.526, 1.526, 1.526, 1.526, 1.525, 1.525, 1.525, 1.524, 1.524, 1.523, 1.522, 1.521, 1.52, 1.52, 1.52, 1.52, 1.52, 1.52, 1.524, 1.525, 1.531, 1.531, 1.532, 1.531, 1.528, 1.524, 1.521, 1.518, 1.512, 1.511, 1.511, 1.511, 1.511, 1.512, 1.519, 1.519, 1.524, 1.528, 1.531, 1.532, 1.532, 1.532, 1.528, 1.524, 1.52, 1.519, 1.513, 1.509, 1.509, 1.508, 1.507, 1.507, 1.508, 1.511, 1.512, 1.518, 1.521, 1.524, 1.527, 1.532, 1.532, 1.532, 1.532, 1.527, 1.526, 1.525, 1.524, 1.52, 1.519, 1.518, 1.517, 1.516, 1.516, 1.516, 1.516, 1.516, 1.516, 1.516, 1.516, 1.516, 1.516, 1.516, 1.516, 1.516, 1.516, 1.516, 1.516, 1.517, 1.517, 1.517, 1.518, 1.518, 1.519, 1.518, 1.517, 1.517, 1.516, 1.513, 1.513, 1.513, 1.513, 1.513, 1.513, 1.513, 1.516, 1.516, 1.516, 1.516, 1.512, 1.512, 1.506, 1.505, 1.503, 1.501, 1.5, 1.5, 1.501, 1.502, 1.503, 1.505, 1.507, 1.509, 1.51, 1.511, 1.511, 1.511, 1.511, 1.51, 1.509, 1.509, 1.509, 1.509, 1.51, 1.51, 1.511, 1.512, 1.512, 1.513, 1.513, 1.513, 1.513, 1.512, 1.511, 1.511, 1.51, 1.51, 1.509, 1.51, 1.51, 1.51, 1.511, 1.511, 1.512, 1.512, 1.513, 1.517, 1.517, 1.518, 1.519, 1.519, 1.519, 1.518, 1.517, 1.512, 1.511, 1.51, 1.507, 1.506, 1.505, 1.505, 1.505, 1.506, 1.506, 1.507, 1.507, 1.507, 1.508, 1.509, 1.509, 1.509, 1.509, 1.51, 1.511, 1.511, 1.511, 1.511, 1.511, 1.51, 1.509, 1.509, 1.508, 1.507, 1.507, 1.506, 1.505, 1.504, 1.503, 1.502, 1.502, 1.502, 1.502, 1.502, 1.502, 1.502, 1.503, 1.503, 1.503, 1.504, 1.504, 1.505, 1.505, 1.505, 1.505, 1.504, 1.504, 1.503, 1.503, 1.502, 1.501, 1.5, 1.5, 1.499, 1.496, 1.496, 1.496, 1.496, 1.496, 1.496, 1.496, 1.499, 1.499, 1.5, 1.501, 1.501, 1.503, 1.503, 1.503, 1.504, 1.505, 1.505, 1.506, 1.506, 1.507, 1.508, 1.509, 1.509, 1.508, 1.507, 1.507, 1.506, 1.505, 1.505, 1.505, 1.504, 1.503, 1.503, 1.501, 1.5, 1.495, 1.495, 1.489, 1.488, 1.486, 1.485, 1.484, 1.484, 1.484, 1.485, 1.486, 1.488, 1.488, 1.49, 1.49, 1.49, 1.491, 1.491, 1.491, 1.49, 1.49, 1.49, 1.486, 1.485, 1.481, 1.478, 1.475, 1.475, 1.472, 1.472, 1.474, 1.474, 1.476, 1.477, 1.481, 1.484, 1.485, 1.486, 1.487, 1.487, 1.487, 1.488, 1.488, 1.488, 1.488, 1.488, 1.488, 1.488, 1.488, 1.487, 1.486, 1.484, 1.483, 1.482, 1.481, 1.48, 1.479, 1.478, 1.477, 1.477, 1.476, 1.476, 1.475, 1.475, 1.475, 1.475, 1.475, 1.475, 1.474, 1.474, 1.474, 1.474, 1.474, 1.473, 1.473, 1.473, 1.472, 1.472, 1.472, 1.472, 1.472, 1.473, 1.473, 1.474, 1.476, 1.477, 1.479, 1.481, 1.483, 1.486, 1.488, 1.489, 1.49, 1.491, 1.491, 0, 
1.532, 1.532, 1.532, 1.533, 1.534, 1.535, 1.536, 1.537, 1.538, 1.538, 1.537, 1.537, 1.537, 1.537, 1.536, 1.536, 1.536, 1.536, 1.536, 1.536, 1.537, 1.537, 1.538, 1.537, 1.537, 1.536, 1.535, 1.534, 1.533, 1.532, 1.528, 1.527, 1.527, 1.526, 1.526, 1.526, 1.526, 1.527, 1.527, 1.532, 1.533, 1.533, 1.534, 1.534, 1.534, 1.533, 1.533, 1.532, 1.527, 1.526, 1.525, 1.524, 1.524, 1.524, 1.524, 1.524, 1.525, 1.526, 1.527, 1.532, 1.533, 1.534, 1.535, 1.536, 1.537, 1.537, 1.536, 1.535, 1.535, 1.531, 1.531, 1.527, 1.526, 1.524, 1.522, 1.521, 1.52, 1.519, 1.518, 1.518, 1.517, 1.516, 1.516, 1.517, 1.518, 1.518, 1.519, 1.52, 1.524, 1.527, 1.527, 1.532, 1.533, 1.534, 1.535, 1.535, 1.536, 1.537, 1.536, 1.536, 1.536, 1.535, 1.535, 1.534, 1.533, 1.527, 1.527, 1.523, 1.522, 1.521, 1.52, 1.52, 1.52, 1.519, 1.519, 1.519, 1.52, 1.521, 1.522, 1.522, 1.523, 1.524, 1.524, 1.524, 1.525, 1.525, 1.526, 1.526, 1.526, 1.526, 1.526, 1.526, 1.526, 1.526, 1.525, 1.524, 1.523, 1.522, 1.521, 1.52, 1.52, 1.52, 1.52, 1.52, 1.524, 1.525, 1.528, 1.531, 1.532, 1.531, 1.528, 1.525, 1.522, 1.519, 1.513, 1.512, 1.511, 1.511, 1.512, 1.512, 1.518, 1.519, 1.524, 1.527, 1.531, 1.532, 1.532, 1.532, 1.528, 1.524, 1.52, 1.518, 1.513, 1.509, 1.509, 1.508, 1.507, 1.507, 1.507, 1.511, 1.512, 1.518, 1.52, 1.524, 1.526, 1.531, 1.532, 1.532, 1.532, 1.531, 1.527, 1.526, 1.525, 1.521, 1.52, 1.518, 1.517, 1.516, 1.513, 1.513, 1.513, 1.513, 1.513, 1.516, 1.516, 1.516, 1.516, 1.516, 1.516, 1.516, 1.516, 1.517, 1.517, 1.518, 1.518, 1.52, 1.52, 1.52, 1.52, 1.519, 1.518, 1.517, 1.516, 1.516, 1.513, 1.513, 1.513, 1.513, 1.513, 1.513, 1.516, 1.516, 1.516, 1.516, 1.512, 1.511, 1.507, 1.504, 1.502, 1.501, 1.5, 1.5, 1.501, 1.502, 1.503, 1.506, 1.507, 1.509, 1.51, 1.511, 1.511, 1.511, 1.511, 1.511, 1.51, 1.51, 1.51, 1.51, 1.511, 1.511, 1.512, 1.513, 1.513, 1.516, 1.516, 1.513, 1.513, 1.513, 1.512, 1.511, 1.511, 1.511, 1.511, 1.511, 1.511, 1.511, 1.511, 1.512, 1.512, 1.513, 1.517, 1.517, 1.518, 1.518, 1.519, 1.52, 1.519, 1.518, 1.517, 1.516, 1.512, 1.51, 1.509, 1.507, 1.506, 1.506, 1.506, 1.507, 1.507, 1.507, 1.508, 1.508, 1.509, 1.509, 1.509, 1.509, 1.509, 1.51, 1.511, 1.511, 1.511, 1.511, 1.511, 1.511, 1.51, 1.509, 1.509, 1.508, 1.507, 1.506, 1.505, 1.504, 1.503, 1.503, 1.503, 1.503, 1.503, 1.503, 1.503, 1.503, 1.503, 1.503, 1.503, 1.503, 1.504, 1.504, 1.505, 1.505, 1.504, 1.504, 1.503, 1.503, 1.502, 1.501, 1.5, 1.499, 1.499, 1.496, 1.496, 1.496, 1.496, 1.496, 1.496, 1.496, 1.496, 1.499, 1.499, 1.5, 1.501, 1.502, 1.503, 1.503, 1.503, 1.504, 1.505, 1.505, 1.505, 1.506, 1.507, 1.508, 1.508, 1.508, 1.508, 1.507, 1.507, 1.506, 1.505, 1.505, 1.505, 1.504, 1.503, 1.502, 1.501, 1.5, 1.495, 1.494, 1.489, 1.488, 1.486, 1.485, 1.484, 1.484, 1.484, 1.485, 1.486, 1.488, 1.488, 1.489, 1.49, 1.49, 1.491, 1.491, 1.491, 1.491, 1.49, 1.49, 1.487, 1.486, 1.482, 1.479, 1.476, 1.476, 1.472, 1.472, 1.475, 1.476, 1.477, 1.478, 1.482, 1.485, 1.486, 1.487, 1.488, 1.488, 1.488, 1.488, 1.489, 1.489, 1.489, 1.489, 1.489, 1.488, 1.488, 1.486, 1.486, 1.484, 1.483, 1.482, 1.481, 1.48, 1.479, 1.478, 1.478, 1.477, 1.477, 1.476, 1.476, 1.476, 1.476, 1.476, 1.476, 1.476, 1.475, 1.475, 1.475, 1.474, 1.474, 1.474, 1.474, 1.473, 1.473, 1.472, 1.472, 1.472, 1.472, 1.472, 1.473, 1.473, 1.475, 1.476, 1.478, 1.48, 1.481, 1.486, 1.487, 1.488, 1.489, 1.491, 1.491, 0, 
1.533, 1.532, 1.532, 1.533, 1.534, 1.535, 1.536, 1.537, 1.537, 1.537, 1.537, 1.537, 1.537, 1.537, 1.537, 1.537, 1.536, 1.537, 1.537, 1.537, 1.538, 1.538, 1.538, 1.538, 1.538, 1.537, 1.536, 1.534, 1.533, 1.532, 1.528, 1.527, 1.526, 1.526, 1.525, 1.525, 1.525, 1.526, 1.526, 1.527, 1.532, 1.533, 1.533, 1.533, 1.533, 1.533, 1.532, 1.532, 1.527, 1.526, 1.525, 1.524, 1.524, 1.524, 1.524, 1.524, 1.525, 1.526, 1.526, 1.532, 1.533, 1.534, 1.535, 1.536, 1.537, 1.537, 1.536, 1.536, 1.535, 1.531, 1.531, 1.527, 1.526, 1.524, 1.522, 1.521, 1.52, 1.519, 1.518, 1.518, 1.517, 1.516, 1.516, 1.517, 1.518, 1.518, 1.52, 1.521, 1.524, 1.527, 1.532, 1.532, 1.533, 1.534, 1.535, 1.536, 1.536, 1.536, 1.536, 1.535, 1.535, 1.534, 1.534, 1.533, 1.532, 1.527, 1.524, 1.523, 1.522, 1.521, 1.52, 1.52, 1.52, 1.519, 1.519, 1.52, 1.52, 1.521, 1.522, 1.522, 1.523, 1.524, 1.524, 1.524, 1.524, 1.525, 1.526, 1.526, 1.527, 1.527, 1.527, 1.527, 1.527, 1.527, 1.527, 1.524, 1.523, 1.522, 1.521, 1.52, 1.519, 1.519, 1.519, 1.519, 1.522, 1.524, 1.527, 1.531, 1.531, 1.531, 1.528, 1.526, 1.522, 1.52, 1.516, 1.512, 1.512, 1.512, 1.512, 1.517, 1.518, 1.519, 1.524, 1.527, 1.527, 1.531, 1.531, 1.528, 1.527, 1.524, 1.522, 1.518, 1.513, 1.51, 1.509, 1.508, 1.507, 1.507, 1.507, 1.511, 1.512, 1.518, 1.52, 1.523, 1.526, 1.531, 1.532, 1.532, 1.532, 1.531, 1.527, 1.527, 1.523, 1.522, 1.52, 1.518, 1.517, 1.513, 1.513, 1.513, 1.513, 1.513, 1.513, 1.513, 1.516, 1.516, 1.516, 1.516, 1.516, 1.516, 1.517, 1.518, 1.518, 1.519, 1.52, 1.52, 1.521, 1.522, 1.521, 1.52, 1.519, 1.518, 1.517, 1.516, 1.513, 1.513, 1.513, 1.513, 1.513, 1.513, 1.516, 1.516, 1.516, 1.516, 1.511, 1.51, 1.507, 1.503, 1.501, 1.5, 1.5, 1.5, 1.501, 1.502, 1.503, 1.507, 1.508, 1.509, 1.51, 1.511, 1.511, 1.511, 1.511, 1.511, 1.511, 1.511, 1.511, 1.511, 1.511, 1.512, 1.512, 1.517, 1.517, 1.517, 1.517, 1.518, 1.517, 1.517, 1.512, 1.512, 1.511, 1.511, 1.511, 1.511, 1.511, 1.511, 1.512, 1.512, 1.513, 1.516, 1.517, 1.518, 1.518, 1.518, 1.519, 1.52, 1.519, 1.519, 1.517, 1.517, 1.512, 1.511, 1.51, 1.508, 1.507, 1.507, 1.507, 1.508, 1.508, 1.508, 1.509, 1.509, 1.509, 1.509, 1.509, 1.509, 1.51, 1.51, 1.511, 1.511, 1.511, 1.511, 1.511, 1.511, 1.511, 1.51, 1.509, 1.508, 1.507, 1.507, 1.506, 1.505, 1.504, 1.503, 1.503, 1.503, 1.503, 1.503, 1.503, 1.503, 1.503, 1.503, 1.503, 1.503, 1.503, 1.504, 1.504, 1.504, 1.504, 1.503, 1.503, 1.502, 1.501, 1.5, 1.5, 1.499, 1.496, 1.496, 1.495, 1.495, 1.495, 1.495, 1.496, 1.496, 1.496, 1.499, 1.5, 1.5, 1.501, 1.502, 1.503, 1.503, 1.503, 1.504, 1.505, 1.505, 1.505, 1.506, 1.507, 1.507, 1.508, 1.508, 1.508, 1.507, 1.507, 1.506, 1.505, 1.505, 1.505, 1.504, 1.503, 1.502, 1.501, 1.5, 1.496, 1.494, 1.489, 1.488, 1.486, 1.485, 1.484, 1.484, 1.485, 1.486, 1.487, 1.488, 1.489, 1.49, 1.49, 1.49, 1.49, 1.491, 1.491, 1.491, 1.49, 1.489, 1.488, 1.487, 1.483, 1.479, 1.478, 1.478, 1.477, 1.477, 1.477, 1.478, 1.478, 1.479, 1.484, 1.487, 1.488, 1.489, 1.49, 1.49, 1.49, 1.49, 1.49, 1.49, 1.49, 1.49, 1.489, 1.488, 1.488, 1.487, 1.486, 1.484, 1.483, 1.482, 1.482, 1.481, 1.48, 1.479, 1.478, 1.478, 1.478, 1.477, 1.477, 1.476, 1.476, 1.476, 1.476, 1.476, 1.476, 1.476, 1.475, 1.475, 1.474, 1.474, 1.474, 1.474, 1.473, 1.472, 1.472, 1.472, 1.472, 1.472, 1.472, 1.473, 1.474, 1.476, 1.477, 1.479, 1.482, 1.485, 1.486, 1.487, 1.488, 1.49, 1.491, 0, 
1.533, 1.532, 1.532, 1.533, 1.533, 1.534, 1.535, 1.536, 1.537, 1.537, 1.537, 1.537, 1.537, 1.537, 1.537, 1.537, 1.537, 1.537, 1.537, 1.538, 1.538, 1.539, 1.542, 1.542, 1.538, 1.538, 1.537, 1.535, 1.534, 1.531, 1.527, 1.527, 1.526, 1.525, 1.524, 1.524, 1.524, 1.525, 1.525, 1.526, 1.527, 1.532, 1.532, 1.533, 1.533, 1.533, 1.532, 1.531, 1.531, 1.526, 1.525, 1.524, 1.524, 1.524, 1.524, 1.524, 1.525, 1.526, 1.526, 1.532, 1.533, 1.534, 1.535, 1.537, 1.537, 1.537, 1.537, 1.536, 1.535, 1.532, 1.532, 1.527, 1.526, 1.524, 1.523, 1.52, 1.52, 1.519, 1.518, 1.518, 1.517, 1.516, 1.516, 1.517, 1.518, 1.518, 1.519, 1.523, 1.524, 1.528, 1.532, 1.533, 1.534, 1.535, 1.535, 1.535, 1.535, 1.535, 1.535, 1.534, 1.534, 1.533, 1.533, 1.532, 1.527, 1.527, 1.523, 1.522, 1.522, 1.521, 1.52, 1.52, 1.52, 1.52, 1.52, 1.52, 1.521, 1.521, 1.522, 1.522, 1.523, 1.524, 1.524, 1.524, 1.524, 1.525, 1.526, 1.526, 1.527, 1.528, 1.528, 1.528, 1.528, 1.528, 1.527, 1.526, 1.524, 1.523, 1.521, 1.52, 1.519, 1.518, 1.518, 1.519, 1.52, 1.524, 1.527, 1.531, 1.531, 1.531, 1.527, 1.526, 1.523, 1.52, 1.517, 1.513, 1.512, 1.512, 1.512, 1.517, 1.518, 1.519, 1.524, 1.525, 1.528, 1.531, 1.531, 1.527, 1.526, 1.524, 1.523, 1.518, 1.512, 1.511, 1.51, 1.509, 1.508, 1.507, 1.507, 1.51, 1.511, 1.517, 1.52, 1.522, 1.526, 1.528, 1.532, 1.532, 1.532, 1.531, 1.531, 1.527, 1.524, 1.523, 1.52, 1.518, 1.517, 1.513, 1.513, 1.513, 1.513, 1.513, 1.513, 1.513, 1.513, 1.513, 1.516, 1.516, 1.516, 1.517, 1.518, 1.519, 1.52, 1.521, 1.522, 1.523, 1.523, 1.523, 1.523, 1.522, 1.52, 1.52, 1.516, 1.516, 1.513, 1.513, 1.513, 1.513, 1.513, 1.513, 1.516, 1.516, 1.516, 1.512, 1.511, 1.51, 1.506, 1.502, 1.501, 1.5, 1.5, 1.5, 1.501, 1.503, 1.503, 1.507, 1.508, 1.509, 1.511, 1.511, 1.511, 1.511, 1.511, 1.511, 1.511, 1.511, 1.511, 1.511, 1.512, 1.516, 1.517, 1.518, 1.518, 1.518, 1.518, 1.518, 1.518, 1.517, 1.517, 1.512, 1.512, 1.512, 1.511, 1.512, 1.512, 1.512, 1.512, 1.513, 1.513, 1.517, 1.517, 1.518, 1.518, 1.518, 1.519, 1.519, 1.519, 1.518, 1.517, 1.516, 1.513, 1.512, 1.511, 1.509, 1.509, 1.508, 1.508, 1.509, 1.509, 1.509, 1.509, 1.509, 1.509, 1.509, 1.509, 1.509, 1.51, 1.511, 1.511, 1.511, 1.512, 1.512, 1.512, 1.512, 1.511, 1.511, 1.51, 1.509, 1.508, 1.507, 1.507, 1.506, 1.505, 1.504, 1.504, 1.503, 1.503, 1.503, 1.503, 1.503, 1.503, 1.503, 1.503, 1.503, 1.503, 1.503, 1.503, 1.503, 1.503, 1.503, 1.503, 1.502, 1.501, 1.5, 1.499, 1.496, 1.496, 1.496, 1.495, 1.494, 1.494, 1.495, 1.496, 1.496, 1.499, 1.499, 1.5, 1.501, 1.502, 1.502, 1.503, 1.503, 1.503, 1.504, 1.505, 1.505, 1.505, 1.506, 1.507, 1.507, 1.508, 1.508, 1.508, 1.507, 1.507, 1.506, 1.505, 1.505, 1.505, 1.504, 1.503, 1.502, 1.501, 1.5, 1.496, 1.493, 1.489, 1.488, 1.486, 1.485, 1.485, 1.484, 1.485, 1.486, 1.487, 1.488, 1.489, 1.49, 1.49, 1.49, 1.49, 1.49, 1.49, 1.49, 1.49, 1.489, 1.488, 1.486, 1.485, 1.481, 1.48, 1.479, 1.478, 1.478, 1.478, 1.479, 1.48, 1.481, 1.486, 1.489, 1.49, 1.49, 1.491, 1.491, 1.491, 1.49, 1.49, 1.49, 1.49, 1.49, 1.489, 1.488, 1.488, 1.487, 1.486, 1.484, 1.483, 1.483, 1.482, 1.481, 1.481, 1.48, 1.479, 1.479, 1.478, 1.478, 1.478, 1.478, 1.478, 1.477, 1.477, 1.477, 1.476, 1.476, 1.476, 1.475, 1.474, 1.474, 1.474, 1.474, 1.473, 1.472, 1.472, 1.472, 1.472, 1.472, 1.472, 1.472, 1.473, 1.475, 1.476, 1.477, 1.48, 1.483, 1.484, 1.486, 1.486, 1.49, 1.491, 0, 
1.535, 1.533, 1.533, 1.533, 1.533, 1.534, 1.535, 1.535, 1.536, 1.537, 1.537, 1.537, 1.537, 1.536, 1.536, 1.536, 1.537, 1.537, 1.537, 1.538, 1.539, 1.542, 1.542, 1.542, 1.542, 1.538, 1.537, 1.536, 1.535, 1.531, 1.531, 1.526, 1.526, 1.524, 1.523, 1.523, 1.523, 1.524, 1.524, 1.525, 1.526, 1.527, 1.532, 1.532, 1.532, 1.532, 1.532, 1.531, 1.531, 1.526, 1.525, 1.524, 1.524, 1.524, 1.524, 1.524, 1.525, 1.526, 1.527, 1.532, 1.533, 1.535, 1.536, 1.537, 1.538, 1.538, 1.537, 1.536, 1.535, 1.533, 1.532, 1.527, 1.526, 1.525, 1.524, 1.52, 1.52, 1.519, 1.518, 1.518, 1.517, 1.516, 1.516, 1.517, 1.518, 1.519, 1.52, 1.524, 1.525, 1.528, 1.532, 1.533, 1.534, 1.535, 1.535, 1.535, 1.534, 1.534, 1.533, 1.533, 1.533, 1.532, 1.532, 1.527, 1.527, 1.526, 1.522, 1.522, 1.522, 1.521, 1.52, 1.52, 1.52, 1.52, 1.52, 1.521, 1.522, 1.522, 1.522, 1.523, 1.523, 1.524, 1.524, 1.524, 1.524, 1.525, 1.526, 1.526, 1.527, 1.528, 1.531, 1.532, 1.532, 1.532, 1.532, 1.527, 1.525, 1.524, 1.522, 1.52, 1.519, 1.518, 1.518, 1.518, 1.519, 1.524, 1.526, 1.527, 1.531, 1.531, 1.531, 1.526, 1.524, 1.521, 1.518, 1.513, 1.513, 1.513, 1.513, 1.517, 1.518, 1.519, 1.523, 1.524, 1.528, 1.528, 1.531, 1.527, 1.526, 1.524, 1.523, 1.518, 1.512, 1.511, 1.51, 1.509, 1.508, 1.507, 1.508, 1.509, 1.51, 1.516, 1.519, 1.522, 1.524, 1.527, 1.531, 1.532, 1.532, 1.531, 1.531, 1.528, 1.525, 1.524, 1.52, 1.518, 1.517, 1.513, 1.513, 1.513, 1.512, 1.512, 1.512, 1.512, 1.513, 1.513, 1.513, 1.516, 1.516, 1.517, 1.518, 1.52, 1.521, 1.522, 1.523, 1.524, 1.524, 1.524, 1.523, 1.522, 1.521, 1.52, 1.517, 1.517, 1.513, 1.513, 1.513, 1.513, 1.513, 1.513, 1.516, 1.516, 1.513, 1.513, 1.51, 1.509, 1.505, 1.502, 1.501, 1.5, 1.5, 1.5, 1.502, 1.503, 1.505, 1.507, 1.509, 1.51, 1.511, 1.511, 1.511, 1.511, 1.511, 1.511, 1.511, 1.511, 1.512, 1.512, 1.516, 1.517, 1.518, 1.519, 1.52, 1.52, 1.52, 1.52, 1.519, 1.518, 1.517, 1.516, 1.512, 1.512, 1.512, 1.512, 1.512, 1.513, 1.513, 1.516, 1.516, 1.517, 1.517, 1.518, 1.518, 1.518, 1.518, 1.518, 1.519, 1.518, 1.517, 1.516, 1.513, 1.512, 1.511, 1.51, 1.509, 1.509, 1.509, 1.509, 1.509, 1.509, 1.509, 1.509, 1.509, 1.509, 1.51, 1.51, 1.51, 1.511, 1.511, 1.512, 1.512, 1.513, 1.513, 1.512, 1.511, 1.511, 1.51, 1.509, 1.509, 1.508, 1.507, 1.506, 1.506, 1.505, 1.505, 1.504, 1.504, 1.504, 1.503, 1.503, 1.503, 1.503, 1.503, 1.503, 1.503, 1.503, 1.503, 1.503, 1.503, 1.503, 1.503, 1.502, 1.501, 1.5, 1.499, 1.496, 1.496, 1.495, 1.495, 1.494, 1.494, 1.495, 1.496, 1.496, 1.499, 1.5, 1.501, 1.501, 1.502, 1.503, 1.503, 1.503, 1.503, 1.504, 1.505, 1.505, 1.505, 1.506, 1.507, 1.508, 1.508, 1.509, 1.508, 1.507, 1.507, 1.506, 1.506, 1.505, 1.505, 1.504, 1.503, 1.503, 1.501, 1.5, 1.496, 1.492, 1.489, 1.488, 1.486, 1.486, 1.485, 1.485, 1.485, 1.486, 1.487, 1.488, 1.489, 1.49, 1.49, 1.49, 1.49, 1.49, 1.49, 1.49, 1.489, 1.489, 1.488, 1.486, 1.485, 1.482, 1.481, 1.48, 1.48, 1.48, 1.48, 1.481, 1.482, 1.483, 1.487, 1.49, 1.491, 1.492, 1.493, 1.492, 1.492, 1.492, 1.491, 1.49, 1.49, 1.49, 1.489, 1.488, 1.488, 1.487, 1.486, 1.485, 1.484, 1.483, 1.483, 1.482, 1.482, 1.481, 1.481, 1.48, 1.479, 1.479, 1.479, 1.478, 1.478, 1.478, 1.478, 1.478, 1.477, 1.477, 1.476, 1.476, 1.475, 1.475, 1.474, 1.474, 1.473, 1.472, 1.472, 1.472, 1.472, 1.472, 1.472, 1.472, 1.473, 1.474, 1.475, 1.476, 1.48, 1.482, 1.483, 1.484, 1.485, 1.488, 1.491, 0, 
1.536, 1.533, 1.533, 1.533, 1.533, 1.533, 1.534, 1.535, 1.536, 1.536, 1.536, 1.536, 1.536, 1.536, 1.536, 1.536, 1.536, 1.536, 1.537, 1.538, 1.539, 1.542, 1.542, 1.542, 1.542, 1.542, 1.538, 1.537, 1.536, 1.532, 1.531, 1.527, 1.526, 1.524, 1.523, 1.522, 1.522, 1.523, 1.523, 1.524, 1.525, 1.526, 1.527, 1.531, 1.531, 1.531, 1.531, 1.531, 1.531, 1.526, 1.525, 1.525, 1.524, 1.524, 1.524, 1.524, 1.525, 1.526, 1.527, 1.531, 1.534, 1.535, 1.537, 1.538, 1.538, 1.538, 1.538, 1.537, 1.535, 1.533, 1.532, 1.527, 1.526, 1.525, 1.524, 1.521, 1.52, 1.52, 1.519, 1.518, 1.517, 1.517, 1.516, 1.517, 1.518, 1.519, 1.52, 1.524, 1.527, 1.527, 1.533, 1.534, 1.535, 1.535, 1.534, 1.534, 1.533, 1.533, 1.532, 1.532, 1.532, 1.528, 1.528, 1.527, 1.526, 1.525, 1.522, 1.522, 1.522, 1.521, 1.521, 1.52, 1.52, 1.521, 1.521, 1.522, 1.522, 1.523, 1.523, 1.524, 1.524, 1.524, 1.524, 1.524, 1.524, 1.525, 1.526, 1.527, 1.528, 1.528, 1.532, 1.533, 1.533, 1.533, 1.533, 1.527, 1.526, 1.525, 1.521, 1.52, 1.518, 1.517, 1.517, 1.518, 1.518, 1.523, 1.526, 1.528, 1.531, 1.532, 1.531, 1.527, 1.524, 1.522, 1.518, 1.516, 1.513, 1.513, 1.513, 1.517, 1.518, 1.519, 1.522, 1.523, 1.527, 1.527, 1.528, 1.527, 1.526, 1.524, 1.523, 1.519, 1.516, 1.512, 1.511, 1.51, 1.508, 1.508, 1.508, 1.509, 1.511, 1.512, 1.518, 1.52, 1.524, 1.526, 1.531, 1.531, 1.531, 1.531, 1.531, 1.528, 1.527, 1.524, 1.522, 1.518, 1.517, 1.513, 1.513, 1.512, 1.512, 1.511, 1.511, 1.511, 1.512, 1.512, 1.513, 1.513, 1.516, 1.516, 1.519, 1.52, 1.521, 1.523, 1.524, 1.524, 1.525, 1.525, 1.524, 1.523, 1.521, 1.52, 1.518, 1.517, 1.516, 1.513, 1.513, 1.513, 1.513, 1.513, 1.516, 1.516, 1.513, 1.513, 1.509, 1.508, 1.504, 1.503, 1.502, 1.501, 1.501, 1.501, 1.502, 1.503, 1.507, 1.507, 1.511, 1.511, 1.511, 1.512, 1.511, 1.511, 1.511, 1.511, 1.511, 1.512, 1.512, 1.516, 1.517, 1.518, 1.519, 1.52, 1.521, 1.522, 1.521, 1.52, 1.52, 1.519, 1.518, 1.517, 1.516, 1.513, 1.513, 1.513, 1.513, 1.513, 1.516, 1.516, 1.516, 1.517, 1.517, 1.517, 1.517, 1.518, 1.518, 1.518, 1.518, 1.517, 1.516, 1.516, 1.513, 1.512, 1.511, 1.51, 1.509, 1.509, 1.509, 1.509, 1.509, 1.509, 1.509, 1.509, 1.51, 1.51, 1.51, 1.511, 1.511, 1.511, 1.512, 1.512, 1.513, 1.513, 1.513, 1.512, 1.512, 1.511, 1.511, 1.51, 1.509, 1.508, 1.508, 1.507, 1.507, 1.506, 1.506, 1.505, 1.505, 1.504, 1.504, 1.504, 1.503, 1.503, 1.503, 1.503, 1.503, 1.503, 1.503, 1.503, 1.503, 1.503, 1.502, 1.501, 1.501, 1.5, 1.499, 1.496, 1.496, 1.495, 1.494, 1.494, 1.494, 1.495, 1.496, 1.496, 1.5, 1.5, 1.501, 1.502, 1.503, 1.503, 1.503, 1.503, 1.503, 1.504, 1.505, 1.505, 1.505, 1.506, 1.507, 1.508, 1.509, 1.509, 1.508, 1.508, 1.507, 1.507, 1.506, 1.505, 1.505, 1.504, 1.503, 1.503, 1.502, 1.496, 1.495, 1.492, 1.489, 1.488, 1.487, 1.486, 1.485, 1.485, 1.485, 1.486, 1.488, 1.489, 1.489, 1.49, 1.49, 1.489, 1.489, 1.489, 1.489, 1.489, 1.488, 1.488, 1.487, 1.486, 1.485, 1.484, 1.482, 1.482, 1.481, 1.481, 1.482, 1.483, 1.484, 1.485, 1.488, 1.492, 1.492, 1.493, 1.494, 1.493, 1.493, 1.492, 1.492, 1.491, 1.49, 1.49, 1.489, 1.488, 1.488, 1.487, 1.486, 1.485, 1.484, 1.484, 1.483, 1.483, 1.482, 1.482, 1.482, 1.481, 1.481, 1.48, 1.48, 1.48, 1.48, 1.479, 1.479, 1.478, 1.478, 1.478, 1.477, 1.476, 1.476, 1.475, 1.475, 1.474, 1.473, 1.472, 1.472, 1.471, 1.471, 1.471, 1.471, 1.471, 1.472, 1.473, 1.475, 1.476, 1.479, 1.481, 1.482, 1.483, 1.484, 1.485, 1.491, 0, 
1.537, 1.533, 1.533, 1.533, 1.533, 1.533, 1.534, 1.535, 1.535, 1.535, 1.535, 1.535, 1.535, 1.535, 1.535, 1.535, 1.535, 1.536, 1.537, 1.538, 1.539, 1.542, 1.543, 1.543, 1.543, 1.542, 1.538, 1.538, 1.535, 1.534, 1.531, 1.527, 1.526, 1.524, 1.523, 1.522, 1.522, 1.522, 1.522, 1.523, 1.524, 1.525, 1.526, 1.527, 1.531, 1.531, 1.531, 1.531, 1.531, 1.526, 1.526, 1.525, 1.524, 1.524, 1.524, 1.525, 1.526, 1.526, 1.531, 1.531, 1.535, 1.536, 1.537, 1.538, 1.539, 1.539, 1.538, 1.537, 1.535, 1.534, 1.531, 1.531, 1.526, 1.525, 1.524, 1.523, 1.521, 1.52, 1.52, 1.519, 1.518, 1.517, 1.517, 1.517, 1.519, 1.52, 1.522, 1.523, 1.527, 1.532, 1.533, 1.534, 1.534, 1.534, 1.533, 1.533, 1.532, 1.532, 1.527, 1.527, 1.527, 1.527, 1.527, 1.526, 1.525, 1.524, 1.523, 1.522, 1.522, 1.522, 1.521, 1.521, 1.521, 1.522, 1.522, 1.523, 1.523, 1.524, 1.524, 1.524, 1.524, 1.524, 1.524, 1.524, 1.524, 1.525, 1.526, 1.527, 1.528, 1.532, 1.533, 1.534, 1.535, 1.536, 1.535, 1.534, 1.527, 1.526, 1.521, 1.52, 1.518, 1.517, 1.517, 1.517, 1.518, 1.522, 1.525, 1.528, 1.531, 1.532, 1.532, 1.527, 1.524, 1.523, 1.519, 1.517, 1.513, 1.513, 1.513, 1.517, 1.518, 1.52, 1.522, 1.524, 1.526, 1.527, 1.527, 1.527, 1.526, 1.524, 1.523, 1.52, 1.517, 1.512, 1.511, 1.51, 1.509, 1.509, 1.509, 1.51, 1.511, 1.512, 1.518, 1.52, 1.524, 1.525, 1.528, 1.531, 1.531, 1.531, 1.531, 1.528, 1.528, 1.523, 1.522, 1.519, 1.518, 1.513, 1.513, 1.512, 1.511, 1.51, 1.51, 1.511, 1.511, 1.512, 1.512, 1.513, 1.516, 1.516, 1.519, 1.52, 1.522, 1.523, 1.524, 1.525, 1.525, 1.525, 1.524, 1.523, 1.522, 1.52, 1.519, 1.516, 1.516, 1.516, 1.516, 1.516, 1.516, 1.516, 1.516, 1.513, 1.513, 1.512, 1.509, 1.506, 1.505, 1.503, 1.502, 1.501, 1.502, 1.503, 1.504, 1.504, 1.508, 1.509, 1.511, 1.512, 1.512, 1.512, 1.512, 1.511, 1.511, 1.511, 1.511, 1.512, 1.513, 1.517, 1.518, 1.519, 1.52, 1.522, 1.523, 1.523, 1.523, 1.523, 1.522, 1.52, 1.519, 1.518, 1.517, 1.516, 1.516, 1.516, 1.516, 1.516, 1.516, 1.516, 1.516, 1.516, 1.516, 1.517, 1.517, 1.517, 1.517, 1.517, 1.517, 1.517, 1.516, 1.516, 1.513, 1.513, 1.512, 1.511, 1.51, 1.509, 1.509, 1.509, 1.509, 1.509, 1.509, 1.51, 1.51, 1.511, 1.511, 1.511, 1.511, 1.512, 1.512, 1.513, 1.513, 1.513, 1.513, 1.513, 1.512, 1.511, 1.511, 1.511, 1.51, 1.509, 1.508, 1.508, 1.507, 1.507, 1.507, 1.507, 1.506, 1.506, 1.505, 1.505, 1.504, 1.503, 1.503, 1.503, 1.503, 1.503, 1.503, 1.503, 1.503, 1.503, 1.502, 1.501, 1.501, 1.5, 1.499, 1.496, 1.496, 1.495, 1.494, 1.494, 1.494, 1.495, 1.495, 1.499, 1.5, 1.501, 1.502, 1.503, 1.503, 1.503, 1.504, 1.504, 1.504, 1.504, 1.505, 1.505, 1.505, 1.506, 1.507, 1.508, 1.509, 1.509, 1.509, 1.508, 1.508, 1.507, 1.506, 1.506, 1.505, 1.505, 1.503, 1.503, 1.502, 1.496, 1.495, 1.492, 1.489, 1.488, 1.487, 1.486, 1.486, 1.485, 1.485, 1.486, 1.488, 1.488, 1.489, 1.489, 1.489, 1.488, 1.488, 1.488, 1.488, 1.488, 1.488, 1.488, 1.487, 1.486, 1.485, 1.484, 1.483, 1.483, 1.482, 1.482, 1.483, 1.484, 1.485, 1.489, 1.489, 1.493, 1.493, 1.494, 1.495, 1.494, 1.494, 1.493, 1.492, 1.491, 1.49, 1.49, 1.489, 1.488, 1.487, 1.486, 1.486, 1.485, 1.484, 1.484, 1.484, 1.483, 1.483, 1.483, 1.482, 1.482, 1.482, 1.482, 1.481, 1.481, 1.481, 1.48, 1.48, 1.479, 1.479, 1.479, 1.478, 1.476, 1.476, 1.476, 1.475, 1.474, 1.473, 1.472, 1.472, 1.471, 1.47, 1.47, 1.47, 1.471, 1.471, 1.472, 1.474, 1.475, 1.479, 1.48, 1.481, 1.482, 1.483, 1.483, 1.491, 0, 
1.537, 1.533, 1.533, 1.533, 1.533, 1.533, 1.534, 1.535, 1.535, 1.535, 1.535, 1.535, 1.535, 1.535, 1.535, 1.535, 1.535, 1.536, 1.537, 1.538, 1.539, 1.543, 1.543, 1.544, 1.543, 1.543, 1.539, 1.539, 1.535, 1.535, 1.531, 1.527, 1.526, 1.524, 1.523, 1.522, 1.522, 1.522, 1.522, 1.522, 1.523, 1.524, 1.526, 1.527, 1.527, 1.531, 1.531, 1.531, 1.531, 1.526, 1.526, 1.525, 1.525, 1.525, 1.525, 1.526, 1.526, 1.527, 1.532, 1.532, 1.535, 1.536, 1.537, 1.538, 1.539, 1.539, 1.538, 1.537, 1.536, 1.535, 1.531, 1.531, 1.527, 1.526, 1.525, 1.524, 1.522, 1.521, 1.521, 1.52, 1.519, 1.518, 1.518, 1.519, 1.52, 1.52, 1.524, 1.524, 1.528, 1.531, 1.534, 1.534, 1.534, 1.533, 1.533, 1.532, 1.527, 1.527, 1.527, 1.526, 1.526, 1.526, 1.526, 1.525, 1.525, 1.524, 1.523, 1.523, 1.523, 1.522, 1.522, 1.522, 1.522, 1.522, 1.523, 1.524, 1.524, 1.524, 1.524, 1.524, 1.524, 1.524, 1.524, 1.525, 1.525, 1.526, 1.527, 1.527, 1.532, 1.533, 1.534, 1.535, 1.536, 1.537, 1.536, 1.535, 1.531, 1.526, 1.522, 1.521, 1.518, 1.517, 1.517, 1.517, 1.518, 1.523, 1.524, 1.528, 1.531, 1.532, 1.532, 1.528, 1.525, 1.524, 1.52, 1.517, 1.516, 1.516, 1.516, 1.516, 1.517, 1.52, 1.522, 1.523, 1.525, 1.526, 1.527, 1.527, 1.526, 1.525, 1.524, 1.52, 1.518, 1.513, 1.512, 1.511, 1.51, 1.509, 1.509, 1.51, 1.511, 1.512, 1.518, 1.52, 1.523, 1.524, 1.528, 1.531, 1.531, 1.531, 1.531, 1.528, 1.528, 1.524, 1.522, 1.519, 1.518, 1.517, 1.513, 1.512, 1.511, 1.51, 1.51, 1.51, 1.51, 1.511, 1.512, 1.513, 1.513, 1.517, 1.518, 1.52, 1.522, 1.523, 1.524, 1.525, 1.525, 1.525, 1.524, 1.523, 1.522, 1.52, 1.52, 1.516, 1.516, 1.516, 1.516, 1.516, 1.516, 1.516, 1.516, 1.513, 1.512, 1.511, 1.51, 1.505, 1.505, 1.503, 1.502, 1.502, 1.503, 1.504, 1.505, 1.508, 1.509, 1.511, 1.512, 1.512, 1.516, 1.512, 1.512, 1.511, 1.511, 1.511, 1.512, 1.512, 1.516, 1.516, 1.519, 1.52, 1.522, 1.523, 1.524, 1.524, 1.524, 1.524, 1.523, 1.521, 1.52, 1.518, 1.517, 1.517, 1.516, 1.516, 1.516, 1.516, 1.516, 1.516, 1.516, 1.516, 1.516, 1.516, 1.516, 1.516, 1.516, 1.516, 1.516, 1.516, 1.513, 1.513, 1.513, 1.513, 1.512, 1.511, 1.51, 1.509, 1.509, 1.509, 1.509, 1.509, 1.51, 1.51, 1.511, 1.511, 1.511, 1.511, 1.511, 1.512, 1.516, 1.513, 1.513, 1.513, 1.516, 1.513, 1.512, 1.512, 1.511, 1.511, 1.51, 1.51, 1.509, 1.509, 1.508, 1.508, 1.508, 1.508, 1.507, 1.507, 1.506, 1.505, 1.505, 1.504, 1.503, 1.503, 1.503, 1.503, 1.503, 1.503, 1.503, 1.503, 1.502, 1.501, 1.501, 1.5, 1.499, 1.496, 1.496, 1.495, 1.495, 1.494, 1.495, 1.495, 1.496, 1.5, 1.501, 1.502, 1.503, 1.503, 1.504, 1.504, 1.504, 1.504, 1.505, 1.505, 1.505, 1.505, 1.506, 1.507, 1.508, 1.509, 1.509, 1.509, 1.509, 1.509, 1.508, 1.508, 1.507, 1.506, 1.505, 1.505, 1.503, 1.503, 1.502, 1.495, 1.495, 1.492, 1.488, 1.488, 1.486, 1.486, 1.486, 1.485, 1.485, 1.486, 1.487, 1.488, 1.488, 1.488, 1.488, 1.488, 1.488, 1.488, 1.488, 1.488, 1.487, 1.487, 1.487, 1.486, 1.486, 1.485, 1.484, 1.484, 1.484, 1.484, 1.485, 1.486, 1.487, 1.491, 1.492, 1.493, 1.494, 1.495, 1.495, 1.495, 1.495, 1.494, 1.493, 1.491, 1.49, 1.49, 1.488, 1.488, 1.487, 1.486, 1.486, 1.485, 1.484, 1.484, 1.484, 1.484, 1.484, 1.484, 1.484, 1.484, 1.483, 1.483, 1.483, 1.482, 1.482, 1.481, 1.481, 1.48, 1.48, 1.48, 1.479, 1.476, 1.476, 1.476, 1.476, 1.475, 1.474, 1.472, 1.472, 1.471, 1.47, 1.47, 1.47, 1.47, 1.47, 1.471, 1.472, 1.476, 1.477, 1.479, 1.48, 1.481, 1.482, 1.482, 1.491, 0, 
1.537, 1.534, 1.534, 1.533, 1.533, 1.533, 1.534, 1.534, 1.535, 1.535, 1.535, 1.535, 1.535, 1.535, 1.535, 1.535, 1.535, 1.536, 1.537, 1.538, 1.539, 1.543, 1.543, 1.544, 1.543, 1.543, 1.539, 1.539, 1.535, 1.535, 1.531, 1.527, 1.526, 1.525, 1.523, 1.522, 1.522, 1.522, 1.522, 1.522, 1.523, 1.524, 1.525, 1.526, 1.527, 1.528, 1.528, 1.531, 1.528, 1.527, 1.526, 1.526, 1.526, 1.526, 1.526, 1.526, 1.527, 1.531, 1.532, 1.533, 1.535, 1.536, 1.538, 1.539, 1.539, 1.539, 1.538, 1.537, 1.536, 1.535, 1.532, 1.532, 1.531, 1.527, 1.526, 1.525, 1.524, 1.524, 1.522, 1.522, 1.521, 1.52, 1.52, 1.52, 1.521, 1.522, 1.524, 1.526, 1.527, 1.531, 1.534, 1.534, 1.534, 1.533, 1.532, 1.527, 1.527, 1.523, 1.524, 1.524, 1.524, 1.524, 1.524, 1.524, 1.524, 1.524, 1.524, 1.524, 1.523, 1.523, 1.523, 1.523, 1.523, 1.523, 1.524, 1.524, 1.525, 1.525, 1.525, 1.525, 1.525, 1.525, 1.525, 1.525, 1.526, 1.526, 1.527, 1.528, 1.532, 1.533, 1.535, 1.536, 1.537, 1.538, 1.538, 1.536, 1.532, 1.527, 1.524, 1.522, 1.518, 1.517, 1.517, 1.517, 1.518, 1.522, 1.525, 1.528, 1.532, 1.532, 1.532, 1.532, 1.525, 1.524, 1.52, 1.519, 1.516, 1.516, 1.516, 1.516, 1.516, 1.52, 1.521, 1.522, 1.524, 1.526, 1.527, 1.527, 1.526, 1.525, 1.524, 1.52, 1.518, 1.517, 1.513, 1.512, 1.511, 1.51, 1.509, 1.51, 1.511, 1.512, 1.517, 1.52, 1.521, 1.524, 1.528, 1.531, 1.531, 1.531, 1.531, 1.528, 1.528, 1.524, 1.523, 1.519, 1.518, 1.517, 1.513, 1.512, 1.511, 1.51, 1.509, 1.509, 1.51, 1.51, 1.511, 1.512, 1.513, 1.517, 1.518, 1.52, 1.521, 1.522, 1.523, 1.525, 1.525, 1.524, 1.523, 1.522, 1.521, 1.52, 1.519, 1.518, 1.517, 1.516, 1.516, 1.516, 1.516, 1.516, 1.516, 1.512, 1.511, 1.51, 1.509, 1.505, 1.504, 1.503, 1.503, 1.503, 1.504, 1.505, 1.506, 1.509, 1.51, 1.511, 1.516, 1.516, 1.516, 1.513, 1.512, 1.512, 1.511, 1.512, 1.512, 1.513, 1.516, 1.516, 1.52, 1.52, 1.523, 1.524, 1.525, 1.525, 1.525, 1.524, 1.523, 1.522, 1.52, 1.519, 1.518, 1.517, 1.516, 1.516, 1.516, 1.516, 1.516, 1.516, 1.513, 1.513, 1.513, 1.512, 1.512, 1.512, 1.512, 1.512, 1.516, 1.513, 1.513, 1.513, 1.513, 1.512, 1.511, 1.511, 1.51, 1.509, 1.509, 1.509, 1.509, 1.509, 1.51, 1.511, 1.511, 1.511, 1.511, 1.512, 1.512, 1.512, 1.516, 1.513, 1.513, 1.513, 1.516, 1.516, 1.513, 1.512, 1.511, 1.511, 1.511, 1.51, 1.509, 1.509, 1.509, 1.509, 1.509, 1.509, 1.508, 1.507, 1.507, 1.506, 1.505, 1.504, 1.504, 1.503, 1.503, 1.503, 1.503, 1.503, 1.503, 1.503, 1.502, 1.501, 1.501, 1.5, 1.499, 1.496, 1.496, 1.496, 1.495, 1.495, 1.495, 1.496, 1.496, 1.5, 1.501, 1.502, 1.503, 1.504, 1.505, 1.505, 1.505, 1.505, 1.505, 1.505, 1.505, 1.506, 1.507, 1.507, 1.508, 1.509, 1.509, 1.509, 1.509, 1.509, 1.509, 1.508, 1.508, 1.507, 1.506, 1.505, 1.504, 1.503, 1.502, 1.495, 1.495, 1.491, 1.488, 1.487, 1.486, 1.486, 1.486, 1.485, 1.485, 1.486, 1.487, 1.488, 1.488, 1.488, 1.488, 1.487, 1.487, 1.487, 1.487, 1.486, 1.486, 1.486, 1.486, 1.486, 1.486, 1.485, 1.485, 1.485, 1.485, 1.485, 1.486, 1.486, 1.488, 1.492, 1.493, 1.494, 1.495, 1.499, 1.499, 1.499, 1.495, 1.494, 1.493, 1.492, 1.49, 1.489, 1.488, 1.487, 1.486, 1.486, 1.485, 1.485, 1.484, 1.484, 1.484, 1.484, 1.484, 1.484, 1.484, 1.484, 1.484, 1.484, 1.484, 1.484, 1.483, 1.482, 1.482, 1.481, 1.481, 1.48, 1.48, 1.48, 1.477, 1.477, 1.476, 1.475, 1.474, 1.473, 1.472, 1.471, 1.47, 1.47, 1.47, 1.47, 1.47, 1.471, 1.471, 1.475, 1.476, 1.478, 1.479, 1.48, 1.48, 1.481, 1.491, 0, 
1.536, 1.535, 1.535, 1.534, 1.533, 1.533, 1.533, 1.534, 1.534, 1.535, 1.535, 1.535, 1.535, 1.534, 1.534, 1.535, 1.535, 1.535, 1.537, 1.538, 1.542, 1.542, 1.543, 1.543, 1.543, 1.542, 1.542, 1.539, 1.536, 1.535, 1.532, 1.532, 1.526, 1.525, 1.524, 1.523, 1.522, 1.522, 1.522, 1.522, 1.523, 1.524, 1.525, 1.526, 1.527, 1.528, 1.528, 1.531, 1.528, 1.527, 1.527, 1.526, 1.526, 1.526, 1.526, 1.527, 1.527, 1.532, 1.533, 1.534, 1.535, 1.537, 1.538, 1.538, 1.539, 1.538, 1.537, 1.536, 1.535, 1.535, 1.533, 1.532, 1.531, 1.531, 1.527, 1.526, 1.525, 1.525, 1.524, 1.523, 1.523, 1.52, 1.52, 1.52, 1.523, 1.523, 1.524, 1.527, 1.532, 1.532, 1.535, 1.534, 1.533, 1.532, 1.527, 1.526, 1.524, 1.523, 1.522, 1.522, 1.522, 1.522, 1.523, 1.524, 1.524, 1.524, 1.524, 1.524, 1.524, 1.524, 1.524, 1.524, 1.524, 1.524, 1.524, 1.525, 1.525, 1.526, 1.526, 1.526, 1.526, 1.526, 1.526, 1.526, 1.527, 1.527, 1.528, 1.531, 1.532, 1.534, 1.535, 1.537, 1.538, 1.542, 1.538, 1.537, 1.533, 1.528, 1.525, 1.522, 1.519, 1.518, 1.518, 1.518, 1.518, 1.522, 1.526, 1.528, 1.532, 1.532, 1.532, 1.532, 1.525, 1.525, 1.52, 1.52, 1.516, 1.516, 1.516, 1.516, 1.517, 1.518, 1.52, 1.52, 1.524, 1.525, 1.526, 1.527, 1.526, 1.526, 1.525, 1.521, 1.52, 1.518, 1.513, 1.512, 1.511, 1.51, 1.509, 1.51, 1.511, 1.512, 1.516, 1.519, 1.52, 1.524, 1.527, 1.527, 1.531, 1.531, 1.531, 1.528, 1.528, 1.525, 1.524, 1.519, 1.518, 1.518, 1.513, 1.512, 1.511, 1.51, 1.509, 1.509, 1.509, 1.51, 1.511, 1.512, 1.512, 1.517, 1.518, 1.519, 1.52, 1.521, 1.522, 1.523, 1.523, 1.523, 1.522, 1.521, 1.52, 1.519, 1.518, 1.518, 1.517, 1.516, 1.516, 1.516, 1.516, 1.516, 1.516, 1.512, 1.511, 1.51, 1.508, 1.505, 1.505, 1.504, 1.503, 1.503, 1.505, 1.506, 1.51, 1.51, 1.511, 1.517, 1.517, 1.517, 1.517, 1.516, 1.512, 1.512, 1.512, 1.512, 1.513, 1.513, 1.516, 1.516, 1.52, 1.52, 1.523, 1.524, 1.525, 1.525, 1.525, 1.524, 1.523, 1.522, 1.52, 1.519, 1.518, 1.517, 1.516, 1.516, 1.516, 1.513, 1.513, 1.513, 1.513, 1.512, 1.512, 1.512, 1.511, 1.511, 1.511, 1.512, 1.512, 1.512, 1.513, 1.513, 1.513, 1.512, 1.511, 1.511, 1.51, 1.509, 1.509, 1.509, 1.509, 1.51, 1.51, 1.511, 1.512, 1.512, 1.512, 1.512, 1.513, 1.513, 1.516, 1.513, 1.513, 1.513, 1.516, 1.516, 1.516, 1.512, 1.512, 1.511, 1.511, 1.51, 1.509, 1.509, 1.509, 1.509, 1.509, 1.509, 1.509, 1.508, 1.507, 1.506, 1.505, 1.505, 1.504, 1.504, 1.503, 1.503, 1.503, 1.503, 1.503, 1.503, 1.502, 1.501, 1.501, 1.5, 1.499, 1.496, 1.496, 1.496, 1.496, 1.496, 1.496, 1.496, 1.5, 1.5, 1.501, 1.502, 1.503, 1.504, 1.505, 1.505, 1.505, 1.505, 1.505, 1.505, 1.506, 1.507, 1.507, 1.508, 1.509, 1.51, 1.51, 1.51, 1.51, 1.51, 1.509, 1.509, 1.508, 1.507, 1.506, 1.505, 1.504, 1.503, 1.502, 1.495, 1.495, 1.49, 1.49, 1.486, 1.486, 1.486, 1.486, 1.486, 1.486, 1.486, 1.487, 1.488, 1.488, 1.488, 1.487, 1.486, 1.486, 1.486, 1.486, 1.486, 1.486, 1.486, 1.486, 1.486, 1.486, 1.486, 1.485, 1.485, 1.486, 1.486, 1.486, 1.488, 1.489, 1.492, 1.493, 1.495, 1.499, 1.499, 1.499, 1.499, 1.499, 1.495, 1.494, 1.492, 1.49, 1.489, 1.488, 1.487, 1.486, 1.485, 1.485, 1.484, 1.484, 1.484, 1.484, 1.484, 1.484, 1.485, 1.485, 1.485, 1.486, 1.486, 1.485, 1.485, 1.484, 1.484, 1.483, 1.482, 1.482, 1.481, 1.48, 1.48, 1.479, 1.478, 1.477, 1.476, 1.474, 1.473, 1.472, 1.471, 1.468, 1.468, 1.468, 1.468, 1.468, 1.47, 1.471, 1.474, 1.476, 1.477, 1.478, 1.479, 1.48, 1.48, 1.491, 0, 
1.537, 1.535, 1.535, 1.534, 1.533, 1.533, 1.533, 1.534, 1.534, 1.534, 1.534, 1.534, 1.534, 1.534, 1.534, 1.534, 1.534, 1.535, 1.536, 1.537, 1.542, 1.542, 1.543, 1.543, 1.542, 1.542, 1.542, 1.538, 1.537, 1.535, 1.533, 1.532, 1.527, 1.527, 1.524, 1.523, 1.522, 1.522, 1.522, 1.522, 1.523, 1.524, 1.525, 1.526, 1.526, 1.527, 1.528, 1.531, 1.531, 1.528, 1.527, 1.527, 1.527, 1.527, 1.527, 1.527, 1.531, 1.532, 1.533, 1.534, 1.535, 1.537, 1.537, 1.538, 1.538, 1.537, 1.536, 1.536, 1.535, 1.535, 1.534, 1.533, 1.532, 1.531, 1.531, 1.527, 1.526, 1.526, 1.524, 1.524, 1.524, 1.524, 1.524, 1.524, 1.524, 1.524, 1.526, 1.527, 1.532, 1.533, 1.534, 1.533, 1.533, 1.527, 1.526, 1.524, 1.523, 1.521, 1.521, 1.521, 1.521, 1.521, 1.522, 1.523, 1.524, 1.524, 1.524, 1.524, 1.524, 1.525, 1.525, 1.525, 1.524, 1.525, 1.525, 1.525, 1.526, 1.526, 1.526, 1.526, 1.526, 1.527, 1.527, 1.527, 1.528, 1.528, 1.528, 1.532, 1.533, 1.535, 1.536, 1.537, 1.538, 1.542, 1.542, 1.538, 1.534, 1.532, 1.526, 1.524, 1.52, 1.518, 1.518, 1.518, 1.519, 1.523, 1.526, 1.527, 1.532, 1.533, 1.532, 1.532, 1.526, 1.525, 1.521, 1.52, 1.516, 1.516, 1.516, 1.516, 1.516, 1.517, 1.519, 1.52, 1.523, 1.524, 1.525, 1.526, 1.526, 1.525, 1.524, 1.523, 1.519, 1.518, 1.517, 1.512, 1.512, 1.511, 1.51, 1.509, 1.512, 1.512, 1.517, 1.518, 1.519, 1.525, 1.526, 1.527, 1.531, 1.531, 1.528, 1.528, 1.527, 1.526, 1.525, 1.52, 1.519, 1.518, 1.517, 1.512, 1.511, 1.51, 1.509, 1.509, 1.509, 1.51, 1.511, 1.511, 1.512, 1.513, 1.517, 1.518, 1.52, 1.52, 1.521, 1.522, 1.522, 1.521, 1.521, 1.52, 1.519, 1.518, 1.518, 1.517, 1.517, 1.516, 1.516, 1.516, 1.516, 1.516, 1.516, 1.512, 1.511, 1.509, 1.507, 1.506, 1.505, 1.504, 1.503, 1.504, 1.505, 1.506, 1.511, 1.511, 1.517, 1.518, 1.519, 1.519, 1.518, 1.517, 1.513, 1.513, 1.513, 1.513, 1.513, 1.513, 1.516, 1.516, 1.52, 1.52, 1.523, 1.524, 1.525, 1.525, 1.525, 1.524, 1.523, 1.522, 1.52, 1.519, 1.518, 1.517, 1.517, 1.516, 1.513, 1.513, 1.513, 1.513, 1.512, 1.512, 1.511, 1.511, 1.51, 1.51, 1.511, 1.511, 1.511, 1.511, 1.512, 1.512, 1.513, 1.512, 1.512, 1.511, 1.51, 1.509, 1.509, 1.51, 1.51, 1.511, 1.511, 1.511, 1.512, 1.513, 1.513, 1.513, 1.513, 1.516, 1.516, 1.513, 1.513, 1.513, 1.516, 1.516, 1.516, 1.513, 1.512, 1.511, 1.511, 1.51, 1.51, 1.509, 1.509, 1.509, 1.509, 1.509, 1.509, 1.509, 1.508, 1.507, 1.506, 1.505, 1.505, 1.504, 1.504, 1.504, 1.504, 1.503, 1.503, 1.503, 1.503, 1.502, 1.501, 1.5, 1.499, 1.499, 1.496, 1.496, 1.496, 1.496, 1.496, 1.496, 1.5, 1.501, 1.501, 1.503, 1.503, 1.504, 1.505, 1.505, 1.505, 1.505, 1.505, 1.506, 1.507, 1.507, 1.508, 1.509, 1.51, 1.511, 1.512, 1.511, 1.511, 1.51, 1.51, 1.509, 1.509, 1.508, 1.507, 1.506, 1.505, 1.503, 1.502, 1.495, 1.495, 1.49, 1.49, 1.486, 1.486, 1.486, 1.486, 1.486, 1.486, 1.486, 1.487, 1.487, 1.487, 1.487, 1.486, 1.486, 1.486, 1.486, 1.485, 1.485, 1.485, 1.485, 1.485, 1.486, 1.486, 1.485, 1.485, 1.486, 1.486, 1.486, 1.487, 1.488, 1.489, 1.492, 1.494, 1.495, 1.499, 1.499, 1.5, 1.5, 1.499, 1.495, 1.494, 1.492, 1.49, 1.489, 1.488, 1.486, 1.485, 1.485, 1.484, 1.484, 1.484, 1.484, 1.484, 1.484, 1.484, 1.485, 1.486, 1.486, 1.486, 1.486, 1.486, 1.486, 1.485, 1.485, 1.484, 1.483, 1.482, 1.482, 1.481, 1.48, 1.479, 1.479, 1.478, 1.477, 1.476, 1.473, 1.472, 1.471, 1.468, 1.468, 1.468, 1.468, 1.468, 1.47, 1.471, 1.473, 1.474, 1.476, 1.477, 1.478, 1.478, 1.479, 1.491, 0, 
1.537, 1.536, 1.535, 1.534, 1.534, 1.533, 1.533, 1.533, 1.533, 1.533, 1.533, 1.533, 1.533, 1.533, 1.533, 1.533, 1.534, 1.535, 1.536, 1.537, 1.538, 1.542, 1.542, 1.542, 1.542, 1.542, 1.542, 1.538, 1.537, 1.535, 1.533, 1.532, 1.528, 1.528, 1.524, 1.524, 1.523, 1.523, 1.523, 1.523, 1.523, 1.524, 1.525, 1.526, 1.526, 1.527, 1.531, 1.531, 1.531, 1.531, 1.528, 1.528, 1.528, 1.528, 1.528, 1.531, 1.531, 1.532, 1.534, 1.535, 1.536, 1.536, 1.537, 1.537, 1.537, 1.536, 1.535, 1.535, 1.535, 1.535, 1.534, 1.533, 1.532, 1.532, 1.531, 1.531, 1.527, 1.527, 1.528, 1.527, 1.526, 1.525, 1.524, 1.525, 1.526, 1.527, 1.527, 1.532, 1.533, 1.533, 1.534, 1.533, 1.532, 1.528, 1.524, 1.523, 1.521, 1.52, 1.52, 1.52, 1.52, 1.52, 1.522, 1.523, 1.524, 1.525, 1.526, 1.527, 1.527, 1.526, 1.526, 1.526, 1.526, 1.526, 1.526, 1.526, 1.527, 1.527, 1.527, 1.527, 1.527, 1.528, 1.528, 1.528, 1.528, 1.531, 1.532, 1.533, 1.534, 1.535, 1.537, 1.538, 1.542, 1.543, 1.543, 1.539, 1.535, 1.533, 1.527, 1.524, 1.522, 1.519, 1.519, 1.519, 1.52, 1.524, 1.527, 1.532, 1.532, 1.533, 1.533, 1.532, 1.526, 1.524, 1.522, 1.521, 1.516, 1.516, 1.516, 1.516, 1.516, 1.517, 1.518, 1.519, 1.521, 1.524, 1.525, 1.526, 1.526, 1.525, 1.524, 1.524, 1.52, 1.519, 1.518, 1.517, 1.512, 1.511, 1.51, 1.51, 1.513, 1.513, 1.516, 1.519, 1.52, 1.524, 1.526, 1.527, 1.528, 1.531, 1.528, 1.528, 1.528, 1.525, 1.524, 1.52, 1.519, 1.518, 1.517, 1.513, 1.512, 1.511, 1.51, 1.509, 1.509, 1.51, 1.511, 1.511, 1.512, 1.513, 1.517, 1.518, 1.519, 1.519, 1.52, 1.52, 1.52, 1.521, 1.518, 1.518, 1.518, 1.518, 1.518, 1.517, 1.517, 1.517, 1.517, 1.517, 1.517, 1.516, 1.516, 1.512, 1.511, 1.509, 1.507, 1.506, 1.505, 1.504, 1.503, 1.504, 1.505, 1.508, 1.511, 1.516, 1.517, 1.52, 1.52, 1.52, 1.519, 1.516, 1.516, 1.513, 1.513, 1.513, 1.513, 1.513, 1.513, 1.516, 1.519, 1.52, 1.522, 1.524, 1.524, 1.525, 1.524, 1.524, 1.523, 1.521, 1.52, 1.519, 1.518, 1.517, 1.516, 1.516, 1.513, 1.513, 1.513, 1.512, 1.511, 1.51, 1.51, 1.509, 1.509, 1.509, 1.509, 1.51, 1.51, 1.511, 1.511, 1.512, 1.512, 1.513, 1.512, 1.511, 1.511, 1.51, 1.51, 1.51, 1.511, 1.511, 1.511, 1.512, 1.516, 1.516, 1.516, 1.516, 1.516, 1.516, 1.516, 1.516, 1.516, 1.516, 1.516, 1.516, 1.516, 1.516, 1.512, 1.511, 1.511, 1.51, 1.509, 1.509, 1.509, 1.509, 1.51, 1.509, 1.509, 1.509, 1.509, 1.508, 1.507, 1.506, 1.505, 1.505, 1.505, 1.505, 1.504, 1.504, 1.504, 1.504, 1.503, 1.502, 1.501, 1.5, 1.5, 1.499, 1.499, 1.496, 1.496, 1.496, 1.496, 1.496, 1.5, 1.501, 1.501, 1.503, 1.503, 1.504, 1.505, 1.505, 1.505, 1.505, 1.506, 1.506, 1.507, 1.508, 1.509, 1.51, 1.511, 1.512, 1.512, 1.512, 1.512, 1.511, 1.51, 1.51, 1.509, 1.509, 1.508, 1.506, 1.505, 1.503, 1.502, 1.495, 1.495, 1.49, 1.49, 1.486, 1.486, 1.485, 1.485, 1.486, 1.486, 1.486, 1.486, 1.486, 1.486, 1.486, 1.486, 1.485, 1.485, 1.484, 1.484, 1.484, 1.484, 1.484, 1.484, 1.485, 1.485, 1.485, 1.485, 1.486, 1.486, 1.486, 1.487, 1.489, 1.49, 1.492, 1.494, 1.495, 1.499, 1.499, 1.5, 1.5, 1.499, 1.495, 1.494, 1.492, 1.49, 1.488, 1.487, 1.486, 1.485, 1.484, 1.484, 1.484, 1.484, 1.484, 1.484, 1.484, 1.485, 1.486, 1.486, 1.487, 1.488, 1.488, 1.488, 1.487, 1.487, 1.486, 1.484, 1.483, 1.483, 1.482, 1.481, 1.481, 1.48, 1.48, 1.479, 1.478, 1.477, 1.473, 1.472, 1.471, 1.47, 1.468, 1.468, 1.468, 1.468, 1.47, 1.471, 1.472, 1.473, 1.475, 1.476, 1.477, 1.477, 1.478, 1.491, 0, 
1.538, 1.537, 1.536, 1.535, 1.534, 1.534, 1.534, 1.533, 1.533, 1.533, 1.533, 1.533, 1.533, 1.533, 1.533, 1.533, 1.533, 1.534, 1.535, 1.537, 1.538, 1.542, 1.542, 1.542, 1.542, 1.542, 1.542, 1.538, 1.537, 1.535, 1.533, 1.532, 1.532, 1.528, 1.525, 1.525, 1.524, 1.524, 1.524, 1.524, 1.524, 1.524, 1.525, 1.526, 1.527, 1.527, 1.531, 1.531, 1.531, 1.531, 1.528, 1.528, 1.528, 1.528, 1.531, 1.531, 1.532, 1.533, 1.534, 1.535, 1.535, 1.535, 1.536, 1.536, 1.535, 1.535, 1.535, 1.535, 1.534, 1.534, 1.534, 1.534, 1.533, 1.533, 1.532, 1.532, 1.532, 1.532, 1.528, 1.528, 1.527, 1.528, 1.528, 1.528, 1.527, 1.528, 1.532, 1.532, 1.533, 1.534, 1.534, 1.533, 1.532, 1.527, 1.524, 1.521, 1.52, 1.519, 1.518, 1.518, 1.519, 1.52, 1.521, 1.522, 1.525, 1.526, 1.527, 1.528, 1.528, 1.527, 1.527, 1.527, 1.527, 1.526, 1.526, 1.527, 1.527, 1.528, 1.528, 1.528, 1.528, 1.528, 1.528, 1.531, 1.531, 1.532, 1.532, 1.533, 1.535, 1.536, 1.537, 1.538, 1.542, 1.543, 1.543, 1.539, 1.536, 1.533, 1.528, 1.525, 1.524, 1.52, 1.52, 1.52, 1.521, 1.524, 1.527, 1.532, 1.533, 1.534, 1.533, 1.532, 1.527, 1.524, 1.521, 1.521, 1.516, 1.516, 1.516, 1.516, 1.516, 1.516, 1.517, 1.518, 1.52, 1.524, 1.524, 1.525, 1.526, 1.525, 1.525, 1.524, 1.521, 1.52, 1.518, 1.517, 1.512, 1.512, 1.511, 1.511, 1.513, 1.513, 1.516, 1.52, 1.52, 1.522, 1.526, 1.527, 1.527, 1.528, 1.528, 1.528, 1.528, 1.524, 1.524, 1.52, 1.52, 1.518, 1.518, 1.513, 1.512, 1.511, 1.51, 1.509, 1.509, 1.51, 1.511, 1.511, 1.512, 1.512, 1.516, 1.517, 1.518, 1.518, 1.518, 1.518, 1.517, 1.517, 1.517, 1.517, 1.517, 1.517, 1.517, 1.517, 1.517, 1.517, 1.518, 1.518, 1.517, 1.516, 1.516, 1.511, 1.51, 1.509, 1.507, 1.505, 1.504, 1.504, 1.504, 1.504, 1.505, 1.509, 1.512, 1.517, 1.518, 1.52, 1.521, 1.52, 1.52, 1.516, 1.516, 1.513, 1.513, 1.513, 1.513, 1.513, 1.513, 1.517, 1.518, 1.52, 1.522, 1.523, 1.524, 1.524, 1.524, 1.523, 1.522, 1.52, 1.519, 1.518, 1.517, 1.517, 1.516, 1.513, 1.513, 1.513, 1.512, 1.511, 1.51, 1.509, 1.508, 1.508, 1.507, 1.507, 1.508, 1.508, 1.509, 1.51, 1.511, 1.511, 1.512, 1.513, 1.513, 1.512, 1.511, 1.511, 1.511, 1.511, 1.511, 1.512, 1.512, 1.516, 1.516, 1.516, 1.517, 1.517, 1.516, 1.516, 1.516, 1.516, 1.516, 1.516, 1.516, 1.516, 1.516, 1.516, 1.512, 1.511, 1.511, 1.51, 1.509, 1.509, 1.509, 1.509, 1.51, 1.51, 1.509, 1.509, 1.509, 1.508, 1.507, 1.506, 1.506, 1.505, 1.505, 1.505, 1.505, 1.505, 1.505, 1.504, 1.503, 1.503, 1.501, 1.501, 1.5, 1.499, 1.499, 1.499, 1.499, 1.496, 1.496, 1.499, 1.5, 1.501, 1.502, 1.503, 1.503, 1.504, 1.505, 1.505, 1.505, 1.505, 1.506, 1.507, 1.507, 1.509, 1.51, 1.511, 1.511, 1.512, 1.513, 1.513, 1.512, 1.512, 1.511, 1.51, 1.51, 1.509, 1.508, 1.507, 1.506, 1.503, 1.501, 1.5, 1.494, 1.49, 1.49, 1.486, 1.486, 1.485, 1.485, 1.485, 1.486, 1.486, 1.486, 1.486, 1.486, 1.485, 1.485, 1.484, 1.484, 1.484, 1.484, 1.483, 1.483, 1.483, 1.484, 1.484, 1.485, 1.485, 1.486, 1.486, 1.486, 1.487, 1.488, 1.489, 1.49, 1.492, 1.494, 1.495, 1.499, 1.499, 1.5, 1.499, 1.499, 1.495, 1.494, 1.492, 1.49, 1.488, 1.487, 1.486, 1.485, 1.484, 1.484, 1.484, 1.484, 1.484, 1.484, 1.484, 1.485, 1.486, 1.486, 1.488, 1.488, 1.489, 1.489, 1.488, 1.488, 1.488, 1.484, 1.484, 1.483, 1.483, 1.482, 1.482, 1.481, 1.48, 1.48, 1.479, 1.478, 1.474, 1.472, 1.471, 1.47, 1.469, 1.468, 1.468, 1.468, 1.47, 1.47, 1.471, 1.473, 1.474, 1.475, 1.476, 1.476, 1.477, 1.491, 0, 
1.543, 1.538, 1.537, 1.536, 1.535, 1.535, 1.534, 1.534, 1.533, 1.533, 1.533, 1.532, 1.532, 1.532, 1.532, 1.532, 1.532, 1.533, 1.533, 1.537, 1.538, 1.542, 1.542, 1.542, 1.542, 1.542, 1.539, 1.538, 1.537, 1.535, 1.534, 1.533, 1.532, 1.527, 1.526, 1.526, 1.525, 1.525, 1.525, 1.525, 1.525, 1.525, 1.526, 1.527, 1.527, 1.531, 1.531, 1.531, 1.531, 1.531, 1.531, 1.531, 1.531, 1.531, 1.531, 1.531, 1.532, 1.533, 1.534, 1.535, 1.535, 1.535, 1.535, 1.535, 1.535, 1.534, 1.534, 1.534, 1.533, 1.534, 1.534, 1.534, 1.533, 1.533, 1.533, 1.533, 1.533, 1.532, 1.532, 1.532, 1.532, 1.532, 1.532, 1.532, 1.532, 1.533, 1.533, 1.533, 1.534, 1.535, 1.534, 1.533, 1.528, 1.527, 1.523, 1.52, 1.519, 1.518, 1.517, 1.517, 1.518, 1.519, 1.52, 1.521, 1.526, 1.527, 1.531, 1.532, 1.533, 1.531, 1.532, 1.528, 1.527, 1.527, 1.527, 1.528, 1.528, 1.528, 1.528, 1.528, 1.528, 1.528, 1.531, 1.531, 1.532, 1.532, 1.533, 1.534, 1.535, 1.537, 1.538, 1.542, 1.542, 1.543, 1.543, 1.543, 1.537, 1.534, 1.531, 1.526, 1.525, 1.521, 1.522, 1.522, 1.523, 1.524, 1.528, 1.532, 1.533, 1.533, 1.533, 1.532, 1.528, 1.525, 1.521, 1.521, 1.516, 1.516, 1.516, 1.516, 1.516, 1.516, 1.517, 1.518, 1.52, 1.522, 1.524, 1.524, 1.525, 1.525, 1.525, 1.524, 1.522, 1.52, 1.519, 1.518, 1.513, 1.512, 1.512, 1.512, 1.513, 1.513, 1.516, 1.52, 1.52, 1.522, 1.525, 1.526, 1.527, 1.528, 1.528, 1.527, 1.527, 1.524, 1.524, 1.521, 1.52, 1.519, 1.518, 1.517, 1.512, 1.512, 1.511, 1.51, 1.51, 1.51, 1.511, 1.511, 1.512, 1.512, 1.513, 1.516, 1.517, 1.517, 1.517, 1.517, 1.517, 1.513, 1.513, 1.513, 1.513, 1.513, 1.513, 1.517, 1.517, 1.518, 1.518, 1.518, 1.517, 1.517, 1.516, 1.511, 1.511, 1.508, 1.507, 1.505, 1.504, 1.504, 1.504, 1.505, 1.506, 1.51, 1.513, 1.517, 1.52, 1.521, 1.521, 1.521, 1.52, 1.517, 1.517, 1.513, 1.513, 1.513, 1.513, 1.513, 1.513, 1.517, 1.518, 1.52, 1.521, 1.524, 1.524, 1.524, 1.523, 1.522, 1.521, 1.519, 1.518, 1.517, 1.517, 1.516, 1.513, 1.513, 1.513, 1.512, 1.512, 1.511, 1.509, 1.508, 1.507, 1.506, 1.506, 1.506, 1.506, 1.507, 1.508, 1.509, 1.51, 1.511, 1.512, 1.513, 1.513, 1.513, 1.512, 1.511, 1.511, 1.511, 1.512, 1.512, 1.513, 1.516, 1.517, 1.517, 1.518, 1.518, 1.517, 1.517, 1.516, 1.516, 1.516, 1.516, 1.516, 1.516, 1.516, 1.516, 1.512, 1.511, 1.51, 1.51, 1.509, 1.509, 1.509, 1.509, 1.509, 1.51, 1.509, 1.509, 1.509, 1.509, 1.508, 1.507, 1.506, 1.506, 1.505, 1.505, 1.505, 1.505, 1.505, 1.504, 1.504, 1.503, 1.502, 1.501, 1.5, 1.5, 1.5, 1.499, 1.499, 1.499, 1.5, 1.5, 1.501, 1.501, 1.502, 1.503, 1.503, 1.504, 1.505, 1.505, 1.505, 1.505, 1.506, 1.507, 1.507, 1.51, 1.51, 1.511, 1.512, 1.513, 1.513, 1.513, 1.513, 1.512, 1.512, 1.511, 1.51, 1.509, 1.508, 1.507, 1.506, 1.503, 1.501, 1.5, 1.494, 1.491, 1.491, 1.487, 1.486, 1.485, 1.485, 1.485, 1.485, 1.486, 1.485, 1.485, 1.485, 1.484, 1.484, 1.483, 1.483, 1.483, 1.483, 1.483, 1.482, 1.483, 1.484, 1.484, 1.485, 1.486, 1.486, 1.486, 1.487, 1.487, 1.488, 1.49, 1.49, 1.492, 1.494, 1.495, 1.499, 1.499, 1.499, 1.499, 1.496, 1.495, 1.494, 1.492, 1.49, 1.488, 1.487, 1.486, 1.484, 1.483, 1.483, 1.483, 1.483, 1.484, 1.484, 1.484, 1.485, 1.486, 1.487, 1.488, 1.489, 1.49, 1.49, 1.489, 1.489, 1.489, 1.488, 1.485, 1.484, 1.484, 1.483, 1.482, 1.482, 1.481, 1.48, 1.479, 1.479, 1.475, 1.472, 1.471, 1.47, 1.469, 1.468, 1.468, 1.468, 1.469, 1.47, 1.471, 1.472, 1.473, 1.474, 1.475, 1.475, 1.476, 1.491, 0, 
1.543, 1.543, 1.538, 1.537, 1.537, 1.535, 1.535, 1.535, 1.534, 1.533, 1.532, 1.532, 1.531, 1.531, 1.531, 1.531, 1.532, 1.532, 1.533, 1.536, 1.537, 1.538, 1.542, 1.542, 1.542, 1.542, 1.539, 1.538, 1.537, 1.535, 1.534, 1.533, 1.532, 1.528, 1.527, 1.527, 1.526, 1.526, 1.526, 1.526, 1.526, 1.526, 1.527, 1.527, 1.528, 1.531, 1.531, 1.531, 1.531, 1.531, 1.531, 1.531, 1.531, 1.531, 1.531, 1.531, 1.532, 1.533, 1.534, 1.535, 1.535, 1.535, 1.535, 1.534, 1.534, 1.533, 1.533, 1.533, 1.533, 1.533, 1.533, 1.534, 1.534, 1.534, 1.534, 1.534, 1.534, 1.534, 1.533, 1.533, 1.533, 1.533, 1.533, 1.533, 1.533, 1.534, 1.534, 1.535, 1.535, 1.535, 1.534, 1.533, 1.528, 1.526, 1.522, 1.519, 1.518, 1.517, 1.513, 1.513, 1.517, 1.517, 1.521, 1.521, 1.527, 1.527, 1.532, 1.533, 1.534, 1.534, 1.533, 1.532, 1.532, 1.528, 1.528, 1.528, 1.528, 1.528, 1.528, 1.528, 1.528, 1.531, 1.531, 1.532, 1.533, 1.533, 1.534, 1.535, 1.536, 1.537, 1.538, 1.542, 1.542, 1.543, 1.543, 1.543, 1.537, 1.535, 1.532, 1.527, 1.526, 1.522, 1.523, 1.523, 1.524, 1.525, 1.528, 1.532, 1.532, 1.533, 1.532, 1.532, 1.527, 1.524, 1.522, 1.521, 1.516, 1.516, 1.516, 1.516, 1.516, 1.516, 1.516, 1.517, 1.52, 1.52, 1.524, 1.524, 1.524, 1.525, 1.525, 1.524, 1.522, 1.52, 1.519, 1.518, 1.517, 1.513, 1.513, 1.513, 1.513, 1.516, 1.516, 1.52, 1.521, 1.522, 1.524, 1.526, 1.527, 1.527, 1.527, 1.527, 1.526, 1.524, 1.523, 1.522, 1.52, 1.519, 1.518, 1.517, 1.513, 1.512, 1.511, 1.511, 1.511, 1.511, 1.511, 1.511, 1.511, 1.512, 1.513, 1.516, 1.516, 1.516, 1.516, 1.516, 1.516, 1.512, 1.512, 1.512, 1.512, 1.512, 1.513, 1.513, 1.517, 1.518, 1.518, 1.518, 1.518, 1.517, 1.512, 1.511, 1.511, 1.507, 1.507, 1.504, 1.504, 1.504, 1.504, 1.505, 1.506, 1.511, 1.516, 1.517, 1.52, 1.521, 1.523, 1.522, 1.519, 1.518, 1.517, 1.513, 1.513, 1.513, 1.513, 1.513, 1.513, 1.516, 1.517, 1.52, 1.52, 1.523, 1.523, 1.523, 1.522, 1.521, 1.52, 1.518, 1.517, 1.517, 1.513, 1.513, 1.513, 1.513, 1.513, 1.512, 1.511, 1.51, 1.509, 1.507, 1.507, 1.506, 1.505, 1.505, 1.505, 1.506, 1.507, 1.508, 1.509, 1.51, 1.511, 1.512, 1.513, 1.513, 1.512, 1.512, 1.511, 1.512, 1.512, 1.513, 1.516, 1.516, 1.517, 1.518, 1.518, 1.518, 1.518, 1.517, 1.516, 1.516, 1.516, 1.516, 1.516, 1.516, 1.516, 1.516, 1.512, 1.511, 1.51, 1.509, 1.508, 1.508, 1.508, 1.508, 1.509, 1.509, 1.509, 1.509, 1.509, 1.508, 1.508, 1.507, 1.507, 1.506, 1.506, 1.506, 1.505, 1.505, 1.505, 1.505, 1.504, 1.503, 1.502, 1.502, 1.501, 1.501, 1.5, 1.5, 1.5, 1.5, 1.501, 1.501, 1.501, 1.502, 1.503, 1.503, 1.503, 1.504, 1.505, 1.505, 1.505, 1.505, 1.506, 1.507, 1.507, 1.511, 1.511, 1.512, 1.512, 1.513, 1.513, 1.513, 1.513, 1.513, 1.512, 1.511, 1.511, 1.51, 1.509, 1.507, 1.507, 1.503, 1.501, 1.5, 1.494, 1.491, 1.491, 1.487, 1.486, 1.486, 1.485, 1.484, 1.485, 1.485, 1.485, 1.484, 1.484, 1.484, 1.483, 1.483, 1.482, 1.482, 1.482, 1.482, 1.482, 1.483, 1.484, 1.484, 1.485, 1.486, 1.486, 1.487, 1.487, 1.488, 1.489, 1.49, 1.491, 1.492, 1.494, 1.495, 1.496, 1.499, 1.499, 1.499, 1.496, 1.495, 1.494, 1.492, 1.49, 1.488, 1.486, 1.485, 1.484, 1.483, 1.482, 1.482, 1.483, 1.483, 1.484, 1.484, 1.485, 1.486, 1.487, 1.488, 1.489, 1.49, 1.49, 1.49, 1.49, 1.489, 1.488, 1.487, 1.486, 1.485, 1.484, 1.483, 1.483, 1.482, 1.481, 1.48, 1.479, 1.476, 1.473, 1.471, 1.47, 1.47, 1.469, 1.468, 1.468, 1.469, 1.47, 1.47, 1.471, 1.472, 1.473, 1.473, 1.474, 1.474, 1.491, 0, 
1.544, 1.543, 1.539, 1.538, 1.538, 1.536, 1.535, 1.535, 1.534, 1.533, 1.532, 1.531, 1.531, 1.527, 1.527, 1.527, 1.531, 1.532, 1.533, 1.534, 1.537, 1.538, 1.542, 1.542, 1.542, 1.542, 1.539, 1.538, 1.537, 1.535, 1.534, 1.533, 1.532, 1.528, 1.528, 1.528, 1.527, 1.527, 1.527, 1.527, 1.527, 1.527, 1.528, 1.532, 1.532, 1.532, 1.532, 1.532, 1.532, 1.531, 1.531, 1.531, 1.531, 1.531, 1.531, 1.531, 1.532, 1.533, 1.534, 1.535, 1.535, 1.535, 1.534, 1.533, 1.533, 1.533, 1.532, 1.532, 1.532, 1.532, 1.533, 1.533, 1.534, 1.534, 1.535, 1.535, 1.535, 1.535, 1.535, 1.535, 1.535, 1.535, 1.535, 1.535, 1.535, 1.535, 1.536, 1.536, 1.536, 1.535, 1.534, 1.532, 1.528, 1.524, 1.522, 1.518, 1.517, 1.513, 1.513, 1.513, 1.513, 1.517, 1.521, 1.522, 1.527, 1.532, 1.533, 1.535, 1.536, 1.535, 1.534, 1.533, 1.533, 1.532, 1.531, 1.528, 1.528, 1.531, 1.528, 1.528, 1.531, 1.531, 1.532, 1.533, 1.533, 1.534, 1.535, 1.536, 1.537, 1.537, 1.538, 1.542, 1.542, 1.543, 1.543, 1.542, 1.538, 1.535, 1.532, 1.532, 1.526, 1.526, 1.525, 1.524, 1.525, 1.526, 1.527, 1.531, 1.532, 1.533, 1.532, 1.532, 1.526, 1.523, 1.522, 1.521, 1.516, 1.516, 1.513, 1.513, 1.513, 1.516, 1.516, 1.516, 1.519, 1.52, 1.523, 1.523, 1.524, 1.524, 1.524, 1.523, 1.522, 1.52, 1.519, 1.518, 1.517, 1.513, 1.513, 1.513, 1.513, 1.516, 1.516, 1.52, 1.52, 1.522, 1.524, 1.525, 1.526, 1.526, 1.526, 1.526, 1.525, 1.524, 1.523, 1.521, 1.52, 1.519, 1.518, 1.517, 1.513, 1.512, 1.511, 1.511, 1.511, 1.511, 1.511, 1.511, 1.511, 1.512, 1.513, 1.516, 1.513, 1.512, 1.512, 1.511, 1.511, 1.511, 1.511, 1.512, 1.511, 1.511, 1.512, 1.513, 1.517, 1.517, 1.518, 1.518, 1.518, 1.517, 1.512, 1.511, 1.51, 1.507, 1.507, 1.503, 1.503, 1.503, 1.504, 1.505, 1.506, 1.511, 1.512, 1.519, 1.52, 1.522, 1.523, 1.523, 1.52, 1.519, 1.516, 1.513, 1.513, 1.512, 1.512, 1.512, 1.512, 1.516, 1.516, 1.52, 1.52, 1.521, 1.522, 1.521, 1.521, 1.52, 1.518, 1.517, 1.516, 1.516, 1.513, 1.513, 1.513, 1.513, 1.513, 1.512, 1.511, 1.509, 1.508, 1.507, 1.506, 1.505, 1.505, 1.505, 1.505, 1.505, 1.506, 1.507, 1.508, 1.509, 1.511, 1.512, 1.512, 1.513, 1.512, 1.512, 1.512, 1.512, 1.513, 1.513, 1.516, 1.517, 1.518, 1.519, 1.519, 1.519, 1.518, 1.518, 1.517, 1.516, 1.516, 1.516, 1.516, 1.516, 1.516, 1.516, 1.513, 1.51, 1.509, 1.508, 1.508, 1.507, 1.507, 1.507, 1.508, 1.508, 1.508, 1.508, 1.508, 1.508, 1.508, 1.507, 1.507, 1.507, 1.506, 1.506, 1.505, 1.505, 1.505, 1.505, 1.504, 1.504, 1.503, 1.502, 1.502, 1.502, 1.501, 1.499, 1.499, 1.501, 1.501, 1.502, 1.502, 1.502, 1.503, 1.503, 1.503, 1.504, 1.504, 1.505, 1.505, 1.505, 1.506, 1.507, 1.508, 1.511, 1.511, 1.512, 1.513, 1.513, 1.516, 1.513, 1.513, 1.513, 1.512, 1.511, 1.511, 1.51, 1.509, 1.508, 1.507, 1.505, 1.501, 1.5, 1.495, 1.492, 1.491, 1.488, 1.486, 1.486, 1.485, 1.484, 1.484, 1.484, 1.484, 1.484, 1.483, 1.483, 1.482, 1.482, 1.482, 1.482, 1.482, 1.482, 1.482, 1.483, 1.484, 1.484, 1.485, 1.486, 1.486, 1.487, 1.488, 1.488, 1.489, 1.49, 1.491, 1.492, 1.493, 1.494, 1.495, 1.496, 1.496, 1.499, 1.496, 1.495, 1.494, 1.492, 1.49, 1.488, 1.486, 1.485, 1.484, 1.483, 1.482, 1.482, 1.482, 1.483, 1.483, 1.484, 1.485, 1.486, 1.487, 1.488, 1.489, 1.49, 1.49, 1.49, 1.49, 1.49, 1.488, 1.487, 1.486, 1.485, 1.485, 1.484, 1.483, 1.483, 1.482, 1.48, 1.479, 1.476, 1.474, 1.471, 1.47, 1.47, 1.469, 1.468, 1.468, 1.469, 1.47, 1.47, 1.471, 1.471, 1.472, 1.472, 1.472, 1.472, 1.491, 0, 
1.544, 1.544, 1.543, 1.542, 1.538, 1.537, 1.537, 1.536, 1.535, 1.533, 1.532, 1.531, 1.527, 1.527, 1.526, 1.527, 1.527, 1.528, 1.533, 1.533, 1.537, 1.538, 1.539, 1.542, 1.542, 1.542, 1.539, 1.538, 1.537, 1.535, 1.534, 1.533, 1.532, 1.531, 1.528, 1.528, 1.528, 1.528, 1.528, 1.528, 1.532, 1.532, 1.532, 1.532, 1.533, 1.533, 1.533, 1.533, 1.533, 1.532, 1.532, 1.532, 1.531, 1.531, 1.531, 1.532, 1.532, 1.533, 1.534, 1.535, 1.535, 1.534, 1.533, 1.533, 1.532, 1.532, 1.532, 1.531, 1.531, 1.532, 1.532, 1.533, 1.533, 1.534, 1.535, 1.536, 1.536, 1.537, 1.537, 1.537, 1.537, 1.537, 1.537, 1.536, 1.536, 1.537, 1.537, 1.537, 1.536, 1.535, 1.533, 1.532, 1.527, 1.524, 1.521, 1.518, 1.517, 1.513, 1.513, 1.513, 1.513, 1.516, 1.52, 1.522, 1.528, 1.533, 1.536, 1.537, 1.537, 1.536, 1.535, 1.534, 1.533, 1.532, 1.531, 1.531, 1.531, 1.531, 1.531, 1.531, 1.531, 1.532, 1.532, 1.533, 1.534, 1.535, 1.535, 1.536, 1.537, 1.538, 1.538, 1.542, 1.542, 1.543, 1.543, 1.542, 1.539, 1.537, 1.533, 1.532, 1.527, 1.527, 1.526, 1.526, 1.526, 1.527, 1.531, 1.531, 1.532, 1.532, 1.532, 1.531, 1.525, 1.524, 1.522, 1.521, 1.516, 1.516, 1.513, 1.513, 1.513, 1.513, 1.516, 1.517, 1.518, 1.52, 1.521, 1.522, 1.523, 1.524, 1.524, 1.523, 1.522, 1.52, 1.519, 1.518, 1.517, 1.513, 1.513, 1.513, 1.513, 1.516, 1.516, 1.519, 1.519, 1.522, 1.523, 1.524, 1.525, 1.525, 1.525, 1.525, 1.525, 1.524, 1.522, 1.521, 1.52, 1.519, 1.518, 1.517, 1.516, 1.512, 1.511, 1.511, 1.511, 1.511, 1.511, 1.511, 1.511, 1.512, 1.512, 1.512, 1.512, 1.511, 1.51, 1.509, 1.509, 1.508, 1.508, 1.508, 1.508, 1.509, 1.511, 1.512, 1.516, 1.517, 1.518, 1.518, 1.517, 1.517, 1.512, 1.511, 1.509, 1.507, 1.506, 1.503, 1.503, 1.503, 1.504, 1.505, 1.506, 1.511, 1.512, 1.519, 1.52, 1.522, 1.523, 1.524, 1.521, 1.52, 1.516, 1.513, 1.513, 1.512, 1.511, 1.512, 1.512, 1.513, 1.516, 1.519, 1.519, 1.52, 1.52, 1.52, 1.519, 1.518, 1.518, 1.517, 1.513, 1.513, 1.513, 1.513, 1.513, 1.513, 1.512, 1.511, 1.511, 1.509, 1.508, 1.506, 1.505, 1.504, 1.503, 1.503, 1.503, 1.504, 1.505, 1.506, 1.507, 1.509, 1.51, 1.511, 1.512, 1.513, 1.512, 1.512, 1.512, 1.512, 1.513, 1.513, 1.517, 1.518, 1.519, 1.52, 1.52, 1.519, 1.518, 1.518, 1.517, 1.516, 1.516, 1.516, 1.516, 1.516, 1.516, 1.516, 1.513, 1.509, 1.508, 1.508, 1.507, 1.506, 1.506, 1.507, 1.507, 1.507, 1.507, 1.508, 1.508, 1.508, 1.508, 1.507, 1.507, 1.507, 1.507, 1.506, 1.505, 1.505, 1.505, 1.505, 1.505, 1.504, 1.504, 1.503, 1.503, 1.503, 1.503, 1.503, 1.503, 1.503, 1.503, 1.503, 1.503, 1.503, 1.503, 1.503, 1.503, 1.503, 1.504, 1.504, 1.505, 1.505, 1.506, 1.507, 1.509, 1.511, 1.512, 1.512, 1.516, 1.516, 1.516, 1.513, 1.513, 1.513, 1.512, 1.511, 1.511, 1.51, 1.509, 1.508, 1.507, 1.506, 1.502, 1.501, 1.495, 1.492, 1.492, 1.488, 1.487, 1.486, 1.485, 1.484, 1.484, 1.484, 1.483, 1.483, 1.482, 1.482, 1.482, 1.482, 1.482, 1.482, 1.482, 1.482, 1.482, 1.483, 1.484, 1.484, 1.485, 1.486, 1.487, 1.488, 1.488, 1.489, 1.489, 1.49, 1.491, 1.492, 1.493, 1.494, 1.495, 1.496, 1.496, 1.496, 1.496, 1.495, 1.494, 1.492, 1.49, 1.488, 1.486, 1.485, 1.484, 1.483, 1.482, 1.482, 1.482, 1.482, 1.483, 1.484, 1.485, 1.486, 1.487, 1.488, 1.49, 1.49, 1.491, 1.491, 1.491, 1.49, 1.489, 1.488, 1.487, 1.486, 1.485, 1.485, 1.484, 1.483, 1.482, 1.481, 1.48, 1.476, 1.475, 1.472, 1.471, 1.47, 1.469, 1.468, 1.468, 1.468, 1.468, 1.47, 1.47, 1.471, 1.471, 1.471, 1.471, 1.471, 1.491, 0, 
1.546, 1.545, 1.544, 1.543, 1.539, 1.538, 1.537, 1.537, 1.536, 1.533, 1.532, 1.527, 1.527, 1.526, 1.526, 1.526, 1.526, 1.527, 1.527, 1.533, 1.536, 1.537, 1.538, 1.542, 1.542, 1.542, 1.539, 1.538, 1.537, 1.535, 1.534, 1.533, 1.532, 1.532, 1.531, 1.531, 1.532, 1.532, 1.532, 1.532, 1.533, 1.533, 1.533, 1.533, 1.534, 1.534, 1.533, 1.533, 1.533, 1.533, 1.533, 1.533, 1.532, 1.532, 1.532, 1.532, 1.533, 1.534, 1.535, 1.535, 1.535, 1.534, 1.533, 1.532, 1.532, 1.531, 1.531, 1.531, 1.531, 1.531, 1.532, 1.532, 1.533, 1.534, 1.535, 1.537, 1.537, 1.538, 1.538, 1.538, 1.538, 1.538, 1.538, 1.537, 1.537, 1.537, 1.538, 1.537, 1.536, 1.535, 1.533, 1.532, 1.527, 1.522, 1.52, 1.519, 1.513, 1.513, 1.512, 1.512, 1.513, 1.516, 1.52, 1.524, 1.528, 1.534, 1.537, 1.538, 1.542, 1.542, 1.536, 1.535, 1.534, 1.533, 1.532, 1.531, 1.531, 1.531, 1.531, 1.531, 1.531, 1.532, 1.533, 1.533, 1.534, 1.535, 1.536, 1.537, 1.538, 1.538, 1.539, 1.542, 1.542, 1.542, 1.542, 1.542, 1.538, 1.537, 1.534, 1.533, 1.532, 1.527, 1.527, 1.527, 1.527, 1.528, 1.531, 1.531, 1.531, 1.531, 1.531, 1.527, 1.526, 1.525, 1.521, 1.52, 1.516, 1.516, 1.512, 1.512, 1.512, 1.512, 1.512, 1.516, 1.517, 1.519, 1.52, 1.521, 1.522, 1.523, 1.523, 1.523, 1.522, 1.52, 1.519, 1.518, 1.517, 1.513, 1.513, 1.513, 1.513, 1.516, 1.516, 1.517, 1.518, 1.522, 1.522, 1.523, 1.524, 1.524, 1.524, 1.524, 1.524, 1.523, 1.522, 1.52, 1.519, 1.518, 1.518, 1.517, 1.513, 1.512, 1.511, 1.511, 1.511, 1.511, 1.511, 1.511, 1.511, 1.511, 1.511, 1.511, 1.511, 1.51, 1.509, 1.508, 1.507, 1.507, 1.507, 1.507, 1.507, 1.508, 1.508, 1.512, 1.512, 1.517, 1.517, 1.518, 1.517, 1.517, 1.512, 1.511, 1.509, 1.507, 1.505, 1.504, 1.503, 1.503, 1.504, 1.505, 1.506, 1.511, 1.512, 1.519, 1.52, 1.522, 1.523, 1.523, 1.522, 1.521, 1.516, 1.513, 1.512, 1.512, 1.511, 1.511, 1.512, 1.512, 1.516, 1.517, 1.518, 1.518, 1.518, 1.518, 1.518, 1.518, 1.517, 1.513, 1.513, 1.513, 1.513, 1.513, 1.512, 1.512, 1.512, 1.511, 1.51, 1.509, 1.507, 1.506, 1.504, 1.503, 1.503, 1.502, 1.502, 1.503, 1.503, 1.504, 1.505, 1.509, 1.51, 1.511, 1.512, 1.512, 1.513, 1.512, 1.512, 1.513, 1.513, 1.516, 1.517, 1.518, 1.52, 1.52, 1.52, 1.52, 1.519, 1.518, 1.517, 1.516, 1.516, 1.516, 1.513, 1.513, 1.513, 1.513, 1.512, 1.509, 1.508, 1.507, 1.506, 1.506, 1.506, 1.506, 1.506, 1.507, 1.507, 1.507, 1.507, 1.507, 1.507, 1.507, 1.507, 1.507, 1.507, 1.506, 1.505, 1.505, 1.505, 1.505, 1.505, 1.505, 1.504, 1.504, 1.503, 1.503, 1.504, 1.504, 1.504, 1.504, 1.503, 1.503, 1.503, 1.504, 1.504, 1.503, 1.503, 1.503, 1.503, 1.504, 1.504, 1.505, 1.506, 1.507, 1.509, 1.511, 1.512, 1.513, 1.516, 1.516, 1.516, 1.513, 1.513, 1.513, 1.512, 1.511, 1.511, 1.51, 1.509, 1.508, 1.507, 1.505, 1.503, 1.502, 1.495, 1.494, 1.493, 1.489, 1.488, 1.486, 1.485, 1.484, 1.484, 1.483, 1.483, 1.482, 1.482, 1.482, 1.482, 1.482, 1.482, 1.482, 1.482, 1.482, 1.482, 1.483, 1.484, 1.484, 1.485, 1.486, 1.487, 1.488, 1.489, 1.489, 1.49, 1.49, 1.491, 1.492, 1.493, 1.493, 1.494, 1.495, 1.495, 1.496, 1.496, 1.495, 1.494, 1.492, 1.49, 1.488, 1.486, 1.485, 1.484, 1.483, 1.482, 1.482, 1.482, 1.482, 1.483, 1.484, 1.484, 1.485, 1.486, 1.489, 1.49, 1.49, 1.491, 1.492, 1.491, 1.491, 1.49, 1.489, 1.488, 1.487, 1.486, 1.486, 1.485, 1.484, 1.483, 1.481, 1.481, 1.477, 1.476, 1.472, 1.471, 1.47, 1.47, 1.469, 1.468, 1.468, 1.468, 1.468, 1.468, 1.468, 1.468, 1.468, 1.468, 1.471, 1.491, 0, 
1.547, 1.547, 1.544, 1.544, 1.545, 1.545, 1.538, 1.537, 1.537, 1.533, 1.532, 1.527, 1.526, 1.525, 1.524, 1.524, 1.525, 1.526, 1.527, 1.532, 1.532, 1.537, 1.538, 1.539, 1.542, 1.539, 1.539, 1.538, 1.537, 1.535, 1.534, 1.533, 1.533, 1.532, 1.532, 1.532, 1.532, 1.533, 1.533, 1.535, 1.535, 1.535, 1.535, 1.535, 1.535, 1.535, 1.535, 1.535, 1.534, 1.534, 1.533, 1.533, 1.533, 1.533, 1.533, 1.533, 1.534, 1.534, 1.535, 1.535, 1.534, 1.533, 1.533, 1.532, 1.531, 1.528, 1.527, 1.527, 1.527, 1.527, 1.531, 1.532, 1.533, 1.534, 1.534, 1.538, 1.538, 1.539, 1.539, 1.539, 1.539, 1.539, 1.538, 1.538, 1.538, 1.538, 1.538, 1.538, 1.537, 1.535, 1.533, 1.532, 1.526, 1.521, 1.52, 1.519, 1.513, 1.513, 1.512, 1.512, 1.513, 1.517, 1.521, 1.524, 1.528, 1.535, 1.538, 1.543, 1.543, 1.543, 1.538, 1.537, 1.536, 1.533, 1.531, 1.531, 1.531, 1.531, 1.531, 1.531, 1.532, 1.532, 1.533, 1.534, 1.535, 1.536, 1.537, 1.538, 1.538, 1.539, 1.539, 1.542, 1.542, 1.542, 1.542, 1.542, 1.538, 1.537, 1.535, 1.534, 1.531, 1.531, 1.528, 1.528, 1.528, 1.528, 1.531, 1.531, 1.531, 1.531, 1.531, 1.527, 1.526, 1.525, 1.52, 1.519, 1.516, 1.513, 1.512, 1.511, 1.511, 1.512, 1.512, 1.512, 1.517, 1.518, 1.519, 1.52, 1.522, 1.523, 1.523, 1.522, 1.521, 1.52, 1.518, 1.517, 1.517, 1.513, 1.513, 1.513, 1.513, 1.513, 1.516, 1.517, 1.517, 1.52, 1.521, 1.522, 1.523, 1.523, 1.524, 1.523, 1.523, 1.522, 1.521, 1.52, 1.518, 1.518, 1.517, 1.517, 1.513, 1.512, 1.511, 1.511, 1.511, 1.511, 1.511, 1.51, 1.51, 1.511, 1.511, 1.51, 1.509, 1.508, 1.507, 1.506, 1.505, 1.504, 1.504, 1.504, 1.505, 1.506, 1.507, 1.511, 1.512, 1.517, 1.517, 1.518, 1.517, 1.517, 1.512, 1.511, 1.509, 1.507, 1.505, 1.504, 1.503, 1.503, 1.504, 1.505, 1.506, 1.511, 1.512, 1.519, 1.52, 1.522, 1.523, 1.523, 1.522, 1.521, 1.516, 1.513, 1.512, 1.511, 1.511, 1.511, 1.511, 1.512, 1.516, 1.517, 1.517, 1.518, 1.518, 1.517, 1.517, 1.517, 1.516, 1.513, 1.513, 1.512, 1.512, 1.512, 1.512, 1.511, 1.511, 1.511, 1.51, 1.509, 1.507, 1.505, 1.504, 1.503, 1.502, 1.501, 1.501, 1.501, 1.502, 1.503, 1.504, 1.508, 1.509, 1.511, 1.511, 1.512, 1.513, 1.513, 1.513, 1.513, 1.513, 1.517, 1.518, 1.519, 1.52, 1.521, 1.521, 1.521, 1.519, 1.518, 1.517, 1.516, 1.516, 1.516, 1.513, 1.513, 1.513, 1.512, 1.511, 1.509, 1.508, 1.507, 1.506, 1.505, 1.505, 1.505, 1.505, 1.505, 1.506, 1.507, 1.507, 1.507, 1.507, 1.507, 1.507, 1.506, 1.506, 1.506, 1.505, 1.505, 1.505, 1.505, 1.505, 1.505, 1.505, 1.505, 1.504, 1.504, 1.504, 1.505, 1.505, 1.504, 1.504, 1.504, 1.504, 1.504, 1.504, 1.503, 1.503, 1.503, 1.503, 1.503, 1.504, 1.505, 1.506, 1.507, 1.509, 1.511, 1.512, 1.516, 1.516, 1.516, 1.516, 1.516, 1.513, 1.513, 1.512, 1.511, 1.511, 1.51, 1.509, 1.508, 1.507, 1.506, 1.504, 1.503, 1.499, 1.495, 1.494, 1.49, 1.488, 1.487, 1.486, 1.484, 1.484, 1.483, 1.482, 1.482, 1.481, 1.481, 1.481, 1.481, 1.482, 1.482, 1.482, 1.482, 1.482, 1.483, 1.484, 1.485, 1.486, 1.487, 1.488, 1.488, 1.489, 1.49, 1.49, 1.49, 1.49, 1.491, 1.492, 1.493, 1.493, 1.494, 1.495, 1.495, 1.495, 1.494, 1.493, 1.492, 1.49, 1.488, 1.486, 1.485, 1.484, 1.482, 1.482, 1.482, 1.482, 1.482, 1.482, 1.483, 1.484, 1.485, 1.486, 1.489, 1.49, 1.491, 1.491, 1.492, 1.492, 1.491, 1.49, 1.489, 1.488, 1.488, 1.487, 1.486, 1.485, 1.484, 1.483, 1.482, 1.481, 1.477, 1.477, 1.473, 1.472, 1.47, 1.47, 1.469, 1.468, 1.468, 1.468, 1.466, 1.466, 1.466, 1.466, 1.466, 1.466, 1.468, 1.491, 0, 
1.551, 1.547, 1.547, 1.546, 1.546, 1.546, 1.542, 1.538, 1.537, 1.533, 1.531, 1.528, 1.525, 1.524, 1.523, 1.523, 1.524, 1.525, 1.526, 1.527, 1.532, 1.535, 1.538, 1.539, 1.539, 1.539, 1.539, 1.538, 1.537, 1.535, 1.534, 1.533, 1.533, 1.532, 1.533, 1.533, 1.533, 1.534, 1.535, 1.535, 1.536, 1.537, 1.537, 1.537, 1.537, 1.536, 1.536, 1.536, 1.535, 1.535, 1.534, 1.534, 1.534, 1.533, 1.533, 1.534, 1.534, 1.535, 1.535, 1.535, 1.534, 1.533, 1.533, 1.532, 1.528, 1.527, 1.526, 1.526, 1.526, 1.527, 1.527, 1.531, 1.532, 1.533, 1.534, 1.538, 1.539, 1.542, 1.542, 1.542, 1.542, 1.542, 1.542, 1.542, 1.542, 1.542, 1.542, 1.538, 1.537, 1.535, 1.533, 1.532, 1.526, 1.521, 1.52, 1.518, 1.517, 1.513, 1.513, 1.513, 1.513, 1.517, 1.521, 1.525, 1.532, 1.536, 1.539, 1.544, 1.544, 1.544, 1.543, 1.538, 1.537, 1.533, 1.531, 1.531, 1.531, 1.531, 1.531, 1.531, 1.532, 1.533, 1.534, 1.535, 1.536, 1.537, 1.538, 1.538, 1.539, 1.539, 1.539, 1.542, 1.542, 1.542, 1.542, 1.542, 1.538, 1.537, 1.536, 1.535, 1.535, 1.531, 1.531, 1.531, 1.531, 1.531, 1.531, 1.531, 1.531, 1.531, 1.531, 1.528, 1.525, 1.524, 1.52, 1.517, 1.517, 1.512, 1.512, 1.511, 1.511, 1.511, 1.511, 1.512, 1.516, 1.517, 1.518, 1.52, 1.521, 1.522, 1.522, 1.522, 1.52, 1.519, 1.518, 1.517, 1.516, 1.512, 1.512, 1.512, 1.512, 1.513, 1.513, 1.516, 1.517, 1.518, 1.52, 1.521, 1.522, 1.522, 1.523, 1.522, 1.522, 1.521, 1.52, 1.518, 1.517, 1.517, 1.517, 1.512, 1.512, 1.512, 1.511, 1.511, 1.511, 1.51, 1.51, 1.51, 1.51, 1.51, 1.51, 1.509, 1.508, 1.507, 1.506, 1.504, 1.503, 1.503, 1.503, 1.503, 1.504, 1.505, 1.506, 1.51, 1.511, 1.512, 1.517, 1.517, 1.517, 1.516, 1.512, 1.511, 1.509, 1.507, 1.505, 1.504, 1.503, 1.503, 1.504, 1.505, 1.506, 1.511, 1.513, 1.518, 1.521, 1.522, 1.523, 1.523, 1.522, 1.521, 1.516, 1.516, 1.512, 1.511, 1.511, 1.511, 1.511, 1.512, 1.512, 1.516, 1.517, 1.517, 1.517, 1.517, 1.516, 1.516, 1.512, 1.512, 1.512, 1.512, 1.511, 1.511, 1.511, 1.511, 1.511, 1.511, 1.51, 1.509, 1.508, 1.504, 1.503, 1.502, 1.501, 1.5, 1.5, 1.5, 1.5, 1.503, 1.503, 1.508, 1.509, 1.511, 1.511, 1.512, 1.513, 1.513, 1.513, 1.513, 1.516, 1.517, 1.518, 1.52, 1.521, 1.522, 1.522, 1.521, 1.518, 1.517, 1.516, 1.516, 1.516, 1.516, 1.513, 1.513, 1.513, 1.512, 1.511, 1.509, 1.507, 1.506, 1.505, 1.504, 1.504, 1.504, 1.505, 1.505, 1.505, 1.506, 1.506, 1.506, 1.506, 1.506, 1.506, 1.506, 1.505, 1.505, 1.505, 1.505, 1.505, 1.505, 1.505, 1.505, 1.505, 1.505, 1.505, 1.505, 1.505, 1.505, 1.505, 1.505, 1.505, 1.505, 1.505, 1.505, 1.504, 1.503, 1.503, 1.503, 1.503, 1.503, 1.504, 1.505, 1.506, 1.507, 1.509, 1.511, 1.512, 1.513, 1.516, 1.516, 1.516, 1.516, 1.516, 1.513, 1.512, 1.511, 1.511, 1.51, 1.509, 1.509, 1.508, 1.506, 1.505, 1.504, 1.499, 1.495, 1.495, 1.491, 1.489, 1.488, 1.486, 1.484, 1.483, 1.482, 1.482, 1.481, 1.481, 1.48, 1.48, 1.481, 1.481, 1.482, 1.482, 1.482, 1.482, 1.483, 1.484, 1.485, 1.486, 1.487, 1.488, 1.489, 1.489, 1.49, 1.49, 1.49, 1.49, 1.491, 1.491, 1.492, 1.493, 1.493, 1.494, 1.494, 1.494, 1.494, 1.493, 1.492, 1.49, 1.488, 1.486, 1.485, 1.484, 1.482, 1.481, 1.481, 1.481, 1.482, 1.482, 1.483, 1.484, 1.485, 1.486, 1.488, 1.49, 1.491, 1.492, 1.492, 1.492, 1.492, 1.491, 1.49, 1.489, 1.488, 1.487, 1.487, 1.486, 1.485, 1.484, 1.482, 1.481, 1.478, 1.477, 1.473, 1.472, 1.471, 1.47, 1.469, 1.468, 1.468, 1.466, 1.466, 1.466, 1.466, 1.466, 1.466, 1.466, 1.466, 1.491, 0, 
1.552, 1.551, 1.551, 1.547, 1.547, 1.547, 1.543, 1.542, 1.537, 1.534, 1.531, 1.528, 1.524, 1.523, 1.522, 1.521, 1.52, 1.524, 1.525, 1.526, 1.531, 1.534, 1.538, 1.539, 1.539, 1.539, 1.538, 1.537, 1.536, 1.535, 1.534, 1.533, 1.532, 1.532, 1.533, 1.533, 1.533, 1.534, 1.535, 1.536, 1.537, 1.538, 1.538, 1.538, 1.538, 1.537, 1.537, 1.537, 1.536, 1.535, 1.535, 1.535, 1.534, 1.533, 1.533, 1.534, 1.535, 1.535, 1.535, 1.535, 1.534, 1.533, 1.533, 1.532, 1.527, 1.527, 1.525, 1.525, 1.525, 1.526, 1.527, 1.527, 1.532, 1.533, 1.534, 1.537, 1.542, 1.542, 1.542, 1.542, 1.542, 1.542, 1.542, 1.542, 1.542, 1.542, 1.542, 1.538, 1.537, 1.535, 1.533, 1.532, 1.526, 1.521, 1.52, 1.518, 1.517, 1.513, 1.513, 1.513, 1.516, 1.517, 1.522, 1.526, 1.532, 1.537, 1.542, 1.545, 1.545, 1.545, 1.544, 1.538, 1.537, 1.534, 1.531, 1.531, 1.531, 1.531, 1.531, 1.531, 1.532, 1.533, 1.534, 1.535, 1.536, 1.538, 1.538, 1.539, 1.539, 1.539, 1.539, 1.542, 1.542, 1.542, 1.539, 1.539, 1.539, 1.538, 1.537, 1.536, 1.535, 1.535, 1.532, 1.531, 1.531, 1.531, 1.531, 1.531, 1.531, 1.531, 1.528, 1.528, 1.524, 1.523, 1.52, 1.517, 1.516, 1.512, 1.512, 1.511, 1.511, 1.511, 1.511, 1.512, 1.512, 1.517, 1.518, 1.519, 1.52, 1.521, 1.522, 1.521, 1.52, 1.518, 1.517, 1.517, 1.513, 1.512, 1.511, 1.511, 1.512, 1.512, 1.513, 1.513, 1.513, 1.518, 1.519, 1.52, 1.522, 1.522, 1.522, 1.522, 1.522, 1.52, 1.519, 1.517, 1.517, 1.513, 1.513, 1.512, 1.512, 1.511, 1.511, 1.51, 1.51, 1.51, 1.51, 1.509, 1.509, 1.509, 1.509, 1.509, 1.508, 1.506, 1.505, 1.504, 1.502, 1.502, 1.502, 1.502, 1.503, 1.504, 1.505, 1.51, 1.511, 1.512, 1.516, 1.516, 1.516, 1.516, 1.512, 1.511, 1.509, 1.507, 1.505, 1.504, 1.503, 1.503, 1.504, 1.505, 1.506, 1.51, 1.513, 1.517, 1.521, 1.522, 1.523, 1.523, 1.522, 1.521, 1.516, 1.512, 1.511, 1.51, 1.51, 1.51, 1.51, 1.511, 1.512, 1.513, 1.513, 1.517, 1.517, 1.516, 1.516, 1.513, 1.512, 1.512, 1.511, 1.511, 1.511, 1.511, 1.511, 1.511, 1.511, 1.51, 1.509, 1.509, 1.508, 1.503, 1.502, 1.501, 1.5, 1.499, 1.499, 1.499, 1.5, 1.503, 1.503, 1.508, 1.509, 1.51, 1.511, 1.512, 1.513, 1.513, 1.513, 1.516, 1.516, 1.517, 1.518, 1.52, 1.521, 1.522, 1.522, 1.521, 1.518, 1.517, 1.516, 1.516, 1.516, 1.513, 1.513, 1.513, 1.513, 1.512, 1.511, 1.509, 1.507, 1.505, 1.504, 1.504, 1.503, 1.504, 1.504, 1.504, 1.504, 1.505, 1.506, 1.506, 1.506, 1.505, 1.505, 1.505, 1.505, 1.505, 1.505, 1.505, 1.505, 1.505, 1.505, 1.505, 1.505, 1.505, 1.505, 1.505, 1.505, 1.505, 1.505, 1.505, 1.505, 1.505, 1.505, 1.505, 1.504, 1.503, 1.503, 1.502, 1.502, 1.502, 1.503, 1.505, 1.506, 1.507, 1.509, 1.511, 1.512, 1.512, 1.516, 1.516, 1.516, 1.513, 1.513, 1.513, 1.512, 1.511, 1.511, 1.51, 1.509, 1.509, 1.508, 1.507, 1.506, 1.505, 1.5, 1.499, 1.495, 1.491, 1.49, 1.488, 1.486, 1.484, 1.483, 1.482, 1.482, 1.481, 1.48, 1.48, 1.48, 1.48, 1.481, 1.482, 1.482, 1.482, 1.482, 1.484, 1.485, 1.486, 1.487, 1.488, 1.489, 1.489, 1.49, 1.49, 1.49, 1.49, 1.49, 1.49, 1.491, 1.491, 1.492, 1.493, 1.494, 1.494, 1.494, 1.494, 1.493, 1.492, 1.49, 1.488, 1.486, 1.485, 1.484, 1.482, 1.481, 1.48, 1.481, 1.481, 1.481, 1.482, 1.483, 1.484, 1.486, 1.488, 1.49, 1.491, 1.492, 1.492, 1.492, 1.492, 1.492, 1.491, 1.49, 1.489, 1.488, 1.487, 1.486, 1.485, 1.484, 1.482, 1.48, 1.478, 1.477, 1.474, 1.472, 1.471, 1.47, 1.469, 1.468, 1.468, 1.466, 1.464, 1.464, 1.464, 1.464, 1.464, 1.464, 1.464, 1.491, 0, 
